13.5466437853239,-15.3188969524829,7.01221779496247,-21.8783032635823,11.340755627778,-11.5264279960709,7.75490467387669,-28.43109747968,5.74605001762454,-4.96434088027003
16.3640566356314,-14.0688969524829,5.97055112829581,-21.6837061939852,16.3630770563494,-5.63278764519374,13.0233341610562,-26.8401883887709,7.02810129967583,1.72216705623791
20.9757635785741,-14.9032270960236,9.62210790485258,-17.3742546805863,18.5456167388891,-7.00633871035665,15.1333768960989,-22.9716113136721,6.00646668429121,-0.806427715003922
28.4629760088192,-17.6048791227534,9.77195528118942,-13.717272871773,14.7875467169335,-3.13864579924305,11.3386683448156,-20.8007640137215,12.3112515461487,-0.553876356787466
21.0026585485017,-18.2032929799231,8.76601351054177,-19.7418140985201,21.6514492223802,-6.24250688007781,15.368982393512,-18.2992326746901,7.4102775201747,-1.60365990657102
20.7552684939486,-17.0315272708824,8.20883915605752,-18.7141757244547,14.9246266178989,-9.16368657082951,10.7116227243447,-27.6491641352466,7.65157504814958,-4.42175846268761
27.086922950603,-9.26069589428184,9.95503886278354,-15.3474498577289,20.2392637351676,-7.43991034705328,13.1426361553582,-23.1672571533396,10.9196611287357,2.8864888455597
17.4292195428996,-20.0818279869657,4.27784279496247,-20.9167648020438,10.559505627778,-11.0055946627376,12.49448800721,-29.8515520251345,7.50887053044506,-4.54417281304314
17.168802876233,-15.42919107013,8.69491010265478,-21.9001564104354,11.9799601732325,-10.8567851389281,11.9587737214957,-32.1432186918012,5.93544395701849,-5.18755516598431
13.262552876233,-20.9438969524829,3.88721779496247,-23.32061095589,7.43450562777795,-13.0889279960709,7.49448800721002,-32.9765520251345,3.66271668429121,-6.75005516598431
25.762552876233,-8.44389695248289,16.3872177949625,-10.82061095589,19.934505627778,-0.588927996070933,19.99448800721,-20.4765520251345,16.1627166842912,5.74994483401569
23.3073518272819,-17.544347783703,11.0213391560575,-18.8964673911214,15.316783480644,-7.91368657082951,10.6795714422935,-29.0033308019133,5.18133695291148,-6.48615240208155
18.2552684939486,-17.5315272708824,3.52133915605752,-23.7923007244547,13.8829599512323,-10.7261865708295,5.71162272434474,-32.6491641352466,5.86586076243529,-4.42175846268761
19.1949976244672,-16.4327414413274,2.64980937005405,-21.5567220670011,12.5651599975628,-14.9645593092022,9.18025189609891,-32.452429218117,5.42088661893174,-7.45693407139263
15.8616642911338,-20.4100141686001,2.12897603672072,-24.3976311579102,8.39849333089609,-16.5270593092022,4.88337689609891,-32.9732625514503,2.0875532855984,-8.41847253293109
