15.8995849617945,-9.85671207853331,8.69289006387004,-19.2639241786149,12.8113438630721,-9.84575572716337,12.5343164385826,-23.7252151267388,10.2443199138183,-3.78787029203473
16.9620014056447,-12.5729235631272,8.50715872005046,-21.5215827781853,12.7808060797769,-10.4995650450082,10.7391921388627,-25.4743238611416,8.78192345790975,-4.27380898569402
19.2869512719549,-12.2490440113064,11.3320707361389,-16.7171041685596,15.2699835689544,-6.42532505489446,13.5070492817198,-24.8214718112308,10.5867362921343,0.0251549180492998
13.5466437853239,-15.3188969524829,7.01221779496247,-21.8783032635823,11.340755627778,-11.5264279960709,7.75490467387669,-28.43109747968,5.74605001762454,-4.96434088027003
19.3420304860414,-13.4316223680929,8.03638631864725,-18.9868251032622,12.6128252817652,-7.93752608915432,11.0918340503281,-28.9478946482937,2.83925909612774,-5.43366449107437
21.9263762604511,-10.8338023901824,9.14473907270434,-16.7763361947034,16.3647225185527,-7.75529757420522,10.9185586771447,-28.8374852740322,6.68640949474873,-2.13823928578608
23.3275851610232,-18.912868429775,5.62782293789903,-18.9182362469493,14.5064588646634,-6.86814061282727,11.124326616298,-24.3533257046839,5.66730624407151,-3.69425190661321
14.9851664554642,-22.28558117259,5.41434978746536,-18.9232109702547,8.00895415718972,-10.9266448135672,9.80992160121619,-29.0712967412028,9.38960861163071,-4.77360669185782
20.3105116404265,-18.3323505396594,8.26464184150417,-20.0837953119536,10.4359287348996,-10.6982718981054,11.1173433993669,-26.6010083759148,8.93055699349181,-4.45401174861737
15.9009561396362,-16.4252121116827,5.26677847551,-22.8353019940185,12.6118577895051,-11.1263072834502,6.73326369911072,-30.5401308074633,5.80595539002992,-4.69304967147882
17.0832412696205,-21.8540449003632,6.25304910492087,-21.3271998323835,11.5935629370616,-9.94691598262431,8.37031592111086,-27.0380760754204,8.34991775021243,-7.98786678846339
16.8735816481962,-17.9019149305524,6.78617447628153,-23.2033689463338,16.6011444418858,-5.14389428573652,11.7720275673078,-28.1737551798928,7.58739098919951,-3.46225351285011
7.66429084414739,-21.2012498936594,1.129864853786,-27.7606562047587,5.45840268660148,-17.4087809372474,1.87255173270022,-34.3134504208564,-0.136302923551926,-10.8466938214465
12.9740502320005,-22.2762202664239,1.30262305963244,-24.3984714124269,5.75197742051349,-18.6019070513294,2.20149372616427,-34.6237486430161,3.49663358438458,-11.3972890595417
9.60557872293527,-23.5827154109007,-0.237322646213997,-27.2798869739895,5.06777768660148,-17.1483642705807,4.24234339936689,-35.0236776935837,0.745107332858331,-10.6366097878331
