11.2717295011217,-7.47829922293645,7.79365668630849,-19.6926307489624,11.5936509379488,-9.59238537317382,8.26073419866907,-20.6854130815188,6.73735707379911,-8.40799284458426
14.5093427650507,-6.65082260598615,12.8567310388565,-11.0828096275314,14.831119609628,-4.06606958370014,13.4800324442831,-18.1176299874199,14.795898386101,-4.61534003591315
10.7717295011217,-11.1845929292302,9.29365668630849,-17.8298856509232,12.1650795093774,-7.09238537317382,9.92740086533573,-20.8369282330339,8.07258434652638,-9.51167177435015
10.7717295011217,-11.1845929292302,9.29365668630849,-17.8298856509232,12.1650795093774,-7.09238537317382,9.92740086533573,-20.8369282330339,8.07258434652638,-9.51167177435015
13.5093427650507,-8.57389952906307,12.301175483301,-14.8328096275314,13.581119609628,-4.85554326791066,12.6466991109498,-19.7842966540866,10.6654636034923,-6.28200670257981
11.8901337756671,-14.3306685650788,10.6693560428515,-16.5724152959618,10.9483287345226,-6.08578187347882,8.85616435263855,-22.5979505815573,7.31148223658889,-6.8670345783633
13.7717295011217,-9.04173578637302,12.3705797632316,-15.687028508066,16.5400795093774,-2.59238537317382,10.3819463198812,-19.4083568044625,11.1975843465264,-8.44024320292158
14.2860227651983,-10.24800901067,10.6074367765313,-16.7571656336324,13.1259884551903,-5.10223952267159,13.4443541990765,-20.6714287801105,10.1260332601056,-4.77290002000084
7.44026381768228,-12.3593246302776,5.78070764704366,-17.8991711835954,8.76204066225958,-8.98712221527908,7.28784743630862,-26.7492089347883,7.20055132279057,-11.7707285070911
13.7562378881482,-12.7814142593574,9.76303014758522,-17.5792739219958,13.5309850849777,-6.47156028374206,11.4115416826993,-21.0581359185568,8.54183005534856,-7.25486513306115
12.5203317760397,-9.38159183675538,13.2427339248594,-16.9578096275314,15.831119609628,-5.33849781336521,9.89669911094977,-21.0877154575054,12.9868921749209,-3.69888649797623
16.892232020618,-6.64466692965279,14.2819522744493,-14.1702207615756,15.6341421947713,-4.44477555838134,14.6355671484182,-18.63989664262,13.1923811472556,-2.91302148437358
17.7391502562625,-12.261062732315,11.6665036321043,-17.3329423935632,12.6677959073567,-6.29798936413058,14.3496577013951,-17.9814614420418,12.9968305999558,-7.27889756917366
9.31794126229813,-14.8826166170268,8.05571967921513,-20.8085264070729,11.9126144488084,-8.26683611335659,6.42759292406712,-25.3377546371508,5.37814890325556,-11.4781456894744
8.90543726773262,-18.6081748903867,2.93358251367385,-25.2577607215768,4.97157331330128,-14.0075102617048,4.81110016187002,-28.7578875282335,1.70562351023505,-12.702314897152
