11.0282282249605,-10.1225111779861,7.69071499049844,-15.229341195078,11.3123077898249,-7.41979894016081,5.98171581339439,-13.261703085454,6.92256724415796,-7.58885456330714
12.8141940840162,-8.91638800411643,9.32368214463135,-11.3724939451618,11.7017091099554,-8.34733154797457,7.55528627000512,-16.0141815726472,5.4544832004665,-2.79323002748207
13.4540750363971,-8.12273721046563,9.24927738272659,-14.1675250010624,12.2901831359294,-5.96637916702219,9.11206282678168,-14.1959997544654,5.20265169863499,-3.66624590049794
12.9856175679397,-9.16233547228612,8.11010791022379,-15.4652421555571,10.5154917779047,-6.65314096489509,7.94247218350683,-14.3731252605383,5.9797681007514,-5.92014453597552
15.3067228395896,-7.437886045882,8.74493306774283,-13.9014538752623,12.4266342845862,-7.62280245838172,10.0900776896134,-12.782193012194,7.31312990413319,-2.03051452515344
13.9136773403589,-9.26835805337292,8.80738954779683,-14.3846595816378,11.6371117205394,-7.43803412316436,9.25041402917686,-13.5421470443752,8.0086317053067,-4.46146066685058
12.4984031041627,-8.63545522324732,8.99046467304838,-16.3732794182139,11.3785889861613,-6.18454294652332,8.65682015278901,-14.665477903631,5.96032680225184,-5.94969743312711
12.6701039916286,-9.6945257074699,9.24549583977717,-14.6240641644718,11.963038172093,-5.61974552947816,8.28232664200815,-15.8907748038006,4.89543296145696,-6.70796533083913
16.5570461393682,-5.59090690085755,11.6815364816524,-11.8938135841285,14.0869203493333,-3.08171239346652,11.5139007549354,-10.8016966891097,9.55119667217997,-2.34871596454695
12.6958841532063,-10.5350908033748,9.08559253955457,-14.968219329126,11.4439168291368,-5.88757936600016,8.64605280194813,-15.7788856482487,5.73691671766131,-6.39151621775445
10.5272468487714,-11.1230971360413,6.18427134998126,-17.7193022597099,9.46303817209303,-7.85188838662101,6.13946949915101,-17.4780763911022,2.97235603838004,-7.72837349410443
15.7921955438168,-7.41178835329972,10.5747859021206,-12.5609439586474,14.485785700655,-3.84209966089503,10.3638107465267,-14.6893685862174,8.35022242501007,-2.01720392522599
10.9855633411648,-9.13804418089419,9.1083923003351,-16.0817901448167,11.2360402228122,-5.20560266441562,10.1794251456104,-16.7615069123639,6.37303224401554,-8.82416400329423
16.5064812581025,-5.26893121044258,13.1293493941841,-14.6352585329619,14.5908277174617,-4.0901155339109,10.1852393179552,-14.4792845526039,6.9373495835658,-3.04742370544577
8.63424273354511,-12.9749489878932,5.52543944114935,-19.7254750992161,7.78034586440072,-10.6138533876752,4.09208049524026,-19.0543550507142,1.92340498942899,-8.69545168340484
