12.3536655375096,-6.27822248197165,9.20403949753197,-14.292461234745,11.681402618089,-6.5998353826758,8.46738416646586,-11.1226031159514,6.59039629015562,-2.10248177807456
12.2373031085113,-6.4484579356676,10.5083774652955,-12.7617018838454,11.0535760182363,-6.559697766042,7.71358405574829,-12.0489987056242,8.77856353648847,-1.35020047854079
11.4847655704193,-9.1034675048148,8.82381296322156,-14.9709634617377,10.1703582954909,-6.51513476677657,4.44217885027006,-13.6795615715169,6.70106386603428,-5.01952852875175
9.01149665689843,-9.67426438728051,7.28257101368261,-15.9875083354583,7.82776956662341,-9.7855042176549,4.48777760413538,-15.2748051572372,5.55275708487557,-4.5760069301537
9.01149665689843,-9.67426438728051,7.28257101368261,-15.9875083354583,7.82776956662341,-9.7855042176549,4.48777760413538,-15.2748051572372,5.55275708487557,-4.5760069301537
9.4281633235651,-9.94910022238799,8.16149495712269,-14.6442129527891,8.79039117440631,-6.95519790158008,6.76938558783066,-15.1391164731614,7.75264680089432,-4.15454666998376
12.0479091691174,-8.74134292592102,9.42397575589381,-14.2631937849537,11.0377030023633,-7.7347677940532,6.49665283881707,-13.7156653722909,7.02856353648847,-2.87367700201732
11.8425484685248,-10.4314934215504,7.20469004523716,-15.7877273430178,8.99966966512482,-8.82505800293321,4.15866129255895,-14.5829593485705,6.21619727901715,-5.6349075493727
8.91756126934406,-11.1142201929868,6.55678787361582,-16.7392220848351,8.05118266825072,-9.81425500138068,3.96221795095432,-15.8557590299724,4.69986912290405,-6.42121823689307
12.7651562128936,-7.07084748609912,10.9384044746575,-14.3170863784947,12.1923359779246,-6.88734687675287,8.06064300877871,-11.2398365764526,9.16496408438388,-3.65907430208357
13.5882538602418,-7.00482614878418,12.9370747677917,-13.2318534208468,12.0418056016797,-5.09757638645642,9.26022765947238,-10.7401962332292,9.23070034672269,-0.98305965588308
11.2720402312652,-10.6035631346179,9.07916697100447,-15.4588020994084,8.75502008951217,-9.28202997153701,6.31553077929163,-15.5616248046578,6.04885592436593,-6.03075747777445
15.8797762267909,-4.26553647430811,13.6914488741734,-9.80550327536975,14.5968427873095,-2.96134229482125,10.754205322176,-9.3787478095669,11.2265922103236,1.30451040197654
14.4672640078271,-6.77001676104646,12.2465564010551,-13.8023642918661,12.2473804217181,-7.3763448549851,7.3031044517203,-12.747923436807,9.89594704903327,-1.43998524574492
14.7021008555671,-7.95217241900857,10.3415729436523,-15.1818473613913,12.6333084254582,-7.13591534984971,8.73807628991794,-12.3895004977389,7.53552521280499,-1.81376916791594
