10.1596519736315,-6.08415507754411,10.6927247087032,-11.759784175446,11.4141867041627,-6.76924736101425,8.08570490413893,-10.1618988347634,6.36399173045585,-0.240490830268691
9.86792654220021,-8.23981044313863,10.9674289960125,-14.479460662378,9.7513087887493,-6.14802387161849,5.67414027828859,-12.0449520560519,3.22877488147849,-1.9397474559959
7.85680154330093,-9.56394694024864,9.11227437871292,-15.6876560255084,9.97460548788352,-7.88731022423888,4.67291697643196,-12.1160273042675,2.05242521284903,-2.44336536958846
10.7040428068879,-7.25922510555532,10.8375588661424,-13.4047459034528,11.9187964734784,-6.73135720495183,6.06869810141784,-10.8306663417662,4.74392639663001,-1.62577571345273
11.9285326028063,-5.5449393912696,12.4702119273669,-11.0670835657904,13.1886377433196,-4.76707149066611,8.06869810141784,-9.22352348462336,6.45821211091572,-0.401285917534366
8.45790060521543,-8.97772426073661,8.02121828959976,-14.4163062181797,8.85153265549631,-11.3536010644147,4.30481707975398,-13.0240318392536,2.22570675603449,-5.54050718640044
10.0079341053217,-9.60925284148284,9.66772750449936,-14.4516927363161,9.23401429458618,-8.05491175244207,6.40290001471281,-12.6309795800982,4.58302648270203,-2.48652685156437
9.62292160458268,-10.1315639661654,8.54474715413704,-14.5264766163113,8.61579569780924,-9.56526084828045,4.7824249864347,-13.9053193658835,2.43744678609177,-4.26791672723733
12.3574541714337,-6.08415507754411,12.6707466867252,-10.9978794135413,13.6119889019649,-4.9325126671367,8.90203143475117,-8.73332740619199,7.38439989372115,-0.0619194016972624
10.1289103868383,-8.79471617101787,8.91304066223783,-15.2704224654177,10.5298473474732,-8.58180121711697,5.42753078367734,-11.816634820001,5.42574633617015,-4.52565442556172
8.64629692207565,-11.2010614621335,7.93138219092687,-14.9453770313417,10.9120443408071,-8.51644780158184,5.20152123168342,-12.8114829292134,3.6222095207771,-5.06175320122086
8.71481816966459,-9.88190947342011,9.90930877822846,-14.2774017487912,11.0139957573386,-9.92749929815275,6.82920230309851,-11.7515346891052,3.66272940734479,-4.16381015799978
9.31123329289437,-12.2787501133516,7.82445903889094,-15.6520177418524,8.30207020761316,-10.1640003440788,5.42108044861958,-14.2502994631856,1.69392130572418,-2.80687776619837
7.62292160458268,-12.7982306328321,6.19180597766645,-16.4312385210732,8.11159401713697,-11.4140003440788,3.06813927214899,-15.2587028245302,1.53519114699402,-5.30687776619837
5.30014634063095,-13.2884267112635,5.19265033454796,-18.4217316880369,6.09921011620818,-12.4232275643787,1.82823154435199,-16.4841930206086,0.19590543270831,-7.42084835443366
