9.83041980229409,-6.93043745014228,8.23658435782602,-10.8387315438671,9.37471301995218,-8.3508528899882,6.5691293744055,-11.1168080375951,5.30996778169506,-2.19398567850038
9.83041980229409,-6.93043745014228,8.23658435782602,-10.8387315438671,9.37471301995218,-8.3508528899882,6.5691293744055,-11.1168080375951,5.30996778169506,-2.19398567850038
9.82212765584405,-7.33770562056834,9.83822832789104,-11.6607384842951,9.84402118856375,-7.93117023346344,6.5217169914668,-10.492592302576,3.81090763131912,-2.33875197458247
10.1944125347079,-4.43509653374873,10.2998365984238,-12.1677402544548,8.78771482920905,-7.41924940575314,8.4487300369009,-9.84945133048766,6.35187908676426,-2.54709972594641
10.9925448477915,-5.16019853239577,9.9463825191332,-10.3183648803101,9.64426285389699,-7.63644158031514,7.78676096774939,-10.4908113352833,7.29865754369151,-0.235975716847193
11.3261462980206,-4.36633488603971,9.63518575642742,-10.3579623130979,11.0230646683038,-6.33620087533619,8.15643096170709,-10.6039875247745,6.59201906374634,-0.911934396449098
7.47580902663069,-8.99413359278579,6.84246756897239,-12.7253803384106,7.3794436078871,-10.8729277804841,4.74904499820657,-12.9979113868424,2.78877854223956,-3.8744602537118
8.09335319083915,-7.91894832017629,8.73030637605885,-12.623060972306,8.32295943217462,-10.4376408697602,5.51229966404269,-12.3843561039199,1.36085392028329,-2.4970424224167
11.0270009988753,-5.77659129629612,10.1596612809029,-10.3259110310466,10.0394803513862,-7.16742093732548,8.59342087238121,-9.67450034528736,7.05821952994681,-0.545634030148733
11.8450718169461,-6.75949727920211,8.57846469970636,-10.710526415662,10.5285591737983,-6.55598109511641,8.81271911799525,-8.89458581537284,7.08511571068914,0.13701665250195
7.58757492787027,-8.36672046537266,6.81909833507684,-13.2493253360398,6.84350519269172,-10.8551468416506,4.92308901125987,-13.3496548306912,2.77767551256068,-3.90804647150854
7.81532348711286,-9.53404636247054,6.9965058303388,-13.0114604887531,8.26183435943964,-10.3789532303868,3.80769977094575,-12.9248264369564,2.72862954282381,-4.6965322055341
7.22180578293478,-9.53425584762956,6.46652903927972,-14.0790486409939,6.810254756731,-11.0552449991186,4.12375730474573,-13.252152558163,2.75320299823697,-4.46674494761642
11.1171985963088,-6.31458887796259,11.0514318117014,-9.07469474136758,12.3584234971262,-7.66882998371342,8.74042962865489,-8.79391549626607,6.43262283637391,-1.2119794889036
11.0204516922411,-5.48032230874649,10.5292693631023,-11.5039935966708,9.85134590370232,-9.13760198903559,7.58637723383374,-10.9645886071533,4.73329154748582,-2.4987300077319
