8.74046211308849,-6.12940074280627,6.08429567083836,-7.20569095866714,9.58785225239693,-7.32854720004921,6.96859858859205,-8.23160334338325,6.69018331870354,-0.653194994898298
8.60455936849009,-5.10501663018687,7.45056977904795,-7.82473857771476,10.7644904290351,-7.2205070920091,7.47494409493755,-7.04052590230581,5.59859419263165,-0.75340764774253
6.83570020832658,-8.16057218574242,5.10545969200238,-9.68717244014863,7.55081521535989,-10.2241700956721,5.06624168623514,-9.7804248922048,3.83833146685169,-3.03623593057081
10.3812739033606,-4.91143473545807,9.13782403977931,-5.57126070905897,10.471009290168,-5.96665699748968,8.77498920427736,-6.20183424648648,6.22127081452746,-0.99651199693432
7.41837098320731,-7.70579393036806,4.82754517136091,-10.3456222827614,8.25582567963558,-8.71674104195296,6.88050018769532,-9.32287204741484,4.46577262399388,-2.53645325005387
10.6995165089349,-4.30993588977317,9.12348071729646,-6.27210637502092,10.1012025250124,-5.45528636983999,7.84883740603254,-6.16653492048948,7.91525465659612,-0.70438254298316
6.74037390948343,-7.94133219515822,5.19389985265538,-10.470643124834,7.16317259910593,-9.5028059620475,5.01270479466469,-11.8069616186688,2.72174920456494,-3.40469959779407
11.0362168456352,-4.59035917019645,8.70681405062979,-5.60543970835425,10.8154882392981,-5.76392834514863,8.03402259121773,-6.60243235638691,8.12578097238559,0.255213416612799
8.9349027226893,-4.68927421375176,9.12607649228976,-9.99830661096622,10.8644235008414,-7.27145256563074,5.73110162125206,-8.04711189215957,5.18529258444874,-1.16173709457122
10.1690335416599,-5.19760922277946,9.07371366025635,-6.13161688459307,10.7831384476831,-7.26120713270914,8.08211470210816,-6.81746192924184,7.83833146685169,-0.179093073427955
10.1681942849282,-4.45577984982261,9.09962146583474,-8.20657981923943,11.2745362638954,-6.5583339848651,7.3229819631324,-6.79366236420024,7.58289607028752,0.552548619714496
11.2550720644904,-4.10950015992568,8.15125849507423,-7.19274129565584,11.5456469694569,-6.01084192539554,9.35677391396905,-6.26909902305358,7.65794471507565,-0.385812224412842
11.280144652771,-3.71612774129798,9.54990413644682,-5.24272799570418,11.9952596598043,-5.77972565122766,9.51068613067959,-5.33598044776036,8.28277591129613,1.40820851387363
11.280144652771,-3.71612774129798,9.54990413644682,-5.24272799570418,11.9952596598043,-5.77972565122766,9.51068613067959,-5.33598044776036,8.28277591129613,1.40820851387363
10.8494236914866,-5.04778025845731,9.88643331688212,-6.70208635835062,11.5462486079062,-4.48373477904521,9.27375944070379,-6.70682352123654,8.58300503064302,0.926529976015494
