8.1389616430275,-6.15134533492326,6.87925051290799,-8.18817402916287,8.24269672508911,-7.33709636906558,6.49338618953197,-7.63385174063202,6.03460304562084,-2.00204018671011
9.80241390194434,-5.857749073465,7.06758159443927,-6.36458667953912,9.22371474817515,-8.3133276775385,5.96961998339123,-5.72215357754356,6.1020761408822,-1.29069200523308
7.43611428700153,-6.28462299521523,6.72496739846661,-7.56820414651766,8.60446768205583,-9.17893513739367,5.89492186274141,-7.91978955330859,5.38019942176312,-1.20665786815522
8.62919098959099,-6.52376222073752,6.44049129343593,-7.8377511961819,8.58015540896364,-7.22731224369698,7.60005476599992,-7.76019705580443,4.9029320355596,-1.71999416087795
6.66376937441063,-6.07823379934925,7.40755762306604,-9.18170892974422,8.48700744183657,-8.32301778565328,6.21398053970466,-9.32512836875955,5.14722411758405,-2.29086525422092
8.0794165481479,-6.91759733658716,5.45592042109963,-8.77565662071428,8.92183896601625,-8.02264412100109,6.92454938814368,-8.77723769539905,5.57797797134871,-1.59482412247608
7.38176646091458,-7.31517149379441,5.88666721234033,-8.78671862665133,8.06611312196214,-8.77782256236805,6.1533811972877,-10.0431975462818,5.30678410921737,-1.95754282098525
9.4547478273742,-5.66350498279287,7.57900466554735,-6.66865392163011,10.18549535004,-7.29487716637918,7.5253566453501,-7.52453263631255,7.26425739277761,-0.416144034163127
10.0103033829298,-4.92276424205212,7.81709990364259,-6.22420947718566,10.7915559561006,-6.55413642563844,8.23964235963582,-6.78379189557181,7.48647961499984,0.377506759487667
6.436070185199,-8.68754038202573,4.42170645739904,-9.60543046886053,7.69616459966447,-9.32147368249763,5.83537218852278,-11.1062390027651,4.13388388177154,-3.53396401875421
10.6189244723003,-6.32025828050417,7.16376357492416,-6.24535784121922,11.880469620465,-6.88660626452309,7.05521056571729,-6.31368687223707,7.13653969449553,0.963560626803422
10.9905950762006,-5.15380789193614,7.55058188516459,-7.35522645115102,10.1194800976707,-5.9618823496364,8.25704857986531,-7.00149274719791,7.71564555807249,-0.0962517640997871
10.9760673294431,-4.3415033397927,9.76587161181481,-6.72787451938807,10.9746725190157,-5.23536605829567,7.54836676539523,-5.93160518580756,8.22349621623466,1.34719234035841
10.8464237842676,-3.44329564301831,8.94134576842142,-5.34130172471269,12.3500843841943,-5.1006141025509,9.39568438524306,-5.46215157936627,8.31830179914586,1.47061172215785
10.9589199837203,-5.33997987665906,8.85794311839885,-6.71828062343072,11.1371523886536,-7.20631033868191,9.04580177992567,-7.06249869601774,6.32705932514476,0.0514198029659274
