7.80454813895893,-7.37474261058705,6.00043509089004,-7.33435758130263,6.72713628739403,-8.65511760264359,4.64124242824231,-7.97632483547906,4.98682164644428,-3.57740651343993
7.11051251188759,-7.12286541740209,5.47880803025922,-8.25059907790127,6.60779877966367,-9.57631941670254,4.9681264285957,-7.87264874966012,4.08060861775454,-3.26305981516466
7.08262142487454,-6.63202529745477,7.22846475145206,-6.91951698583078,8.90521888327379,-7.55003087303671,5.21176587193243,-7.77330139078598,4.78441545597799,-3.89995201135512
8.35343384063343,-6.47739845450524,6.12748447593382,-6.66289653951692,8.33157362129842,-8.21949670248377,5.48301833570283,-7.35905526954829,5.97828502854536,-2.43650322336159
9.165092356646,-5.96186976914279,6.90746456934809,-7.33435758130263,7.65478007218067,-7.63470943937828,5.93994372694361,-7.29605272663552,5.25301508033958,-2.83529148561062
8.65202699983675,-6.05660755203302,6.89335754112804,-7.76126580523275,7.94873839863489,-7.48590290422193,6.21666495823779,-7.46495223363377,5.64380906298021,-2.41866583616036
6.76916270805448,-7.58440624983572,5.03291986683155,-9.52693676533679,7.0393296704458,-8.47677519713998,5.2664305949645,-8.73904483101922,4.02565041149866,-3.53723202457499
7.93517568785027,-5.90198220333481,7.09860567090426,-7.36992308204345,9.06203218891174,-7.19961690794923,6.91118329950302,-7.56955359581787,5.76115002779443,-2.88481723701018
7.39638487365281,-6.98227793240809,5.62250614153252,-9.37517390783324,7.46925131522335,-9.38398057640452,5.15501437058568,-7.44182532138771,4.09951020012662,-4.19583570329769
8.85610863248981,-5.68555003811837,7.20798339146817,-8.1573452896581,9.01825711521243,-8.06899328323068,5.30539135788856,-7.69581380903316,4.80347292852643,-2.07852978173859
6.98279473546932,-7.18403348538609,5.72260072347074,-9.91533685194702,6.65273513675755,-8.50347178323267,4.86289145529281,-9.92621054431156,4.11279837944278,-4.64218685152265
9.51043629345208,-5.28414724913905,7.92753502647913,-7.93607910308159,8.71794359481975,-6.8785942749552,7.77546900391337,-6.85968833225112,7.10225171733961,-2.32200131008185
10.8457224227329,-4.3177611782697,9.05017683598061,-4.89839615894511,9.93233892742087,-5.26559544501109,8.98925416336722,-5.56969369158377,7.33545399262221,-0.535948730731203
9.52565188323896,-6.19144231624673,6.45458958895465,-8.42252802033576,8.85256906850132,-9.03882975126835,6.39776430681966,-8.15771000036061,4.1584794910952,-2.97373309156742
11.9066042641913,-3.53838109175694,9.80735926825495,-5.06118348252063,11.253529452655,-5.14272585516445,8.94878471498292,-4.92641748335381,8.00001610574106,-0.048563023540208
