16.352883009394,-36.3624239948076,-11.2063157794186,-28.8801661967876,15.2885547518159,-19.6172585295902,10.2594479516501,-52.9938729199552,-16.9716956185399,-28.126449056384
16.352883009394,-36.3624239948076,-11.2063157794186,-28.8801661967876,15.2885547518159,-19.6172585295902,10.2594479516501,-52.9938729199552,-16.9716956185399,-28.126449056384
-76.1477940186829,24.4088306187081,6.32175323168393,34.2852480465754,-43.9915300140817,38.5376225318392,-74.9518063409058,19.5806379971842,-55.2360804419009,20.3807163660513
56.8290734855845,-28.6701163024999,-50.0952046683075,-48.8801661967876,-6.37811191485078,-86.5815442438759,-56.2178247756226,15.1013651752829,6.36163771479348,28.5402176102826
37.7814544379654,-14.3036004653958,-18.5926794157822,7.23094491432354,20.4833599466211,-5.65621956855118,23.4462611384633,-76.4969364599776,-0.305028951873183,18.0273970974621
87.7814544379654,-10.4364980688816,70.6118660387632,-14.5944519110733,36.3411863307633,45.088623823351,13.7077238137191,42.0061270800448,64.2783043814601,36.873550943616
42.4183873574883,22.3288435103742,16.9310565049595,9.23252933906151,-3.79475897353698,67.3789315356297,18.9626494278289,58.5970753114124,65.1674829854029,58.389005652464
24.9493742374642,22.8042426718591,4.26987469677189,65.665288348667,28.8599833232444,77.3966303592987,78.3967028536109,19.6620985595457,-15.8951405946164,24.3356721557372
24.532252047468,1.83273479339412,56.0362725881963,52.5685365403384,60.7593559995191,94.3846464377999,58.5143380857717,-1.289347035639,57.2364928572665,21.9112781346465
15.9669135686248,15.436495488634,60.2134586064228,-5.40648056720453,38.4866269782625,33.3591702599352,13.1702726998716,-81.1781844190098,-31.5957033605001,86.6656595662644
-50.5067683776573,-37.735691525814,-32.639285729355,-31.4290376677103,-67.2300561937843,-68.1290441348275,11.7148603257609,-100,-68.7281439339644,-29.0637280783932
-8.08006463126678,-20.0296183157408,-14.4280682046259,-100,-29.395036961141,75.0238302795814,-37.247524047562,-39.5384372194347,43.5427594933397,-14.9570309659197
3.65846202616999,-9.56745397241987,35.9451386488248,-60.1593227190371,-42.3557226240921,-19.1965726989007,22.3561959955089,-23.4313569580762,-15.2676490630194,-26.4865888566016
-16.5126043138065,-63.6193619054844,-37.7614015379593,-41.2440901658311,-55.5715075493763,-24.8519461179341,21.43650292291,-30.0687402497377,-22.8908069402267,-100
-12.9739864130025,-43.702965607919,9.64542481900263,9.52387701041873,1.2938427389351,19.8945844574885,40.3147735153437,-51.0341238401008,-7.62905487963935,-52.553280921723
