8.50649791670709,-6.36867839098536,6.68555623379565,-7.16044238824965,7.05493565855265,-7.16059833374881,5.54380106330979,-6.05931282519549,6.36336215610324,-2.8207123806666
8.51022543511171,-6.41760207004603,6.79388723742998,-7.15154717387498,7.09522574719084,-7.05840220415542,5.47204633402082,-6.05617333776914,6.38560019203991,-2.7420850393191
8.60108369622437,-6.41986008600268,6.62521702962083,-7.20936606731031,7.00601197949198,-7.14972640506866,5.42964581216824,-6.04780137129887,6.43185530678817,-2.73430172674127
8.56613821118104,-6.42738680585816,6.71891328770065,-7.11478028779303,7.0497857975989,-7.08449483298778,5.49583667207384,-6.13280903084319,6.46497287415232,-2.70888682852793
8.81308630548726,-6.22593636266719,6.90571278956864,-6.90248117138432,7.21801458875487,-6.94098537440983,5.73949577955245,-5.79327033514011,6.61687576578123,-2.52437466749914
8.7618329274237,-6.20373570158084,6.84700437469585,-6.89779947960818,7.28732313409081,-7.01926326090689,5.6546947358473,-5.86545994157629,6.62894784243257,-2.56050292280548
8.8457020915277,-6.13384473149417,7.00356014768998,-6.86690031388565,7.34847773291664,-6.82356854466423,5.7721115655929,-5.77152647777982,6.7058279095279,-2.48523572425061
8.56929042702574,-6.35566817187493,6.799307826622,-7.11918718424497,7.37072933109181,-7.25073033403751,5.70449058953131,-6.39826462693832,5.87494131458071,-2.87357089598069
8.71235365470935,-6.00536882882954,6.84497993999695,-6.91129854329007,7.56088472306718,-7.24194096656091,5.63552045038658,-6.37871233872221,6.19341416099406,-2.68837168343659
8.04751724768782,-7.06274673901941,6.50667192549534,-7.486692487868,7.36823106042544,-7.58945237155876,4.96692925450927,-6.81033971535749,5.57841664701761,-2.69553293293621
8.63999594450198,-5.96028230106775,7.07847931733194,-6.82985964868671,7.69422573070311,-7.14614008913231,5.6938525292666,-6.28299209708177,6.22257069699991,-2.69303529809215
8.21115988887532,-6.4052254654349,6.42432292602558,-7.84173151312,6.44746623089352,-7.83504142703795,5.06214936926177,-7.33595690762654,5.52702407575972,-3.92276238560566
9.4747284225889,-5.97865928980465,7.12635382694274,-6.38133549237312,7.90545905745864,-6.47094274342447,6.36438998529604,-6.37175002757867,6.57135083098801,-2.22334382934642
9.77699335705812,-5.03389894553487,8.0575948439114,-5.96165869615367,8.80836489241097,-5.93001042589388,6.89163235582982,-5.11070828542756,7.38645355967873,-1.48567188711664
9.82824673512167,-4.97487990412836,8.06360301502411,-5.867156546857,8.81651883892108,-6.00117214089121,6.89464304377202,-5.15814942875912,7.4050194686556,-1.41298527822651
