8.61104880263505,-6.39616214882795,6.64551312159665,-7.09405882424634,7.1147673433152,-7.11405225500422,5.31121421339642,-5.87516071780512,6.186940806254,-2.75470933823296
8.45078652139902,-6.35130962396336,6.60544333328052,-7.01366242818421,7.0165140822891,-7.16606469472949,5.47527605392932,-6.05436029979401,6.36923946145921,-2.82113653855534
8.65491971515003,-6.28594985641227,6.79079157195984,-7.03786057595769,7.19267515427386,-6.96122015301958,5.5318222306146,-5.76613108156764,6.40094525754659,-2.67901760999886
8.55219757852959,-6.38867199303271,6.6966296133911,-7.12753863173744,7.15736441981059,-7.10246309087269,5.4242085636789,-5.90489607314262,6.28110276482274,-2.79672005820978
8.55219757852959,-6.38867199303271,6.6966296133911,-7.12753863173744,7.15736441981059,-7.10246309087269,5.4242085636789,-5.90489607314262,6.28110276482274,-2.79672005820978
8.51688684406631,-6.32760938959722,6.70709205323208,-7.14307535490129,7.22584584422421,-7.06769559847807,5.49030301536658,-5.92764050757951,6.2763946668943,-2.85949469725561
8.27644632799473,-6.63617535455398,6.50847469372203,-7.32380795738837,7.00542964876138,-7.35764666914588,5.32358350681276,-6.28265418215587,5.971223430511,-3.02551380502967
8.49521566701846,-6.31980966415204,6.76582189101076,-7.10968438653556,7.15141692771357,-7.15003702889367,5.5409718207695,-6.02418938190376,6.21882256628247,-2.85101245124467
8.74052149566707,-6.20034807589523,6.88495353052858,-6.93921471459997,7.34568833694806,-6.91413917373521,5.61253248081638,-5.71657215600514,6.46942668196021,-2.60839614107231
8.60670817907122,-6.14461235201977,6.87053348708593,-6.91035951113236,7.31342436847751,-7.10738533749656,5.54224469410658,-5.9951064252066,6.38194180945193,-2.6687908327856
8.52865121790779,-6.40611154815711,6.64194167486361,-7.08027817276606,7.23454117364358,-7.15560225488852,5.36560923150603,-6.07666181629714,6.38884730459647,-2.73096932974406
8.63740050250822,-6.28306800992121,6.81188544911019,-7.04132208168215,7.27745308462663,-7.0617090850727,5.61653182235995,-5.97448777229454,6.29248187739258,-2.72957622095649
8.66627254196979,-6.25679099130914,6.7723197713434,-7.03209973475711,7.28610605571693,-7.10033654395823,5.47213732197703,-5.91127478650333,6.55437635846051,-2.66498462392885
8.45651042420512,-6.4310368019578,6.65977766988376,-7.33902605170251,7.08362262020443,-7.21126043103482,5.44793707749402,-6.20316681453291,6.17321006320551,-2.92686794367194
8.93343661007597,-5.95926764571124,7.00877383260712,-6.75436835565941,7.53829686131178,-6.74579908066585,5.86272677595185,-5.73846685549706,6.62105606083811,-2.54533357525735
