8.3762871616698,-6.45159728202225,6.61816161900736,-7.0182660764723,6.81436944924789,-7.12621865028744,5.37675917393017,-5.89024916443887,6.08552701068863,-2.90387404942791
8.60916513038974,-6.33711222250517,6.67196163860378,-6.92271726324134,6.87906507073354,-6.98695417424336,5.40863456616102,-5.7962404801158,6.18969342257108,-2.74597031778188
8.35960798562109,-6.47105632074574,6.52263542891024,-7.10583175072799,6.80342373996593,-7.24297288262836,5.28919349967448,-6.03447498086001,5.96043319032336,-2.96449643929724
8.35129706681571,-6.52084683103135,6.53911694639413,-7.1734109112678,6.78983546071268,-7.25987185245299,5.2421692776844,-6.04034582130187,5.93586750524991,-2.98201465260326
8.62750909859425,-6.21849898008796,6.75326824222453,-6.90519040699165,6.9171040195874,-7.07627981332887,5.45909846647658,-5.8119511173944,6.11892160961155,-2.87145943945907
8.63170763942405,-6.30805664322313,6.690673597922,-6.94848746669616,7.00932098976184,-7.05353866500644,5.43654287527217,-5.77110581314584,6.07703292082942,-2.77340297803918
8.53642231109239,-6.27306119211012,6.75102215750502,-7.00920695075566,6.94095200735689,-7.05515696900248,5.52292274883976,-5.80994604406942,6.08739834535064,-2.76908072512352
8.5264284153271,-6.34571548251997,6.71424829490551,-6.99827956275641,6.96496680922406,-7.08474050394161,5.41730062619578,-5.86521447279049,6.11099885376129,-2.80688330409188
8.4223552331952,-6.47146648349329,6.62749209192999,-7.0170798796517,6.90250974054478,-7.14474024956514,5.35485361617219,-5.99648494259991,6.10780215891241,-2.90277080176868
8.52125293588398,-6.37903604955673,6.64834106199087,-7.07424080590194,6.88280746383725,-7.15495624489497,5.28980482958225,-5.93769084702823,6.06888408146544,-2.99033647602437
8.70819898663966,-6.34109092404593,6.64020323819292,-6.96113514332167,6.98618360705578,-7.05351798671415,5.40072135030612,-5.88875708788534,6.06663880776657,-2.78685052823019
8.64815796541039,-6.2255043853437,6.71837369528956,-6.94031032726328,7.08808158156247,-6.94102843896488,5.57429698891854,-5.78512103201827,6.22061397862358,-2.73981671083384
8.4411845535333,-6.49643407833994,6.57963327633898,-7.04247028056159,6.94343868643566,-7.20664431754048,5.33349138471539,-6.02120495770763,6.10508615628624,-2.89241654082329
8.65777692671064,-6.27566294311541,6.82569551668548,-6.89611960945811,7.12550387869283,-6.95002408200977,5.50486630045147,-5.76968828269337,6.19856452801698,-2.78186454001882
8.61830603100504,-6.31307005959939,6.67096972125641,-6.96366117373147,7.12849650814202,-7.00895817414506,5.50862273322677,-5.83951789026802,6.21975549162107,-2.69004253809902
