8.38042459050602,-6.43301646524866,6.56486085836109,-6.97914856747527,6.7277893626678,-7.07844034163957,5.29186886933753,-5.84819784226706,5.92905697470053,-2.95733464505718
8.26644265286341,-6.4441150974253,6.56083646620397,-6.9807714226841,6.81411226247318,-7.05060817456415,5.36395740392797,-6.000402432848,5.97995084060927,-3.00929086163687
8.30744034583503,-6.53765580181571,6.49767969129652,-7.16390357150739,6.74060500371064,-7.14186565388625,5.31056031255059,-5.92252110936141,5.9478333790191,-2.96841793927301
8.32060910644285,-6.56647179185063,6.47294458921865,-7.14260870944374,6.67460022040379,-7.22870345185232,5.22057983045868,-6.01536186186425,5.96549317704294,-2.99703922319182
8.36357397124576,-6.35896702071729,6.64032820743901,-6.98957990320782,6.79691702215691,-7.07730117587853,5.49341627853908,-5.83022886345471,6.12872634671144,-2.97149145783706
8.46028257911334,-6.47787322704894,6.51443773554219,-7.05854742573175,6.7625828964823,-7.22148723112609,5.30268174232469,-5.95834994199687,5.91544033894648,-2.92568357396962
8.43314342197382,-6.38602559656472,6.58904453658072,-7.11290167529628,6.75818353830005,-7.15888997483128,5.41544908493772,-5.84532248573033,6.0452915686006,-2.89019977869036
8.50399740054692,-6.37982696262269,6.65441760846468,-6.98337677158423,6.91184521950487,-7.08987865764694,5.40665102460117,-5.83067748879235,6.08127996575903,-2.83863851373355
8.3988441244369,-6.54495716190226,6.55447371323351,-7.08964962034007,6.69372433591345,-7.17133110532335,5.3281529802005,-5.96240277276059,6.12855142507265,-2.89579390578775
8.54970841890617,-6.2346465246294,6.76221139265458,-6.86132663530627,6.98406719913365,-7.02092794666759,5.52745784539505,-5.8080708810199,6.14525357004682,-2.83849044741866
8.23661881801463,-6.64613271976801,6.42678040808625,-7.20248521810386,6.70678702825486,-7.33854852350088,5.18300823973586,-6.12784410066017,5.92318954390052,-3.07026233471252
8.52921778531239,-6.39918218470852,6.72039182855806,-6.97120294615894,6.89119814209798,-7.06316126016181,5.40988979191862,-5.83142031026048,6.10606389846162,-2.78340060206766
8.41613874102464,-6.46991765542903,6.57738281772481,-7.06861640953626,6.96969580622387,-7.04727353343071,5.32202584863299,-5.9049978283529,6.12399275675192,-3.00537223243148
8.40873585760155,-6.4740156801811,6.59889744767317,-7.03036817851694,6.87890406784177,-7.16643148391396,5.35512527932278,-5.95572706107325,6.09530658348744,-2.8981452951256
8.46350037019739,-6.53495152649448,6.58400270386277,-7.07174246687918,6.94707591489385,-7.24675276905452,5.34365081001698,-5.96665512707877,6.06662041022295,-2.95286968719939
