8.23816805459658,-6.40229349789655,6.43258784635752,-6.8439746877816,6.59528251132754,-6.93820476890541,5.29087840603485,-5.45794187983354,5.89239545966695,-3.12120972065965
8.11508319884011,-6.44233019820516,6.4517373445086,-6.8564608809334,6.74377154650437,-6.91453588628248,5.22078209980543,-5.54865474671868,5.96239017704677,-3.04717915534541
8.21814970444228,-6.42147775012776,6.425984571133,-6.89680088957769,6.65030980486513,-6.91659404998882,5.26040175115249,-5.54255941574221,5.95182493668755,-3.05050388133258
8.24161954796532,-6.40159110170317,6.47666449163704,-6.85042431366959,6.64441227420246,-6.88345664818327,5.31593237896108,-5.56081195763513,5.9750308877341,-3.06279112320724
8.1640799031461,-6.4329582015586,6.48569776375577,-6.86492260303118,6.60378603788384,-6.87669838412181,5.33977391404989,-5.59795118873099,6.01761938097586,-3.10137947083952
8.25120837316633,-6.25377798841289,6.60192285101258,-6.81438632187407,6.70693454625525,-6.76685448549588,5.39317648832003,-5.4742284543422,6.13585956824843,-3.03448801475744
8.2499429246413,-6.42855601807559,6.44306357371925,-6.85963998285157,6.62491651860228,-6.95725834186084,5.28194312471522,-5.57655476374722,5.98617521324009,-3.07002274143115
8.21952211470437,-6.51594378419293,6.38803434809455,-6.96261608355436,6.50965982123074,-7.07691706120745,5.20727421901511,-5.62596699034111,5.88915039605336,-3.13843491516656
8.32881382515248,-6.30291534613295,6.54500217337367,-6.81536801738119,6.74993249199002,-6.85993892060493,5.39999600746635,-5.49705418960592,6.06756260681147,-2.9489644378195
8.20386819651479,-6.44299331504595,6.53000476542154,-6.95803462563086,6.64410768384119,-6.96246029064925,5.28767880557239,-5.70017522619752,5.87135026283946,-2.95223970519956
8.19846551678565,-6.52112282358471,6.4131775883725,-6.96387385026379,6.62073029680201,-7.05930832727542,5.15727294779635,-5.72681701195183,5.86534728536263,-3.097755914853
8.23820015480881,-6.45796984954718,6.36850010541536,-6.94615351349878,6.66049768967429,-7.03875821501267,5.25291043163461,-5.62426086959136,5.97113332666098,-3.07438104942498
8.15044169697102,-6.45959583561044,6.4131775883725,-7.06266570816816,6.6012252376773,-7.06433939411314,5.24496861876219,-5.68935843249642,5.93049264093725,-3.15727502909384
8.38469912971802,-6.32061686871954,6.53455729420011,-6.8471868590292,6.84607254836889,-6.78507786884505,5.4210681688019,-5.5307544715239,6.04407564344856,-2.95267334061287
8.30239874235593,-6.45046567371991,6.38357493941711,-6.95057993403762,6.62729158117732,-7.03057100423019,5.35476342414277,-5.63673553379481,5.95063318956932,-3.03776083414146
