8.16806343260517,-6.35984194270408,6.36166399005142,-6.90329538566798,6.52126991822922,-7.0175898876439,5.18143724332585,-5.51149607389573,5.93061867753429,-3.17489078731855
8.22516753457579,-6.53601313239621,6.30121417035784,-6.89597676786481,6.49127835116113,-6.99020684898861,5.20420827256285,-5.51861097326394,5.8689945236295,-3.12863858924297
8.3941742948462,-6.24628725764694,6.58859408660713,-6.68796844753199,6.75128875157715,-6.7821985286558,5.44688464628446,-5.30193563958393,6.04840169991656,-2.96520348041004
8.31789692140576,-6.39079899692488,6.55863032916368,-6.78479700462575,6.67762748174633,-6.80162634036961,5.33807344588677,-5.44697442263449,5.94931379772548,-3.02266431515584
8.24405548961894,-6.41542475798607,6.43782571003838,-6.85180733531659,6.61009951496491,-6.94773155538313,5.28641076537504,-5.51724832179038,5.93928533645352,-3.0956162310454
8.35735938739507,-6.25003262302991,6.66286117291802,-6.74517714469343,6.7031106088746,-6.81183234713553,5.38102900723984,-5.34908048690066,6.03146154065209,-3.00693694032236
8.19955773547367,-6.28424415471702,6.49603887885206,-6.91198945274621,6.69922345761256,-6.97999242225854,5.21483764649639,-5.52425160782627,5.98731280628157,-3.04574091064621
8.36602640074227,-6.24664118302449,6.58659145546265,-6.79017894476543,6.7291116489162,-6.74852546703424,5.40442994327728,-5.31007892683826,6.11265777095744,-3.00693694032236
8.21236328829573,-6.51206435174076,6.32262088878607,-6.94080324487536,6.59584643272659,-7.03712147446069,5.18340059230596,-5.62938171892634,5.79999353920086,-3.15050276202705
8.3114335921573,-6.43945830343285,6.42684302836986,-6.86393444872889,6.57288214434858,-6.96750269618746,5.21196752718797,-5.59835233584513,5.88048204141735,-3.08686352751614
8.38276763821519,-6.24460010184194,6.48879500986559,-6.75166823245659,6.77986179183039,-6.80411152460323,5.4054396068466,-5.43199621464693,6.06664916671121,-2.97835753733063
8.32029482389635,-6.38364184640885,6.54369880198937,-6.83676679307404,6.63169557760356,-6.880129721665,5.32270851442854,-5.52445636892817,5.94687546135721,-2.99512304886305
8.33350520141579,-6.47812986468455,6.4251589777742,-6.88469690490558,6.59271097989485,-6.97378513948865,5.3532809021347,-5.45360837315994,5.88914532966174,-3.05880722455981
8.36060280072603,-6.41895071722491,6.43036799863726,-6.83227471080561,6.75243554933541,-6.89858445443051,5.47882715533842,-5.44333454664777,5.94231515665141,-3.07948527740056
8.41543775232371,-6.27370167316764,6.57534094689623,-6.8358303833898,6.86108314607286,-6.76311106187547,5.38522445746518,-5.46834713563712,6.10690776511296,-2.96413861851978
