7.61163611719185,-6.45739044134722,6.00722934427122,-7.18394555680604,5.99691342913699,-7.10439022660475,4.52444647796042,-5.69002169565775,5.38682530873233,-3.30673934582804
7.61509135331954,-6.45857763650003,6.017927066916,-7.17719129265911,6.00229255728907,-7.09666904001934,4.53499844205644,-5.68781393536597,5.38087494535574,-3.2981610804531
7.62078134338378,-6.45030827964977,6.0184338451721,-7.17031239553844,6.01150356200538,-7.09930954538701,4.53660661388595,-5.68143925261609,5.39286054217885,-3.29735962665684
7.61309546422736,-6.46176674101824,6.00891791462104,-7.18590615526554,6.01055713206993,-7.10836912305219,4.5223266253722,-5.68889881023776,5.37448780325344,-3.3117986236602
7.6169802337063,-6.4614162600517,6.01217349154892,-7.17735129406788,6.00145181488243,-7.10161670628071,4.53356712719407,-5.69504839027037,5.38436873272676,-3.3084491474041
7.62595639749899,-6.44940950465799,6.02816433476028,-7.16784576272767,6.02031360865732,-7.09403596506054,4.54288618555917,-5.67343129207493,5.39813871996609,-3.29238946964427
7.61960964459619,-6.4559305437518,6.0195558348242,-7.17508942086014,6.00985910102369,-7.09771071503069,4.53496283575836,-5.68506216145832,5.39496991321599,-3.30286666973625
7.62357398067199,-6.45240317838421,6.02288297237192,-7.17102674114382,6.01584748423103,-7.09729736475748,4.53974781081531,-5.68067778274764,5.39481141063819,-3.29863477853533
7.60553689177469,-6.47173941532936,6.00686310367579,-7.18914699381217,5.99798369798595,-7.11337335329735,4.52096774672255,-5.69737769923998,5.37889484805536,-3.31523372010908
7.6289518348704,-6.44932927010979,6.01996253082998,-7.17111715793288,6.01718971660687,-7.09912356575204,4.541406254041,-5.67868693438839,5.39968418769446,-3.2944170574101
7.62154103761056,-6.45116265639752,6.02578426131426,-7.16984040518476,6.01993224084657,-7.09711517340059,4.54454210757285,-5.68355824632774,5.3947465734547,-3.29572390423297
7.61886721925746,-6.46116762714685,6.01478717556781,-7.18194180869097,6.01286175295276,-7.10081648585992,4.53066548385242,-5.68356530568842,5.39096221946034,-3.30808668109409
7.62950007974437,-6.45900215499638,6.01265705245936,-7.1865018784436,6.00937147816645,-7.10617357904125,4.53762218659543,-5.67270648984784,5.3905915224165,-3.29110304426065
7.60826405845522,-6.47161931422334,6.0123484485833,-7.19181284648543,6.00270039051728,-7.11014103021247,4.52108477069897,-5.69033954731207,5.38445894750163,-3.31832933442905
7.62639666213438,-6.46735888140418,6.01645062776861,-7.17593015329438,6.02444073751914,-7.09932695999393,4.53622334968873,-5.67989575417965,5.39214343958846,-3.30439749344706
