7.61765948787008,-6.44855616435248,6.01057566131469,-7.17551283785651,5.99743720050031,-7.10137854126563,4.53272861264299,-5.69002169565775,5.39284867941056,-3.30488600100397
7.61744429350386,-6.44590946278628,6.01502191133193,-7.18044183004527,6.00366091641862,-7.10218451770023,4.53161409896231,-5.68429834404559,5.38722406863897,-3.3002698539966
7.61594517983208,-6.45236222629061,6.01946205779731,-7.1733403799187,6.00734732694218,-7.0968229436639,4.54056452722925,-5.67906139076566,5.39455834158311,-3.29556636093688
7.62224858864008,-6.4511004580773,6.01802595160789,-7.16919171052755,6.0154330064368,-7.09442476307166,4.53693270167327,-5.6765903455067,5.39424392801762,-3.2957679517648
7.62825547164428,-6.44180261914203,6.02487833607813,-7.16508223481578,6.01625523692765,-7.08980314463942,4.54257328727965,-5.67368373278045,5.40188966681205,-3.29000274488598
7.61620873028781,-6.4538493604985,6.01283159472166,-7.17712897617224,6.00420849557118,-7.10184988599588,4.53052654592319,-5.68573047413692,5.38984292545559,-3.30204948624244
7.61321986654345,-6.462155580067,6.01427426878738,-7.17739075187819,6.00605337881608,-7.10179547150607,4.52431334452235,-5.68526697849934,5.38802296754661,-3.30395926717729
7.62470184476766,-6.44894898290628,6.01813824006583,-7.1754055355798,6.01055457626436,-7.09383699922512,4.53641509409535,-5.68782265720673,5.38866882358662,-3.29441905223626
7.61760504893192,-6.45489680986571,6.01505615832157,-7.17748614897493,6.00638045668401,-7.10084379568111,4.53209714438786,-5.68534973920269,5.39081835968526,-3.30268706218169
7.623159527232,-6.45126486353326,6.02186091006228,-7.17538713832584,6.01203685739872,-7.09089627525647,4.5383492500007,-5.67634946181714,5.39912599280184,-3.29370241168272
7.61886780545105,-6.46821156743342,6.00406000164885,-7.18530923015635,5.99808594677621,-7.10650744188967,4.52158622307801,-5.69302803307825,5.38276013257716,-3.30635451826387
7.62365404179833,-6.45282743848155,6.01740816999987,-7.17787475137539,6.01141742598465,-7.09435783673079,4.53846592330046,-5.68198189408582,5.40093656210455,-3.29713689964622
7.61901638966311,-6.4623746613757,6.01183998601991,-7.17993785505021,6.01067708332806,-7.10185859329934,4.53033491382458,-5.6849587249187,5.38948437416039,-3.30556841963755
7.61896911704533,-6.46592866893421,6.006181266215,-7.18897540496392,6.00052114882709,-7.10730587407004,4.52856873925519,-5.69110090708829,5.38104602955044,-3.30905445768958
7.62169233617786,-6.45265955789951,6.02179282289591,-7.1764344493327,6.00638045668401,-7.10269714050518,4.53726003354064,-5.68922190606727,5.39725055642762,-3.30349017827212
