7.61537275074906,-6.42713295563067,6.02315149432508,-7.16068375565426,6.00903030350111,-7.08121178147539,4.52980590634145,-5.67570327256746,5.40021457801118,-3.29591703374937
7.59785124429049,-6.44504029956973,6.00486938815159,-7.17163273729356,6.00376216206038,-7.10272559293095,4.51714095023514,-5.6907066886374,5.38220087471415,-3.30411295994111
7.5880819462634,-6.45128179553148,5.9981285725129,-7.18037083164001,5.99573738153813,-7.10331689254838,4.51589265104279,-5.69969444282232,5.38032842592562,-3.31197724485292
7.60172407315123,-6.43255730764623,6.01973375084204,-7.16030888033438,6.01670880796962,-7.0830944456323,4.53461713892805,-5.68546383202953,5.40102391253564,-3.29325275696766
7.6061934114879,-6.43663660687831,6.00582875888565,-7.16591046833902,6.00635665453289,-7.0950519825042,4.53272435425695,-5.68227110672937,5.39660510494228,-3.30010151892223
7.59450177068121,-6.44617511701732,6.00214096277402,-7.17234605111776,6.00536711816483,-7.09935170687856,4.52712734377395,-5.69407709645674,5.38407332350267,-3.30411295994111
7.61910745496274,-6.43173425027847,6.02415083030318,-7.15669107062919,6.01332922939049,-7.0805982387261,4.53725736859372,-5.67449602373931,5.40206727006671,-3.28881041401844
7.6068894812979,-6.44273717195997,6.01044605113041,-7.17056750577963,5.9940348603284,-7.09294031127177,4.52709769629377,-5.69095650067233,5.3904998388921,-3.30652663209833
7.60183783573688,-6.45070282252048,5.99877445368194,-7.17507264572195,5.99452883968794,-7.10470998937108,4.51406954144755,-5.69834154344666,5.38450538395932,-3.30565282266369
7.59617581046929,-6.44671216464514,5.99567923533875,-7.18334612783737,5.99933497157592,-7.10296733420114,4.51784078696354,-5.69828995091063,5.37971902132212,-3.315315165329
7.60680643414866,-6.43705118473869,6.01722755015586,-7.16632746572607,6.01419437673931,-7.0830944456323,4.5319422120873,-5.68705541349977,5.39934098285527,-3.29325275696766
7.61352645544707,-6.43495723236928,6.01664081419516,-7.16839462776272,6.00658096994474,-7.08752733041099,4.53066473144755,-5.67997627662898,5.39908966535954,-3.2978080763143
7.60605745463325,-6.44504029956973,6.00876207767315,-7.16052773798499,6.0138348956209,-7.09432913836346,4.52183098862926,-5.69199065352096,5.3880857137638,-3.30998956844664
7.61808684803939,-6.43514414792248,6.01843937298204,-7.1590004745375,6.0168931379909,-7.08662205298007,4.53334970853534,-5.67213109370622,5.40203023980205,-3.29594704511165
7.60899422546745,-6.43754988728938,6.01086577012027,-7.17031977591864,6.00068929535951,-7.09538903447023,4.52814694115679,-5.68874947353964,5.40010540794759,-3.29691524062452
