7.60632559415658,-6.44051122091689,6.0070833930904,-7.16678555713481,5.99716646269879,-7.08059526450548,4.52787955251605,-5.67808596060735,5.39722477472217,-3.30026451943084
7.60643468952084,-6.44121916942656,6.00703488551667,-7.16689245925353,5.99604304404656,-7.08106796410959,4.52720537793188,-5.6794826330626,5.39596783752113,-3.30151462281515
7.60643361306052,-6.43989516610489,6.00812203698034,-7.16667944072322,5.99786657804015,-7.08019771025859,4.52761407380283,-5.67909272249146,5.3967663053029,-3.30013061320932
7.60652646833159,-6.44049829099991,6.00785106543058,-7.16743956372424,5.99710880933808,-7.08069562086802,4.52752700967983,-5.67851899585195,5.39652040944624,-3.30050326986455
7.6072783401164,-6.43967958616756,6.00812807082499,-7.16668769193943,5.99793982552129,-7.0803798347184,4.52768895129502,-5.67835705423676,5.39739759319519,-3.30015239636498
7.60672389377336,-6.44062868453321,6.00801098026356,-7.16657229933432,5.99715286261293,-7.08119869503268,4.5271492156064,-5.67801727011357,5.39711417016472,-3.30159155903736
7.60700020665428,-6.44025926529026,6.00755768005552,-7.16752922706044,5.99823684907602,-7.08103100484067,4.52805397636952,-5.67763320762268,5.39619027922914,-3.299942717404
7.60549332541498,-6.44158277295403,6.0063078410102,-7.1682574448164,5.99632339018633,-7.08264874238762,4.52612344556598,-5.68029147956902,5.39549565006527,-3.30190685963514
7.6065253751884,-6.44114542764767,6.00768437140086,-7.16641679117935,5.99802383956762,-7.08045984551492,4.52774093907979,-5.67945292267448,5.3966063147391,-3.30091376779427
7.60577656807755,-6.441667634205,6.00660987300072,-7.16822991010963,5.99662618143568,-7.08148331367951,4.52678254222359,-5.67953605379471,5.39660308449499,-3.30119206972347
7.60643468952084,-6.44113771664987,6.00714348921892,-7.16694643979193,5.9970956645453,-7.081443900002,4.52729213236859,-5.67944674827287,5.39672221554522,-3.30122018351481
7.60538206902211,-6.4421903371486,6.00609086872019,-7.16799906029066,5.99604304404656,-7.08249652050073,4.52623951186986,-5.68049936877161,5.39566959504649,-3.30227280401354
7.60692483559291,-6.44158756225453,6.00673355948582,-7.16761179650882,5.99698424203504,-7.08099286411559,4.52670501994938,-5.67910886283928,5.39696139590727,-3.30117935146101
7.60709828661004,-6.43978484821743,6.00898494084501,-7.16656045209893,5.99713884157276,-7.08079769315881,4.52715067944908,-5.6792477331203,5.39841122774952,-3.30046008543384
7.60790101720236,-6.44000910911756,6.00827794190765,-7.16583782884741,5.99825466689103,-7.08011132727431,4.52874368479358,-5.67834093685064,5.39823582404763,-3.30016756301608
