7.60630663785206,-6.44057872100752,6.00693738348453,-7.16675267648898,5.99715894552508,-7.08064502022997,4.52776037671232,-5.67809393801626,5.39718351885622,-3.3003438993046
7.60626319165238,-6.44059719177886,6.00702946398941,-7.16684319412535,5.99704382536885,-7.08070499241239,4.52777136657023,-5.67808090982079,5.39714543555843,-3.30026400247975
7.60627490117075,-6.44053541812932,6.00693225186278,-7.16687633596418,5.99699796593629,-7.08067998553826,4.52784336269093,-5.67824664543897,5.39708909206009,-3.30034026298188
7.60623248589783,-6.44055014565463,6.00698723462397,-7.16686956725305,5.99708312945226,-7.08068748318751,4.52785768111832,-5.67824015708866,5.39706859067541,-3.30028135288061
7.60640155788848,-6.44050780401935,6.00699410746912,-7.16680188014174,5.99715810594479,-7.08056271761792,4.52795013724948,-5.67808419637183,5.39714794079667,-3.30025812870607
7.60631031973339,-6.44056497531723,6.0070275895771,-7.1668295994866,5.99710396276389,-7.08067327158863,4.52782598114328,-5.67814548435487,5.39714342725952,-3.30027173443054
7.60626004126736,-6.44077215581884,6.00696308536533,-7.16688512766314,5.99672312968191,-7.08090066661148,4.52755749743094,-5.67857224044684,5.39672593506959,-3.30067252315351
7.60647130872174,-6.44047366814356,6.00726691188397,-7.16684091560516,5.99712617775052,-7.08053238627948,4.52784228379849,-5.67817825181511,5.3970320030765,-3.30028486669547
7.60634040815132,-6.44054128087343,6.00722250273071,-7.1669587358077,5.99709754089573,-7.08069090095987,4.52770583760804,-5.67820770686575,5.39698569406641,-3.30029746691158
7.60625911424754,-6.44062247321343,6.00718332806433,-7.16695978567085,5.99710777857139,-7.08068114120242,4.52776885949349,-5.67830440126258,5.39696814706873,-3.30037416231709
7.60646870573541,-6.4404569790395,6.00730800246379,-7.16689341975922,5.99721868374048,-7.0805642861103,4.52787049330553,-5.67811964853696,5.39709580252296,-3.30019744014428
7.60649099207606,-6.44045296685379,6.00715732202104,-7.16698536349064,5.99739239266983,-7.08073625083795,4.52791795015151,-5.67800625446916,5.39692086104101,-3.30018880376769
7.60613049771088,-6.44081055314362,6.00680623382773,-7.16715913195342,5.99687621095782,-7.08116672686422,4.52741392610386,-5.67862440706292,5.39674893985935,-3.30068975995006
7.60607501669404,-6.44096764445624,6.00675293969496,-7.16711248423312,5.99673577674766,-7.08110018368785,4.52745143529451,-5.67879528986881,5.39672368742586,-3.30080423334476
7.60604351615378,-6.44106214607703,6.00676880010684,-7.16721977289869,5.99679069448399,-7.08124016737212,4.52730915807029,-5.67880659885924,5.39670220978477,-3.30082220847823
