2.72283955272072,6.23178548677659,5.00073151247792,4.67384985812389,-1.02266302164315,-15.5215729021092,-15.1421974427675,12.2735748848939,1.07451378050828,-1.4578687418922
-8.10619135670597,2.21170872331616,-27.6417744935712,3.93967105768761,-20.8119107313844,-2.69763123363773,-2.64164933184873,19.3924823498815,0.323783523613514,7.30855895774018
1.38541775319258,-4.51250058037515,0.789385809507152,-21.3630625469098,13.8131758560841,18.8357799568982,6.33193274065119,10.9678291172713,21.9352639647849,-16.9144347880962
-4.2231044266692,-9.14036744738968,13.990579864464,13.3663888876131,15.5311729471638,-6.17793020923737,-19.6317611336665,-20.6215200885057,2.26999784267027,-11.4198027064379
17.3645211690717,3.04551397883159,6.75696412120043,-17.9987616525096,-13.0621592178664,20.0522293549315,-12.7865208579832,2.78176246239462,19.2545158261514,-26.4004446384701
-24.7050008407328,24.3145711691466,-25.083918542115,4.16808665329949,9.96651153373428,-7.83091721125886,17.059848100538,3.24229019019617,-23.5484718545928,-8.92894015014024
9.6254196436139,-10.8339640331436,-9.55799095787949,12.4089642459143,-24.5293112993944,-14.4451315830146,22.9535369899793,1.84664827917607,10.4205920895993,3.78401945347085
-13.3199316370795,-2.79650898593382,-3.79047520635734,2.14213663929617,-20.7333034698436,-28.8515099024814,6.46732103248064,9.29457572377812,-20.1874088569839,16.4084709053183
11.863028375539,-6.87812838741841,-1.59153616543676,-16.0887995006228,18.0937483676782,-18.3560598157665,7.34090963073086,-26.4339578288245,6.4921840756996,-14.5583247365674
0.780304856689703,-22.3262707428759,30.6444253284891,-7.58966176610355,17.9878795065781,-11.7119000124296,8.16395857316025,5.37957584353722,14.1311937220741,3.62372432267772
15.9234484824712,22.8384193572949,-15.2181976875552,15.6546074096359,-3.00127998712106,23.326668403325,-5.61433104938236,28.2052504629263,12.7932150098722,14.8988972029774
8.08237749192912,-5.27941479428691,-8.61664184229659,-4.0884316583146,-26.0198158755989,25.0728044758844,-31.4098494931278,-30.6924819960643,5.18770605663391,-15.7965346361638
26.1535283717548,-11.8446802020679,11.1018832182221,0.446632272899031,-27.0665341173735,22.0556071132064,27.5786134942561,18.7692368208909,-18.0538600830181,-30.7617624564591
-0.0955512126342128,-9.49423107634637,-12.7442362277947,-1.93374121980835,15.6713009248043,-7.42203084059312,-20.1684768005816,-7.41620165417156,-28.2912124153565,-26.4237851563192
19.5342845972958,-29.4426106438415,-12.817288164828,-3.86526478242621,-25.9418213924062,-9.23057005928555,29.6896334616501,-18.8952567020674,7.21466764345946,-14.8551561150661
-21.1769064599977,-11.1672551787361,3.68500407440923,9.28461609396748,21.6487245250363,0.486458115517401,31.2906863485569,-6.05572554050758,-22.6229965237247,2.42127576665434
20.0077415457353,-7.41667528369923,-10.2586980071767,27.022898361827,7.40716006614844,23.3953675665461,20.5578544766887,24.2218354193064,3.25158809862072,-3.79282832551673
13.7328501374522,-15.9120554107482,1.26700709602433,30.5855528577283,0.839853294863687,-27.5818661364957,13.266963797852,-12.961017793541,24.7651256619911,11.4454654011508
-28.998635559088,24.1981851343909,24.6929341547332,-19.3215579381588,-9.52233580822984,0.717353362269783,8.83424520605611,-9.90484544884112,26.2547607462248,-5.61680585488286
-3.72267683692825,-29.4859668975752,18.0447435916255,5.38853302596323,22.3209005959189,19.8330665856114,11.5567599644445,16.4663065801993,-5.5485020438675,14.9692184101653
11.1445513642461,5.77288723106707,-2.27002830212272,24.1494554601558,-31.063367993392,-23.6664454733059,30.3879999613868,0.944879990829619,26.2184049015395,21.6265285738366
-17.6130146860257,16.2974522579109,-30.3744139487932,6.28836296186299,3.6669059991294,-15.5326152188798,21.775828229657,-6.64846129020179,-15.5771157216642,-9.12235532032738
29.0171741564759,-26.0185360282464,-13.2609295174714,2.71414503859227,22.3045876412617,25.3253727170277,-8.4462924265306,18.1737143653752,-25.7745603750477,4.25708773806901
-19.3239766553841,-13.0584507597006,-12.6039961183338,-22.5523076937409,-7.35272962780886,21.0817228689431,4.43336958088246,25.4259164684383,0.661234211126079,17.4855437921447
21.0356048836913,16.8473975771956,-20.5502202514502,5.71825354755887,19.4283742555661,-4.56017093574127,-11.4469099862426,-27.845953125977,26.0827485770273,20.8297298279691
6.46649301789084,17.5251389574781,4.04420380753568,-25.3043363505374,-10.3245354886823,13.3827817006074,20.9858032479086,12.5637293957758,27.8828801277216,-21.7054272468129
8.55348703528163,-19.267357460556,6.26154546963031,-25.1597065988116,-30.0361702161314,-6.82117680406301,18.7694869137673,25.473555766369,-22.8318393020684,17.3485603397027
-22.9011169535023,25.7812326612242,22.6517600320311,18.6724477617039,22.0406908505182,26.4692308205232,-24.1705010486397,-19.9021150172393,8.0731948240911,-25.5890311890603
14.1923403156352,31.2080303937198,30.5331664590516,4.2719951728,16.0297350711994,-30.3831074923637,-14.4131115780628,6.46106926372329,5.1412064939505,13.9671795404574
-26.3462518928633,-21.4389825459745,4.19244927284272,-28.887807599142,6.33931503753553,9.23690336265069,-17.3579306750742,-23.6687653996216,-3.23105423368471,16.3023082385247
0.840847523481017,-12.4505652260596,-29.6259575529979,-4.57915270605463,-5.31850194883982,22.8371867281762,28.9692119533199,-1.14739393773706,-23.7070862628314,-29.6108648278866
-12.755196375283,-29.2417692028804,-10.3797832278605,19.2044000444253,-13.1947804669588,-24.1593611880051,-8.1901502608746,30.4251338990933,-17.5479854935402,30.8374309176242
-26.2106016466619,-9.83378239487789,-28.7694291101442,-26.2331689776359,4.72167881287694,3.78153704980853,-24.7065402396997,29.6548803661754,-31.3747214643401,-29.830239159516
26.7375438408284,20.8718620059353,-11.6305404493471,-31.0489584234734,-2.65509080081453,-20.183882367087,28.0649086213976,-28.3757950183612,7.39213549174661,-29.6113914232743
7.5370866220363,-26.9047622300183,5.50540672340325,-22.4938591131867,-2.77135773950898,-30.4363107210775,-29.0086894616707,-26.7123013570885,-10.0708399638703,-27.6572600904384
-11.5688903047331,8.73543315632286,-21.811601063802,20.4182953047176,-18.8191834643858,2.44144109695734,-22.6067958861615,-29.3287799989145,25.802991342715,-22.2920688387213
-30.6718752409983,20.4343677228844,0.861864154130458,16.1597548939906,-29.5963087397326,18.2314699697246,-6.62771975177917,-10.3837025993483,-18.6926657195423,-24.5197158672385
7.20166827708084,28.4326855832833,-0.316887623522923,27.2228398635377,-30.6454277649821,-12.1418427558324,-13.5517991172982,24.3706918792666,21.6689289634488,12.3991913127623
16.6739655807334,24.5719346919159,-16.5071439741742,-20.2217713860383,-21.2433409579124,15.1284930456681,-28.1567868447475,-28.2353684414818,31.6965622284964,-23.5858174968476
-31.7473109550135,20.5507621015634,-27.8879321155312,-17.4865060307194,6.60243045517023,29.8205600965002,19.3776599262878,-12.5073052578163,-13.5209676453136,-1.49216187413364
