0.026085948489279,-0.975233313558397,0.146725439520262,-0.000446826292717313,-0.0520544318853946,0.091972286104131,-0.0449992154875884,-0.0111510205592191,0.0353301814135664,0.0503181021033425
-0.00762131658200265,-0.93428255406327,0.142892787145201,-0.0147298642421821,-0.0406439601390999,0.0378981084632498,-0.0842013257063545,-0.0441855654830391,-0.0594448709686484,0.0945188712148104
0.0131958444707347,-0.969317757568117,0.174821922101329,0.0182856645546146,-0.0277333431970396,0.080732921888815,-0.076422168988523,-0.0260640771518073,0.064434535430357,0.0672013670599108
0.0172562845381296,-0.937961375834201,0.172455963280384,0.0484592871651037,-0.0397807819082878,0.105157833868937,-0.0730410477156789,-0.00257364207854498,0.0623051167397679,0.0778333301956952
0.0239022354865569,-0.961158559858107,0.189532534423744,0.0306124089934966,-0.0104818679016012,0.0899135294615669,-0.0746536611493374,-0.00252450481114036,0.0548282039313678,0.0693113434423877
0.00738416736671743,-1.04466141456201,0.0935533786962709,-0.00819329667790279,-0.0762866645565404,0.0742836718793272,-0.108513452520292,0.0426523638484925,0.0153793999469946,0.0786406300258274
-0.0357345981608161,-1.01579277419896,0.126824019250761,-0.0265655438714176,-0.0717538957551812,0.0700060341644797,-0.127431228561679,-0.0194638779819928,-0.0266341965180823,0.0626160199475384
0.00992426937633124,-0.940645795712514,0.169960401684325,0.0493652393018611,-0.0160642953504055,0.11116594980791,-0.0945108522924765,0.0464583565456233,0.0580644351129128,0.0857037483710116
-0.0446896054828684,-1.02285537967654,0.11071956517704,-0.068741991799121,-0.0642736203558179,0.0196827168388611,-0.155877664821237,-0.0278643330668468,0.0225130948022881,0.065613633615945
-0.00513025787856219,-0.993433302985478,0.166689580176254,0.0249272337528458,-0.0359068011169524,0.093228832906209,-0.0849623188967807,0.0275716684984033,0.0280478514958485,0.119444881475717
0.0115754228477643,-1.06913146926855,0.0957448037883369,-0.0202502669703819,-0.0582187370322265,0.0716440466299737,-0.113109881361594,0.0168375431156374,0.0311192833330041,0.0838889075288931
0.052213542123687,-0.946644396560356,0.20005148765163,0.0526870205000429,-0.0110150079588756,0.0997695667523377,-0.0561961622246464,0.0123905827111818,0.0793039449982557,0.0862980385593886
-0.0512384741298084,-1.0413285699126,0.102017817700373,-0.0588136058869215,-0.0786445072969555,0.0203936310637045,-0.135183166546175,-0.0745887703161874,-0.0541966426851797,0.00768800222882297
-0.0484529425520157,-0.998869556601952,0.117461271548482,-0.0892292770117398,-0.116194333652715,0.0114586013928961,-0.115522218225008,-0.0461211626360438,-0.0755024223807837,0.0498240519792263
-0.0295011106510254,-1.0178847202221,0.154019930486175,0.00701996138340263,-0.0734334749413241,0.0978376496025858,-0.09889982024599,-0.00632781756865893,-0.0402387718302078,0.0868677930566412
0.0621880383354538,-1.0178506523901,0.0973669683630048,0.0218878153826053,-0.0543133118763193,0.117114366009717,-0.0925905809367414,0.016864748812321,0.0471249778534534,0.131528635334561
-0.0128083678822536,-0.971264864948367,0.173680418794999,-0.0201749508842226,-0.0456987227815791,0.135479161570246,-0.0634065851357542,0.0474570746325456,0.0102943935235123,0.129780798788379
-0.0395010092237031,-1.06025887834905,0.112747654996273,-0.0016126909435915,-0.0734148161312704,0.0553492336655037,-0.140308609392463,-0.0257566086255505,-0.0082360383699683,0.0958095949458506
-0.0671457617545312,-1.05544880686145,0.104674076300285,-0.0370882701231232,-0.0979223049929214,0.03121332903024,-0.14697782277275,-0.0344438353775657,-0.0339676523801205,0.0574293775997482
0.0074706611726128,-1.03959425410695,0.169909843176412,0.0129993569774097,-0.07801682980187,0.134638587466144,-0.0618885989741689,-0.013454057060366,0.0160168661029654,0.0591919814247032
0.0710341532779204,-0.908682302366604,0.204893975547524,0.0758326973849496,-0.0162110619897706,0.120006660287415,-0.020252374541369,0.0189992864934523,0.096797017508974,0.0950703493752434
-0.0512518289572916,-1.0532593336785,0.102600615805434,-0.0571640966732366,-0.130620400796539,0.0685790948865762,-0.110336047006685,0.00172833682981336,-0.0228872669838275,0.0776448222659007
0.0623153805644662,-1.05785592310929,0.131182234574605,0.0226835434052889,-0.0122813267537309,0.105470685107775,-0.0769341707672791,0.0275298713701148,0.045213716032088,0.119792620299191
-0.00129969325179431,-1.04155930118711,0.104368578275273,-0.0108611589970871,-0.0183258551915216,0.157917519532664,-0.129285319266736,-0.0353715004374196,-0.02327838015228,0.106153115871315
0.044482145222213,-0.962425551047494,0.183227047876512,0.0435318849156365,0.0128196662141661,0.131392219906805,-0.0761029612002137,0.0642171935160214,0.033685624575482,0.147868654085536
0.01766477771873,-1.03761029415869,0.1805861684475,0.0338140732715225,-0.034575737641539,0.102946717368822,-0.0922856217051123,0.0576292698190879,-0.00988548800047437,0.143479545356147
0.055414837709375,-0.954598304784914,0.180119995650395,0.0508629100784513,-0.0327011841502719,0.138683577528976,-0.0123115408801532,0.0702717884822001,0.0753039474864568,0.177823713142466
0.0247822686411504,-0.988225729297478,0.210675117214777,0.0538467661356423,0.0125800546790766,0.103813108639,-0.088206584380804,0.0506879498407799,0.0468459938390887,0.168145745618142
0.0281688667919721,-1.04325001420727,0.190577651501378,0.0201896969436369,-0.0169359069402238,0.118513695992064,-0.0697340040140052,0.0582005336862149,0.00140548414352328,0.157367547047361
0.0580886930093846,-0.89535926426794,0.214936415185571,0.0644864905924455,-0.00627196316661868,0.173170124839278,-0.0344233589201814,0.0658488434660521,0.0845053494992088,0.145518255648055
0.0819755160697366,-0.936724571703129,0.155231300020053,0.089573255268993,0.0466371506220381,0.177678544881477,-0.0448500089787358,0.0742179985172855,0.108712686714273,0.171575816319974
-0.0977501020367851,-1.07780827807493,0.0648085153747917,-0.0885810477473866,-0.13376939963115,0.00799053028851071,-0.189446732437648,-0.0814793818579618,-0.0886497003940513,0.000600516071569371
0.0884910430995334,-0.876918920326769,0.221419416159136,0.0733859517287428,0.0260179976206155,0.190537266564495,-0.0867706849654785,0.0465627315389717,0.086348468592425,0.144270640455262
0.118284060992944,-0.882104229276903,0.248472437730637,0.10784069938545,0.0192263687964974,0.145846453569069,0.0223832843733597,0.0665445061316952,0.120649134384347,0.106014261823944
0.0716820798834503,-0.911080241324595,0.224894792058711,0.087275319340539,0.0291306276227785,0.175857154478805,-0.016212481744698,0.0939913798777615,0.0713891351465364,0.168467140261864
-0.0920947439217761,-1.11836217397493,0.0999587797136803,-0.0525789649685454,-0.112125149235301,0.0195270918715942,-0.171847805851756,-0.0256155761677328,-0.0971487791518202,0.0604510287273998
0.114365044911665,-0.881675773452198,0.259341035313271,0.0887150751327487,0.0636183690000828,0.155140552355881,0.0182224424265164,0.0574927673482501,0.154087346731042,0.12689000473275
0.115749253016082,-0.859079194929327,0.268027020060786,0.127890426700582,0.0628340791179079,0.181051139591731,0.0289386244074323,0.0759804705763165,0.147278277133149,0.15837489727631
0.0863298522826128,-0.925085097304758,0.273133254044484,0.101769741863243,0.104932880689321,0.172728219207625,-0.00826358749307506,0.0887962892432372,0.112453564844983,0.221811976870116
0.148351568076337,-0.84421148420848,0.274575562338538,0.13295639989634,0.0840815331123316,0.227824088269922,-0.00517133776025615,0.110833344646794,0.17424262258205,0.206086416460455
