0.0143632491973052,-0.983273118896323,0.183482299001017,0.00032993507885587,-0.0569370100968082,0.0975062916575274,-0.097611081324702,0.00958926066018695,0.0113119408409709,0.102116245749134
0.0916832243248324,-0.821759404211719,0.156556208084728,0.135486846079961,0.0693450986747692,0.210886301171223,0.0182274826464817,0.0149532686502284,0.159367403034179,0.191145478334576
0.0550486391952746,-0.890455873967382,0.136317143238729,0.244123649019659,0.0876819287615087,0.0965013913581712,-0.344490230189111,0.0751412176302394,-0.0577061303048409,0.0528270762339756
0.0736842034409245,-0.798429693429159,0.0261598751880813,-0.121237911200301,-0.291563940331419,0.031305872167366,-0.0870313637210376,-0.474430474242049,-0.0677844602305206,0.0886685836741387
0.165192788669667,-0.828327763605403,0.245189490139398,-0.0244351684993369,0.0158760974813594,-0.21445476513387,-0.147856490726593,0.0695297218328025,-0.397747707561927,-0.00476760320270292
-0.245874819108683,-1.13555785185391,0.0956623228779403,-0.0212041907704904,-0.22245461943146,-0.162104446161886,-0.162959071358451,0.068892748068994,0.0158033214566579,0.132458858379956
0.0202407859633492,-1.03268185392275,0.0861334497691596,-0.197413412271666,-0.150083903048933,0.362272337607684,-0.225889702181245,-0.0459133222105383,0.172491068341886,0.137674585026758
0.31491700487523,-0.858805749503195,0.255796237750333,0.0684891705887887,-0.333697272901365,0.0290681386717417,0.0277889040619389,-0.207183864283537,-0.0654985387119421,0.218049933088355
-0.0923034174693615,-1.07622881969516,0.355284353156012,0.0111480554304448,0.0999257350012309,-0.0118848332134737,0.180550385691254,-0.213504421257024,0.56494515883405,-0.173470067207421
0.455813345498358,-0.72919610340349,0.342560345684958,-0.0503187814071543,0.127052716401707,0.227147637191525,0.191955516260627,0.238277672499466,-0.212296390415136,0.16273625609603
0.295716764309009,-0.637145858100428,0.0721628447790034,0.311560149387459,-0.0467482025465687,0.337536103838703,-0.0517529120796979,0.339751130691025,0.211577051385195,0.27023640641988
0.025274608235604,-1.23072999861331,-0.0848761014079268,-0.315915434602985,-0.541051265115559,-0.0486064711342278,0.0297664204309071,-0.116551156398753,0.0184804007022925,0.245016172264343
-0.270865775661364,-1.16638811823092,0.0983304852298072,0.0179488267188358,0.326923306227139,0.439791252725126,-0.16018736581014,-0.202892903238746,0.0379558099826675,-0.057115346726371
-0.0492094530194283,-1.25094201863926,0.344230203318835,-0.0174706328218929,0.358217101826815,-0.0983247304597514,-0.137164634217167,-0.112232449637429,0.116039730698074,0.264623644941587
-0.00318533769951013,-0.947572067469605,0.170744418712744,-0.226348726250403,-0.0255564171858709,-0.431416960786734,-0.105819599759866,-0.485529634622856,-0.47331274692515,-0.0695498363727196
-0.248933022173767,-1.17470058068231,-0.181302012126434,0.0364156386496201,-0.244380391521309,0.10631113777253,-0.409580003984534,-0.250506761515684,-0.1543580871619,-0.151100510970237
-0.145846401944716,-1.15385850544868,0.0791504549728836,-0.295713994692059,-0.26167030570597,-0.580405099756657,-0.164182172684751,0.125933746286463,0.162358478764503,0.152699212586155
0.21815375876183,-1.377603284922,-0.183395921728073,-0.00944587557410387,-0.136361694005372,-0.00365625498060226,-0.0844478895866433,0.290522107402709,0.287368569070421,0.14034088345502
0.214084840675284,-1.10913350124467,0.461843891261023,0.04983796538871,0.122265103133341,0.474511537687138,-0.0568218305090973,0.3766322703867,-0.156808578184638,-0.0774035421090503
0.0981545769199925,-1.14837705743684,-0.131353951807346,-0.284039582657929,-0.308662013118464,-0.197999561703789,-0.390055326449663,-0.338250502803982,0.0415484514520041,-0.146122101226871
-0.106111691525249,-1.35616389822219,-0.375408752262899,-0.218366545935929,-0.198193258725443,-0.0137418905274556,-0.307689962088614,-0.194404397315115,-0.108705176343053,-0.223662571009957
0.108960481621095,-1.54577367679272,0.208209361415641,0.0899209693065513,-0.0877970526272369,-0.0153466116760061,-0.0999861264504242,0.295610687617473,-0.294136035514844,0.251246432618956
0.106783826857487,-1.38635138526192,-0.100749949740226,-0.106218701728308,-0.369590807411048,0.00847022377371581,-0.353503366562912,-0.345822693661678,-0.122572396048983,-0.161960091740539
-0.290427507294621,-1.35958248567197,-0.125053900614987,-0.130867055321162,-0.304423519582385,-0.226121939552434,-0.343159753212552,-0.190057263856367,-0.168962961033782,-0.0454171063576366
-0.290427507294621,-1.35958248567197,-0.125053900614987,-0.130867055321162,-0.304423519582385,-0.226121939552434,-0.343159753212552,-0.190057263856367,-0.168962961033782,-0.0454171063576367
0.335650460428841,-0.907729802555215,0.253713541313008,0.461314335458217,0.0782615700417527,0.536473521743986,0.313090298396837,0.0712453939452489,-0.116799095877633,0.578563681057579
0.414037420882936,-0.544808726306903,0.485984359215769,0.444526821801492,0.19538814105664,0.236494255347611,0.350225179870096,0.0214714927907534,0.622221962072797,0.0827417380690589
0.399582141530788,-0.425455243933033,0.13326754809824,0.437245206018807,0.548123592325226,0.668917141102093,0.299943321969477,0.531472263588629,0.491469400481696,0.484414385303742
0.461043699159553,-0.68078263460563,0.387989940547558,0.367804764693586,0.141676022320309,0.60298343208022,0.452956752737667,0.191159683389631,0.622411618200852,0.707261432578406
0.604127959890873,-0.380129039834388,0.544852685645598,0.452269319746376,0.410179820235871,0.656296260479554,0.240115537820328,0.392928233947108,0.688847604360022,0.437444783809365
0.508889212775575,-0.303867852995797,0.542604616258837,0.621496684387932,0.454005945266403,0.493568887322467,0.117607139633295,0.64418105080722,0.827603854263209,0.42709915151792
0.462202067643503,-0.572912765858188,0.265956042125929,0.844109067621517,0.486013649824161,0.736418701485937,0.244302244638156,0.537266261646264,0.535373510586499,0.771704170613298
0.761483669233269,-0.547400637723427,0.39680221258193,0.775868429613918,0.526675991744321,0.88284894094524,0.377891604452476,0.568697118244474,0.266763389760524,0.533916982199025
-0.225769419923327,-1.25925049772205,-0.567083799301899,-0.295923123953235,-0.301143537318558,-0.574179663374087,-0.310578202266657,-0.568315862281106,-0.500716301339064,-0.429357422645887
-0.363505459306391,-1.41061947693963,-0.246237248442389,-0.363733127180416,-0.460308215627823,-0.328740868666824,-0.51493857708649,-0.422581789866117,-0.38905970917341,-0.345732016386103
-0.411878676147316,-1.21551906575532,-0.247260789258529,-0.964457204252021,-0.641443421978304,-0.579781904270445,-0.200774280698029,-0.610145927640583,-0.63445528337526,-0.355503686678389
0.790294261899178,-0.692812572877002,0.765971229283242,0.623099408241154,0.498282110022963,1.06953067954095,0.453848859910259,0.480310960606037,0.684104944661645,1.07885105561499
-0.534564292138853,-1.71516014311249,-0.294061124108716,-0.508382634238753,-0.739665600826595,-0.449988541342118,-0.407738141872192,-0.72586599140143,-0.562380226880759,-0.241305599988172
-0.842674705248349,-1.89344722673487,-0.596979638150742,-0.763524416601123,-0.809404534418649,-0.749017874077568,-1.0490698925246,-0.747550736149248,-0.873895412918532,-0.778672284900284
-0.717570828086565,-1.99751308428896,-0.652604541475663,-0.717532961036139,-0.941346273095502,-0.668232360608956,-0.710645511716682,-0.822396911461762,-0.771530553678145,-0.450455926785558
