-5.07297170896385,-3.19661951616344,-1.72445773060082,-1.84738584669417,0.266719352326149,-9.85993149869894,3.98942602499421,0.565933878061989,-4.84066279650085,-2.31810219503757
-11.2341772442097,-13.8987130519304,1.39096702983637,-7.20232010928963,-4.78591639917178,-11.3309797092511,-5.56168852800821,-3.70967673464257,-9.88556800030779,-4.95369681281436
-5.07297170896385,-3.19661951616344,-1.72445773060082,-1.84738584669417,0.266719352326149,-9.85993149869894,3.98942602499421,0.565933878061989,-4.84066279650085,-2.31810219503757
-11.0279872882723,-9.92237112248183,-9.29334329795062,-9.38553938502062,-7.55584771806156,-15.3949486240242,-3.22464106268336,-7.57554959145351,-10.8652898302961,-8.33919799311977
-0.361320621605669,-7.63665683676755,20.4209424163351,8.90017490069366,16.0963261949819,-11.8393930684686,7.97535893731664,7.66254564664173,-9.63452059952689,1.07256671276258
18.0381394021473,0.803380483836563,13.0447730386299,1.80975701044869,1.86671935232615,18.1400685013011,6.05394215402647,26.8516481637763,-2.05805410084868,22.0628501859148
-3.82798728827234,18.5482171128123,6.8297336251263,2.01809697861574,1.79018402797018,4.71933709026152,27.8864700484278,13.3327210852382,-6.69686877766454,15.7838789299572
13.635884245097,1.38068668441846,-13.9807287871805,23.229845230364,9.44255179917579,-4.93590161991147,18.6303961044407,5.19187122302613,-7.86124316503047,10.3573483645416
-32,-32,-32,-32,-32,-32,-32,-32,-32,-27.7847904449559
-0.736533034461441,-4.34043042110792,-5.10114305939677,-0.457847445059544,-25.5990208490553,-12.6143864990882,-4.28486199651477,10.3396556177214,-15.0484846390274,-18.5323368019547
-2.63350439230973,-3.67293318652372,-0.727315129478903,1.79534334641416,0.00384274114987093,-12.3399898793311,1.54635007107975,3.33774183581304,-3.60534081887123,-0.118243195417953
-5.07297170896385,-3.19661951616344,-1.72445773060082,-1.84738584669417,0.266719352326149,-9.85993149869894,3.98942602499421,0.565933878061989,-4.84066279650085,-2.31810219503757
0.372605054608986,12.8016902419183,-13.4938078126688,7.47872973192469,-7.96237867245581,4.97479615541244,14.9194535621186,-2.38369972763567,1.66377592045759,-11.6141720958955
-20.5881232241154,24.6129042933604,7.16443115828806,4.08268408337576,0.340793426400223,-8.15670569224732,-1.58952134342684,28.8817233517462,-8.9476146681586,2.14566592090446
7.44164802987132,-13.9174620691079,18.4295276230759,26.3419331424519,-3.08039192376793,-3.08357850443046,25.7693352637533,-6.03904165494557,-7.35742506121236,1.79425133085636
-20.2291164368719,-18.2434447984985,-3.82359094454555,-3.46011103734578,-7.343066543917,-29.1201677513943,-8.18394426791101,6.64677514680655,-12.8124781697965,-11.9340653680827
9.09987778188171,13.4184573863936,-4.5545365576081,10.5048785052243,11.1394514047441,-2.10643633758476,11.6999766202936,7.74963360569766,12.5617483579611,1.1266631881955
-1.23750341994968,-26.5621147787539,-2.90844817484199,-9.32512067710298,-6.26722358871426,-7.19504585752781,-9.01883138515107,-6.30172334674034,-17.1245578992977,-30.3609478074338
-2.58300286758083,-8.64812272880024,-7.01607501914657,-2.84369292334708,-14.4641290741636,-8.12996574934947,-10.4387081503609,12.6258240818881,-15.2899168640914,-4.51413994504813
28.8461561999537,10.9932814130246,8.59979457839705,13.9154675350027,32,14.08204035869,32,32,25.0118005555126,7.63337789348714
11.1312982023978,9.89847691517743,18.3075613809168,-0.107203333598751,-9.24561097419912,2.58095089475442,17.9729112047037,-10.3867718758905,16.6715469979055,-2.08379341982998
-7.96857162232558,-9.25524321035311,-32,-20.164642894037,-14.1386461054322,-32,9.50071289198561,-11.8517498387783,-13.1127635645001,-1.57844006422814
3.74124348095843,-3.52237112248184,8.48443447982716,-4.33290780607326,18.797093458409,0.605051375975799,22.7753589373166,6.64667263076871,-2.03770362339957,12.2322305783088
32,32,32,32,32,30.032318931467,32,32,32,32
-20.541360338577,20.3952315943614,-7.02846099241247,14.5019481022939,0.127836742677284,16.0010580237862,-15.9053970811924,5.31509529335255,2.03482271998512,5.87381454848011
-32,-27.0258193983439,-32,-26.2744282739095,-32,-32,-32,-32,-32,-31.9181453615408
-17.8404399501184,0.672641311675925,22.6084160817716,16.8902424450235,23.7703774817893,-5.23893027670569,18.8767394026495,17.4134916514319,-5.90720311335237,-14.6030075390441
26.9270282910362,28.8033804838366,30.2755422693992,30.1526141533058,32,22.1400685013011,32,32,27.1593372034991,29.6818978049624
28.1467619493632,28.5652236486564,30.7741135699601,31.97397874986,32,20.900039310985,32,32,27.776998192314,30.7818273047722
-32,-32,-30.0386994535357,-32,-30.6666139810072,-26.6442514636352,-28.0105739750058,-19.434066121938,-32,-32
-32,-15.91998807976,-30.4592048116382,5.2366828372016,-11.9809260381226,-14.2620750608058,-4.25519877725618,-22.117033060969,-15.5745963710272,7.27552441130114
-2.78796595285418,-6.27073308146914,3.44565090407627,1.1363589786659,7.94821593481023,4.95712273817359,16.0824514688634,3.79158808407642,6.38540914455633,-4.87439718200188
14.9700653234657,18.8509872921694,24.7660431494767,26.0443358444083,16.1333596761631,11.0700342506505,29.2830758675342,32,20.3695029026244,16.4250184196996
-5.07297170896385,-3.19661951616344,-1.72445773060082,-1.84738584669417,0.266719352326149,-9.85993149869894,3.98942602499421,0.565933878061989,-4.84066279650085,-2.31810219503757
-7.84014572472368,13.1449807194756,-5.01037701344856,13.2985292988751,-0.978414788449278,3.68541886603515,-9.59660288720303,-10.0699742374396,-9.77880575298028,2.48181147195592
-32,-32,-32,-32,-31.3784147884493,-32,-26.4387081503609,-32,-32,-30.360293791202
17.9652841088713,-0.998635839605644,9.32404688739491,17.3706286090072,21.1901714062279,-8.90932111725447,8.68201971344731,16.4849198179015,20.7309305741926,6.91819131534519
-32,-26.5646809795594,-19.1778187360422,7.94106212643142,-18.033510133863,-23.8481989028164,-7.483173451381,-3.83600264512126,-29.7526954263369,-28.1936835297201
-17.4368670339498,0.315644058363889,14.2686709362196,-2.86628501273677,1.09556457856219,-32,20.7045982721506,0.0556043311307981,-11.1030800443812,-9.53790837637083
-5.90573888273299,-22.1448330581752,-9.60913277163483,-0.876635749692429,-18.0700518822871,-18.4425676716432,-19.177139153812,-27.7888829247868,-17.5884434380216,-28.2994704787999
