-0.00639981595922847,-0.893147332044648,0.0218095760307239,-0.00631017979036974,-0.0400626424058231,0.0305500734632183,0.0131292627714864,-0.0212582457699674,-0.0066357303763909,0.0438008175871283
-0.0171309553938369,-0.899797112908911,0.0308948400546166,0.00548099507849476,-0.0511384751871084,0.034004952208423,-0.0060838796226215,-0.0134480507885035,-0.00303789203137497,0.0312701733518
-0.0110390490999499,-0.933981509640258,-0.0212899144046062,-0.0132551738667194,-0.0284327612337811,0.0049831992123054,0.020538069951345,-0.0419642265272742,-0.0160746646608808,0.0118931060110891
-0.0222228829746004,-0.909527447721416,0.0277920079615734,-0.00995586664572593,-0.0550501776479957,0.00219624581241831,0.0200750581150663,-0.00113013541489871,-0.00412962750244917,0.0324629036292243
-0.0194381377234154,-0.911797556003257,0.0479568058772506,-0.000851332191832001,-0.0308023497872184,0.0316268720747022,0.0190839979893766,0.00491501773794535,0.000825579494340395,0.040189060092138
-0.0320349293663688,-0.92647713829521,0.0227779604532366,0.00684568712551824,-0.0503436952315006,-0.00731303488834071,0.0127485079442765,0.000764982894341539,-0.0119195779178687,0.0346625013126286
-0.014149712224152,-0.880101329436379,0.0302546121805957,-0.00217363092536155,-0.0479648334392884,0.0337679502610022,0.0212201235267002,0.0124058527670171,-0.00401911464779269,0.0523599708870358
-0.0100383422176394,-0.908686629347904,0.0337486414511996,0.0161470430719343,-0.0468263296381302,0.00543302908276124,0.00611074646026813,-0.0358883961510798,-0.00274240961029056,0.0528413345243922
0.0131508319696388,-0.879295071674564,0.0159451403672799,0.016906747344383,-0.0303903853148367,0.043442193084982,0.0458177231664623,0.00717862588680401,-0.00286946896582366,0.0663713791302602
-0.00963339966610587,-0.916397613110628,0.0608381538511292,-0.0225079714964254,-0.0561589950341176,0.0111615636318121,-0.00564147957033319,-0.0252053605126128,-0.0196410685208528,0.0272526268305121
0.00273711495708438,-0.884414339298014,0.0532650071923152,0.0145491455796556,-0.0243231117821288,0.0556911839482968,0.0258918307116712,0.00413619744182538,0.0189974728152518,0.0535093853393864
0.00273711495708438,-0.884414339298014,0.0532650071923152,0.0145491455796556,-0.0243231117821288,0.0556911839482968,0.0258918307116712,0.00413619744182538,0.0189974728152518,0.0535093853393864
-0.0530925088916304,-0.930154899766637,-0.00330560926449645,-0.0269062171008773,-0.0524995542066493,-0.015769257174025,-0.012977265785438,-0.0224571544866,-0.0105487236049749,0.0367070680731738
-0.00478969843808367,-0.876200553402372,0.0343362152950147,-0.00534213192875239,-0.00866525193302133,0.0523005627421121,0.0322378789734199,-0.0195794882654383,-0.00173451367817427,0.07636087612671
0.0206155381576678,-0.885028888538253,0.0467023532250385,0.0105328091084176,-0.0328572692774495,0.0483147835384865,0.0443461453160541,-0.00711505812368961,-0.00690821870762707,0.0565071915636311
0.0112309815975417,-0.888194502321529,0.0552603222881191,0.0283887134176852,-0.0134720292222736,0.0746140892642606,0.00531517639305221,0.000589675601168734,0.0229519556843611,0.0406056071577396
-0.00102035348325721,-0.946315322500719,0.0386159127532957,0.012451660981632,-0.0456378859252643,0.0526114979217379,0.0280090830565936,0.00184677182705984,0.0275289236792056,0.0455548319553718
-0.0674089346058263,-0.915267260358753,-4.54548450691816e-05,-0.0157904576650392,-0.072325851042328,0.030395251136793,-0.0241323849807715,-0.0387159582899136,-0.0362238534963605,-0.00392441209659258
0.0109153720662357,-0.848369062522478,0.0529661533603442,0.0123056393698865,-0.00866254296998309,0.0645234571547974,0.0175435574922453,0.0110842689735267,0.0566066460811539,0.076007020260238
-0.0281625008855702,-0.93014699213302,0.0424635925513464,-0.0209449335477259,-0.0686249578854916,0.0617625857350313,0.0320228108364894,-0.0091884071547724,0.0225783738490456,0.042890560787722
-0.036710117638685,-0.936630419627038,-0.00514826332085531,-0.026415147123548,-0.0784365121228819,0.000301620920376878,-0.00519287819809842,-0.0730607761055324,-0.0246388814592928,-0.0248039274638862
0.00234475606375801,-0.883879571686151,0.0429944028593997,0.00358051237288659,-0.0427957733482047,0.0652908124602845,0.0504104305824184,0.0282333944562454,0.0330290599996244,0.0768020651257462
-0.0630645014754866,-0.910406232761625,0.0084894794420459,-0.0469536198893728,-0.0894922128993057,-0.0169454906424075,-0.0209294988291818,-0.0137324258939296,-0.0307861167056778,0.039253700258187
-0.00715017227473798,-0.850175739956321,0.0496428086839764,0.00404558005076705,0.0108915100951252,0.0882401593657937,0.0354614223934634,0.0089984199389798,0.0229700521607796,0.0832103672275153
0.0238399525675433,-0.885151744532213,0.051449731959739,0.052537140536679,-0.0133288922043624,0.0417895081979578,0.0591491253883764,0.02098667234031,0.0236057851651916,0.0817725012252156
0.0165231546326625,-0.848264010548447,0.0700677179159373,0.0457926576284543,0.0079154426764213,0.0618320087788306,0.0372577407947463,0.0175777119442055,0.0424175797781986,0.0866412662307222
-0.0013896323652654,-0.908612525645936,0.092257682665437,0.0088175099643198,-0.00914414335743837,0.0611607899334932,0.0381941801333001,0.0428168789900604,0.0188740848524904,0.0873480579634333
-0.0555119601537581,-0.938855139356459,-0.0108697818791145,-0.0469076108862189,-0.0979594772494109,-0.000802032965623676,-0.0345292437899918,-0.0562944790912278,-0.0540069008139154,0.0148042209641173
-0.0593772258601371,-0.946380573476809,-0.0165644782653306,-0.045353742435909,-0.0927632486289811,-0.0106710821779497,-0.036455020482623,-0.0644829094402394,-0.0457239046291898,-0.00840516622011718
-0.055494463309272,-0.928519139764079,-0.00674488664395885,-0.0353308948974206,-0.101054937787267,-0.0134679292739111,-0.0200221814235092,-0.0838485827261522,-0.052206692543997,0.0171428773528523
0.0508983610915559,-0.836928784787466,0.0704156019995076,0.0401065041426804,0.0277587883132305,0.0469990827740308,0.0501346976147302,0.0350161237444672,0.0395186623528589,0.100668463765292
0.0157188115941089,-0.850289529863406,0.086264309876431,0.0344562788902261,0.0114333851620582,0.0883799478883437,0.0503854710660612,0.0159078802524081,0.0211597221698246,0.093336087970373
-0.0735836537978655,-0.965943072077707,-0.00618871019719951,-0.0549968482662821,-0.0849478658616685,-0.0225186439997479,-0.0350615180850735,-0.0492304983365047,-0.0533199365801097,-0.0139564559823121
-0.0671627167037761,-0.950351014015773,-0.0174222540226834,-0.0503281785411418,-0.0917198091399478,-0.0235012302262133,-0.0422141908393317,-0.0682133456695582,-0.0693844791150273,-0.0108976311990986
-0.0605453320336786,-0.947292848119098,-0.0323359400437261,-0.0604556958648198,-0.0942081584802732,-0.0235954426112318,-0.0410162533029637,-0.0754037618444175,-0.060781246450841,-0.0103446984873218
-0.0822575218800671,-0.95966026087961,-0.0210159363720038,-0.0739825344123935,-0.0956876718215074,-0.0220466158762936,-0.0549965292900132,-0.0708821084128809,-0.0429700319957991,-0.0183093118461723
-0.0775328886237885,-0.958428766247894,-0.021534702937894,-0.0600780775644416,-0.102803409271551,-0.0299481906116847,-0.0451428329570104,-0.0814859866842805,-0.0620874956391925,-0.0227145044132258
0.0474634495323483,-0.828926326236144,0.0852961443118764,0.0605596165578498,0.0187445458913113,0.0868222469670383,0.0763628357374047,0.0464553205172456,0.0566663997977908,0.101681687362514
0.0603283995120399,-0.820293439581812,0.0795109720881463,0.0736145508044693,0.0288201814065615,0.0810370747433082,0.0572561476540876,0.0636067905194978,0.0445915969189478,0.103995203440518
0.070876979628889,-0.852284063956458,0.0996176558944509,0.0870838064826608,0.0112146189175827,0.0944184358838388,0.0922038814823687,0.0384114054360836,0.0913866284310322,0.126895583252386
