-0.00639981595922847,-0.893147332044648,0.0218095760307239,-0.00631017979036974,-0.0400626424058231,0.0305500734632183,0.0131292627714864,-0.0212582457699674,-0.0066357303763909,0.0438008175871283
-0.0287647199866686,-0.877684657102187,0.0222421408905929,-0.0172078890915907,-0.036330279251725,0.0303135983822543,0.00439714429696631,-0.00169447967835422,0.0172575183976354,0.0491453872157658
-0.0132363259171635,-0.882570708627222,0.026944371814304,0.0340337236145132,-0.0347244896246351,0.0249534901533528,0.0175048191228234,0.0221556817044528,-0.00884750737943136,0.0496735170022499
-0.00696431712497513,-0.87299635257654,0.0404916804441287,0.0191383807571692,-0.0307392979604544,0.0348033883219582,0.0313053765544228,0.00587785465555844,0.0116774978230723,0.0512715249889993
-0.020402160720562,-0.90606570029692,0.035781816184946,0.0104325955475435,-0.057001292140083,0.0385218174356295,0.00797995195295575,-0.0101356673908547,-0.00533068398001801,0.0244660664907802
-0.000587802048746349,-0.885257464801323,0.0278755609686476,-0.0093506819195042,-0.0427573874604845,0.0237822686509452,-0.00222399828791701,-0.0179361133114871,-0.025283622072184,0.0644924790092079
-0.0196345852994235,-0.899263663837998,0.0516369480728095,0.0139448548569863,-0.0350859437251723,0.0307384982332552,0.0107333876987504,-0.00687741342024885,-0.0238421957047635,0.0426949521635748
-0.038891148289671,-0.905959215370756,0.0391889914998678,-0.0226258061801571,-0.0518989650052275,0.00617932359497046,-0.0151848821481047,-0.00349323942921694,0.0140362079616521,0.036165410803112
-0.0173613062159557,-0.904067198946096,0.0449806969502763,0.0159206704309651,-0.059266644727856,0.00253882302614225,-0.00968368128854207,-0.00471276195227354,-0.0227888554845717,0.0389760913893396
-0.028860083199712,-0.893836973587114,0.0465357464375431,0.00166121846262149,-0.0323204523160136,0.0617038869303356,0.0165398554825261,-0.00782797180811651,0.00204001969512995,0.0226589641150714
-0.0160079279580411,-0.89308451517166,0.0217326822489939,0.000471182745291697,-0.06516379984081,-0.0228916739241523,0.00807417418112069,-0.0378576308256071,0.0251964304514737,0.0367730361787047
-0.0365954660634693,-0.921211321820044,0.0202993783488214,-0.0147373811618118,-0.0604597279112223,0.0155436786109347,-0.00565524625105334,-0.0308737317295268,-0.0176604843435955,0.0246231405376457
-0.0278620948284453,-0.906446893773173,0.0399801040785092,0.0172721699473593,-0.0622143079683937,0.0374598309536278,-0.0252970220167294,-0.00563785580703959,0.000559946313640952,0.0187395291164717
0.0121664885584769,-0.893202821780292,0.0701277820782492,0.0122246449586136,-0.0126049152087425,0.0459835215175591,0.0145046203369089,-0.0121688678118326,0.0123680928883244,0.041617103401337
-0.0403749291394483,-0.915419168302239,0.0434120502423881,-0.00555494318961326,-0.0572531439883794,0.0178445774623125,0.00487610346339307,-0.0334226954496933,-0.00924822875309395,0.0190612057353204
-0.0292920119965331,-0.936374714784744,0.0128026642303053,-0.0118700885469998,-0.0506438276082704,0.0182127643051724,0.00448382016560856,0.0119302815291059,-0.0336354263565382,0.0423143943054314
-0.0194224463831035,-0.87618804001714,0.0754182994262027,0.0213511998194884,-0.012605891524893,0.037174010594766,0.0135985691101668,0.0087745029118086,0.0210310466882937,0.0401681040305736
-0.0196036968102198,-0.925959037429716,0.0424907458055118,-0.0200084277804036,-0.0519019326483472,0.0437296286359643,0.0306117903735737,-0.0132887226613588,0.0173362405725594,0.0256570234070476
-0.0040636036121456,-0.891322782760071,0.053352499587515,0.0238937270674519,-0.0371728227032389,0.0563987943297824,0.0222517284121678,0.00058345903838887,0.0234789532669115,0.0476798821215375
-0.0360801244184557,-0.909164210284286,0.0400879187601656,0.00926617483210119,-0.0741502782661316,0.0241986844519855,-0.0188067134220789,-0.0301086533108097,-0.0238088095597772,0.000115400704604092
-0.0498241956520056,-0.917882157565673,0.0444495833741686,-0.0333638568855171,-0.0430216690882915,0.0336477269330946,-0.0148312892026126,-0.0122149389068941,0.028986698533693,0.0278715908694272
0.0150908304477759,-0.882474656467901,0.0340458597692343,0.0389669015391371,-0.0304508549961049,0.0512247595948756,0.022505428571547,0.00385332322526712,0.0290017346401957,0.0678993363835739
0.00347289071456289,-0.921666616894474,0.059236934372109,-0.0173160200471414,-0.0222354582915403,0.0632798809765251,0.0191517170331334,-0.00635429352483136,0.00974254555562417,0.0515163441204109
-0.0324764594876024,-0.930447779961866,0.0741040357237772,0.00460751540670574,-0.0215420571686137,0.0327036706861862,0.0250387332072668,0.0310882812458581,0.00828688936507169,0.0365773025971478
-0.0341198758166246,-0.893710012262018,0.0240647425279581,-0.0449832211229726,-0.0422424807495596,0.0220713565895339,-0.01483135780453,-0.0602754824713483,-0.0355086656045649,0.0502632922523041
-0.0100481760377387,-0.884749969323419,0.0636488775526005,0.0255588079262653,-0.0292373548064955,0.0419166615495762,0.0347158031502255,-0.0161812497103297,0.0358276732067485,0.0714919356291281
-0.0575410468922441,-0.930417430593821,0.00286130256057577,-0.049603180729953,-0.0712539432266703,0.00925125525070207,-0.0261751475158319,-0.0217150488881952,-0.0472325551769898,0.00127777179094921
0.012400625087544,-0.851515912396872,0.044050913403668,0.0432067752161705,-0.00329420162540738,0.0547848095129312,0.0484647638333667,0.045348843256338,0.0206984357927687,0.0770913432042719
0.0279927998611826,-0.861577243756615,0.0840784085535841,0.021077221496372,-0.0144213245192749,0.0679996324281524,0.0515446686443359,0.00309352989836812,0.000224210249035099,0.0664306297779236
-0.0684920999430154,-0.94584244212536,0.0090015274695448,-0.0120731806912094,-0.0790241085212201,-0.00785254227612787,-0.0170766149022048,-0.0578371661059641,-0.059557290423756,-0.000851780309511607
0.0258083852516239,-0.869258723279823,0.103250826426187,0.0425125109091941,-0.0113416420786558,0.0536536435997774,0.0297332941622973,0.024993040819192,0.0350354884277478,0.0622715942400388
0.0118740458733972,-0.87568134655138,0.0847204383539065,0.035408470949681,-0.00858358115843453,0.0808322944333754,0.038654398651856,0.0295306406536182,0.0446306760068946,0.0632179530916445
0.016289502758212,-0.855336614804618,0.0871318659242412,0.0554452489933757,-0.00411254058471912,0.0814355209126769,0.0576027600800623,0.021497296861382,0.0306302055146914,0.077379818187105
0.0142325793929749,-0.860811659769816,0.0980195587748113,0.0490525653428099,-0.00264563545595622,0.0724520859947357,0.0594836119958163,0.0211848130827299,0.0453592797793293,0.0736687142677436
0.0220949030508731,-0.853324477371576,0.0857838155172184,0.0527858977683406,0.00792694414534332,0.0755603727543588,0.0557361152828029,0.0356228350708492,0.0415046461881979,0.0846260742878057
0.0168373354912184,-0.855931691424923,0.12339147843273,0.0522067055124228,-0.0255185261006752,0.0675929853647682,0.0351937620871948,0.0469136915237891,0.0267779599525509,0.0911321792600906
-0.0825893434798958,-0.974206403027575,-0.0219941882213874,-0.0576544293092285,-0.125784038303037,-0.0399885838256146,-0.0425581668312963,-0.0805993887957756,-0.0529946049186403,-0.0293105966637336
0.0478914365236999,-0.832901629517575,0.103671882371238,0.067321124245319,0.00555255710069628,0.0974766091284265,0.0669716638632197,0.0465057648670665,0.0621370232215483,0.107930316906693
0.0476431914074481,-0.818388844044116,0.0950991889765519,0.0737458892895924,0.0238682105719688,0.0894108968543814,0.085912885086846,0.0604853631879816,0.0662850063554955,0.105879033521422
0.0759597537844064,-0.816835347475713,0.125858577592035,0.10054869759817,0.0408336738112086,0.117677661248622,0.099084478760651,0.0722974775590631,0.0811179550895552,0.12576399057961
