3.78478183429357e-05,-0.892583325794799,0.0117467960462315,0.000620928720410594,-0.0245531401333787,-0.00841896107752787,-0.0111953785247271,-0.00312427543453957,0.0140798484031741,-0.00126306436419168
-0.010705758262078,-0.882127615350061,-0.018261026531261,0.00600219958183607,-0.0367040185906215,0.00806295606393777,0.00210419061775982,0.00660584373310733,-0.00787196754748146,0.0060821220662617
0.00272276069797215,-0.877158759010217,0.0136777368777977,0.0379966448731135,-0.0205871636998438,-0.00932351257166493,0.020232804230929,0.00174295798485191,0.00288605730346889,-0.0245204790622746
0.021708386387645,-0.868888362811398,0.0164531491773616,0.00593165670762392,-0.00235632634824418,0.0395977265521517,0.0213489495372146,0.00196619943843446,0.0278040864147007,0.0145501140194114
-0.0143470421740335,-0.886348028519525,0.0136267029168698,0.0476533690331515,-0.0220879607464324,0.0268102015963181,0.00638618438834386,0.00744600411240939,0.0069657744321314,0.0172416688840355
-0.0182833479220724,-0.897022807405269,0.0124770848673076,-0.0106789850436997,-0.0306685419953204,0.0288211787940883,0.0332490562036398,0.0140192305294409,0.0187402845348467,-0.00725332820524066
0.0223616728165844,-0.872193987963572,0.0403740199915548,-0.00513341665987676,-0.0101813778026444,0.0151106560939735,0.00233587794241001,0.00357611300607874,0.0447452538622235,0.0204639931886064
0.0212059787360783,-0.830586564990053,-0.00456918037432974,0.0262864717670531,-0.0317815192595441,0.031874609536104,0.0347727829280089,-0.013735983269618,0.0174993142108683,0.0146431385408664
-0.0118563496104977,-0.881502248178442,0.0264750714926517,-0.00711282837617077,-0.0398649114413583,0.000650059174841257,0.0176558335129246,-0.0197945621588608,-0.012373186275771,0.0511421370655693
-0.0087351288116394,-0.881887474171725,0.0438067896713717,0.0131788067134603,-0.0186380965513446,0.0324703538770783,-0.00856206934710579,0.017224172082573,0.0382533424096327,0.02976187482806
0.0397246122936565,-0.868683954725617,0.042387809771175,0.0176020607958823,-0.00737923978873243,0.0310739010568437,0.0145605347635577,0.0298071833643629,0.0219733121059725,0.0159077452594481
0.0250564537957918,-0.902277518057579,0.0235837026664466,0.0257241185899912,-0.0542676296044011,0.033211190996045,-0.00411322245854224,-0.00020365800471138,0.000829026436765121,0.0129326310300502
-0.0149139288464325,-0.859630473228921,-0.0163765649432484,0.0243777213077794,-0.0483889977877483,0.0203236959732693,0.03418602769037,0.00918253345630527,0.00768024507264545,0.0395486968028655
-0.00492342688672993,-0.853934993389055,0.0351415206287442,0.0534303790405043,-0.0305546804639563,0.0125657301988697,0.00645486340567602,0.0124953689426477,-0.00676486348245602,0.035954424416836
0.00632520358307694,-0.904684560440832,-0.00087119045219335,-0.00621048119711068,-0.0694224540171889,0.0148247341567156,-0.0169066029009817,-0.0189956959124125,-0.0144745426619857,0.0287949283927612
0.00988292936153769,-0.860042992188018,0.0175300679323011,0.0232624381543729,-0.0085708981799936,0.0411367941386047,0.0496355226687342,-0.00221906766106781,0.0380275987660188,0.0298839856507829
0.0128737183753384,-0.890869157053789,0.0609246345800452,0.0202069097105365,-0.00852455486296682,0.0164987356516093,0.0363000177868892,0.0172576238732558,0.0329849114813725,0.0216159937857674
0.00173283091755955,-0.93973755142892,-0.00387196891348546,-0.00212300703883759,-0.038796165235187,-0.023200193566824,-0.0264510999039016,-0.0153031485320347,-0.0186583288693012,-0.0481497952697817
-0.00375159339130514,-0.895911512579152,0.00727950277524716,-0.0384246957188091,-0.0520166846956939,-0.00630775317456059,0.0112758855482912,-0.0421289074787851,-0.042566573779548,-0.0265770545106252
-0.0240771201155357,-0.912237125927362,-0.0294179829492801,-0.01738059956832,-0.0692276492090007,-0.0124873885610549,-0.0154006332306951,-0.0273014328264735,-0.0243753314787811,0.00065982753637019
-0.040758630961082,-0.9122141077986,-0.0231779666533087,-0.0147291976061195,-0.0749213268752086,-0.0288019497139182,-0.00228119625619784,-0.00190996433340885,-0.00641073610677216,-0.0187700112955297
0.0344809778585376,-0.859508686811599,0.0465137055393334,0.0452326363985837,-0.0159867993819474,0.00668565212133174,0.0214831439945722,0.0372494225803488,0.0492233942285766,0.0310259976620351
-0.0143348872780363,-0.90700819532199,-0.04112132777612,-0.037338016439603,-0.0388508940259413,-0.0119333449362168,-0.0436986730603963,-0.0338067789592106,-0.0464315221855671,-0.00386673821330759
-0.0275479224054981,-0.922835973178831,-0.0108869800487696,0.00279397497870978,-0.0627417250955703,-0.0367948328032141,-0.0348612837546026,-0.031906177487331,-0.0187807743147684,-0.0259660939744739
-0.0441451815174439,-0.895442619328998,-0.027017754802928,-0.0231149418409204,-0.0801359913573536,-0.0217063199767791,-0.0196516664568567,-0.013059192463769,-0.0234739026367147,0.00173630443831098
0.0141156922503227,-0.864730759708841,0.0523946445820361,0.0404463210697711,-0.00517605640795857,0.0544236440805016,0.0443422313424967,0.0458811194990628,0.0332124759931087,0.0276399854601406
0.0369930682132057,-0.848080786855926,0.0462986208685614,0.0447490414605252,0.00351617100992018,0.048367711095919,0.0460472451225956,0.0336057906513383,0.0390744240945282,0.0429744595534244
0.0359674232347715,-0.854901487639022,0.0517962973649288,0.0476533690331515,-0.00261139349141106,0.0564069459544387,0.0441220334449476,0.0200246204646106,0.0360952017740712,0.042398901588438
-0.0456516941821985,-0.937462768545862,-0.0344943995999198,-0.0223409324979433,-0.0679066370025587,-0.0267848490548996,-0.0324844737034698,-0.0348657603805674,-0.0308420119308253,-0.0263375646121104
0.00296160960130762,-0.855232238204766,0.0351430636730826,0.0182133500911494,0.0131131423380681,0.0668390650941837,0.0497373759037162,0.0131368376217871,0.0538430317158184,0.066656686727613
0.046725812245595,-0.839965088976093,0.0483065086674716,0.0666074433020723,0.0235116441766669,0.0386768653099935,0.0364175422412045,0.0341315583617256,0.0455099314853714,0.047708658945562
-0.06110077626994,-0.920899060666297,-0.0238227924348749,-0.0269515444188964,-0.059007149062856,-0.0369053732620002,-0.0334831985043391,-0.0498610958169754,-0.0481747192415378,-0.0339278314625383
0.0308431703070545,-0.846145187801518,0.0646516320177345,0.0481593904932059,0.00944489706874926,0.0466874148968923,0.0556517352518142,0.0460087469640015,0.0389042603529966,0.0521640620696847
-0.0592735458350655,-0.936389109074031,-0.0338460924699005,-0.0391534029176893,-0.0782124441603848,-0.0152570985259574,-0.0327612950268537,-0.04461130733746,-0.032792865065869,-0.0293751470407572
0.0574014672728808,-0.84101225723627,0.0697052959578512,0.0583582956613837,0.0134173060050628,0.0512382989232639,0.0503941150676632,0.0572276561296812,0.0550568391551439,0.0600218101947011
-0.0737184287781074,-0.930866555065296,-0.0477546732536864,-0.0433800014853289,-0.0783409447696389,-0.043369879814324,-0.0486931754413572,-0.0585297984379294,-0.0281736551610892,-0.0564262817869416
-0.060641919419689,-0.943602056169089,-0.0382377327972754,-0.0351278792840919,-0.0682738792392835,-0.0341882937344818,-0.0658337907497443,-0.0701784056516343,-0.0502774701662737,-0.0701294946558989
-0.0422916662699262,-0.939889167565893,-0.0580879700144386,-0.0453421584099676,-0.0686658850290601,-0.05500248791829,-0.0635957831653264,-0.0755570432672124,-0.0462836839550234,-0.0498657392944231
0.0685756484973989,-0.83252183718324,0.0664629497189649,0.0812160466445093,0.0301955601720282,0.0683060738749388,0.0780869175794779,0.0593318823986577,0.067485681673254,0.0772282231095435
-0.0787269932709505,-0.937512604574674,-0.0392983444422935,-0.0552539962572982,-0.108982576820903,-0.0618802526327735,-0.0630639846762137,-0.0731426455152297,-0.0466992704518663,-0.0353202719209053
