0.010873117102994,-0.880735844303099,0.0140999726117966,0.00327629271401726,-0.0134547332408115,0.0155893827373119,0.00507678550624375,-0.000579037998052551,0.0209419674089374,0.00664352482760984
-0.0190423308290641,-0.888452403048238,0.00477013059476177,0.0128374168308523,0.0122326116225017,-0.00173952298461423,0.00659879605642909,-0.0106298798230995,-0.00486173552358555,-0.0184386602554415
-0.00671013854655668,-0.879762495774972,-0.000857864982508443,0.00923454939208871,-0.011652909425067,-0.0143442979166505,-0.00307859628742393,0.0305801575231947,-0.0111733318209957,0.0026683006736755
0.00131179355347515,-0.870680693720033,-0.00354450058515273,0.0236285654483817,-0.00786892086917484,-0.00421788663293865,0.0260795703985311,0.0170510735953332,0.0157320679297928,0.00532471053831916
0.0111997603174637,-0.882388656879185,0.0260604080188932,-0.00225624396973308,-0.0173672589680116,0.00334584750822283,-0.00442975029115853,0.000225918785769587,0.0294125511326988,0.00960046441220737
0.0143379494059208,-0.893273810338174,-0.00249679118396443,0.00688076253709049,-0.0182996348144686,0.0179622771475354,0.0200052319058706,-0.013008429242544,0.0202266486759125,0.00678133132275393
-0.0140596676279374,-0.874156627945426,0.0175461531368828,0.00553306276631163,-0.0222259640130843,-0.00671192151871259,0.00262668248226368,-0.0321995999993988,0.0103807800465435,-0.01381610362019
0.00645578309684066,-0.891726241424294,0.0363357153131384,0.0104139192154735,-0.0165388474981728,0.00403988728704071,0.0125523196310811,0.00706667421935812,0.0235323799422733,0.0101764647107879
-0.000625162514531093,-0.899822562091146,6.9846143269079e-05,-0.00231475703758201,-0.047126469288839,-0.0044774206726946,0.0023519511191046,-0.0085506789520008,-0.0103122615299034,0.0171697045288217
0.00318152570070994,-0.898633943117815,0.0054378027970191,-0.00279477623835004,-0.0469877970752838,0.00320288653959389,-0.0140509907128544,-0.011059985673476,-0.000197347129405799,0.0137659320142847
-0.00661375064391253,-0.888994162620429,0.0330098687913636,-0.0264918799298665,-0.0101020357734149,0.00176249881244668,-0.0180686969357244,-0.00788955695489129,0.0151892261116158,-0.0249760128821324
0.00762055386814194,-0.885363693687507,0.0257295613473584,0.0248556753389704,-0.0154384380766291,-0.0193961022636584,0.00972448258121629,-0.0060771255739516,0.0325564491265058,0.0108806077533741
0.0172594128384403,-0.876046006303199,0.0291302507927825,0.0229267825594971,-0.0202699697576631,-0.000866654478098063,0.00514388273492258,0.0170625735729046,0.0316516213158754,0.0148814666489217
-0.0136806557838952,-0.903685629653073,0.028214814656008,0.00337037144686082,-0.0384582148389041,-0.012395455330239,-0.00273282007639403,-0.000936590422799276,0.0106077826435796,-0.0206313444209844
0.0150533881467874,-0.876711908070103,0.0304652900965292,0.00130961295025801,-0.0184073005696756,-0.00929424888847191,0.00721871564747902,0.00141453775909995,0.0306011701060292,0.0357903120061111
0.0185154580157743,-0.870332056325363,0.0290227084573965,0.0226849850904679,-0.0105184845617293,0.0199743750091956,0.0174259332989343,0.0152407576083994,0.0265771362488512,0.0208556975946164
0.00149972870982528,-0.873907781999782,0.0234449298596571,0.00941713940577998,-0.00571999889765532,0.0292100520083279,0.0192709986894946,0.00500628109362376,0.0339614400594963,0.0326968111817107
0.0105774241535714,-0.865125968304861,0.0361462226818442,0.0226054631114314,-0.0168458615972658,0.0147723900247245,0.0127923152794048,0.0117885364049906,0.0336122858555291,0.0316303287373267
-0.0224115882861436,-0.877797522944643,0.0109636591175191,-0.0157646291594356,-0.0493147807334849,-0.00820467362047986,-0.0285198749727935,-0.0140352020758991,-0.022301945917176,-0.00908361243949414
-0.016558746928741,-0.88893605794122,-0.00437886482812256,-0.0231573744831007,-0.0479036396673091,0.00527324360850222,-0.0227610986597917,-0.0331514915515271,-0.00868323750658705,0.0039272529854981
-0.00888705421873662,-0.866539109696672,-0.000857864982508443,0.0209984649247866,-0.0512582088073209,-0.0119076290213232,0.0281912259340364,-0.0256477758046647,0.00193859186543796,0.0322009177150343
-0.0274127988102584,-0.91817082536309,0.018206970290383,0.0246241927487798,-0.038448428282292,0.0278029100055304,0.0159197123747744,-0.00449540191171512,0.0127514719926472,-0.00781933008537191
-0.0144711627810903,-0.874121094295818,-0.00217932720087426,-0.0127847175015908,-0.0736883497062742,-0.00906645268373931,-0.00314902849004414,-0.0130771537292284,-0.000393265644482044,-0.0181059669514886
-0.0212023393342633,-0.91671978839541,-0.0091959508778338,-0.0204323846889781,-0.0554899139440332,-0.0285123279570072,-0.0303226286084071,-0.0228703065323044,-0.0153536531007162,-0.0205426239646205
0.00138714402810898,-0.862245242547942,0.0236324012752023,0.0134606003123833,0.00733455675156305,0.03828223210321,0.0609488357193316,0.0420569419260258,0.0226503160789948,0.0207028021552214
0.00751791557476032,-0.888146800349384,0.033952814091715,-0.000490664808928627,-0.0109701754377245,0.0512084634381777,0.0145926957594474,0.0387288088007008,0.04911758166617,0.0331833013751902
-0.0284890075415857,-0.92488579436413,-0.017836609512213,-0.01514391239955,-0.0511782051359788,-0.0391401899266818,-0.0434978470940581,-0.0183179266588494,-0.00704099643061923,-0.0126089727459815
-0.030302035800673,-0.918092690981944,-0.0132454683755219,-0.0172534752818406,-0.0464135096863311,-0.0213036274060049,-0.0385145846372357,-0.0366513405430869,-0.0180988108815498,-0.0356962795100453
0.0427734771500285,-0.849873763678519,0.035234731014931,0.031563453020279,0.0182199798002152,0.0397458438730028,0.0224749710873135,0.0314564696830001,0.0337461599886787,0.0473570955911256
0.0258432907392053,-0.854401683477132,0.0241144080173079,0.0393804002571047,-0.00574984011140956,0.0184328666678395,0.0467343812039098,0.0319313377308106,0.0240174143378769,0.0640726134112246
0.0160564277310677,-0.847630684186719,0.0642784547559954,0.0217150486120575,-0.0177155428222435,0.0160843478006068,0.0381756253100114,0.0235921960338505,0.0308065291916267,0.0617241656305968
-0.0196707769943503,-0.924480771425172,-0.0257037720810529,-0.0125746699991839,-0.0434210048913123,-0.0443364326821046,-0.0487764373422395,-0.0294945232157364,-0.0442237176121587,-0.0399000810412965
0.0270129438959819,-0.862804355660252,0.0474058942301339,0.0458961240380545,0.0159838880420645,0.0335150241584913,0.0279573133193496,0.0555831436324984,0.0611410321053746,0.0173067398236033
0.0420453005578476,-0.869379548313648,0.0619329553491481,0.0501798087070834,-0.00324948665538611,0.0513043143464511,0.0308685380106411,0.0139689940788214,0.0426943892112215,0.0510950899232036
0.0389050810687595,-0.879245742204325,0.077937379379701,0.0353749176554111,0.00266192053254846,0.0468301703269337,0.022061271417724,0.0228315153393187,0.0429464898400026,0.0517781287773505
-0.0523647864140687,-0.923181156471802,-0.0264778385423873,-0.0228963429994178,-0.0774759071785427,-0.0478486123192043,-0.0522922544394007,-0.0452364501258211,-0.0462645044195161,-0.0325763168535531
-0.0542706373765234,-0.937157396863137,-0.0221452040210736,-0.0430221291629398,-0.0715176152222369,-0.0378963004801,-0.0598007208157916,-0.0428720485558585,-0.0237554014734718,-0.0356725916479411
-0.0615321268951372,-0.932520664092693,-0.026798903818868,-0.0411837551239647,-0.0803829485352888,-0.0476301060751195,-0.0546023805084267,-0.0763091051477304,-0.0339292393348903,-0.0614061199933498
-0.0524819403262709,-0.957087541504631,-0.0312484731059873,-0.0433628899084037,-0.0967210566050661,-0.0773912965227374,-0.0462064083059022,-0.0581022592268347,-0.0579113750909088,-0.0373095717158343
-0.0804534611056737,-0.956663190110423,-0.0559599950741969,-0.0630873047291181,-0.0917021414779925,-0.0725841640496392,-0.0722612853944083,-0.0764146825056327,-0.066969432299057,-0.0675174447932402
