-0.0028997815033079,-0.89152682135005,0.00248454224484436,0.0057886681965156,-0.0329315451543171,0.00741837252870816,0.00204175003851732,-0.011444794333075,-0.00203640564838617,0.00116470832757291
0.00696985676526864,-0.88425228385134,0.0133595070708334,-0.00878453824311687,-0.0230630850234237,0.0254649938994641,0.0118822437557123,-0.00397455981246744,-0.000425241380097377,0.00954733804106594
0.00253985406286127,-0.881061213887347,0.0199969772675566,0.0105475288669471,-0.0294932700735946,0.0144778572579352,0.015468289009643,0.00263148810582588,0.0089092132433169,0.00828879756518778
0.00343695940978967,-0.904994949722005,-0.0198850660420358,-0.00618876900519122,-0.037239835923163,0.00114982728838534,0.00740855582713653,0.00529289537008847,0.003600208099629,0.0176556303656214
0.0181503194858513,-0.890254029014456,0.0258653269310438,0.0128688895827159,-0.0240266477996136,0.0201091732108965,0.0161498016705088,0.0131180181404767,0.00744824897468637,0.0225301273030319
-0.0101223247585115,-0.872120470609336,-0.0121054410475619,-0.0360256615913512,-0.03492778435228,0.0107464814310213,0.0161544755763094,-0.00881863140049601,0.0187992536673951,0.00395594994154154
-0.0042775248231121,-0.889032287419746,-0.00650045572751127,0.0267972875900189,-0.0206740973099591,-0.0306935727263313,-0.0298355963737184,-0.0209210197610839,-0.00757266219848113,-0.0063763212540589
0.0145640101145281,-0.837403122047247,0.0438520204059479,0.0129594246425957,0.00436987387613684,0.00296701959476722,0.0316910133711329,-0.00420238597612465,0.0125007423660197,-0.00857839424990966
-0.0157243986578498,-0.888177424994879,-0.00117413990101482,-0.0017040864695513,-0.0458789221366105,0.0188351703914638,0.00178160168388783,0.0264927901945592,0.0154659588655227,0.0259852960355455
-0.0365817216672723,-0.901807504047266,0.0145634250828158,-0.0237181155413281,-0.0396359008184441,-0.0235570080352502,-0.0172498746834197,-0.00398327107559767,-0.00529046979947233,-0.0119964639245111
-0.00858556252444345,-0.931984787046098,0.00390859715348105,-0.0123806672445128,-0.042219762783489,0.00972820260906952,0.0234686602746649,-0.0072972367887686,0.00441279084045007,0.0150384550844405
-0.0360428087001932,-0.901392485070595,0.0261897909730145,-0.0100988180277138,-0.0488075915257944,-0.0146724735525336,0.00863278964750102,0.00283335744346799,-0.0207840044632306,0.00253448499418646
0.0326680830278321,-0.906567343967624,0.0492589216604995,0.00269019747640568,-0.0311150378817472,0.0187678027073454,0.00762640812436786,0.0153252003193953,0.001288716312801,0.00406519998081964
-0.0237430128878907,-0.905263683179412,-0.0105162313253317,-0.0169195160930753,-0.0606650436434526,-0.0113118811544803,-0.0105761906109362,-0.0219725551818586,-0.0204436769801675,-0.0158447200383342
-0.0237430128878907,-0.905263683179412,-0.0105162313253317,-0.0169195160930753,-0.0606650436434526,-0.0113118811544802,-0.0105761906109362,-0.0219725551818586,-0.0204436769801675,-0.0158447200383342
0.0118393629970859,-0.861952122246903,0.0332829633450341,0.0320876023006166,-0.0154305630180569,0.0303256939938691,0.0301499241116705,0.0217038114155026,0.0329657529597265,0.030297478201966
-0.00757226892589676,-0.871477675006834,0.0352187930408212,0.0398838481568631,-0.027735033070405,0.0133786011668863,0.0447139914724718,0.0180594764855305,0.026091281500873,0.0205722856535049
0.0281069683537124,-0.858820865749388,0.0271215125009639,0.0217817363521779,-0.00736234654786987,0.0188534578724575,0.0345261783781285,0.0394977396784368,0.0337327611861462,0.0336559557184096
0.0119559394949609,-0.937633816098986,0.0383510037711689,0.001146310038877,-0.0291794113441169,0.0108712672918217,0.0268170564429877,0.0311529626778106,0.0266452437975439,-0.00312467622562679
-0.0133154047244303,-0.909608860713464,-0.0143022131423923,-0.0274683317204711,-0.0368939451300366,-0.0172408197630599,-0.0360135125394101,-0.0282286768110205,-0.0342340105295955,-0.0330517110873017
-0.0394264596093976,-0.913689193673351,-0.0240775506424924,-0.00317035739606543,-0.0660823294436201,-0.00775214657389111,0.018010569390526,-0.0197812219488563,0.000739125565218657,0.0176901232530285
0.0414950832725839,-0.831393649336003,0.0372931473339526,0.0194605917134756,-0.00108799391907587,0.0502471935185871,0.0253913116264764,0.0241875165017664,0.0396151633478756,0.0142706155758454
-0.0306566050322115,-0.901720703864707,-0.0395011316557454,0.0143038534686581,-0.0568505178942602,0.0123717292305303,-0.0117117195748851,-0.0387098360223301,-0.0199334939999406,-0.0355411887122254
-0.0257943028447591,-0.918905084745604,0.000479121667403149,-0.0111108609478227,-0.0729201726461151,0.00476658856255916,-0.0144266139662321,-0.0491348955553138,-0.0264021216210816,-0.016995835968307
0.0122253239565209,-0.882769784924064,0.0291555893729261,0.0501583976252079,-0.00225279803319019,0.0396408601791028,0.0336182333721531,0.0423422043895503,0.0409813126043456,0.0467890932658163
-0.030283870697917,-0.916728323043339,-0.0117952963269332,-0.0149677877820372,-0.0611234837291067,-0.0208517605621426,-0.0223752278878153,-0.0532760300599679,-0.0272270789562826,-0.0380576233087695
-0.0481134530591742,-0.91697209624567,-0.0104684471788305,0.000443159066882907,-0.0784922811824006,0.00333752632365838,-0.0433168321289553,-0.0282544947358075,-0.0220858403499585,-0.0221441033255411
0.0394221476804956,-0.874145783834041,0.0298124263754754,0.0560144942748929,-0.00730626531923644,0.0285648444035595,0.0535031543028284,0.0294796283127803,0.0363788381772841,0.0526628070739041
0.0353542476491389,-0.848459900778902,0.0470439925871551,0.0503935782217128,-0.000967121103705535,0.0229300495453098,0.0380074684426418,0.0279880649679495,0.0562414900526143,0.0470694445307886
0.0484231836228945,-0.8691287071287,0.0664840348481165,0.0359041057290707,0.0159736953343512,0.0525127225511206,0.0492770581591411,0.0346608483527189,0.0247570737821442,0.0155335338115088
0.0504365641199044,-0.85186688391565,0.0412910120295298,0.0199027810993128,0.00353087055777782,0.0503262187785645,0.0821753793020149,0.0144433122377244,0.0515471898025536,0.04402647030223
0.0444711716826124,-0.854588811271546,0.0541262417691663,0.0381676745079876,0.00273241383160949,0.0574563026627506,0.0577277593867469,0.0461275625202483,0.0484665407040992,0.0590760835776301
-0.0414319787095005,-0.934066704879945,-0.036327720695677,-0.017029092265706,-0.0775658433524403,-0.0279754098607459,-0.0487301717150821,-0.0579082859120415,-0.0249033986849584,-0.0426373322325395
-0.0582837067806697,-0.942762034921193,-0.0416416874943554,-0.0538452362373235,-0.0678453828196217,-0.0270721782789494,-0.0390507424306658,-0.0427217207817775,-0.0306335091872958,-0.060743132056839
-0.0608818111545786,-0.937418436304249,-0.0427335927450556,-0.0369109536689621,-0.0740194689661293,-0.0164496931052351,-0.0422284853401786,-0.0584717653978665,-0.0443337257823711,-0.0644721623082571
0.0386992593062123,-0.836955529094547,0.0652324793468523,0.051448702614064,0.0152966191200697,0.0625849132675116,0.0574724401129728,0.0651305431753673,0.0636394901513561,0.05985179103499
0.0532530077871085,-0.8303480601631,0.0707101309918038,0.0612606825911943,0.0212198836506526,0.0651910109821825,0.0661814427338902,0.0533446418300731,0.0596223669675641,0.059001951289435
0.0591374661147282,-0.846684602895219,0.0656139996487641,0.0587832884979883,0.0424821784378208,0.0753533573636918,0.0511668266803588,0.0504027885872723,0.0694708967529789,0.0662606747113609
0.0530126890948915,-0.852650856274542,0.0698400957924514,0.0630093846416755,0.00705576483140888,0.0767620560782542,0.0652035031576058,0.0676412519085579,0.0651899162437892,0.0517929581834225
-0.084888022164863,-0.951297129937662,-0.0559239984250289,-0.0571031719948707,-0.110493659733704,-0.0708015193036891,-0.0652766376299383,-0.0813813772005291,-0.0769865737099736,-0.0630549103591566
