0.00956382003686457,-0.909366896339658,-0.00199718516032566,-0.013377991812109,-0.0196657289497228,0.00573681108554842,0.0166165091943553,0.00332338282759679,0.00973662683301169,0.0151175632078427
-0.0169772503364417,-0.900694863711174,-0.00329385899729883,0.00513678960578697,-0.0412183193893021,0.01639713956877,-0.0109457011122754,0.00548414896003365,-0.0151177805194601,-0.00182104574285175
-0.0152218699753565,-0.88994892092973,0.0141067942754643,-0.010487710792334,-0.0150792952690205,0.00282006768794985,0.025576557770686,0.00444746987897453,0.0118710453486401,0.0471734926201147
0.00799711668133119,-0.891358900538905,0.0147848353123368,0.00119394508350956,-0.0365364696035056,0.0236949960589212,0.0307147336547759,-0.0185821159875814,-0.00736899874123941,0.0160738808202352
-0.0219977028381459,-0.919633522042902,-0.0105001776999287,-0.0202279705325937,-0.0443000744897997,-0.00538225630384782,0.00999214218627042,-0.0168040059179558,-0.00544497196737717,0.00821245365907574
-0.0289597241021981,-0.904017449931177,-0.000496304614220112,-0.00743201372953587,-0.0249303353431621,0.0386764817156004,0.0131514303643763,-0.014536203254793,0.00620920117395753,0.0338075697493467
0.0101266236479959,-0.900594538682074,0.0159129762088625,0.0210867172260148,-0.00744627195835552,0.00763084615698341,0.040383387784354,0.018601185236489,0.0230532715630503,0.0360929493681054
0.0101737861628188,-0.880150760735109,0.0144277993179118,0.0185111735254802,-0.00792417447849448,0.0237009247063068,0.0508742989093056,0.0218629469127022,0.0266298415900607,0.0311262713194399
0.0272752853126162,-0.91719119809215,0.00539408042183216,-0.0185792406534797,-0.0282978071970782,0.0261675423507446,0.0262166036040318,0.0361597999071683,0.00827305652880538,-0.00701874205186797
-0.027837994417214,-0.926065152033503,0.00639594318289938,-0.000892368152610509,-0.0593703732884731,0.0119098352443059,0.0105924939223591,-0.0109636382086758,-0.00477766909823805,0.00433435388313991
0.029044339517384,-0.891337866545922,0.00240710620048745,-0.0159412180595458,-0.0405133024288752,0.0409460462947836,0.00185232600911947,0.00748588699010094,-0.0103590669468926,0.0439775920678716
-0.00844834390578032,-0.942492980594149,-0.0109848173618181,0.0139309486414814,-0.0175161728358016,-0.00405493700283509,0.02123405907213,-0.0205887881820215,0.0218649997580775,0.0367737685232358
-0.0070182027344891,-0.893404024880409,-0.0135039043776597,-0.0319675345136506,-0.0332462490157812,0.0195849970694694,0.0309043275232926,-0.0102199735829783,0.0250539294867978,0.0462705631009406
0.00997032912988606,-0.879673482082862,0.0349543677546167,0.0208975705929474,-0.0156390803115641,0.00282006768794985,0.0345991141616634,0.0264860373720875,0.0279502042849419,0.0479374345605272
-0.04491553410366,-0.900185985768311,-0.0150158536002855,-0.030370372144211,-0.0544978395405595,0.00147438595672,-0.00332456733258266,-0.027122081134344,-0.00401250324783366,0.000758574516193006
-0.0408637444240594,-0.918031886297362,0.0371778311067963,0.0301484988189864,-0.0383896475313855,-0.00990846516474983,-0.010221313370623,-0.0216332722444574,-0.00897221541735683,-0.000135387441399681
0.00467540167118709,-0.901500381488666,0.0198072525014869,0.0455539263473902,-0.0218167617779138,0.00776270209261503,0.0510286324188603,0.0237138400984071,0.0243868676216269,0.0214473390772293
-0.0234704264688743,-0.881028685908979,0.0214314491783647,0.0023362189769622,-0.0288921691377413,0.0336359652858474,0.036355393806455,0.0158563341860285,0.0284194657134494,0.0519793001563369
-0.0440331970316449,-0.910033014913308,-0.0302096770977361,-0.00403160674570223,-0.04941709875358,-0.03719972076723,0.00848485165019861,-0.0186483767892707,0.00675746758086303,-0.000710866819544388
0.0272101471384165,-0.872907672974191,0.0376165948201776,0.00820702693750664,-0.00375761302157163,0.0251692326445428,0.0501345096500302,0.0066049734917375,0.0434900034418209,0.047859351576241
-0.0355936632998079,-0.934613147604152,-0.0130685097183511,-0.0182157839222143,-0.057286374981136,-0.00874170723712829,0.0178416691943502,0.00130321179299783,0.0192364188742916,0.0376613204324524
-0.0401026856306124,-0.925797052636585,-0.0152278583988764,-0.0289431123551597,-0.0561584180295967,-0.0210750731166559,0.00995096609391197,-0.0490809888182556,-0.00707184178991698,0.00109934141451353
-0.0332604342852613,-0.890294030493472,0.0179741138561984,0.0329696898300624,-0.00897243703232258,0.0373131391757872,0.0643232720682667,0.00640231569345616,0.0433149525654232,0.0311815292618542
-0.0209043182635499,-0.941009614556319,-0.0299715879121878,-0.0285424602942199,-0.0407247072790273,-0.0430158100955344,0.0161147322348453,-0.0235339648084942,-0.0289151397275209,-0.0387611413728525
0.0302659149000666,-0.865499429044208,0.0509100164620566,0.0190295377600175,-0.0175763066432209,0.0494903660565853,0.0627518733110371,-0.00291883603207202,0.0266987139232586,0.0371641644104656
-0.0256421480745293,-0.934620367276384,-0.0335971240869508,-0.0412163330105369,-0.0503090236718543,-0.0144291316608317,-0.0060560048295088,-0.0390891414930581,-0.028816232093095,-0.0361936428089848
-0.0460926638522183,-0.898735055745952,-0.0466152640816836,-0.0422477401713117,-0.0613405206689549,-0.00984762536529132,-0.0121883690656543,-0.011691206590169,0.0115414390141831,0.0431397227796942
-0.041993538099821,-0.926481737968621,-0.0271800428267328,-0.00796019287454935,-0.0662232534486553,-0.00192220921027848,0.0391946242529382,-0.0424072325765614,-0.0235980944311523,0.0195584171136235
0.0281401634137013,-0.883690403756922,0.0331383144798283,0.025523044253524,-0.0324186071998072,0.0359261524923717,0.0809272463251198,0.0219729388597029,0.0497867370112817,0.0283788320957215
-0.0743385927220474,-0.931217224033592,-0.0223447018172004,-0.0353673197386248,-0.0508640774795006,-0.01277738823955,0.0223311516034822,-0.0377622978471891,-0.0307456221178628,-0.0162524884626558
0.0471401907563122,-0.906830122612787,0.0334734944369363,0.028381523749719,0.0242960029130238,0.0535344756713866,0.0726603071012164,0.00630764812810158,0.0255535493104237,0.0386630791329255
-0.0495945039235055,-0.955796097056645,-0.02688522984175,-0.0327156503298198,-0.0547620905500693,-0.00936203453634432,-0.0177050227278054,-0.0534175374391591,-0.0267526350008038,-0.00107937947981467
0.0150616069930731,-0.884163000668511,0.0327436950132249,0.00730095601400001,-0.0244603110917873,0.0635597556398798,0.0564642595690342,0.041580951214569,0.0457024327010869,0.0582045070610744
0.0397624646508815,-0.870268183081708,0.0439615338136859,0.0311025711096466,0.00127365798181969,0.0495009150033045,0.0751035367412753,0.0437499957285364,0.0552236293462704,0.0689840109987728
-0.0413051946155265,-0.94401042091347,-0.047995807430837,-0.050908470042863,-0.0923631841690585,-0.0237871895535504,-0.020547075218594,-0.0421563408017268,-0.030775308581773,-0.0276959881000672
-0.0587384123494356,-0.977510394701065,-0.0386776102236344,-0.0521695547156708,-0.0729404258067322,-0.0611954664861138,-0.020682974064009,-0.0501379503430603,-0.0430857230684392,-0.0150555347363134
0.0394332181850169,-0.854206374272892,0.0591123404538543,0.0536615723920521,0.0195294447482448,0.0676721842384035,0.0929152583131318,0.0447002115869756,0.067102754327299,0.073833377550267
-0.0681214825729952,-0.966385311197945,-0.0643456132053796,-0.046570663521596,-0.0814870545200108,-0.0514588576990023,-0.0512659132899181,-0.059626099434529,-0.0485769324087518,-0.037280030726342
-0.0547612787722462,-0.958072838657187,-0.0548362699461575,-0.0712172798393368,-0.0702618368161568,-0.0542211532157712,-0.0350397870047803,-0.0781851531353978,-0.0746688597086406,-0.046795806602638
-0.0768392996928787,-0.970049645755503,-0.0668587752564867,-0.068973964943235,-0.0975513835632818,-0.0571595957610058,-0.0427658278791395,-0.0709561382170741,-0.054282734785249,-0.0478841371584652
