0.70480606881393,-2.19661951616344,1.96784996170687,-0.933100132408452,0.666719352326149,-2.85993149869893,4.50555505725228,7.13736244949056,-4.14501062258781,3.77713590020053
0.70480606881393,-2.19661951616344,1.96784996170687,-0.933100132408452,0.666719352326149,-2.85993149869893,4.50555505725228,7.13736244949056,-4.14501062258781,3.77713590020053
0.70480606881393,-2.19661951616344,1.96784996170687,-0.933100132408452,0.666719352326149,-2.85993149869893,4.50555505725228,7.13736244949056,-4.14501062258781,3.77713590020053
-2.71714616528476,-5.41663817646549,9.34824234286714,3.52639452699975,8.18152277365403,-10.8496622835838,5.98239248115543,4.11423976235186,-7.23759169801387,-0.622767741137494
-5.07297170896385,-3.19661951616344,-1.72445773060082,-1.84738584669417,0.266719352326149,-9.85993149869894,3.98942602499421,0.565933878061989,-4.84066279650085,-2.31810219503757
-6.90012221811829,-0.657133287493483,-1.70433412845831,7.07630707665292,13.5733596761631,5.95003425065053,-9.20528698750289,9.32644519990056,-16.8203313982504,-1.15905109751878
-3.14483876925248,-0.0959709758702658,6.88507651196595,6.64654503575906,16.1333596761631,6.1918705309373,17.9947130124971,14.6239771675583,2.09270212428627,1.27733813562747
-10.009771546467,3.03495141689584,6.28240367725541,-9.23997152227329,13.089889088421,-17.8917107997393,5.48392019441033,-5.43202322340934,15.3411835709224,14.8032911262959
-23.1987570052501,3.8306502310493,-22.9674488458891,6.55900935812098,-4.35514845530475,-15.04013847406,1.18347137081378,-6.68999304188094,1.96639926369114,-5.64211967025205
10.9952712182771,-13.241909081567,-11.6351979345421,4.0579451884821,-9.63963659911571,-17.6773450816336,16.4396885663647,10.4455030401254,3.92082565394712,-12.0348729425745
32,32,32,32,32,32,32,32,32,32
-32,-32,-32,-32,-32,-32,-32,-32,-32,-32
-32,-32,-32,-32,-32,-32,-32,-32,-32,-32
5.73937621448359,-7.01665686003441,-14.49185849493,22.9997261465872,-10.3527824636656,-4.1680609874447,9.10582412360822,27.9098941917106,9.73132904604013,-9.88632382479151
6.48258384659171,-1.19661951616344,5.66015765401456,-0.0188144181227372,1.06671935232615,4.14006850130107,5.02168408951034,13.7087910209191,-3.44935844867477,9.87237399543862
-4.47536508504195,23.0520809721817,22.9955790125613,6.10577281535297,16.9697015538649,3.74336199168467,32,32,-2.9739645423804,-0.154240811740955
6.48258384659171,-1.19661951616344,5.66015765401456,-0.0188144181227372,1.06671935232615,4.14006850130107,5.02168408951034,13.7087910209191,-3.44935844867476,9.87237399543862
6.48258384659171,-1.19661951616344,5.66015765401456,-0.0188144181227372,1.06671935232615,4.14006850130107,5.02168408951034,13.7087910209191,-3.44935844867476,9.87237399543862
-19.669462937034,-5.48233380187772,-7.30300179190351,-26.5878577160227,-20.0139824020598,-7.95397538584627,7.42958829679948,9.08445239658051,-13.017566973405,-6.8772419799838
2.84007176929702,-26.174063125186,-3.12796650253065,-25.8473858466942,-20.7149656293588,-2.27136007012751,3.73844563283735,12.5864466985748,-6.37912433496239,-7.18084729307679
-7.33648585448192,1.60169024191828,-8.44117623372146,9.55906569734257,9.73335967616307,-1.11380628361598,-2.8052869875029,1.12507220218889,9.008240030321,-5.15905109751878
-28.983220012153,-32,-32,-19.6571605509505,-10.969060455068,-31.9448318317141,-13.1667370610526,-4.77099866189473,-32,-19.941659793171
-23.8335204755858,-10.4177399574256,-0.862228865300413,-16.9853804524739,12.1333596761631,-32,-13.1025117995568,-6.80277032265022,-13.658174866305,-14.6583137559663
24.6508031838429,12.2314750313643,24.1220833259314,0.0781525848923756,-4.6661507483646,4.76284100110643,5.85228201423972,23.4527947478917,4.6008808276904,-0.579065652342269
-2.71714616528476,-5.41663817646549,9.34824234286713,3.52639452699974,8.18152277365403,-10.8496622835838,5.98239248115543,4.11423976235186,-7.23759169801387,-0.622767741137494
-19.3020360937164,-14.902339062111,8.01777113469959,-29.8359736251015,4.23160529019816,-18.7909283161944,3.80340866467102,-32,-32,-32
-7.42190423112343,-17.8050814331729,-1.8085164447849,-5.00443508008039,0.608770438196922,-11.3846315352562,2.84490323125162,-1.02174088818533,-8.41968128611437,-7.74523928694996
-5.07297170896385,-3.19661951616344,-1.72445773060082,-1.84738584669417,0.266719352326149,-9.85993149869894,3.98942602499421,0.565933878061989,-4.84066279650085,-2.31810219503757
-15.2261410268957,7.29057913080717,-13.8622288653004,12.2936983810007,5.01558085336701,-6.92996574934947,-8.55797439601669,14.4006139978545,-7.75366473158376,-14.7391979931198
-18.5364858544819,-17.5983097580817,-16.8622288653004,-16.9236929233471,-15.8666403238369,-20.9299657493495,-14.0052869875029,-15.717033060969,-18.4203313982504,-15.0514463199967
-24.0217557697035,-21.5923431320288,-0.862228865300413,10.7823614830099,-12.1743326315292,-22.3547968911414,-0.908827589030446,-2.43913395901385,-11.5248415329716,-22.8037683014209
-3.87775846112005,23.1189632787086,3.40792344803118,-19.332372870426,-7.47017338745353,-3.98667785126507,9.01203008224291,20.100823875858,-1.10726628825994,-4.7272215337075
-32,1.29692833715638,-12.5193717224433,-29.1845624885645,-14.1187411641731,-28.1680609874447,-32,-8.02711058034885,-30.0975243807066,8.08539334692566
-1.18657138397012,23.9937950772278,11.5741135699601,6.37397874986,18.8019477134047,-7.09996068901501,2.76788804803698,14.7518378569375,4.66588708120285,6.78182730477224
-18.5364858544819,-17.5983097580817,-16.8622288653004,-16.9236929233471,-15.8666403238369,-20.9299657493495,-14.0052869875029,-15.717033060969,-18.4203313982504,-17.1590510975188
-19.9430792610753,-32,-14.5077138151332,-29.7472223351118,0.895264438067835,-12.6946716317024,-17.7767155589315,-5.67597734249393,-20.0766460980434,6.84094890248122
25.7952712182771,31.2025353628774,26.9171830178389,32,32,26.5131311088425,32,32,32,28.2614233537218
-0.17782406825666,15.3083736830962,-6.19556219863374,21.1873785664184,17.0352704610049,26.1736788269562,21.8624858369802,23.9895794769184,-6.36929404910673,30.3814332207057
-32,-27.6642759076535,-27.8462105586643,-32,-9.08980520068831,-32,-11.8193287332334,-0.411473329656896,-0.295337620626539,-32
-11.3967998685308,20.8025353628774,-15.210942726386,-3.0451339181906,-3.50558367076002,16.6946872303175,7.79518053429716,-9.44221625812017,-4.44558629516449,0.603755327651752
