-0.00509987821895928,-0.86729040111908,0.00410802193296281,0.00937925455707776,-0.00779539622871837,-0.0018919891910241,-0.0144614181295501,-0.00329710367196355,-0.00284345893054594,0.00785355839352733
-0.00339307863432312,-0.871630407877949,0.00170452889891699,0.0130522459161506,-0.00221612308635435,-0.00515565425386558,-0.022600720132715,-0.0150474995991963,-0.0049756489705861,0.00134772596037613
-0.02164966192101,-0.880645815358259,-0.00572495953562766,0.00635011688335198,-0.00398780423625978,-0.00795448366842311,-0.0264631131169532,-0.00118800366794051,-0.0068860941196157,-0.00570558681577937
0.0149797054969881,-0.855969536975249,-0.0089147679493312,0.0146493467836917,-0.0158094207716685,-0.00703432160608378,-0.00436040802853997,0.0218237809530533,-0.0103174079064712,0.00015905853601807
-0.00506907297828617,-0.883677278248109,0.00987881351448969,0.00766536486471142,-0.0165246399905258,0.00638081601331014,-0.0248513114011066,0.019192638164297,-0.00262457696913171,-0.0174298418897554
0.00513467349022055,-0.877052848684604,0.000469219031459037,-0.00594222233017035,0.00545740939042436,-0.0195881141899425,-0.0346461752499839,-0.0186913105537682,-0.0103679081337151,-0.0146990051780006
0.0154971220740594,-0.846112066570134,-0.00447823664213732,-0.00712628902639273,0.028544508464791,-0.0206828268058315,-0.01207118233045,-0.0108496772195558,0.00430374786861935,-0.0154030048878514
-0.034710120868393,-0.887906854192251,0.0126091366368116,-0.0160640190979393,-0.0117690736789563,-0.0107635939047753,-0.00911920938915944,0.000248182556459071,-0.0111462033503197,0.0141103480173721
-0.0279716492104528,-0.878848422849833,-0.00646656574040156,-0.00618383237372298,-0.0252921664687624,-0.0221018361717232,-0.00478551127694402,-0.0210831236897668,-0.0206681709025347,0.00791610069908523
0.0116958092094203,-0.867526969750175,0.0297175510665259,0.0112388169436515,0.00628381395907921,0.0137531637626523,0.016645104618666,-2.48745502255919e-05,0.0298627651750333,0.0224759630468504
0.0119247797249966,-0.847958720742021,0.011900803430045,0.0185747291539645,0.00959114763165941,0.0189247040959581,-0.0173239913679137,0.0023788890781269,0.0386251832049419,0.00117467396553285
-0.00218898831289758,-0.870463630048503,-0.0301233579105221,1.03687553486519e-05,-0.027779472365094,-0.00850107929583842,-0.0307403929792791,-0.0258755743622839,0.000860927786714503,-0.00102658358840143
-0.00840712734747553,-0.871617042274625,0.00832693338974985,-0.0114737762157392,-0.0362068037203629,-0.0145076618571038,-0.0407391139952617,0.00799752441168404,-0.00274518508271267,-0.000625764850622941
-0.0179419019062514,-0.884495755141258,-0.00473612279141336,0.0069634983100961,-0.021682324104122,-0.00796266824418503,-0.040454746461678,-0.0238120380667645,-0.0219300803549638,-0.00421394947679765
0.015831192583414,-0.845138583725426,0.023379662375696,0.0323591107912181,0.00767572348496003,0.0192628056359306,0.00509548101264963,0.0112922276759675,0.00782419768192032,0.0307762027520488
-0.0308413996122048,-0.884418789839226,-0.0188090825805873,0.00268336043029268,-0.0267937348538693,-0.019703973734989,-0.00692514964876253,-0.0339465094064031,-0.00722312407695719,0.0122650042724762
-0.0181509523647773,-0.881743486459081,-0.018357927774496,-0.00717927048108528,-0.0184515137116664,-0.0175891740308492,-0.0367500493327836,-0.0217379521961787,-0.0256598938180411,-0.0112041878720581
-3.74303005565395e-05,-0.866660183540559,0.0293537822711846,0.0105507858553183,0.00510591266643227,0.0394443664103017,0.00727134652028485,-0.00543795872131792,-0.000735143054313176,0.0395084895844127
0.0111388686779305,-0.862984201276252,0.0477780475204367,0.0046605546950303,-0.00979650762469564,-0.0135696798126448,0.0118888752942325,0.015759631249844,0.0481094251195054,0.00945534074914523
-0.0181560949874756,-0.901716350353229,0.00786223211055018,0.000600818577877915,-0.0305120962547228,-0.0345587917108476,-0.0244670552765741,-0.0358570136682363,0.0072343643513965,-0.0251693550325753
-0.0230108463271061,-0.90703455790954,-0.024622351776913,-0.00635868813744759,-0.0210340756182742,-0.0290536690350976,-0.0230867658103787,-0.0187532545437268,-0.0392922776772113,-0.0143148437949751
-0.00675098526851033,-0.905474845643195,0.00294766673316701,0.000807147615633998,-0.0469471522481447,-0.0309217818021526,-0.0201357310784778,-0.0246254726410525,-0.0296644914322706,-0.0255679816289785
0.0408148776329635,-0.840905757991044,0.019244118970287,0.0353619348617763,0.0234996003768976,0.00683032385220167,0.0164332034896307,0.0324002434695691,0.0245273955220227,0.0205078571952769
-0.0398273179050767,-0.896675157776563,-0.0135228320615275,0.0041937092645806,-0.0325887846584704,-0.014855852422267,-0.0493558166603122,-0.0121125306692087,-0.0193723845503807,-0.0178581036817711
0.0344611359436109,-0.865805424155592,0.0337728526385668,0.0397419501868002,-0.0148075746540216,0.0244692701858853,0.0209587406380035,0.0286537308773855,0.00134522872700971,0.0356502614074463
-0.0447708913512632,-0.877720681994398,-0.0141417706034086,-0.0111691098810421,-0.0240822171725952,-0.0399314909520939,-0.0418626951325409,-0.0251740904515036,-0.0454824402949969,-0.0155370538690594
-0.045776636387784,-0.901658987161389,-0.0318792389336986,0.011643522626238,-0.0319053362870318,-0.0435026387496298,-0.00827014436172772,-0.0245839685996469,-0.0362733067629958,-0.0222398167855307
-0.0175665794342196,-0.916090212068142,-0.0318892379767426,-0.0163206227067367,-0.0304920172488657,-0.0324417668602809,-0.0424271730117363,-0.0309042166786313,-0.0484802690534794,-0.0245359971606363
-0.0465852848303899,-0.89259536831086,-0.0492600837199027,-0.018169831014002,-0.0252461940612159,-0.0264551501729175,-0.0409477245783283,-0.0417178450935587,-0.0303192224757627,-0.00555766903995229
-0.0373433003610766,-0.880021944489159,-0.0226525713521691,-0.0292979628131665,-0.03370168652066,-0.0310859928367999,-0.0305780077074619,-0.0613087987866185,-0.0275898403962646,-0.0263065394583389
0.0393896822242707,-0.815443956892258,0.0228426767457326,0.0483142782408975,0.0242875220337575,0.0178331032888454,-0.00327732504091833,0.0387059866409023,0.0456694614075513,0.0312998795672388
0.0227205111749343,-0.833547065904458,0.0229661421098397,0.0306834242464072,0.0385601181245354,0.0401616519331835,0.0254395962379864,0.0377284695343529,0.0403370924388187,0.0426252545289774
0.0165968169218192,-0.816494087834424,0.0522910200828356,0.0539626313722335,0.00947074432675935,0.049371690648015,0.00151931995816449,0.0129681437182626,0.0279135258080245,0.0265601659131634
-0.0449114319399463,-0.898432620465168,-0.0351128906396635,-0.0353256901006181,-0.0464374939800316,-0.0265253306668623,-0.0508647233471399,-0.0152434913725314,-0.0411755282329302,-0.00847119841142368
0.0371423002010173,-0.823752004117051,0.0413207657934864,0.0474433485261852,0.0278596727793335,0.0410908563032659,0.0247153906637711,0.0311416029151251,0.03307202829221,0.0480604273447893
-0.0364617311167011,-0.892536086204586,-0.0398885157193342,-0.0197790031297732,-0.0451546862739581,-0.0572298282640863,-0.0410477835196552,-0.0520547511701324,-0.0246288702017364,-0.0183556402015064
-0.0407505632052309,-0.898088584991432,-0.0316055488254876,-0.0354322782329317,-0.0432974182784556,-0.0424829761659901,-0.0547006491915152,-0.0366516957549033,-0.0382869861852599,-0.037264552633557
0.0391237903104868,-0.80707082158206,0.04000810296688,0.0669416938953705,0.0379261599004627,0.0247782574099667,0.0447959907021952,0.0379149611614058,0.0488557457909355,0.0655514029294175
0.0474037067672208,-0.80993431501898,0.0565487211469642,0.0527219917395201,0.0448568516939962,0.0456712938064617,0.0334536207809366,0.0515025742175485,0.0498672837871919,0.0508897173388948
0.0516925388557507,-0.804381816232135,0.0482657542531176,0.0683752668426786,0.0429995836984937,0.0309244417083655,0.0471064864527966,0.0360995188023194,0.0635253997707154,0.0697986297709454
