-0.00509987821895928,-0.86729040111908,0.00410802193296281,0.00937925455707776,-0.00779539622871837,-0.0018919891910241,-0.0144614181295501,-0.00329710367196355,-0.00284345893054594,0.00785355839352733
-0.0107928046464528,-0.870930076439829,-0.00732476777123787,-0.00100676556913005,-0.0135286118263802,-0.00890803085140609,-0.018763863915142,-0.00948948303454748,-0.00728033444625906,-0.0111110477309023
0.00247236852792898,-0.879514698360715,0.00757935248550859,0.0155049972742298,-0.00357367822174065,0.0195704378501503,0.00335936871508571,-0.0172851000527252,-0.00754994644960265,0.00517664541229942
0.000937774385062304,-0.872048895180046,-0.0077880790181129,-0.00132435301368652,-0.0286595015950773,-0.012986004749212,-0.0179066710939136,-0.0108206923457789,-0.00605007034248908,0.00980488315489981
0.0242655660694812,-0.880165773794332,0.0138378469371786,0.0158399907994973,0.00422438215132559,-0.00680747782177111,-0.00446399853303089,-0.0126901567050956,-0.0267296888874851,-0.00533186872002073
0.0111157776428833,-0.871537994335365,0.0059258561022487,0.0246887545928682,0.0144205054423864,-0.00456272147588885,0.00292921356016116,-0.00338365699561636,0.00401194475372808,0.0391635676623312
-0.0153784277046601,-0.842521041178673,0.0245907385345476,0.0162188204933722,-0.00893168808584166,-0.00781229155275043,-0.0111320911981451,0.00692193546289472,0.00745650611821619,0.0334042029469162
0.0152443219042919,-0.887835110862721,0.0252668884006586,-0.0141754135069354,-0.0313769096243426,-0.00288039042921825,-0.02292363693865,0.00730279782555008,-0.00198588500893828,0.0184979987801493
0.0170733888165435,-0.85869730565773,0.0076020778931665,0.0315229842198838,-0.00280074808946159,-0.0311311165812709,-0.0262438554500166,0.00700208786324977,-0.00352817089738426,-0.00658574604875322
0.00356781791618239,-0.843171573470865,0.0265978928794189,0.0216813699495474,-0.0123713138001469,-0.011613092203383,-0.00511919383125389,0.0040021255186387,0.0184856476932104,0.0343754370354896
0.0328768105009717,-0.840478810341863,0.0114385722640774,0.0222011494519061,-0.00668555159965128,0.0112723585722218,0.00946237575678603,0.0376415463521734,0.00585325194412272,0.020641190796759
0.0131569176819127,-0.875378411612164,0.0118485349965062,0.0232248872907396,-0.0345369610348118,-0.0196227384669953,-0.0196690878299529,-0.0380053181019063,0.000628121470266368,0.0120462800177795
-0.0239173850978552,-0.875778908045101,-0.0227703965214489,0.0112579647232374,-0.0168683237593764,0.00174501277695742,-0.0375757087935987,-0.038915378727106,-0.00786743048165556,-0.000552382846564975
-0.0298537460108018,-0.875863169185519,-0.00371928804074232,0.000940435991676918,-0.0190471543159195,-0.0384602029744278,-0.0219625901876842,-0.00586893409189524,-0.0360065353980861,-0.00921807456636403
0.0259267747036102,-0.859726536445981,0.0534335845576105,-0.0106199781279925,-0.00329737180601221,0.0109441742628359,0.0116857174080327,0.029968645153953,-0.010136741254856,0.00348452005014439
0.0142954615755095,-0.847696244817796,0.0312852242995451,0.0401400671841542,0.0102397858073713,-0.00687685540632504,-0.00166711608893178,0.0366682672041951,0.0220037535821713,-0.00993966769364367
0.0213455633844322,-0.853089710493361,0.00533321318007814,0.0206523944987555,0.0337610401270391,0.0383736583184939,0.00365222625099511,0.0283699635816725,0.0239925284427027,0.0115053693448129
0.00660362607727926,-0.854357341824095,0.0231045001466436,0.0429354817083307,0.0293242404802501,-0.00524089858383028,0.0222435343692389,-0.00540176411421979,0.0265124081105498,0.0274422981058732
-0.0312526459694477,-0.884724564271092,-0.02228770797879,-0.00465794985920274,-0.00316381966152952,-0.0309268965924698,-0.0470913302040008,-0.0214963665077215,-0.0199882624163245,-0.00210663714176822
0.0145821562199871,-0.868576060437335,0.0425885185944678,0.0328051606746252,0.0149806525984914,0.0265334441807231,0.0193271706522143,0.00138426871033696,0.0341079744928514,0.0165511635606879
0.0266881280186158,-0.839670918483396,0.031525899974614,0.0334802402197602,0.0193325779753196,0.0263453528439039,0.0146340785330465,0.0203301084370494,0.0233812219610064,0.0304375830528559
0.018646296607641,-0.840338624774162,0.00930429443148093,0.0365559060041573,0.0270839838456737,0.0443472834450755,0.0195292002356135,0.0145665864027596,0.00101007277559198,0.0326864523887649
-0.0352753819857183,-0.890314443164452,-0.0196040857121706,-0.0114779111079168,-0.0326021413488119,-0.0232089154950911,-0.0463218084782928,-0.0155131134725495,-0.0256253599500808,-0.00914277713128221
0.0081057104465545,-0.838838471010219,0.0276484825344491,0.0376177687129681,0.0289497717813327,0.0399375970035894,0.00944188112638236,0.0329236494514412,0.000783562871372968,0.0283502754475924
0.0231852038899082,-0.836961462236603,0.0296856329652736,0.0354103563991168,0.0191742882183029,0.0304328921781845,0.0180377761115062,0.0289677875366121,0.0210627394421306,0.0413055902132325
0.0169313533686842,-0.860706388354182,0.0317990039395124,0.0438210535565095,0.0187192988238541,0.0257391003266916,-0.00583488388426333,0.0256224327548099,0.0272691215499202,0.047438919477504
0.0222600493001107,-0.836785496914617,0.00231093377848221,0.0530709569522513,0.0266691198027354,0.0284019510788275,0.0111172383085588,0.0450865318597819,0.0225104992641402,0.0187431078467273
-0.0203811042383767,-0.898873604196214,-0.0262965942696189,0.0024689296905634,-0.0435460643249232,-0.0319193949944629,-0.0552745836605965,-0.0190668155238129,-0.0282968390419837,-0.0296324645852958
0.0169469628291021,-0.823189706692885,0.0482494134156329,0.0359027830349273,0.0275996411419101,0.0331919053375412,0.0204450345867852,0.0362644774039642,0.0235328145530859,0.0479506276650061
0.0461972995919523,-0.848959830056374,0.0276119612792448,0.0398332167964881,0.0220822224838808,0.0454696284750517,0.0162598156032432,0.0545120912245315,0.043911518491318,0.0330194098518785
0.038582511298895,-0.82610568124708,0.0354919480118977,0.0654418119695142,0.0271851190031334,0.0407932042319184,0.00634508430975937,0.0231030477814,0.0147431045249144,0.0620477777972151
0.0240245534051944,-0.831100186590384,0.0587337138710562,0.0713834449576413,0.0262860959432342,0.0495963170313315,0.00208615083070756,0.0412009157863755,0.027117534099354,0.0205749682878295
0.041587799151386,-0.82327102597005,0.0575295702348791,0.0343202867899939,0.0367790992046233,0.0452835940375154,0.0394699611911165,0.0301399280674927,0.0391887548379941,0.0388193049680378
-0.0289080648910016,-0.930915082684191,-0.0390454160726667,-0.0403003600776957,-0.027590933819381,-0.0556722558004731,-0.0428105074164232,-0.048748422388056,-0.0407816582633562,-0.0296356661883752
0.0565419028655199,-0.834757705080515,0.0476570431961107,0.0540824535732051,0.048434448047989,0.0374153313779219,0.0396864733966208,0.0327227136681687,0.0463682527051055,0.0421297877618442
-0.054519254537899,-0.916495161837474,-0.0495238789673418,-0.0347427766660338,-0.0667677082214064,-0.025363020015842,-0.0289317426939681,-0.0468615027575858,-0.0505834293440884,-0.0221437129205731
-0.0547031926401976,-0.916385438226015,-0.0195656878306173,-0.0282286401222825,-0.06027581841937,-0.0359465856284776,-0.0563590387300038,-0.0215295831539005,-0.051193770631432,-0.0576554182524161
-0.0449516689646233,-0.920257010901181,-0.0441149782026925,-0.0343233424195164,-0.0524657745706069,-0.0436352869880651,-0.061957999692056,-0.0324697540940714,-0.0600587921546814,-0.046966248069575
-0.0543535648550543,-0.922900733001542,-0.06091007743856,-0.0476194158068267,-0.0606407902121706,-0.060807720102308,-0.0695982825648616,-0.0679799109609307,-0.0527057589681093,-0.0489069932513593
-0.0599035429066793,-0.929548760963674,-0.0647399816764791,-0.0528488074686361,-0.0586242364181694,-0.0679607584590858,-0.0774665574610216,-0.0758512594109284,-0.0584440095427174,-0.0488891586862071
