-0.00509987821895928,-0.86729040111908,0.00410802193296281,0.00937925455707776,-0.00779539622871837,-0.0018919891910241,-0.0144614181295501,-0.00329710367196355,-0.00284345893054594,0.00785355839352733
0.00559391138091486,-0.868449133873029,0.00807616233753212,0.0210362481340757,-0.00536927298054917,0.0141370898399769,0.00125291162119239,-0.00273376057814051,0.00343403901080468,0.0220144255423729
-0.00954728854028618,-0.854681338697825,0.00163344270417535,0.0220134648209551,0.0172658231542812,0.00250463111163805,-0.013528406652243,0.00064072184575524,0.0105758247890798,0.00584945254649014
-0.0125442260972105,-0.879486413229161,-0.00794757760266952,0.00261795616652083,-0.0221516756284993,-0.0122010044041146,-0.0290803013116769,-0.0105777637382198,-0.00715593667330547,0.00112906257526734
0.00510038134620133,-0.863571836885208,0.0139179581342892,0.0198277346422569,0.0173831883888404,-0.00572302004430307,-0.016615356287352,0.0280236856677496,-0.00993242114517881,-0.00558691935498679
0.00415670627663334,-0.868486529243686,0.0246140313243717,0.000232145305696155,0.0211929325842738,0.000548684304874363,-0.00956937455079328,0.028272854119729,0.00897020740924828,-0.0195082866004176
-0.0187192120934048,-0.882114409573783,-0.0105269116459755,-0.00310290777903178,-0.0228995923638373,-0.0147569928724365,-0.0266457251363331,-0.0173913997146373,-0.0173732861717163,-0.00635181547338426
0.0151288485401614,-0.88086650891332,0.00229985568255953,0.0223263454356309,0.00126408591371074,-0.0386155735048517,-0.0165593686019171,-0.00553080926701523,0.000278424171576221,0.012221527143446
0.0314005886576868,-0.847464028650001,0.0231279760259132,0.0151316391341532,0.010064942513779,0.0204058208750337,0.0112690104471816,0.000560186690433694,0.011403706562009,0.00753809895718728
0.012347978939108,-0.841218629593679,0.0224938295580101,0.0118956658328781,0.032098701408187,0.0115446776816302,0.000469945322651159,0.0179566822541526,0.00306355316789732,0.0152489899840163
-0.0327753781904342,-0.890072389689764,-0.00596200437065452,0.0124141683347075,-0.0045258405806704,-0.0126088012134619,-0.0318627620224142,-0.0123192805198362,-0.0180073010710665,0.00191046013805641
0.0267881237306194,-0.856982261530716,0.0221784651702201,0.0156598017875866,-0.0146077757996511,0.00275790068990148,0.0212243809507216,0.018330025849412,0.0139405716286069,0.0204266317074787
0.0155176228490039,-0.833622390310866,0.00264174891453097,0.0174133058520749,0.00223890581165245,0.00671911551758037,0.0250698191446061,0.01261377250268,0.00566860900571704,0.0329019917450063
-0.0261071759448464,-0.892811147238153,-0.0197521740107922,0.0166352145048489,-0.0145066440632173,0.014943225807092,-0.0328668510534972,-0.00450739377334589,-0.0171864820031214,0.00412143354751768
-0.0225898807554889,-0.885114053866631,-0.0114091495110274,-0.00651720564980097,-0.0230127704514921,-0.0189772854781077,-0.0303464860876361,-0.0189231664770489,-0.0210273794246808,-0.0093669050379131
-0.0265702447926351,-0.900279084179729,0.0136858505102632,0.0185408728561658,-0.0119588648754622,-0.00325858436368094,0.00103684696573458,-0.0225995651624291,-0.0302186200517348,0.0143885340175396
0.0187707060424384,-0.85669114018468,0.0287983029542162,0.0306072211475011,0.00620457776362397,0.0123786066464555,0.00550298263450306,0.00840699485175995,0.0199005641594298,0.0279166543088513
-0.000558659459320709,-0.863024674747757,0.00206655069898116,-0.00954593313052712,0.0151650077618217,0.0262517594690772,0.0183428246678501,0.0222473246222525,0.0426406968165254,0.000559896832699698
-0.0188226479896166,-0.863031289178181,-0.0148660275053756,0.0165613526080519,-0.0211848658883019,-0.0157131304324428,-0.0287338219304042,-0.0274601337400477,-0.0208575365130788,0.0222105202147001
-0.00180636741800854,-0.835848150446243,0.0202113759203496,0.0179021227740899,0.0168823438237838,0.030698134780879,-0.00715613506670858,0.00893555597197066,-0.0178589385106571,0.0330014071658201
-0.00841213567701092,-0.84459931952336,0.014484630554115,0.0306605481487725,-0.00497171869376981,0.0305692545572291,-0.00719705474548218,0.0203236952517517,0.00844520999681296,0.0424373484307424
0.0341593252094028,-0.860423932199042,0.0440492604066711,0.0269991963231236,-0.00593270421306756,0.00745139039764903,0.02395089132813,0.0119343206696022,0.0118002645349101,0.0208389464717975
-0.0271812560675159,-0.886166683112984,-0.0174996786874179,-0.0211726251674675,-0.0197193817235221,-0.00447666784406969,-0.0355524067263802,-0.0317817750131742,-0.0309014317349054,-0.00278700272886256
-0.0334308315039673,-0.902078645615531,-0.02975285084749,0.0123985990336838,-0.0164374222445332,-0.00334060494749659,-0.0442852728182985,-0.0129603111703124,-0.0080768953583005,-0.00721764802549762
0.00744424285951302,-0.848330932224069,0.0245689784442208,0.0426682144306326,0.016580386248067,0.0275369824090613,0.00903886089541487,0.00806757568344799,0.0177853651847754,0.0355118627139006
0.00660044865300373,-0.872353194047601,0.0358704628337123,0.0298235905792173,-0.03439865669126,0.000939381227293735,-0.0237701392678449,0.00312758427391718,-0.00937163369682579,0.0421592417476731
-0.0227027032713704,-0.919028747659639,-0.02445997821321,-0.0115128628174486,-0.0101630372666152,-0.0270183555156695,-0.0381063484209358,-0.0322117865458803,-0.00337835133463482,-0.0189443898471579
0.0148092731393265,-0.838957678483755,0.023936064728298,0.0364301323875716,0.0249520231175888,0.033888280918286,0.0015535559076259,0.0262829110327917,0.0162489083859132,0.0346574710504673
-0.0410604468955402,-0.903034630907207,-0.0226338194683637,-0.0120909669048252,-0.0261498028715733,-0.0167069044053597,-0.0260527025796133,-0.0435000083408316,-0.0269782666981961,0.011681633360891
0.0173888921428563,-0.836626203662828,0.0157669079885517,0.0228521038515793,0.00943178348571242,0.036755978212156,0.0248838007610204,0.0351109030886845,0.00212977648650602,0.0510101275986936
-0.0405239004346351,-0.894280327824339,-0.0133632272483273,-0.0354679558654792,-0.0298331446612969,-0.0064007420240146,-0.0361537211302627,-0.0377880539600477,-0.012393744024291,-0.0166585061469105
0.00283411532299234,-0.811265607688822,0.00843044986750012,0.0395999779461011,0.00977500959663881,0.0424621123063072,0.00543107089459584,0.0405238366167331,0.0134360483758459,0.0251697365657205
-0.032129272954432,-0.901132870286363,-0.0224271517018835,-0.0245937431876416,-0.030230890069188,-0.0259715733800293,-0.0534150873689405,-0.0316899521656821,-0.0226949469284894,-0.0199462118682333
-0.0485475232514386,-0.880751323317864,-0.0260083102422752,-0.0298219078315385,-0.0211585501372243,-0.00375813647995712,-0.0546513100268496,-0.00932407312931322,-0.0405105617328938,-0.0250743576146522
0.0396488471956024,-0.815967946478063,0.0296586176683031,0.0453195893367507,0.0251544818775794,0.0283106386283122,0.0131001721444009,0.0213987734030261,0.0456427993965272,0.0642438581307671
-0.0451476226347368,-0.910373359373389,-0.0271265744653245,-0.0286663885208292,-0.043968395173011,-0.054699931531495,-0.0652718636198182,-0.0520846950070767,-0.0325896437561196,-0.0120579495675355
-0.0481005577942916,-0.91783793851681,-0.037173578876775,-0.0241910511623907,-0.0545398957190821,-0.0483090266614402,-0.0591341656311842,-0.0446068463681695,-0.044328543111208,-0.0385480794024598
-0.0692775660146239,-0.917637835928495,-0.0425767103873971,-0.0294040212633455,-0.0549683221853804,-0.0447517154855669,-0.0673708324656222,-0.053584327301064,-0.0529449223264691,-0.0416530487462228
-0.05100960377765,-0.913422721181175,-0.0351476579451123,-0.0570879100472747,-0.0680395402215775,-0.0578412336994607,-0.0552173879497195,-0.0442870613193353,-0.0585722302089702,-0.0475720273025205
-0.0633907150756954,-0.914039742891216,-0.0438521875597036,-0.0355333164453596,-0.0782169550804818,-0.0498001409300264,-0.0600099784081076,-0.0479465309634884,-0.0700528471003231,-0.0528283497558515
