-0.00509987821895928,-0.86729040111908,0.00410802193296281,0.00937925455707776,-0.00779539622871837,-0.0018919891910241,-0.0144614181295501,-0.00329710367196355,-0.00284345893054594,0.00785355839352733
-0.00713801453897096,-0.853160222886956,0.0183065665680707,0.0158298354520541,-0.00639514524033738,-0.00661390293498512,-0.00802270083544727,-0.000949270046348281,-0.000735306414841545,0.0165977885928145
-0.00164745878704425,-0.877559752756954,-0.00740995239302932,0.0206254138439305,0.00890302519347928,-0.00966761634309208,-0.0279264918601193,0.0139213488516842,0.00379652296316132,0.0120974194211844
-0.0189544660104782,-0.879595054737862,-0.0082731695805402,0.00397627647548599,-0.0164629886202519,-0.0103623702479483,-0.0328667649844509,-0.00463897613479868,-0.012305184047758,-0.0153040800599094
0.0092366915534649,-0.849561219192864,0.026693658665191,0.00736626223028001,0.00822441692289984,0.0226459624733475,0.0086132644903302,0.00338631933441747,0.0255156375732063,0.0127622374048397
-0.0130273169897687,-0.878284339029576,-0.00372570437873072,0.0359804245916259,-0.00326066596834547,-0.00530083170042456,-0.0161900392234482,0.0123822978352702,-0.0242055896850492,-0.00624822953859065
0.0139592981328885,-0.87690578406879,0.0172711696480297,0.0100153974752145,0.0231880877994987,0.0200849605421458,-0.0163363437215731,-0.0150666612707259,0.00421555786639135,0.0233994149116558
-0.00718743248031415,-0.870330262274272,-0.0191797826235183,0.00777667390037257,-0.0215511920651303,-0.0280211037895232,-0.0281849318343253,0.00430969603314291,-0.0118435135570697,0.00266351368477486
-0.0150498379307326,-0.868403508818725,-0.0103383891791847,-0.00450858310079094,-0.0307847357439975,-0.014797122016311,-0.0298727593139449,0.00147912511801976,-0.0174178987682291,-0.0063901428372127
0.0215039227881475,-0.863740433077163,-0.0120569983499847,0.0185333384631321,-0.0169434234691566,-0.00642073370127642,-0.0148941941139825,-0.00925402538158411,0.0283992741531014,0.0200231945961042
-0.0192446846421319,-0.887958172006805,0.00935270031080196,-0.00166520895320836,-0.0343369589729083,-0.0027062124573785,-0.024233201549399,-0.0136481200083436,-0.00846887932886693,-0.0190744635785752
-0.00413153287872726,-0.870308640420253,0.0225363883419133,0.0269641665427334,0.00280993709126472,-0.0181294509972036,-0.00884180991517537,-0.0165992627701473,-0.00493347705231644,0.0348768843699903
0.00496513335933254,-0.856494056265569,0.0215100890740452,0.00200806451474039,0.011511099269474,-0.00560551630997207,-0.0138263070049055,-0.0131859724515274,0.0283992741531014,0.0377250579501414
-0.0197596189895442,-0.883820214885061,0.0167120753535538,0.0186280415020636,-0.0310851418293617,0.00219801622548161,-0.0308904803994707,0.0113793305013569,0.0024463687472731,-0.026459686467232
0.00492213003691144,-0.855287391798537,0.0236361161866514,0.0420233973367646,0.00932783747748793,0.00383671785727988,-0.00356844586475596,0.020559669975713,0.0195587987568279,0.0225500469653986
0.0217639124504139,-0.840770455098091,0.0160014188444289,0.0314949790613218,0.0171845986924441,0.0120715140916905,0.0107208511350498,0.0172658304570354,0.0182892765863497,0.0258273965378892
0.00631954239684685,-0.868688173197515,0.0355943512471597,0.0188112019116814,-0.0398989815574729,-0.0138602797465793,-6.5894924677172e-05,-0.0154420236695367,0.017380635614144,-0.00852925827336278
-0.0159991771452755,-0.876306946686648,-0.0218169863017105,-0.0240536630931325,-0.0208052918208004,-0.0202441957091254,-0.0393431345642419,0.0067159306165389,0.0197470275547928,-0.00575101248665963
0.0218828525741935,-0.833988919413108,0.0262448118388253,0.0196448807127237,-0.00764393979177218,-6.517734896316e-05,-0.0140947616542296,0.020559669975713,0.0213703929597264,0.0304121289962786
0.026806672715405,-0.847243913537668,0.0250853915489702,0.0138904050093988,0.0223934608627393,0.00280152116990928,0.000779380222200565,0.0133132931641188,0.000290024053270554,0.0428801596868156
0.000327637040164235,-0.848908466090533,0.0243902942957644,0.0387249220682375,0.0180242028831385,0.0146850918904476,0.000427393054484833,0.00753799745923838,0.0136707087718196,0.0396870647481705
-0.0138882471456383,-0.864098262068021,-0.00973337885872071,-0.00572644323774465,-0.0252658376931406,-0.0198001513532617,-0.0439408332000821,-0.0378878727397981,0.00935657065464696,0.000604830680865157
-0.0306316062161212,-0.861179213045918,-0.0189557684566271,-0.0261481130954893,-0.0412198563502664,-0.00618169276480093,-0.0234817033073917,-0.0156783988723916,0.00065438025582089,-0.0199148397401077
-0.0262042120153582,-0.883851213383004,-0.0134516916057115,-0.00697901299618564,-0.0391166892985982,-0.0357605384116468,-0.0261631997951278,-0.0250464042622215,-0.0177257064708886,-0.0211468241257052
-0.0352002126671198,-0.892462025833038,-0.0136785393318593,-0.00734315346967809,-0.0315108112484812,-0.00623981527798062,-0.0318527224773762,-0.0268478283096447,-0.0354521545827199,-0.0127414072815299
0.0261731568463177,-0.846075260800726,0.036530914297991,0.0292548233526205,0.0406473369564834,0.0114095094936596,0.013417471097208,0.000372738557844809,0.00896088554353796,0.0316610743801256
0.0187724659967923,-0.839436238290485,0.032897207620893,0.03099642533976,0.0171753277185495,0.0316450917447634,0.00563945819688463,0.0255631960700543,0.0289283616538944,0.0253225631985527
-0.0431558119269545,-0.900000591944601,-0.0323117912798237,-0.00741759232055424,-0.035033736507195,-0.0266348403994791,-0.0234469162267445,-0.035534124292719,-0.0287830957140432,-0.0242916619781677
-0.0451111345334916,-0.897616139101331,-0.016649994585583,-0.0114743174798649,-0.0472981323614642,-0.0204142381955489,-0.0218215181183655,-0.0350194777670318,-0.0369557583078006,-0.023625722461381
0.0290335687456312,-0.840857869496378,0.022343271277396,0.0555320887603207,0.0482478600032307,0.0134555452992862,0.00699454619602218,0.0303207626482664,0.000679312044573159,0.0440449753089182
-0.0382016884886084,-0.879355714779904,-0.00632863116940033,-0.0255496272964297,-0.0488165353121938,-0.0203178715147008,-0.0458044707094765,-0.0360938214603871,-0.0250064186344765,-0.0367512202753772
-0.0466612533617133,-0.899261144201318,-0.0214951583392795,-0.0188556887237436,-0.0547600844293748,-0.0400594247821622,-0.0167668339531979,-0.0242655002828093,-0.0258582927316525,-0.0357035996342609
-0.0273833691043529,-0.900837997243637,-0.0275835007427653,-0.00770849545565625,-0.0409704623353461,-0.0320125376567383,-0.0659575516357324,-0.0137956087155035,-0.0598113756331762,-0.000213217608368559
0.026320113097914,-0.829212835022574,0.0554279185837974,0.0429292083014281,0.0296388925527224,0.0348198022709779,0.0325085283656427,0.0243278501008224,0.0486758687590307,0.0374189300100079
-0.0515191731200593,-0.90105844569228,-0.0409596973745038,-0.00983801544877715,-0.0520271197630909,-0.0375119261550037,-0.0312172786570921,-0.0480954010162667,-0.0314553078971008,-0.0278123330849122
0.0264431007530734,-0.812354077969797,0.0211633906302428,0.0260165634212173,0.0479186327434386,0.0463115427916163,0.0332906952608081,0.046245354422296,0.0395514287741226,0.0464447846303864
0.0550119942918462,-0.83848212557864,0.0560014188444289,0.0401906312352349,0.0254661721914089,0.0236657169902413,0.034132222372508,0.0401491256515434,0.0495936244124367,0.0359723240741211
-0.0525691781585362,-0.904490137942006,-0.048794522488488,-0.0319763137707346,-0.0372932918993351,-0.0517498347682504,-0.0520807450493991,-0.0481936739758475,-0.0619713324534897,-0.0453155292791315
0.057252142887799,-0.819241198048366,0.0602146536983903,0.0450091263422474,0.0610466126026951,0.0419392598169855,0.0477587578248199,0.0483846232282117,0.0503436013191275,0.0354625027483988
0.0488088577214413,-0.819490465340464,0.065023929661395,0.0650566342905134,0.0410049508080753,0.0582463562445586,0.0303279095823762,0.0666965164223676,0.0535203163347457,0.0601060208456518
