-0.00509987821895928,-0.86729040111908,0.00410802193296281,0.00937925455707776,-0.00779539622871837,-0.0018919891910241,-0.0144614181295501,-0.00329710367196355,-0.00284345893054594,0.00785355839352733
-0.00485779188390128,-0.868044960944373,0.00871511353520043,0.0137754825534917,-0.0051440628987226,-0.00595135464256898,-0.0130565160759564,-0.00662264344650949,-0.00336596346098857,0.0146093898876431
-0.00485779188390128,-0.868044960944373,0.00871511353520043,0.0137754825534917,-0.0051440628987226,-0.00595135464256898,-0.0130565160759564,-0.00662264344650949,-0.00336596346098857,0.0146093898876431
0.00863792224008783,-0.868841304509112,-0.00968354936514441,0.00595676777231007,-0.00579049359332673,0.0132186347938932,-0.0156972664023387,-0.00148152645491874,0.00777751895236136,0.0180568642151798
-0.00292956980489376,-0.874197936750812,0.00404374901804526,0.00115181670292162,-0.00583114444858308,0.00124086554073948,-0.0315396245457567,-0.00579905017047142,-0.00831131519638621,0.0105304498499749
-0.0112903189729972,-0.881192597508291,-0.0137140388499923,0.0063542717584797,-0.0232955765126403,-0.0145386437632637,-0.00471610994193753,-0.0105442153560033,-0.0120930866662156,-0.00782856163189157
-0.0215597624665739,-0.885340898715285,0.00360973302085737,-0.00389531703965229,-0.0155487461557651,-0.0157764554329014,-0.0222393648541493,-0.0090684529312232,-0.00145500456008477,0.00538184884106879
0.00822243409149244,-0.842800957262857,-0.00488372766729794,0.0113785649998616,-0.00374837702081777,0.00784364363215875,0.00519095674810944,-0.0040079214808791,0.0258889577264417,0.0217460418190592
-0.00915041684320819,-0.871465918539735,-0.00578095390848173,-0.00124972052044501,-0.0198493000007234,-0.016858459548419,-0.0328775619922122,-0.00350217958720847,-0.000600427012990949,0.00851032966458263
0.00204936217424894,-0.844412831860813,0.0167243285092126,0.0131092930230994,0.0202516237754062,0.0195557319886006,0.0192421437241458,0.0047457917703957,0.0100251737772289,0.0221520391799438
-0.0152491922903236,-0.867205313574107,-0.00105918281773329,-0.036307606127028,-0.028267358898633,-0.00902402894412282,-0.0179083735168085,-0.0239786846707505,-0.00290671935934592,0.00129281900319305
0.0090913550947901,-0.842344875199192,0.0361603825739338,-0.00128172031142442,0.000678445045159881,0.0170461094791851,0.0193639801041439,0.0223490923278898,0.02016941903363,-0.000924575743614282
-0.0277941835780483,-0.857608891538265,0.0157515288669562,0.00405254320803126,-0.0151585019718781,0.0036917772556821,-0.0326981235381853,-0.0240304491926498,-0.0158372436487921,0.0173616951322023
0.00553456866458816,-0.849449073264264,0.0235973115346641,0.0295754762317935,0.0235239679965873,0.0172736732826088,0.0112166958591272,0.0128785873789161,0.00808669341364695,0.0257758325901225
0.00921464775647966,-0.860987270278197,0.0204378927577099,0.0330800416227881,-0.0138160487683944,0.0195345778279832,0.0233277187855884,0.00713730543906296,0.0173277442653141,0.0237585890467195
-0.0111193558176933,-0.878883308951904,-0.00815880233389475,0.0153098173958809,-0.0418232077481093,-0.0361186419241265,-0.00968139804492454,0.00683221382319999,0.0038984447438196,-0.00401333128804518
-0.0549712226409182,-0.856239284879402,-0.0163060080745084,0.0121697714114951,-0.00696965768391519,-0.00505259484308905,-0.00998352418007809,-0.00106130369082999,-0.00622116482222359,-0.00375072920961009
-0.0218441204681136,-0.892285704245537,-0.00520170676849207,0.0191013958857583,-0.0179818666018178,-0.0198731504743101,-0.0397420004612205,-0.00400913910246105,0.0100793090087541,0.0236554469993531
0.00387901557736964,-0.868288753454935,0.017194093055224,0.0246430529221833,0.0245258464625636,0.00451305826491345,0.0183012293135186,-0.00148511474617238,0.0308060682649883,0.0367127431011335
0.0107451889794021,-0.837462957662652,0.029946417634096,-0.0162529421006863,-0.0203548439806418,0.0258183992556087,0.0153544267313131,-0.0226635368137629,0.0245501060651977,0.00713892302111892
0.0279007735095591,-0.893419756974694,0.00919068843722581,-0.0136616181305929,-0.030056353345917,0.00510650236458363,-0.0368497184556742,0.0200295306948898,0.00048029407370628,0.0206424414374234
-0.0269606525016205,-0.869618497025894,-0.00179779346430998,0.018155612320575,-0.0232034336195737,-0.0252244999384935,-0.0285318271825993,-0.0387869215263646,-0.0125983985169262,-0.00202603719897183
0.00945880778616194,-0.866434524347819,0.0270633092758028,0.0145475758922909,0.00358363797567642,-0.00820914170824927,0.0210894900934983,0.0453744151834532,0.0228886451357737,0.0256581989458891
-0.0162606336341376,-0.899719682924526,-0.0167913310811808,-0.00992395854337481,-0.0179092236363499,-0.034720931018462,-0.0309513313830354,-0.0173187068085231,-0.0363446501334994,-0.00936322875859366
-0.0260886171594246,-0.846372084759574,0.0251720073393857,-0.0194419840210195,-0.0147426997198604,-0.00515970254135103,-0.0506445774726238,0.00348531328579142,-0.0194206495865647,0.0272083430006657
-0.0196234317008233,-0.889820132666362,-0.00718689864302707,0.00367287388275872,0.000125866328988585,-0.0497146343849674,-0.00569806760716891,-0.0308291801035582,-0.0306452700952649,-0.0305026280850076
-0.0103572075709845,-0.879114752520954,-0.017498767906563,0.00862802947038176,-0.0328999373664722,-0.0300800409696467,-0.0392703975177199,-0.0269415371956276,-0.0446726857328583,0.00801009106314318
-0.0223741814414274,-0.889162059135672,-0.017298465561447,-0.00541974051691397,-0.0308100072820834,-0.0509406655333662,-0.0341289620704666,-0.0318724034830501,-0.0183230897402476,-0.00311935564462014
-0.0267122044522387,-0.895601939014228,-0.00863301703906517,-0.00538389065581673,-0.0332211912879593,-0.0545058045266981,-0.0214125494927934,-0.0228838067675855,-0.0238123824697277,-0.0207660946159656
0.0238624909182451,-0.85439536912025,0.0351630062287006,0.0388287054742588,0.00526326742835429,0.031027131542089,0.0297124845210063,0.0476054676927435,0.0194906436330811,0.033537500660724
-0.0260021977700561,-0.905330741454932,-0.0246130993344936,-0.0409677227049351,-0.045586565416273,-0.0216246198105578,-0.045746194699987,-0.0249499007668331,-0.0353253089228595,-0.00798791739666711
-0.0360424165677808,-0.899076038093044,-0.0242245041059419,-0.00314606292222608,-0.0405330343608322,-0.0306647387783381,-0.0712087159556389,-0.000491804923109036,-0.00686884622730506,-0.0157418791631504
-0.0341098928948287,-0.885060856275224,-0.0319158700144212,-0.0157092105946218,-0.0395445545183353,-0.0387704291045723,-0.0485497002835823,-0.0387869215263646,-0.0326162716179092,-0.0261547235260496
-0.0347455810618205,-0.890821597942427,-0.0378615665512995,-0.0312715497074495,-0.0296123602575234,-0.0333424572030483,-0.0427927777011581,-0.0326642809368311,-0.0407885679281251,-0.0315128776512074
-0.0462408185435661,-0.905671160306831,-0.035219228147089,-0.024117753852997,-0.020240077705522,-0.0529833056457114,-0.0218731213963954,-0.0505114945082001,-0.048937982069228,-0.00140353795025017
-0.0404806726206289,-0.904440051872708,-0.0371464537483197,-0.0273017681629172,-0.0471644954551727,-0.0397503483506724,-0.0474993117256425,-0.0368855551360809,-0.0348435833553014,-0.0190440093280333
0.0347333770868712,-0.819842734924195,0.0467316414471526,0.0427984038515126,0.0325126518648846,0.0320455243248619,0.0161070306847797,0.0317629112062412,0.0407324419148719,0.0560014121353696
0.0361671292493893,-0.831086975149728,0.0475518324576932,0.0518454784539442,0.0440508597714547,0.0367714729136202,0.0324593225393332,0.0291513557473304,0.0412756741356184,0.0437454141623817
0.0480095110623904,-0.813362908584941,0.0567586117230307,0.059598958824397,0.0482460985661511,0.0547426606116047,0.0257807690805491,0.0483497508105576,0.0542456086978222,0.0512366584410431
0.0533835694169796,-0.812382657992152,0.061030122233569,0.0611821648626195,0.0523105483383843,0.0519612654202276,0.0439890682182917,0.0525187704123296,0.0533487484911217,0.0576512368414945
