-0.0033563136239942,-0.868332017931147,0.00984852006195614,0.00827082437572867,-0.00289959495533472,-0.00389988635857843,-0.00374511248762087,-0.0020457062573771,0.00109994240885679,0.00944591109380345
-0.0026375373073708,-0.866163133844151,0.00517964728921721,0.0111724161702759,-0.0071446536721591,0.000698124423974429,-0.0113639599493086,-0.00160607495536185,-0.00304848629729291,0.0088078531914044
-0.00221319955005595,-0.867533284140544,0.000658183461416673,0.00981361678594071,-0.00899824547787732,-0.00399697537705225,-0.0127306517099269,-0.00330625578581585,-0.00167453619867096,0.00811899653428748
-0.00248508764519776,-0.869048628951787,0.0139946308706687,0.00746058711044211,-0.00148150899933969,-0.000638922468974815,-0.0104810349797155,-0.00269414657946059,-0.00642641687478762,0.00600715430517122
-0.00446259086057832,-0.865544111733676,0.0129851697705723,0.00994382782708792,-0.00113068118593014,-0.00122718518364991,-0.00447949716308466,0.000371065486729306,0.00117669904677433,0.0113263649439295
-0.00636854247787982,-0.867279765175958,0.0034621213391258,0.00366839697156455,-0.0103543915624577,-0.00278349416016144,-0.0148922875529574,-0.00588230129681192,-0.00285136648414594,0.00703346596973555
-0.00636854247787982,-0.867279765175958,0.0034621213391258,0.00366839697156455,-0.0103543915624577,-0.00278349416016144,-0.0148922875529574,-0.00588230129681192,-0.00285136648414594,0.00703346596973555
-0.0026203589109548,-0.86690379180599,0.0129851697705723,0.0113471519511067,-0.000680897812847198,0.000682894874042307,-0.0019978292385041,-0.00111022108862384,0.00106113117773749,0.0137277428630479
-0.00772716691688885,-0.86842274996287,0.002568794386082,0.00308499196728085,-0.0124720719659863,-0.0024171767668112,-0.0129808055123557,-0.00737614925246078,-0.00385203202925639,0.00607659922539689
-0.00912719520124239,-0.860882261002164,0.00134077441916514,0.0132318374397721,-0.00163952008739231,0.000693551327770261,-0.0120946668949836,0.00416927401826345,0.00301538515306767,0.00662615775649446
-0.000919692290770323,-0.872310006991171,0.00517919153084715,0.0124753873245545,0.00164941800416757,-0.000204783222329824,-0.0139786805943939,0.00109043793834231,-0.00202162147713256,0.0130185327871843
0.00371726906732235,-0.861107572480973,0.00742836956152805,0.0154464209829398,-0.00500940352580937,0.00439907828141368,-0.00205220656092547,-0.000377426992638047,0.00544675835951881,0.0112012925211743
-0.0124350306364295,-0.863017318419421,-0.00370738249755397,0.0116234821937376,-0.00575301392592233,0.000554157593712209,-0.013918988256208,0.000887972022396035,0.000216710337552965,0.00491508711405052
-0.00498224747859599,-0.874099193952199,0.00736304426261984,0.00619663982915525,-0.0122736681726601,-0.00791322166454337,-0.0118629063583202,-0.00634464795896053,-0.00100097705263398,0.0101250067849224
-0.00906673040129782,-0.871744518458276,0.000264679835997166,0.00689685497254395,-0.00881768467953192,-0.00355511466883727,-0.0166080299767967,-0.00688254941806848,-0.00765572286874196,0.00420334384169846
-0.00325315168293001,-0.875533360364658,0.00578541251056506,0.00689830189116463,-0.012686848485037,-0.00654465479437027,-0.0135124276970791,-0.00798432140912983,-0.00211538150406065,0.00893054950726922
-0.00870681837686139,-0.872166710093658,0.00866292243895261,0.00221197023870085,-0.00747452849367867,-0.00690285105891314,-0.0140478171282632,-0.00744089042895408,-0.0115081011732932,0.00400240555657297
-0.0063120102574041,-0.876986803207392,0.00593510041712706,0.00714118491262942,-0.0105471647245139,-0.00750551907693371,-0.0143477396756617,-0.00850454682810246,-0.00152722359914102,0.00995228996965856
-0.0104139215603558,-0.871211128293491,0.00154680778566886,0.00514880122675535,-0.0108946043830797,-0.00587059947346824,-0.0174675660027582,-0.00508242330036165,-0.00742183551473883,0.00511010712183367
-0.0089129681730474,-0.870771913023008,0.00715844541774047,0.00513069099753192,-0.0138084655792444,-0.00359994077556357,-0.0130456229687107,-0.0075288487537433,-0.00426842364414071,0.00991552839085882
-0.00625520037779835,-0.862399587894063,0.0127087035338531,0.00519707195826819,-0.00731865216162445,0.00174625759763428,-0.0150506552327019,-0.00344381269198023,-0.00398469727762029,0.0116683877921824
-0.00203035311914653,-0.863946912551583,0.00669494618897495,0.0105314596312179,-0.00265678788110793,-0.00105320768065847,-0.013418907588527,-0.00544887973055778,-0.0070029002326855,0.01650381005978
-0.00565377575321887,-0.859592939646026,0.0139115527830121,0.00843551224446535,-0.00510287722896323,0.00279875069064836,-0.0119321571793268,9.25641005470701e-05,-0.00299411554301881,0.013510250704957
-0.00565377575321887,-0.859592939646026,0.0139115527830121,0.00843551224446535,-0.00510287722896323,0.00279875069064836,-0.0119321571793268,9.25641005470701e-05,-0.00299411554301881,0.013510250704957
-0.00551955059703817,-0.872173942741258,0.00277079953369136,0.0164123183491236,-0.0158327465054123,-0.00471481093761656,-0.0112921658337097,0.00107824599798024,-0.000158565161510977,0.005852279450973
-0.00162601405686845,-0.86799368782124,0.00652854980951655,0.0199907948653714,-0.0111796191468237,0.000585927003563425,-0.00641001299888809,0.00661580754133049,0.0043929871190286,0.00852805816090262
-0.00726264918012649,-0.877337634238397,0.00359622687709578,0.0037408226121224,-0.0143060686281356,-0.00902110913087398,-0.0158513012371104,-0.00887063138219432,-0.00310596323866214,0.00844101783609989
-0.00130957822498187,-0.867963970369202,0.00698077190574767,0.0206222907211799,-0.011622774133356,-0.000504838565560255,-0.00708219346165338,0.00528821837003655,0.00405140721054533,0.0100622518230293
-0.00130957822498187,-0.867963970369202,0.00698077190574767,0.0206222907211799,-0.011622774133356,-0.000504838565560255,-0.00708219346165338,0.00528821837003655,0.00405140721054533,0.0100622518230293
0.00143373836539491,-0.862836036387562,0.012525535398635,0.0166377675534229,0.0013746683800595,0.00404296524800302,-0.00647335727740412,0.00421837972346098,0.00605184836551925,0.0151984643708668
-0.00939813911792152,-0.872786863454622,-0.0017163692168019,0.00468029957446554,-0.0130090697487579,-0.00747303045150188,-0.0200424593900279,-0.00774251211576901,-0.00745703599702935,0.0029372778062236
-0.0107507193501203,-0.873478036493829,-0.00036681601981128,0.0045173053709469,-0.0127469922267845,-0.00734408980368795,-0.0205548790755995,-0.00856653836689101,-0.00835738493075135,0.00258412369859988
-0.00425228298217625,-0.869811606684849,0.00181839485800973,0.00759951458639296,-0.00907407215656876,-0.0058029201004143,-0.0191303386387292,-0.010921843814231,-0.0132070700441369,0.0122106366527028
0.0034561947290221,-0.858623306136108,0.013395966445856,0.0203760729407903,0.00547737625452724,0.0041616451493951,-0.00208339284048226,0.00776223136379295,0.00522676185940978,0.013347987087072
-0.00995212975806116,-0.869991138009694,0.00169406296823353,0.00909021855225509,-0.0168902188066496,-0.0108519228606083,-0.0154817551079761,-0.0107087341266441,-0.00773085831890873,0.00552253846965959
-0.00685943907532876,-0.870495758463671,0.00190428797249708,0.00263776143361231,-0.00972954146616253,-0.00821016071315419,-0.0195584506311091,-0.0117638382886422,-0.0150018477395925,0.00821542695229417
0.00475937285264997,-0.856306840957468,0.0151763173498195,0.0210087069809137,0.00214299438115927,0.00588848481442673,-0.00554456582198605,0.000958033394865568,0.006652246573141,0.0165010974221056
0.00464661201775367,-0.85745662724549,0.0165441453901433,0.0196146254371478,0.00608127996116056,0.00898266616454909,-0.00191255387434311,0.00777828283218506,0.010558995257956,0.0204035211217728
-0.015640726572986,-0.873416899841857,-0.00125120698361817,0.00718149137239486,-0.0216514970845704,-0.0137878970573299,-0.0177008872753838,-0.0142031775975209,-0.00952009657703266,0.00404043123692398
-0.0175300800277625,-0.877709420691797,-0.00527870377298473,0.00190850097639433,-0.0227039901775845,-0.0181492083055059,-0.0208399017633205,-0.0180304252084812,-0.0137826936037397,0.000204678631272672
