-0.00360979603667149,-0.867983479613716,0.00731912770116919,0.00733245198264447,-0.00348513932861926,-0.00338665411093238,-0.0026297898718408,-0.00399049149077512,0.000104118644767436,0.00887897920151115
-0.00852450350012281,-0.866344585980217,0.00300086111871483,0.00984923616545477,-0.00601396366187469,-0.00093909950363043,-0.00633487583878919,-0.00129843009541316,0.000180330966441988,0.00567096763256947
-0.00278475658702507,-0.867932651035846,0.00525335176168641,0.00904222058083469,-0.00594892021660602,-0.00394843086781534,-0.00823788209877389,-0.00267598102159647,-0.000287296894907089,0.00878245381404547
-0.0087321640920469,-0.866232329483174,0.00132787719504472,0.00769505954133105,-0.0058024667262198,-0.00391346785163415,-0.00935485784806133,-0.00410093853574339,-0.00113415640215595,0.00518885157574828
-0.00486242805093701,-0.867805891553553,0.00665532070054097,0.00596961067364661,-0.00662699325889621,-0.00334169025936993,-0.00931870002028912,-0.00396400377709451,-0.000875712037644575,0.0082396885317695
-0.00386445217443732,-0.869331314185037,0.00642504823845168,0.00825071904672764,-0.00396937780278452,-0.00408092372195117,-0.00735331494916434,-0.000950027398134827,-0.0012091319753259,0.011240339453353
-0.00624175441261829,-0.864607139466656,0.00559464724056064,0.0107513309077504,-0.00226955752136351,-0.00160316751540408,-0.00791988969130222,0.00106178388044318,0.00205766378096223,0.00803603442514895
-0.0039663155868898,-0.870211217917531,0.0106668375235598,0.00577447583849775,-0.00585020431036557,-0.00514484553258462,-0.00861875926497126,-0.00494374783944978,-0.00349972919480047,0.0059654969903609
-0.00312982362505474,-0.872036291288807,0.0105772133847918,0.00682009079079157,-0.00609418113256746,-0.00598714646637686,-0.00876070941607054,-0.00404291034208895,-0.00475446713755305,0.0055443797555698
-0.00557981002667198,-0.871700754885533,0.00457692644830828,0.013143209492518,-0.00848280637412527,-0.0026891350314523,-0.00435191959086115,0.0010100055164356,0.000530438049518266,0.00895819409860224
-0.0033047326534621,-0.8685545485328,0.0105355651622245,0.00935894002218767,-0.00465637686330442,-0.0025335464134331,-0.00748809923530218,-0.00356024520397511,0.00170652388078497,0.00962848922781794
-0.00705351648705727,-0.870905027212488,0.00474085202107243,0.00639406487333779,-0.0078232935910596,-0.00562198808113319,-0.0121499957816102,-0.00530612231213405,-0.00362872126094728,0.00601501739620166
-0.00443793211051619,-0.870252980336203,0.00630965979782375,0.0123415713624261,-0.00936617073037349,-0.0043073486480975,-0.00751863916066528,-0.000483730129698429,0.000470688623672905,0.00764909527238823
-0.00356613639153556,-0.875318489945807,0.00614398236259049,0.00528421023840025,-0.0101572207427632,-0.00565493883259593,-0.0112903354254615,-0.00752448971875863,-0.00100961472470297,0.00535430880879234
-0.00312671117689425,-0.868106869507042,0.00966053432076614,0.00679268004360658,-0.00500754952038135,-0.00298788634247111,-0.00992959222617516,-0.00481354236842203,-0.0038141078084864,0.0106231517984096
-0.00624803644780947,-0.863583438270697,0.00616868715936795,0.0119153696655215,-0.00384371292418522,-0.000511069990995535,-0.00784794218152024,0.00104764503052207,0.00405657496815978,0.0101918701665332
-0.00225039990178007,-0.864288475858044,0.0105076085630085,0.0118514950018506,-0.00111545502067108,0.00145704847097693,-0.00581630447325005,0.000775058382816348,0.00373823892881876,0.0108816716255854
-0.00477054690888117,-0.865306517043074,0.0126153758892492,0.0096105632442235,0.000172610137243868,-0.00276270052393204,-0.00566835976511045,0.00163913608063515,0.000208885214665496,0.0108840499009112
-0.00140361455838243,-0.869511265047854,0.0106686434288801,0.00999752071566315,-0.00700901050596551,-0.00271279469096919,-0.00496911775932161,-0.00159300126211006,0.00228058699184825,0.0122553674939315
-0.00269333337157036,-0.866139465241365,0.00827173312546554,0.00940114200347328,-0.00277819141822132,-0.00247654701961845,-0.00858201003807392,-0.00374729299396744,-0.00295147891191436,0.0129748605767917
-0.00812833782449437,-0.873775051754456,0.00261925408384557,0.010668587438756,-0.00954801680903329,-0.0047476075753791,-0.0102073633237065,-0.00266588307361596,-0.00359873173120033,0.00540849180318719
-0.000925416540486211,-0.865231428388234,0.0100588638264019,0.00963675271384576,-0.00213210840157335,-0.00187256372669104,-0.0074693217501897,-0.0027223124638344,-0.00276849285619258,0.0130131288322241
-0.00112702159288507,-0.868652366275597,0.0109048332787012,0.0101882833031008,-0.00442037198255989,-0.00227803793555093,-0.00561574705319035,-0.00127570901061044,0.0031794493942726,0.0131259242741269
-0.0065154057336633,-0.87233045395935,0.00423218617467663,0.010264097739279,-0.0114436443535206,-0.00638482227124461,-0.0095961127838124,-0.00256120375284555,-0.00160678499947421,0.00557162164924111
-0.00450504468860654,-0.863962478788586,0.0118800364224841,0.00835316831009701,-0.00400123609214898,-0.000550567833965037,-0.00783863483347385,-0.000976571078415013,-0.00094708656708101,0.0114780808993802
-0.004784563276158,-0.869181254193493,0.00730655009257894,0.00668254312750935,-0.00298731440868009,-0.00593162251415454,-0.0103744928134347,-0.00675343598181217,-0.00485259700699403,0.0114339543313061
-0.00468395915811473,-0.872605613978864,0.00481592415168972,0.0108478357162921,-0.0107045578693096,-0.00692138602883204,-0.0111555607338612,-0.00424794395795617,-0.00102304702246112,0.00391475615705316
-0.00740232182596345,-0.869004134396486,0.00721660318575497,0.00854879422263802,-0.00555233344681645,-0.00178911048172154,-0.0117912718486545,-0.00519550583201834,-0.0010097652366566,0.0101027842649476
-0.00365739153072687,-0.867775642655776,0.0103157640789316,0.0121250715608577,-0.00674044350091047,-0.00234783932499718,-0.00429058506291414,0.00285275811125356,0.00508845698754549,0.0106666181440546
-0.00599697800672871,-0.870152160556804,0.00742684852289338,0.00798344482912934,-0.0115228622518513,-0.00434522988632944,-0.00836010409067189,-0.0075558521833241,-0.0029010966117021,0.00738464240532258
0.0014106129596568,-0.861134829655338,0.00983343332864931,0.0129042376316281,-0.0015464163201378,0.002268714489985,-0.00150450625454808,0.000294118906295526,0.00649062716047647,0.0112041196620521
-0.00088252545228699,-0.866686690590603,0.0112303238878638,0.0141308096205501,-0.00358453155654312,0.000695653965153588,-0.00461284498667945,0.00594470297500506,0.00426735924000643,0.00898698462735304
-0.00914474639164491,-0.873478848633519,0.00223137613556727,0.00366637369344087,-0.010386736699909,-0.00666760303342701,-0.0138229797052803,-0.00620236369981447,-0.00562902812620502,0.00279774061991299
-0.00904488786011228,-0.871988351362728,0.0024728608913657,0.00178715086447134,-0.0108094530680715,-0.0075241500685452,-0.0135011598294644,-0.00814646358626978,-0.00505817184681985,0.00405722872259423
-0.00338972207282646,-0.863742349324946,0.0141321301658862,0.00868776509483103,-0.00250750044601495,0.000590103023082765,-0.00606913260651508,0.00263555330223636,9.85283852128079e-05,0.0137087261309404
-0.00830353158158289,-0.866691999077327,0.00526383957205559,0.0102356337595669,-0.0108207773906742,-0.00712170237476436,-0.00721877679813926,-0.00711488266316532,-0.0036524157761979,0.00770835419825031
-0.00835174036047037,-0.875398065750849,0.00442332235311272,0.00305127229326669,-0.0117690913731727,-0.0100890138207362,-0.0119864692321458,-0.00837763691734409,-0.00413297713106387,0.00560299913018766
-0.00136819983172508,-0.863066237400906,0.0151911504380812,0.0103049828877121,-0.00220875331678815,0.00067956740402769,-0.00679301988118003,-0.000238489935619377,0.00114414333750663,0.0145452180927754
0.00114965030816809,-0.862448120515359,0.0139065719756129,0.0161832925126597,-0.000826420980927934,2.61372350595051e-05,-0.0063412214550284,-0.000697706190121744,0.00283779153137846,0.0137577154721749
-0.00798675811226049,-0.873254272117174,0.00165099765080766,0.00375270967188554,-0.010169293365127,-0.00903386303867164,-0.0156201853723503,-0.0106662348449793,-0.0102360236268153,0.00664581406407787
