-7.94575319755849e-05,-0.871563795866981,0.00220602063152827,0.0022399908759648,-0.00221859218187848,-0.000937197634919278,-0.000766641028386138,-0.00555442339913546,0.00207062229768155,0.00349635527626161
-0.000748952948869239,-0.868099321613799,-0.00148697227771904,0.00458284258878583,-0.00234565690288522,-0.000783319950744947,0.000898510276353571,-0.00519824967780208,0.00016378833877745,0.0022138783454177
0.00107333261447763,-0.868326355663195,0.000864203634161446,0.0026652557378747,-0.00254984672496547,-0.00120038290944967,0.000274157912958314,-0.00323549534223138,0.00315638469961404,0.00518854100420047
-0.00153710572205527,-0.871312982877843,0.000321469049257863,0.00247115625690172,-0.00402723800848506,-0.00207073377016815,-0.00182058930648351,-0.0056686286646571,0.000257113111638197,0.00350206672866138
0.000466759704980627,-0.872699304794125,-0.00283003174845282,0.00246561743849986,-0.00387522835519911,-0.00431788330692773,-0.00241608473986627,-0.00519240140916034,-0.000966291054906638,0.000911883000137184
-0.0022898565563506,-0.870264184109353,0.00145885573733393,0.004506889589537,-0.00404866380975201,-0.00180945008501323,-0.00273870314671316,-0.00461283719081489,0.000932223134754753,0.00359402334914072
0.0001001293390014,-0.869562208547079,-0.000742624087722405,0.000430538441639451,-0.0053022200434852,-0.00212325351629621,-0.00168085754806484,-0.00700752005803162,-0.000484658477788984,0.00183628586002914
-0.00200287867307782,-0.869012343332366,0.00122209571378909,0.00514553799011785,-0.00249414226920477,-0.0014480484511229,-0.000151878226835995,-0.00576492392284035,0.000430687405161537,0.00388039574716021
0.00207236576240259,-0.869221108572696,0.00394416555764448,0.00435785972922433,-0.000525953814971773,0.00139141302200323,0.000982526126574498,-0.00360868447767995,0.00232314092987432,0.00555724783829544
-0.000881541081664443,-0.870467980865642,0.00486991734958997,0.00409613315170828,-0.00362115507950942,-0.00142326489620538,0.000656149458004554,-0.00391694175188149,-0.000342931666268205,0.004809457616821
-0.00265074603874914,-0.871954210273312,0.000236372376167091,0.00298379519726506,-0.00508981101040792,-0.00263779876344124,-0.00334165211064722,-0.00506337014289193,4.29472621208443e-05,0.00350082472924075
-0.00232038620786946,-0.872074115780596,-0.000309373625157235,0.00162542908401573,-0.00495908477053914,-0.0021591327316535,-0.00314305838866028,-0.00668648268582049,0.000315868832529032,0.00266436159703016
0.00189669998747957,-0.870314857827378,0.0030424300551682,0.0043879169786983,-0.000867920209905689,0.00366792618677723,0.000604152753876856,-0.00137610932049467,0.00308359552712478,0.00647688851591715
-0.00017755285624797,-0.872113863765471,0.00122673020304597,0.00486060346481301,-0.00374882631492147,-0.00376842005723564,-0.00330956512517968,-0.00391751386264967,0.000627161931735203,0.00483778166287795
0.00104222780023606,-0.869600846535611,0.00465970729574126,0.0047195058208537,0.000880801499232658,0.00130617302950402,0.00173165812063072,-0.00231128972121918,0.00256135963052415,0.00651627732452374
0.00220545810176113,-0.867695559312991,0.00329976505678477,0.00555085535875631,-0.00102154048030538,0.000946736809975166,0.00172661850741037,-0.00290551893844449,0.00259579744441317,0.00572829489474678
-0.00326550996001076,-0.872212676909869,-7.32293446916252e-05,0.00346483614977539,-0.00268272336105079,-0.00230453638582908,-0.0028890296516594,-0.00763160643796179,-0.000412206919470165,0.0029107924654706
-0.00364569737276754,-0.872175907025572,0.000702612013246167,0.00145071673931128,-0.00400149904249342,-0.00159932331572734,-0.00305441342112945,-0.00695954283760815,-0.00144561705776601,0.00412590264176771
-0.00270694421246792,-0.872032042211861,-0.00265182184972963,0.0027925748608688,-0.00475425627936298,-0.00127409916088521,-0.00134603012747089,-0.00570941722219207,0.00199198642545888,0.00518975190092005
-0.00188446531830917,-0.873422496653051,-0.00152139886087257,0.000934704802072237,-0.00554819653534432,-0.004280493795854,-0.00398644420496257,-0.00612583186044136,-0.000354312733949989,0.0015007677995483
-0.000510382976799694,-0.872856026645701,-0.000967155090583831,0.00318797785065801,-0.00430447150160103,-0.00319174657016486,-0.00313488650512145,-0.00758650313542766,-0.00215565895471803,0.00272463794164187
-0.00296989150133761,-0.870903793686012,-0.000225569548612687,0.00357618618351425,-0.00359946618604017,-0.00111145889496901,-0.00587929078996445,-0.00698847489064671,-0.00134198866727939,0.000745689318247079
0.0007387928697598,-0.868063269067575,0.00336480223809237,0.00394215817292218,-0.00103319455415514,0.00118094053515473,-0.000744510598250267,-0.00225120982712909,0.0052171852697185,0.00733554891468312
-0.00360929695194914,-0.869074681655032,0.00351847546957636,0.00443135032909261,-0.00436310442720058,0.000738675277000256,0.00285355279323169,-0.00120663359862684,-0.000913984386284889,0.00678908606885943
-0.00299168393748617,-0.869136155180832,0.000483359494383784,0.00297513348478882,-0.00640648960391149,-0.00381192823577122,-0.00389164749866727,-0.00578499913189928,-0.000593995219063703,0.00232388151803423
0.000905978575137443,-0.866362211613706,0.00613565201383524,0.00434415344020652,0.00138044139924514,0.00231417729221601,0.000763457644457102,-0.000733634757017661,0.00556496807260804,0.00509315075720858
-0.00420829223527322,-0.872517272478656,-0.000927796931805214,-0.000968536261604355,-0.00463479209632224,-0.00344865558332059,-0.00479026029674953,-0.00813249363473827,-0.00110046211611439,0.00113919418004756
-0.00337070087099047,-0.873243760809749,9.01566732660541e-05,0.00319050390505968,-0.00566156117199745,-0.00515046260060694,-0.00148394067226667,-0.00750435041316238,-0.00126929781943741,0.00327910381734982
-0.00403540487107212,-0.874678038874478,-0.000392330707604095,0.00134947092469008,-0.00739229400512001,-0.00463110246325996,-0.00533323547840947,-0.00606121853093118,-0.00131324635345811,0.001885520220474
0.00301366310259189,-0.866049844893182,0.00360142837280204,0.00707499485633176,-0.00163234343810781,0.000395850203222081,0.00232909040220056,-0.00316513342684145,0.002786484631697,0.00775388161387658
-0.00244745883185755,-0.872995522507691,-0.0030420712445657,-0.00117925663451358,-0.00586348216435233,-0.00485676556103293,-0.00539816054719324,-0.00827091377752354,-0.0021835574493582,-0.000311549201777481
-0.00376676992572132,-0.873709906890071,-0.000771244056067914,0.000385671611571279,-0.00652944423563544,-0.00587840514898685,-0.00338842705508158,-0.00878964268371734,-0.000469310900019121,0.00240263501951411
-0.00395342381165545,-0.87406318798971,-0.00233543294668979,0.000378989174994979,-0.00647964990461371,-0.00397245384421968,-0.0051542745289465,-0.00917820118407491,-0.00271807419786891,1.29389479464803e-05
-0.00360372294322053,-0.873731107333824,-0.00241768872662882,0.00309301738868345,-0.00637439941229316,-0.00643256201488282,-0.00442671643032216,-0.00998267668874022,-0.000419142281788312,0.00152476973908556
0.00371586921690593,-0.867104247981235,0.00596620800898545,0.00773603179059623,0.00226902811585327,0.00203336526502548,0.00461360480968857,-0.00105681607138106,0.0050556437816625,0.00806871684906449
0.00386124032242292,-0.86858330124162,0.00468708345300589,0.00795028347119668,0.000195904946574892,0.00468737769319511,0.00250394484772724,-0.000268784310894259,0.00630019629150151,0.00902997807982552
-0.00546300438479604,-0.875238881540583,-0.00360442961348291,-0.00145474240583904,-0.00795313667122583,-0.00599663243290892,-0.00574648796922428,-0.00959452732739787,-0.00366878555110257,-0.000423831934079393
-0.00620936740874548,-0.87398743801713,-0.00493107158639713,-0.00178852934759718,-0.00927753959753129,-0.00752587891935679,-0.00575471177338552,-0.00902717895329111,-0.00220774293559027,-0.00244517073906803
-0.00514203397066339,-0.876384375588657,-0.00429669566692581,-0.00214473751489111,-0.00758397165306514,-0.00791271452163387,-0.00722245134951902,-0.0102825420182529,-0.00421024504863238,-4.60755277120011e-05
-0.00581036398104994,-0.877348395315792,-0.00544729752361333,-0.00299119386066853,-0.00947409519808509,-0.00820639245859477,-0.00791234286770334,-0.0100517305231821,-0.00428021139669076,-0.00242513086319247
