-0.00145873211975155,-0.87195961221365,0.00209682969800635,0.00289597636568236,-0.00260138416182244,-0.00266524510361266,-0.00155892117292284,-0.00448088523168377,0.000522333243521999,0.00200173431715265
0.000830594954707107,-0.87185937083297,0.00174784172326587,0.00490892004598978,0.000107428201591734,0.000673677560423235,-7.74345712339598e-05,-0.00251574464326978,0.002587685730301,0.00407412326823212
0.00049693754125102,-0.869945075765088,0.00153511213284486,0.00245262330691975,-0.00238421945342197,-0.00106879027218447,-0.000246241557713912,-0.00439495937068342,0.00261350349864779,0.00434244814023104
1.03359035129077e-05,-0.87056300220703,0.000731698271902934,0.00133526465880212,-0.00376040611268184,-0.00153022557560774,-0.00122374928822549,-0.00628097172858354,0.000792981909946283,0.00266632056814537
1.03359035129077e-05,-0.87056300220703,0.000731698271902934,0.00133526465880212,-0.00376040611268184,-0.00153022557560774,-0.00122374928822549,-0.00628097172858354,0.000792981909946283,0.00266632056814537
-0.00118465704416309,-0.870913989988167,0.0018324381844311,0.0033734402327509,-0.00313362799581524,-0.00137332385996625,-0.00175267208754965,-0.00508363029497518,0.00150142271621815,0.00354518931270117
-0.00119992186992252,-0.871818955823788,0.00094832350318552,0.00193270997999026,-0.00358883847620881,-0.00154816518328639,-0.00195484970852321,-0.00612045304247798,0.00119324556510529,0.00308035843664589
-0.00139320087222175,-0.871797919039421,-0.000222900609100678,0.0025162828684168,-0.00348642423062073,-0.00110564839790224,-0.00105633557792852,-0.00563192031066377,0.00203130436157022,0.00434305358859083
-0.00148511889926346,-0.87228529767515,0.00218281977781043,0.00258518195133815,-0.00166393149139148,-0.00214782375900831,-0.000712141808244015,-0.0064697643788535,-0.000663509535938621,0.00418549934578846
0.000148432402444011,-0.869629205076454,0.00391783027146556,0.00406336760173226,-0.000743548882304774,0.000584590436490731,0.000669421092119651,-0.00542242596598187,0.00212986208084654,0.00369131926776892
0.00175586560241652,-0.868999662387898,0.00268264054047399,0.00300590076230368,-0.000893221852197463,0.00196444600876521,-0.000561997072080601,-0.00257666578450098,0.00287097659381973,0.00637434176315178
-0.00208209782740267,-0.869673009506407,0.00118696318054464,0.00285606235406989,-0.00209546196321454,-0.000777145077373486,-0.00374192669882258,-0.00623203537544439,0.000834491259917338,0.00330452215738618
-0.00148561578952966,-0.873176244088158,0.000459942946563265,0.00434220153374529,-0.0037465551089689,-0.00354437538241633,-0.00111312090480286,-0.00429410436487319,0.000787553599468033,0.00387918384048745
0.00113073221683672,-0.86949937552856,0.00320275868424522,0.00429458741028541,-0.00118390125132962,0.000435048141308435,0.000645398676417324,-0.00367251218804413,0.00310288154851202,0.00543822484631364
0.000668785085037698,-0.870387494400591,0.00159744881114858,0.00375337676357708,-0.00575895827681368,-0.00232566615370086,-0.00167247241208681,-0.00485422160720367,0.00168772169156895,0.00159278894910271
0.000674464379569137,-0.873022519721327,0.0011955070106197,0.00436015354930857,-0.000313501609021545,-0.00132799481424936,-0.00120071128231048,-0.00650589081648076,-0.000615975147196019,0.00469098708539145
-0.00130819450554993,-0.871474962550315,0.00152781761532301,0.00315220314560071,-0.00410513402645329,-0.00105216087510486,-0.0022851856070802,-0.00573001590612427,0.00276923108120748,0.00389546955628898
-0.000924905291456618,-0.869987246214603,0.00212333186712065,0.00204477483361623,-0.00192546780999314,-0.000308038616295326,0.00263444466991051,-0.00477784589604801,0.0014693208507804,0.00710443415435676
0.000757988273658586,-0.871103123946624,0.00176418810111651,0.00488300471008031,-0.00228924610280535,-8.9698703678062e-06,0.00248402508675444,-0.00485711697391069,0.00224896058528011,0.00544139437587021
-0.00119740059287826,-0.87185291192134,0.00134469006295603,0.0038778679696437,-0.005885150293818,-0.0015768282417442,-0.000542110708487812,-0.00644081351204944,0.000924121309557616,0.00377722132497515
0.0032840540949814,-0.869058265952538,0.00384081764547636,0.00401340857700876,-0.00207206239940417,-0.000396038000594382,0.00125451350967937,-0.00255874140587282,0.00559735769146503,0.00517858310635015
-0.00364211956152659,-0.872481904849386,0.00117314802632231,0.000713135720442936,-0.0031604453621046,-0.00483916081014181,-0.0041111808928626,-0.00699198877948061,0.00104378988314931,0.00111182222473673
-0.00137483205546875,-0.87092799826605,0.00253819498217126,0.00472048456832832,-0.0024939461634666,0.000292524794765702,0.00131868367887465,-0.00554753526833135,0.00139638127974181,0.00711279010727988
-0.00393677884256013,-0.87269115342904,-0.00125661872052566,0.000266384275243288,-0.00691384967637667,-0.0034894095568374,-0.00536400451092201,-0.00600901241118889,-0.00226319659547764,-0.000170378846448817
-0.00296223989700174,-0.872326344465559,0.000458139653927448,0.000363329937203088,-0.00377613211178655,-0.00232498265668499,-0.00572417401700454,-0.00954909821207801,-0.00168934801386341,8.52154232251958e-05
-0.00182106272776255,-0.874045812992069,-0.00176163993633865,-0.001253027711204,-0.00514283201879511,-0.0057019622083494,-0.0039820398967243,-0.00840205934152092,-0.00130598283081783,0.00135352433377742
-0.00111754713783477,-0.871924588259239,0.00201804267947103,0.00270334902984734,-0.00597921606783225,-0.0043561952192641,-0.00221525038909465,-0.00942316564251632,0.00199929798141591,0.0012220006152042
0.00224749542035266,-0.869448052090695,0.00583019688358206,0.00683879866896365,-0.00338420173549941,0.00194043875011084,0.00277416286780044,-0.00247708118094358,0.00474798668339741,0.0052211273082405
0.00384788874326074,-0.86894728067346,0.00551382007910046,0.00443175332120756,0.00197226686605133,0.00262831580137123,0.000640028436624526,-0.00250050691162235,0.00463560859829202,0.00801803176668816
0.00283610927947975,-0.867915126224027,0.00650161533348986,0.00617042441668128,0.00240975101851228,0.00113929035675349,0.0043622088751653,-0.00257400163990404,0.00596434114750128,0.00656292869770755
0.00280900037762897,-0.869237413588181,0.0050073373123561,0.00727564600679333,-0.000751212739303623,0.00215380168451095,0.0032698600174998,-0.000310295071533173,0.00500687522621733,0.00880792527058
-0.00213423747573975,-0.875031984651927,-0.00146303863023637,-0.000635157015941099,-0.00559715018882666,-0.00706658124342724,-0.00571824926953217,-0.0102769549422952,-0.000214783505446056,-0.000149866929978145
0.00209625787813012,-0.868285148765657,0.00679109190674354,0.00601324615598604,0.000685162110705832,0.00521962989361437,0.00477061508489308,-0.00252140753749261,0.00438050745335266,0.00821414826565483
-0.00401276469595662,-0.876296343640238,-0.00368305868379455,-0.000582866558742757,-0.007923655826714,-0.00371078773236551,-0.00492883443104344,-0.0105273123607324,-0.00128682702361333,-0.000759010784922147
-0.0052670649605849,-0.875660966245369,-0.00268076667137485,-0.0012900701386076,-0.00755616477136573,-0.00568946137440279,-0.00595610974473921,-0.00921085994623623,-0.00284517839532134,-0.000403373172471356
-0.0057645406275941,-0.875771814621499,-0.00244764685283531,-0.0020566093675845,-0.00701200878740848,-0.00517022365054585,-0.00581249039998033,-0.0101589462935943,-0.00358946055526476,-9.08342162078731e-05
-0.0057645406275941,-0.875771814621499,-0.00244764685283531,-0.0020566093675845,-0.00701200878740848,-0.00517022365054585,-0.00581249039998033,-0.0101589462935943,-0.00358946055526476,-9.08342162078731e-05
-0.00588839481850642,-0.87522271394389,-0.00338651542283229,-0.00190335490707443,-0.00713097516045611,-0.00702626486175826,-0.00594552777656385,-0.00906611893670083,-0.00237046576721626,-0.00196004756899092
-0.0053650726985354,-0.875057964387603,-0.00474193421001485,-0.00165948220862302,-0.00799033609785631,-0.0056255601321912,-0.00697840038176981,-0.0101133369947569,-0.00302079296308668,0.000858036946447574
-0.0068468739317353,-0.878358058766609,-0.00552260162126506,-0.0042775646675744,-0.00974830686520432,-0.00847375822197956,-0.00824145512326727,-0.0117050401363813,-0.00500675772472714,-0.00336635096868796
