0.000547195070674591,-0.871465502280215,0.00202033847022201,0.00160985068622196,-0.00166597384618852,-0.00131348475906376,-0.000179259598803987,-0.00281761664029479,0.000879738074171235,0.00257518548922831
0.000101509301179352,-0.871457194510041,0.00194536808703278,0.00191383811270841,-0.00189118880246977,-0.00058926852191702,-0.000889624575543105,-0.00336021499299029,0.00117849833161741,0.00315135506811477
0.00018994402947658,-0.871058196037814,0.00266846032112036,0.00318065595769304,-0.0018353198470831,0.000403149759416173,-0.000851894903147644,-0.00324897693527716,0.00114334748118966,0.00245049551332049
-0.000646856844582355,-0.872808178323521,0.000458963161011341,0.00127336067643255,-0.00262001577771921,-0.00117069862477706,-0.00138541876902764,-0.00500165929423401,0.000210306761851013,0.00134086924107857
-0.00118106074488396,-0.871912681753448,0.00167171838766931,0.00185663491928897,-0.00176765202848472,-0.000196368372711501,-0.000878714415840534,-0.00480918949934436,0.00105513718671572,0.00245560529164371
0.000757788854190199,-0.869695054002259,0.00374793256626369,0.00295446910402492,0.000809767138168057,0.00136043512281199,-1.89569946908285e-05,-0.00137911224929571,0.000445263595129575,0.00359691636497993
-8.96388744406815e-05,-0.871470290723266,0.00201828815249631,0.00243229444511049,-0.00040071074257346,7.80699961439202e-05,0.000704712028997654,-0.00401604032567772,0.00120673420084647,0.00389818550541979
0.00106943258976374,-0.86985646478338,0.00394904295324074,0.00152485893904734,-0.000651690452374018,0.000332445731439895,0.00114112369306262,-0.00288656948632584,0.000912665314564732,0.00368482122180035
-0.00232716540777514,-0.872778320999164,0.000534229436078765,0.00179679163971938,-0.00133650061223441,-0.00212372991315425,0.000323539734707985,-0.0048611469196696,-9.19703640712966e-05,0.00251259182020501
-0.00218455778639173,-0.873225895890756,-0.000945672850414261,0.000865835115311453,-0.00379037030634019,0.000276586490010248,-0.000144749311099637,-0.00472758363952326,0.000745739308220542,0.00121888979136787
0.00224550305489283,-0.870603015353409,0.00389180367573334,0.00261005922980513,-0.001248036988895,-0.000388592234313303,-8.72003416856431e-05,0.000231736667288555,0.00110535623357614,0.00419580605183594
0.00106104290329841,-0.870385995287277,0.00203765707647264,0.00302956890843822,-0.00155287286117501,0.000637208788864709,0.0012752009906398,-0.00283431657053734,0.00239205849864308,0.00420221971825478
0.00032424660341299,-0.870343507998873,0.00216810538926642,0.00283488695707994,-0.00162072207832893,0.00140364418227868,0.00213960273483437,-0.00146694792400437,0.00307176540060333,0.00420317010644028
0.00154228957212663,-0.870350579744211,0.00331559195908545,0.00338377827966934,-0.000378574666453097,0.000697252114075679,0.000771237521891823,-0.0021993550370579,0.00228338907650071,0.00401159628296164
-0.0001957042564567,-0.87267270655117,0.000456342820582928,0.000408380876627296,-0.00387296128617651,-0.00317654625101759,-0.00258127509461398,-0.00421022156352243,0.00105863633393185,0.00109873932649189
0.00186496257874337,-0.87011147591513,0.00140869592102775,0.00162775864666035,0.00034997370712862,0.000518983092151582,0.000604292413111989,-0.0028603153091494,0.00286443818327825,0.00530196390079181
-0.000720855514570687,-0.872378907991473,3.30213563699043e-05,-0.00075696522953362,-0.0044484577902123,9.62753405830175e-05,0.000876618449800661,-0.00517836151309133,0.00239205849864308,0.000932031144551824
-0.000659148574689086,-0.869535303953394,0.00418962819264898,0.00281161977559828,-0.00103566569450582,-0.000586587679570259,0.00259546021749109,-0.00116927613514706,0.00167157285018781,0.00407528844857434
-0.00166636510016437,-0.873991729611491,0.000952793469052144,0.000482350245508417,-0.00409522030531931,-0.00154198846865698,-3.10820677306487e-05,-0.00618552742095826,0.000264899776013369,0.000759226184471364
-0.00207096254502022,-0.873583248485724,-0.00017920059171794,-0.00011639208157388,-0.00372033254319771,-0.00305664620118683,-0.00284458339782371,-0.00530082796149626,-0.00108812314847048,0.00031785117829546
0.000732960372778631,-0.870893150963008,0.00467402412314905,0.00252380117114085,-0.0024176480111277,0.00184281460508801,0.00106407849386563,-0.000454711217656299,0.00311701543184652,0.00462190806284935
0.00204236150021484,-0.870875916282065,0.00432769636703792,0.00338899882235655,-0.000423929000465937,9.57873478166552e-05,0.00105998367582036,-0.00391926061486362,0.00318458579734783,0.00317393963175653
0.00167646218970713,-0.871039954135753,0.00479032469979128,0.00374372816077345,-0.00165895673142209,-0.000290785883935852,-0.00122840626481437,-0.00222469250520676,0.00341747630452174,0.00326537778540465
-0.00207292324808121,-0.873773636820707,-0.000154859936430886,-0.000393446450402565,-0.00428698029520097,-0.00278582871545414,-0.00246644276307173,-0.00555385058665761,-0.00113258989256655,0.000337688150795336
0.00242516224366065,-0.868406631625696,0.00494190696137226,0.00420067986184296,0.000682458296085293,0.00110933305417534,-0.000220186739671518,-0.00153900092564141,0.00294840425570164,0.00350016643315318
0.000680451160999252,-0.871540413987566,0.0031266865310296,0.0033129224378606,-0.00159095089922312,0.000425863530923835,-0.000448347285036199,-0.00413399616515242,0.00252792831811242,0.00572028384719584
-0.000462547366117899,-0.874575869607834,-0.000143395322904754,0.0011159549290952,-0.00445605163206251,-0.00337886701613931,-0.00109325059762478,-0.00597306175527132,-0.00214948923620624,0.00119826398451127
0.00139475034610398,-0.869164928968828,0.00365625183537388,0.00349620046919069,0.00110976226022833,0.00148501665597955,0.000410283142842969,-0.00299654132607904,0.00359345780575967,0.00512334314012414
-0.00169867188290787,-0.874701445392507,-0.00206539293096988,0.00109304952700532,-0.00424281612256429,-0.0024877539771151,-0.00502631697861595,-0.00563274831722931,-0.00124605252198431,-0.000380282639817722
0.00256481628918422,-0.86900214663407,0.00260650819223246,0.00499995998466408,-0.000838827540689932,-0.000897277455814942,0.00225318582172851,-0.00374400324625168,0.00467034458145988,0.00453951888205405
0.00164496655837883,-0.868283942167607,0.00508520943510685,0.00501613491127321,0.0016414179319079,0.00134669728840918,0.00388861617390116,-0.00134880089891727,0.00303381380265605,0.00400412355701885
-0.0027992903835227,-0.87473853139093,-0.00189930645759634,0.000443121757071347,-0.00431610616738213,-0.00476582683127163,-0.00275645334881482,-0.0060031992640308,-0.00213396702726444,-8.32621070778752e-05
-0.00207330075556569,-0.873781903233901,0.00295453098410053,-2.5687231439452e-05,-0.00437179049294054,-0.00457235838328775,-0.00410332299529398,-0.00550837978029946,0.000406780987391985,0.00215172586576221
-0.00417042980117751,-0.873394369024828,0.000848558792458041,-0.00158566884250361,-0.00544281751533974,-0.0019782667905806,-0.00328832704909534,-0.00660281093312049,0.000802701577517599,-0.000986698470148872
-0.00209112773912916,-0.873809509249382,0.00127320436703278,-0.00370666382112792,-0.00486752443077102,-0.0026334295086627,-0.00242819494349626,-0.00716478835588247,0.00112160099893508,0.00143226793686005
-0.0032873827064114,-0.873659752388667,-0.00249193811735744,-0.00262746671686704,-0.00374285015876637,-0.00331819870504108,-0.00258826547841807,-0.00651554017947978,-0.00359418123841163,-0.00214674299835842
0.0036583033987785,-0.868651056597695,0.00416121785090093,0.00534088844660048,-0.00308931488380418,0.000230604343595217,0.000120680299642013,-0.00322274892902323,0.00447860988173257,0.00439092667794388
-0.00155636957857244,-0.875867296809703,-0.000318812641542463,0.00149302415413791,-0.00600840128606306,-0.00111675492186677,-0.00546038765545894,-0.00726416434987482,-0.00243600542043046,-0.000919279487088883
-0.00455387708935363,-0.873239482376933,-0.000379389644125613,-0.000359670911470901,-0.00529601915931153,-0.00405641232456439,-0.00471488649499131,-0.00741238787066772,-0.00400742006711509,0.000651834257668501
0.00484757704127025,-0.866599461149305,0.00582419121444448,0.00681610304641006,0.00223366127679683,0.00442374292683655,0.00506173512861164,0.000952217567434498,0.00617859263661492,0.00798875385622661
