-1.50768974438802e-05,-0.871649491444136,0.00070985628241785,-0.000387510195865034,-0.00159611970095212,-0.000367998968013272,-1.1968491037962e-05,-0.00132698801023649,0.00136102978018867,0.00160053145101334
-0.00105948258858535,-0.871769413251685,2.72172897512316e-05,-0.0014343453074674,-0.0023983220444472,0.000440819730131818,0.000553751411772176,-0.000719420346111993,-0.00231844047119923,-0.000963690764332637
0.00132149177063516,-0.869783158534809,0.00161890588270397,-0.000906735073386615,-0.000261247577907225,-2.48098429647865e-05,0.000997118175777315,0.000856442509494124,0.00284593356335507,0.000926260446211631
0.000428200972913841,-0.871432323631418,0.00149585847195568,0.00093075294117962,-0.000856197197150293,-0.000123331273256039,0.000923163312000188,-0.000848035440785211,0.00183140963974477,0.00292313266724612
1.53245717847614e-05,-0.873154570583264,-0.000991045145201996,0.00118641205873513,-0.00175662917399233,0.00124091627076591,-0.000392600673205391,-0.00297409826957009,0.000316095272006853,0.000498210711981888
-0.00119911881302612,-0.871490292741782,-0.00147269644993663,0.00155070661848463,-0.000890666099257502,0.00116509643310584,-0.00307975930698916,-0.000288419518474776,0.00142604328228615,-0.000989772122181838
-7.10295137225376e-05,-0.871513162110103,0.00317735356216542,0.000664611184640557,-0.00101412704673907,2.19111440729579e-05,0.000130676375014936,-0.000332679942799466,0.00221443993460102,0.00240408521339629
-0.000237461140237587,-0.87129823844307,0.00201799419579038,0.00210184904583744,-0.000604317200875349,0.000463692539093228,0.00209807716762837,-0.000803133661365435,0.001140092814041,0.00263269818264512
0.000231642530605899,-0.871707453088526,0.00231882459256343,-0.00131597526597051,-0.00286561514902334,0.000166549372801601,0.000769559809530164,0.000964641398572467,0.00233608078984388,0.00101483698421345
-0.00121008703794056,-0.872982792862315,0.00070472464627385,-0.00200375255710276,-0.00269906420838755,-0.00117956508898178,-0.00161482821402303,-0.00206893744708227,-0.000518253386707784,0.000804369614687615
0.00135497169352315,-0.870968365417861,0.00213764371278305,-0.000273971297261829,0.00182364668732847,0.00119997584706163,-0.000212855741309048,4.80705064162716e-05,0.000696063558831403,0.00365380828551429
0.00275119290703096,-0.868274242996477,0.00116183071249082,-0.000104860890565781,-0.0021563660667398,-0.00051051391456762,-0.00071365642560803,-0.000936683318257223,0.00130261853239794,0.00172599057192096
0.00130269903957914,-0.870514237688969,0.00251414680956301,0.00126682623274749,-0.000136880513048873,0.000798799169450154,0.0012178596474894,-6.47015963054385e-05,0.00283684564865007,0.00276369284958776
-0.0012318826702273,-0.873608728224918,0.000748540811703305,-0.0027171285886922,-0.0011331691761356,-0.000401148508407497,-0.000337471500690668,-0.00385594482875382,0.000959845121737855,-0.000524258524733173
0.00183144740516452,-0.870983732266376,0.00142253187505603,-0.00313090609538331,-0.00100375341489143,-0.00066268166757531,-0.00197081970045343,-0.00307723789610576,-0.00084632914240121,0.00130998093131567
-4.39838140108405e-05,-0.872830068706835,0.000553303181151052,0.000865993733742663,-0.00162462444468084,0.00023340412684175,-0.0041925992440967,-0.00276235458927877,0.001359749338941,0.000845322015531717
0.000144009533451689,-0.873636639176622,0.00177464878707614,-0.00297506371008888,-0.00379602867864528,-0.000252144146299297,-0.000386964230758004,-0.00182188701906156,0.000987692395378039,-0.000450845937083068
6.69157113453978e-05,-0.869267440531016,0.00177046099960628,-0.000478801250794011,0.000333874682876886,0.00278953964570489,0.00337417495751247,-0.000904208805566449,0.00183734953075327,0.00220905139875144
0.00367159481635937,-0.871457703232311,0.000811708859272324,-0.000203034764648321,-0.000431561082920052,0.00181115433729416,0.00116075043210044,-0.000781517469254583,0.00143229386485236,0.00382135199558967
0.00347278682703733,-0.868924970961907,0.00289162830171889,0.000551761893088234,0.000820767642388125,-0.00115579615651942,0.00299710100552538,-0.000636377226168332,-0.000524496517413159,0.00132163939383865
0.00086954692520298,-0.872185217442477,0.000511530861517718,-0.0025725940058574,-0.00143789625494564,5.59421098075637e-05,0.00297667605537811,0.000873252078545261,0.00243828176247174,0.00350121179366501
0.000768507019496225,-0.869496354464653,0.00362753089932405,0.000399526897718062,0.000521295720834078,0.002822986792651,0.000759894361285569,-0.00171152339466569,0.000313078068245642,0.00345476419809101
-0.000380749392015929,-0.871893273107184,-7.37276345222544e-05,-0.00380831740315194,-0.0021586927695245,-0.000716258486653319,-0.00312695640776282,-0.00287406394881054,0.00014212146494851,-0.00205619349470714
0.00163362798410348,-0.870488544773286,0.00421248572516869,-0.000292092281168776,-0.00261629299363331,-9.15723880727871e-05,0.000480870998025915,-0.0018144695601751,0.000175021119828715,0.00330860081380176
-0.000249935797390904,-0.871298352244734,-0.000373671162852125,-1.33800538145779e-05,-0.00207417637409771,0.00128242969896623,0.000601070425176934,0.00130594854036491,0.00392923761676208,0.00440754151774616
0.00249940488303679,-0.869454449678041,0.00275073018784506,0.000253223523197654,-0.00325044939300524,0.000248141799494321,0.00276157021148124,0.00113735073252149,-0.00113507027974792,0.00261697066589497
-0.00196877738211387,-0.871165915454945,0.00294739801885012,-4.74405278949202e-05,0.000683025207416176,0.000629050648006872,0.00186260800839222,-0.00305415189613454,-0.000927565649891561,0.00460727381492284
0.00130936551438798,-0.871347404274648,0.00197479189115189,-0.000955740375479288,-0.000329739922002961,0.00217039628740319,0.0034476453333093,-0.00299136182593656,0.00245763872711611,0.00319658956529155
0.00304665974701166,-0.869992024848857,0.00236219841512739,0.00178638707466488,0.00138933675296814,0.00161780494766424,0.00158933601719897,0.00178676610848316,0.00194198029891945,0.00422816443739715
-0.00109180367214997,-0.870551925996846,0.0035519924435342,0.00163566683778079,-0.00393337368854308,0.00295319223741281,-0.00111764096416721,-0.00138645785184108,0.00157248338838408,0.00274046622814896
-0.00235402590614134,-0.874170962634689,-0.00114257813615748,-0.002389898712973,-0.00379360545876936,-0.00285792577627034,-0.00243886529823109,-0.00372142654202593,-0.000819879297070416,-0.00089303209613273
0.00201714142499786,-0.871732322689987,0.000443342982260403,0.000483248607790349,0.000776564482210253,-2.84169775988266e-05,-0.00194085607549656,-0.00247869727724066,0.00400549575484376,0.00604896775344158
0.00110666346157543,-0.868212359842984,0.00452383872841282,0.00139184602827486,0.000248668396230103,0.00159820388457279,0.00313944493050698,0.00102072553970766,0.00308696190279088,0.00484308396571745
0.00190728226109232,-0.868211220193679,0.00294270441761853,0.00151884159925517,-0.000107267222950567,0.00428818705886632,0.00379338709360622,0.000907655903579352,0.00260538946071422,0.00396155116538062
-0.00102373796686213,-0.874530621517756,-0.00336777780383781,-0.00388401730444241,-0.00327052968500741,-0.00383726065748969,-0.00265414708930019,-0.00318707359044608,-0.00238593128417056,-0.00168178695825701
-0.00348982610909423,-0.873224437528573,-0.00303416346814829,-0.00207690958485938,-0.00510855214922388,-0.00426035514800974,-0.00139258343757217,-0.00249387072345997,-0.00169943729013621,-0.00251504985375158
0.00380549235068376,-0.869658055194282,0.00501695795227697,0.00101313948391458,0.000803667317208418,0.00159561310176757,0.00268423493145639,0.00226522029036701,0.00405247340631795,0.00411280936083326
-0.00324365822900606,-0.873239120060937,-0.00369915541712819,-0.0044528252495987,-0.00306297790997258,-0.00336754762162718,-0.00101467140153867,-0.00499360883258253,-0.00381687256557073,-0.000330499749960881
0.00367002993664878,-0.865558500245335,0.0066340322683167,0.00210447327305055,0.00412070500981588,0.00220631492375372,0.00529665705862897,0.00177006607301292,0.00572442820621631,0.00684580544853296
0.00602971141871627,-0.86823749124835,0.00478720148764979,0.0039328357459108,0.00288493432657832,0.00491872079008485,0.00507345436713694,0.00334910639048313,0.00625262180948705,0.0061873392432721
