0.70480606881393,-2.19661951616344,1.96784996170687,-0.933100132408455,0.666719352326147,-2.85993149869893,4.50555505725227,7.13736244949056,-4.1450106225878,3.77713590020053
-14.1237874417835,-4.29830975808172,-7.01607501914657,2.35697934556048,2.85967546563676,1.77003425065053,8.40662368247229,0.708212651919712,4.9674946887061,1.88856795010026
9.44289026589616,-5.1097547834011,9.23338907484197,-1.08032149719961,-1.52012357615044,-7.59703440850492,10.9093272681984,12.51091657396,-1.21615422998736,8.89234036597099
0.70480606881393,-2.19661951616344,1.96784996170687,-0.933100132408455,0.666719352326147,-2.85993149869893,4.50555505725227,7.13736244949056,-4.1450106225878,3.77713590020053
18.6546268573444,9.4397441202002,6.27554226939917,-3.7775445768529,-2.11588934332603,-4.23136007012751,3.17222172391894,5.14978480973901,2.91931686279231,-14.4489510563212
-4.6285272645194,-15.1490004685444,-0.558465827766817,-3.69172082206363,-11.3332806476739,-7.65993149869893,0.665555057252273,-3.81000597156207,-18.0725053112939,-1.55619743313281
0.352403034406965,5.30169024191828,-8.3494083524799,-14.6379786376328,-1.02985256797855,-9.4296495484555,-8.41388913804053,-9.96978031371626,-19.0131279434533,1.88856795010026
-4.1089922096466,7.53119218925349,-9.60981453510204,-7.43022226393914,-12.8236022482599,-11.8537116893983,-1.76965214043739,-1.45191215100247,-23.2908925464517,-2.79739663202355
-7.98204155695573,-32,10.0852215430042,5.95858343757126,-22.5391445631113,0.999897561130126,-6.09892894515603,7.75221845033055,8.54187901530002,-13.1592790692446
32,32,32,32,32,24.7640001252327,32,32,32,32
-22.3142636322597,2.48789713847,7.67673543836977,-16.3712537192711,-15.553165146532,-8.89582682317826,-6.51915229593527,-6.85509632997623,-7.8325053112939,-12.6716435793451
-32,-32,-32,-32,-32,-32,-32,-32,-31.6754246336075,-32
0.70480606881393,-2.19661951616344,1.96784996170687,-0.933100132408455,0.666719352326147,-2.85993149869893,4.50555505725227,7.13736244949056,-4.1450106225878,3.77713590020053
-0.0731590885193665,-8.84143863954048,-1.27783971623045,-7.3270757464273,7.76785617767244,1.71954265819819,3.22347925027943,-1.36510774368329,-3.22934961158942,6.2359863532776
-0.195204972199077,-2.33697039335642,8.40922080461348,6.45026700755098,1.94800331514959,4.69562405685662,18.2527775286261,11.0673075514036,-1.30757219894249,5.5891544461588
-22.5571097341038,-12.0662765225315,-6.00470616325327,-19.9038509089643,-7.08534096745479,-28.0770344085049,-5.0906727318016,10.51091657396,-13.5238465376797,-2.74402327039265
-32,-32,-32,-31.6414165624287,-32,-32,-32,-25.8067559086438,-32,-32
-22.4640400314027,16.0484948634717,20.3949385505066,-5.82038418448485,-17.7317935852217,6.40984064039282,2.46494458344156,-1.9300810321908,-11.6638014973426,-3.57500608732454
0.70480606881393,-2.19661951616344,1.96784996170687,-0.933100132408454,0.666719352326147,-2.85993149869893,4.50555505725227,7.13736244949056,-4.14501062258781,3.77713590020053
26.0788348178427,19.6401878555267,6.80958378344069,9.98553815610279,4.46444939576052,-9.46502050798686,12.1727534879482,14.8745522968559,-14.8637532326348,22.0720883117231
2.97692790832707,7.32026644874885,5.87686095071786,12.6096165153792,0.154141987162577,0.307885243382515,13.293368677324,18.5803690043392,2.82733889352873,0.898598978185346
4.04856526758306,-10.9822332764051,-12.9977889694728,-8.78759575765244,2.76085677469484,-2.61437982046253,9.55716388540143,11.722423438673,1.16811895345774,15.3688395418892
-5.66388688431231,21.3592110380328,-24.4224122348851,6.95308447252345,1.9552808401671,-31.6299657493495,-12.821885982167,4.24560986431279,-6.03339735417414,12.1979549914639
6.5536128323702,1.04561624930469,-1.67783535750755,2.24769147465571,1.59572038847676,-8.46705670734855,-10.4446638347058,13.2651783952985,-24.2075209576409,-9.77322080784772
-15.8490514189732,-4.34020751578231,-2.90261174551939,-6.07954643413953,-3.13544679626521,-19.3777798173095,-22.1695543887267,-14.6876184664944,-30.1762657901143,-29.9454108748762
2.80357399708087,-10.9228590701071,-3.70917041980878,-0.223677623072405,3.8187873586933,31.3425599386384,10.1000667682857,6.35129980375973,3.63352760454917,-8.53916193148038
19.9119434054503,32,29.4283694252979,32,32,32,27.8527775286261,32,19.6737085892349,27.0314250929574
-7.22501849258958,21.5748090552651,-0.595079100078028,11.1508159515076,13.8869655903562,-9.90755054631798,-4.13444494274773,12.4044431948322,-16.6250106225878,-0.371012247947618
18.1809744629784,-8.02289005063876,16.4989281879771,-1.22754286199076,-3.70696650462702,-12.3341373183109,17.3130994791445,17.8844706984295,1.71270216261309,14.0075448317415
-2.07714552920453,-2.36815102792299,-5.90838271145426,-9.51632382186034,8.69347824118977,-32,-29.2021495129008,-20.1113187752547,-28.7391719779606,-9.92677220659427
28.7398937881122,32,32,32,32,25.6162589774915,32,32,21.6149893774122,32
-7.44599862299273,4.33786426421795,32,-3.3475279749324,-14.2380722940992,-19.9047267161972,-1.72932819398648,19.55091657396,12.0202094063763,17.6196130932437
11.4414281423925,-8.03212900600056,13.1678499617069,-21.4355155913457,-6.17284108723429,-22.4720527108201,5.56821578771453,26.6754075622725,0.416392886184125,17.1231676462323
-23.0404375469307,-25.113409898433,-4.42557427000619,-12.1147082298925,-3.01438467833912,-1.4498084824142,-17.7703495342055,-15.1906120388518,-5.46380149734265,2.01268622036777
-15.7451994516926,-18.2667949547599,-15.0160750191466,-16.4665500662042,-15.6666403238369,-17.4299657493495,-13.7472224713739,-12.4313187752547,-18.7262914107651,-14.1114320498997
19.6292094505921,25.2706522127245,11.2754420847084,4.49729567112363,9.47904595735798,-2.9206369601666,29.0304456112733,32,10.204686590838,-2.9980424538236
-20.6328601234878,-25.3268811866531,-7.82369406676561,-28.6964351236755,-14.5897297788604,3.55734181163368,-12.6732979722846,-12.6774726214086,3.97193913315054,-4.8881757153662
-32,-32,-32,-32,-32,-32,-32,-30.3363217610358,-32,-32
-1.81980262629575,5.02988100028007,-2.73966974504495,-1.1212245206193,11.8061067060127,-5.09172577564728,13.8778445460635,4.62376357187567,-6.19003129269394,3.3430891507707
32,26.480970922148,32,27.8699120605821,32,31.4298055797496,32,32,28.3128198829114,32
