-0.000261511450413526,-0.872058713681733,1.43969561038244e-05,0.00075020621278553,-0.000826293228404071,-0.00062665683595985,0.000441373813247356,-0.000194236245132825,-0.000781006934958457,-0.000694295054113327
0.000180819081791146,-0.871111207199265,0.0014392749366444,-0.00019075092246926,-0.00106676584550557,0.000429747472152795,0.000180997222042921,-0.00142312185634379,0.00109904185220291,0.00206408963778276
-0.00156579515205627,-0.872486877537275,0.00113421189578455,-0.000154747051540642,-0.00225594939783116,-0.000997233648097047,-0.00105127821715064,-0.00242622235731191,0.00101839694224944,0.000114512201876788
-0.00277172279259727,-0.874441467249141,-0.000439289421941616,-0.00213081184520589,-0.00149191016711828,-0.00108704830049121,-0.00145139351813527,-0.000965085912529671,-0.000539209625012574,0.000551894860218288
-0.000546631719622532,-0.873807312010026,-0.0014623383153024,-4.26313794111919e-05,-0.00244366213449604,-0.000438104059813593,-0.000836361160914559,-0.00276153876916646,-0.00123779525165059,0.00199048659109165
0.00177722711847822,-0.870884626740364,0.00255714659838702,0.000288649283903912,-0.00148929473231014,0.00158027565906282,0.000513569126125222,-0.00032523279718638,0.00237025507120166,0.00227853690958633
-0.00202576045121319,-0.873163713476207,-5.83100559373999e-05,-0.00062343888080111,-0.0025049919208786,-0.000757296690851837,-0.00293383802422063,-0.00202767012043072,0.00177823470507746,-0.000396232839228267
-0.00138088579888176,-0.871205699151782,0.000294403061143512,0.0017373118408055,-0.00242464946114398,-0.000770464600599972,-0.00164261992134283,-0.00170407407401663,0.0032454616104403,0.00125081778926365
-0.00184416923368844,-0.871447192203668,0.00242460123787384,0.000597646091658821,4.30589805435048e-05,-0.00149191913161255,0.00132212466946344,0.00045461233675796,0.00245821300261286,0.00335961769474786
-0.00117592303782028,-0.872618017626239,0.00261156387509083,0.000717851662348265,-0.00145038929061875,0.00166411535786335,0.000864742685410576,0.000456702627893736,0.00248761204909091,0.00309799123879004
0.00064483117617569,-0.869879668959295,0.00322250404493311,2.74398784958555e-05,0.00149701496747612,-9.81778386458401e-05,0.00139535427516092,0.001085329154025,0.00367100740761453,0.00106933395707671
-0.00163715614829634,-0.872929182429353,-0.00037870029344309,-0.00200872615255675,-0.00288474107559306,-0.00138822775793469,-0.00163697800804457,-0.00324109708643128,-0.000718933377884575,0.00024611440769527
-0.003276310262291,-0.870881897635064,0.00156248183104269,-0.00165769547270172,-0.00150202064204248,0.00355310256425617,0.000255250210132868,0.000584809702417569,0.000258625322528969,0.00246550882687267
-0.000194972042978304,-0.871870534594764,0.000421061148241785,-0.00173640718904372,-0.00219919091733853,-0.00332910141496276,-0.00107042652116308,-0.00385502411673378,-0.00176136445825041,-0.0010746438466397
-0.00162154943426297,-0.870246925271993,-0.00121815928923959,-0.0029754229993861,-0.00167934829480964,-0.000164735053204324,-0.00173858673683218,-0.00257060079223523,0.00142506817253993,0.00363072045244308
0.00264817203622699,-0.867633835879797,0.00168872061149551,0.00178907396076821,0.000947001728429526,0.00335350181281786,0.00116163640084747,-0.00211691531618694,0.00266133352034919,0.00185245988302819
-0.00182678590821852,-0.873217789785491,-0.000954211550240763,-0.0013216485007358,-0.00423518231200428,0.000213734380926432,2.60579649652951e-05,-0.00426611306249553,-0.00221173004766194,0.00135072845986536
-0.0011675894798681,-0.872087451974115,-8.08701958338821e-05,0.000544105027350257,-0.00395178596922365,-0.00243323131968309,-0.00258613724499409,-0.00369805244424944,0.00259053320989956,0.000954858267871689
0.00151966300097639,-0.8687005135617,0.00253374427749887,0.00178293957802001,-0.00063547473618408,0.00127443629849734,0.00274925539596184,0.000839808671277993,0.00410438398124839,0.00295342076389202
-0.00284250987583912,-0.875664771134822,-0.00155962351884679,-0.00295212542230055,-0.00322694541119527,-0.00184717230107907,-0.00207617469763625,-0.00284861835374547,-0.00196705582288924,0.00024293840645258
0.00199859030070231,-0.870149035215733,0.00416022644905437,0.00123327369127393,-9.64442793442652e-05,0.00263068913972304,0.00107249932749989,0.000281448650738384,0.00419018276112108,0.00341988027368359
0.00184127979807554,-0.869195668422611,0.00401671567551517,-0.00149713547799365,-0.000858372324862987,6.30609590005133e-05,0.00351475916716674,-0.00073122776470503,0.0048261101429831,0.000902140287241466
-0.000388772941741596,-0.871779091237656,0.000686171383341539,-0.00197993260619406,-0.00346742605526493,-0.000486867762496919,-0.00355130967465651,-0.0056501575795162,0.000324636507225483,0.00100700999905159
0.000314951945033144,-0.870536823706038,0.000682011863919803,0.000272840315535866,0.00143876364820134,0.00416390531787852,0.00365537407874644,0.000640515728440118,0.00278696820800065,0.00479139429800041
0.00164029823804264,-0.870225289732256,-0.0012138057594598,0.00407979492759891,4.2300893630464e-05,-0.00052372188999997,-0.00312033862584216,0.00197799020511801,0.00546552393789258,0.000841789548170913
-0.00315891227836375,-0.874566599072102,-0.00194683171432245,-0.000904349400682647,-0.00633422772657303,-0.00146454410255242,-0.00373794356418045,-0.00245322417254582,0.000217893119930963,0.000559141395741205
0.00360033379061397,-0.869462489865432,0.00281028761206946,0.00293702445537881,0.000706308876486983,0.00239189396470929,0.00285486416110151,0.00170997601370261,0.00431535856639652,0.00477712053180869
0.00270363526904964,-0.868329308186465,0.00398833573686292,0.00203292112933422,0.00163052193471024,0.00207301496289883,0.00311262335434913,0.00124471096854622,0.00424931484466594,0.0047092854083636
0.00272417504116677,-0.868308768414348,0.00400887550898005,0.00205346090145135,0.00165106170682737,0.00209355473501597,0.00313316312646626,0.00126525074066335,0.00426985461678307,0.00472982518048074
0.0023610173621326,-0.869168477377286,0.00362031318605898,0.00417663628531474,0.00220459459360352,0.00328284844363335,0.00160630218711659,0.0029279216408038,0.00475395798870845,0.00250182989703542
-0.00321216481221947,-0.875683835420999,-0.00244650819828315,-0.00408711570881751,-0.00387346112542166,-0.00284043600602937,-0.00331101050117923,-0.00388204369409831,-0.00305309877826061,-0.00317663273285464
0.00360033379061397,-0.868034080756078,0.0043252669704757,0.00322790049219281,0.00201929098710573,0.00324741172004457,0.00360344219701988,0.00228842267782136,0.00497644046824652,0.00521594213907119
0.00320751871604082,-0.869815189534372,0.00646978530505304,0.0011382055464426,0.00332103711988266,0.00127040319443137,0.00182598946808379,-0.00094666200948384,0.00680925021910942,0.00397231056012576
-0.00385304269245604,-0.874431359906338,-0.00268231699457839,-0.00295650734691359,-0.00544045775103845,-0.00508899761837143,-0.00238593525087932,-0.00556245537206506,-0.000988035502997622,-0.00289763701489063
0.00322663774631625,-0.867259827877584,0.0045509207395413,0.00440020390214332,0.0017686859757154,0.00393196752290712,0.0016135627368547,0.000594642699856445,0.00584289492584009,0.00517863771604141
-0.00236463622880567,-0.876028997201961,-0.00257059301648231,-0.00568162136158115,-0.00513631258979618,-0.0023948653847517,-0.00236743916728747,-0.00612123310793698,-0.00353760704191789,-0.000285327880104757
-0.00330088458310074,-0.872741266683647,-0.00448440588167224,-0.00436325859167833,-0.00672458747396572,-0.00306405652717208,-0.00303540170493072,-0.00505901929344797,-0.000475136223624885,-0.00234918157859282
-0.0052010630046064,-0.875177088881927,-0.00273001786313749,-0.00511198605453297,-0.00546857288345952,-0.00484488397346361,-0.00406232523918142,-0.00649955496758639,-0.00256037035355609,-0.00229153615122111
0.00313736483408767,-0.865316704396645,0.00559061768500536,0.00506630314149956,0.00187702487483098,0.00404031433627788,0.00439069727883421,0.00198833287827492,0.00457113884078789,0.00689907159331545
-0.00507295791734412,-0.876079467942179,-0.00333990468749746,-0.00501806526196951,-0.00687854700241333,-0.00447814686722712,-0.00548052585851049,-0.00634008333167633,-0.00237589936685359,-0.00350223533169169
