-1.10989519347762e-05,-0.872056856646939,0.00115380496583827,0.00188920196773922,-8.63850583732991e-05,-0.000513785620976086,0.000582357350264633,-0.00241275953941287,0.00118566569532222,0.00271070700808204
5.49232407497848e-05,-0.872435217424953,0.000321462191270467,0.000977603545228837,-0.00236335188045142,-0.000457557540929951,-0.00020464722813783,-0.00369651326747837,-0.000336728811924261,0.0018103732853958
-2.48613592951203e-05,-0.870566573951506,0.00115058656486449,-0.000948461590640039,-0.00178077333161047,-0.00170252292910469,-0.00276270826796733,-0.00308346037952908,-0.000888421023564562,0.0017464621779459
-0.000295058451041965,-0.871336606656845,0.00129025074159078,0.00113145868570515,-0.000581485443785084,-0.00190792819880468,-0.000654868912959025,-0.00407151789675455,-6.64368344101712e-05,0.00238373255950316
-2.56652671205581e-05,-0.870610274934756,0.0033108227599654,0.00219527542047789,0.0016104458047989,0.00072442958781284,-0.0013923012591525,-0.00135340836429817,-0.00160906544311421,0.00219414817503008
-0.000546464546811205,-0.870893832156239,0.0042662871489034,0.00157355788513357,0.00101789936484688,-0.000142768219814151,-0.000111748116186532,-0.00192924327418706,0.00231006966275049,0.00100817491978642
0.000777049862450039,-0.869990842817946,0.00270985838492453,0.00210078107969958,-0.000533355875562441,-0.000455105473056665,0.000444936619013306,-0.001293687507808,0.00186902808980476,0.00374233010762274
0.000781082180521379,-0.871227374156857,0.00150201174679434,0.000910747493811484,-0.000426603575008688,-0.000551216976173312,-0.000793911270611429,-0.00355342708505417,0.000630149380812976,0.00402566844393161
0.00160636375317121,-0.872680197880551,0.00241103609828504,0.00272809949796923,-0.00315471741336961,0.000300322066610195,0.000816728478489353,-0.00218683949445437,0.000748181894466252,0.00155380071401122
-0.00368339694981095,-0.874670213657314,0.000847194907754223,-0.000812248434098145,-0.00203524082137396,-0.000252714888651372,-0.00057490363533809,-0.00283725158358323,-0.00160754949697649,-0.000135299445784744
-0.00287282135110378,-0.873179532357382,-0.000421880241801338,0.000719748102694197,-0.00313562772871292,-0.00254083898705413,-0.000353205741771386,-0.00324437117677822,0.000561956967298204,-0.000167948659721098
0.00135085112439828,-0.870252866017803,0.00275677209225391,0.00110340017742115,0.00215919577338906,0.000460495310700543,0.00292663938939884,-0.000474103869531422,0.00120914816031351,0.00341342493443051
0.0016587456842401,-0.871571620724612,0.00236269075571269,0.00284872972930087,-0.000348292912989224,0.00172542300715409,0.00204070419274862,-0.00107693660977752,0.00306531879547944,0.0020442640584048
-0.00170285545385997,-0.873668050203846,-0.000685422723075923,0.000789549492614662,-0.00177717257593206,-0.00263992244182137,-0.000732748191702201,-0.00447955309084913,-0.00101857035868107,0.000907575188259734
-0.00103770649124787,-0.87164612717575,-0.00189708147882679,-0.00149299596272241,-0.00214856086838845,-0.00407359670975613,-0.00145941832433473,-0.000312875961022491,0.00214541733616098,0.00250697227840353
-5.41628763483315e-05,-0.873936888763898,0.000116630337703968,0.00235381938845358,0.000204966240880864,-0.000336615615066944,0.00241246765200049,-0.00457656551374255,-0.00100396967039953,0.00344416868752783
-0.00035092020971755,-0.8713032143501,0.000347654562988672,0.00416743081761692,-0.000229233377339102,3.59519140508456e-05,0.00083413217591762,-0.00392809112507338,0.00238623541868819,0.00326340053665678
-0.00243240641645564,-0.873039234756981,-0.000700037267752092,0.00259500572812692,-0.00395896367563154,-0.00107463999486117,-0.00389807014208831,-0.00205362397198618,-0.00222285511133977,-0.000711473578049722
0.0028389982649468,-0.87167526058307,0.00425367303951154,0.00241318850627158,0.00130569961925093,-0.000882418218537762,0.00338891762311076,-0.000688713324335384,0.00145863165152312,0.00415593532493529
-0.00178995410346691,-0.872661720643895,0.00358082823722156,0.000604113881609477,-0.00254775194873916,0.00223696020685671,0.000464931355329993,-0.00232835431879224,0.00462314415270897,0.00385065751365717
-0.00320569918182069,-0.873475036581499,-4.62679613178149e-05,-0.00232292811565862,-0.00260853880986313,-0.00270983942054984,-0.00383578342588149,-0.00551084573065611,-0.000957449303015904,0.000304703466089783
-0.00236872963432492,-0.873473665004321,0.00100789822572289,0.00195146200861396,-0.00437506148430549,-0.0029816657526197,-0.00166720355807893,-0.00486064005231726,-0.00226355460187187,0.00290549873294023
0.00252015045351733,-0.868451736208515,0.00413663024581814,0.00398799112857773,0.000867213868531265,0.00198133382556261,0.00120715394200568,-0.000765187616407735,0.00259864949080464,0.00486411547813093
0.000490994406339656,-0.873364772721881,0.00054274695098765,0.00437275691932934,-0.000553371491615499,-0.00375196838595701,0.000970940970718305,-4.53964136860576e-05,0.00293422496582113,0.00652469598179972
-0.00124896214827566,-0.874162576476957,-0.00105916383315742,-0.000620945303802677,-0.00438446539047656,-0.00453974683772925,-0.00335499083554771,-0.00520218996943358,-0.00174964650033169,0.000790220257731974
0.00228179952083996,-0.872262659537624,0.000281865714971695,0.00311754442144833,-0.0020914908275255,0.00319891647496954,0.00103786157297059,0.000195352369771122,0.00654022281780666,0.00397277543141174
0.00181665829069551,-0.870656025850319,0.00287710797206721,0.00255407791371414,0.00193384035493388,0.00164972123899487,0.00435866271817912,-0.00068838216869581,0.00386545272185018,0.00558202263387718
-0.000741255778222933,-0.870494076956632,0.0024349871419143,0.00324185829805794,0.00345741991251493,0.00382812221756288,0.00241493820376115,-0.00202926527682485,0.00418046749908635,0.00512748914773156
0.00234277433544521,-0.870244593465422,0.00236990449203354,0.00211438482816838,0.00357813773084215,0.00420234745437729,0.00380491765478609,0.00083817484941542,0.00418046749908635,0.00464099633987283
0.00115082353320315,-0.8691524626248,0.00432420449644269,0.00556007795131192,0.00153158716894192,0.00131860189559407,0.00058150252824384,-0.000638164292702588,0.00619102315058681,0.00456516270968654
-0.00230215659377218,-0.874788901872964,-0.00366737879198755,2.62053578998184e-05,-0.00354909794007291,-0.005598553301373,-0.00348597687535816,-0.00482529216978273,-0.00363476717697655,-0.00197309558069871
0.0041767887115077,-0.870493405475816,0.00303471459540337,0.00524099387564011,0.00224630523062774,0.0017410624508537,0.00289499329389161,-0.000520099808209291,0.00413464670146244,0.00685593373622078
0.00163133860842198,-0.870088157563273,0.00572082969021407,0.00584385986451483,0.00312053082463543,0.000740560370513228,0.00375459413446256,-0.000591765611193988,0.00562081939601102,0.00472904714753579
-0.00419318448820746,-0.875069734679598,-0.00322648802274867,-0.00212718037599967,-0.00519586670819181,-0.00472293859725539,-0.00434419077273528,-0.00729483642721446,-0.00280752747543049,-0.00170613282108053
-0.00223800369603257,-0.875511090926466,-0.00138044678923283,-0.00207881159918122,-0.00607511828857016,-0.00461195949522592,-0.0051232122864212,-0.0079071470611955,-0.00408551466109474,-0.000572010756876651
-0.00488391031406262,-0.876114897402911,-0.00421581039712783,-0.00389233480162818,-0.00482537197407269,-0.00624347413330185,-0.00410100823125996,-0.00647544219843378,-0.00379540829826774,-0.000502531374299749
0.00426526320011231,-0.867179876930624,0.00705307512810947,0.00637412389823877,0.00293124075826152,0.00303847936135121,0.0038361087480153,0.00197303818516323,0.00420033585219517,0.00739620157471312
-0.00430654177738585,-0.875812974572216,-0.00424787470518018,-0.00333705625355675,-0.00548115323725211,-0.00530707270707458,-0.00585210455191129,-0.00857694978868195,-0.00221297298400667,-0.00275439141628889
0.00422212870944481,-0.867446567656348,0.00670563294498883,0.00655666983939941,0.00355567644883823,0.003822415261926,0.00454243673828237,0.00243082283999931,0.00631382909381548,0.00772284904205105
0.0055754192951422,-0.866365147009308,0.00671462632165073,0.00678220623012531,0.00405258344379676,0.00506318871697538,0.0060899022699651,0.00241900957403065,0.0070351658729483,0.00785654154456966
