0.70480606881393,-2.19661951616344,1.96784996170687,-0.933100132408455,0.666719352326147,-2.85993149869893,4.50555505725227,7.13736244949056,-4.1450106225878,3.77713590020053
9.67971646307916,3.62156230201838,4.12169611555302,-2.35532235463068,-0.724584995499939,-3.54564578441322,3.83888839058561,6.14357362961478,-0.612846879897747,-5.33590757806034
1.7541900329474,-6.55973929313525,-0.870660229050959,-0.57838887774043,2.24275335550973,14.2413142199697,7.30281091276899,6.74433112662514,-0.255741509019316,-2.38101301563993
5.05828538734814,-0.256204494923825,8.98392498085343,-11.6665500662042,-12.2380688952655,2.06314542437799,3.0146822905309,-9.52222786616381,9.18675394796536,0.55523461676693
0.70480606881393,-2.19661951616344,1.96784996170687,-0.933100132408455,0.666719352326147,-2.85993149869893,4.50555505725227,7.13736244949056,-4.1450106225878,3.77713590020053
-10.7245200425161,-9.09830975808172,-7.01607501914657,-1.92109552074968,-2.33330699050359,-14.31112358147,-11.1872224713739,8.14010979617385,9.56385832506973,-10.5558764943442
-0.686169730195299,-2.28238527204321,-1.9702663748737,-5.2247119771344,4.68009879675796,-17.4299657493495,-12.3482972278243,-6.48697816288208,-16.4420913002742,-3.07481815319687
-1.07297170896385,-21.8889272084711,-4.98867177742357,-7.79024298955131,-9.99994731434052,-21.5265981653656,-18.2041223621026,4.76699207912019,-18.8116772892545,-1.02286409979947
-32,-0.169300421583944,-9.8549491106714,-8.71193836918466,-4.96642525559908,-0.860752343497744,-23.042653648733,-3.55603655938652,-2.37165752195353,-2.08286671749363
-32,-32,-32,-32,-32,-32,-32,-32,-32,-32
-32,-32,-32,-32,-32,-32,-32,-32,-32,-32
32,29.8033804838366,32,31.0668998675915,32,29.1400685013011,32,32,27.8549893774122,32
32,29.8033804838366,32,31.0668998675915,32,29.1400685013011,32,32,27.8549893774122,32
-14.1237874417835,-4.29830975808172,-7.01607501914657,2.35697934556048,2.85967546563676,1.77003425065053,8.40662368247229,0.708212651919712,4.9674946887061,1.88856795010026
9.44289026589616,-5.1097547834011,9.23338907484197,-1.08032149719961,-1.52012357615044,-7.59703440850492,10.9093272681984,12.51091657396,-1.21615422998736,8.89234036597099
-13.8251994516926,-22.7467949547599,-16.8114646168398,-3.90808322909541,-3.61571558933906,-2.8468596032741,-4.62083370706079,-11.6035473524941,-12.8315545686599,-24.8553163652819
0.70480606881393,-2.19661951616344,1.96784996170687,-0.933100132408455,0.666719352326147,-2.85993149869893,4.50555505725227,7.13736244949056,-4.1450106225878,3.77713590020053
-18.7305615828581,-2.2381765337073,2.81890718035029,4.31444866767584,-8.01062196183459,-20.4760231276582,-2.13502089133257,2.80172286977203,-24.311009777573,-20.5192754179499
-23.5128184993116,-0.833965181818881,-23.0235563059014,-32,1.91623031797681,-20.1351496202686,-9.27717422189005,4.7896567531046,0.765571419866264,9.86612153229524
18.6546268573444,9.4397441202002,6.27554226939917,-3.7775445768529,-2.11588934332603,-4.23136007012751,3.17222172391894,5.14978480973901,2.91931686279231,-14.4489510563212
-13.4524676221186,-13.8350053316005,-8.39938048172558,-8.39132619941942,-6.07376093544156,-21.2284829536019,-6.83801338272921,-1.37586048827471,-23.0442187899239,-20.3319285335809
23.5723718511292,-30.0355227689187,0.583885225494498,9.99130809195654,-8.25117376999635,-8.75868578003025,2.68058869054677,-9.72625710866897,-14.8056647041038,12.1644415298146
-4.6285272645194,-15.1490004685444,-0.558465827766817,-3.69172082206363,-11.3332806476739,-7.65993149869893,0.665555057252273,-3.81000597156207,-18.0725053112939,-1.55619743313281
26.0381394021473,10.1110727915289,17.9678499617069,20.4002332009249,15.0667193523261,6.28292564415821,10.9055550572523,12.4706957828239,16.5608717303534,8.3485644716291
0.352403034406965,5.30169024191828,-8.3494083524799,-14.6379786376328,-1.02985256797855,-9.4296495484555,-8.41388913804053,-9.96978031371626,-19.0131279434533,1.88856795010026
-32,-17.9117072354617,-14.8719386156764,-16.6998250993063,-32,-22.9449486240242,-22.2208337070608,-26.2991520759256,-32,-26.9853298930314
15.0765841454672,-25.0514480193475,14.972048089703,-27.6629199651308,-11.5622519840349,-26.0567182477196,-20.7725588372747,-8.84542570566601,-4.26300000870516,3.18322298157061
-4.1089922096466,7.53119218925349,-9.60981453510204,-7.43022226393914,-12.8236022482599,-11.8537116893983,-1.76965214043739,-1.45191215100247,-23.2908925464517,-2.79739663202355
-7.98204155695573,-32,10.0852215430042,5.95858343757126,-22.5391445631113,0.999897561130126,-6.09892894515603,7.75221845033055,8.54187901530002,-13.1592790692446
32,32,32,32,32,24.7640001252327,32,32,32,32
-22.3142636322597,2.48789713847,7.67673543836977,-16.3712537192711,-15.553165146532,-8.89582682317826,-6.51915229593527,-6.85509632997623,-7.8325053112939,-12.6716435793451
16.352403034407,12.1421757029923,16.9839249808534,13.4684059640868,16.3333596761631,14.2849370405253,18.2527775286261,19.5686812247453,12.0839046301618,17.8885679501003
-15.647596965593,-17.0983097580817,-15.0160750191466,-16.4665500662042,-15.6666403238369,-17.4299657493495,-13.7472224713739,-12.4313187752547,-17.9102176280977,-14.1114320498997
18.7251537766616,18.0551175030149,22.9693620338641,32,18.5655843740433,9.8375239966571,32,29.2916716588875,17.1622847390554,25.0625431404446
16.352403034407,14.9016902419183,16.9839249808534,15.7127416525814,16.3333596761631,14.5700342506505,18.2527775286261,22.6653032704234,13.9274946887061,17.8885679501003
11.85816714968,19.8453562124114,2.83285658307354,3.48747814192607,31.0471213968438,21.2628443404193,28.8495412895087,32,3.08298273686354,22.663896811954
-32,-32,-32,-32,-32,-32,-32,-32,-31.6754246336075,-32
0.70480606881393,-2.19661951616344,1.96784996170687,-0.933100132408455,0.666719352326147,-2.85993149869893,4.50555505725227,7.13736244949056,-4.1450106225878,3.77713590020053
-0.0731590885193665,-8.84143863954048,-1.27783971623045,-7.3270757464273,7.76785617767244,1.71954265819819,3.22347925027943,-1.36510774368329,-3.22934961158942,6.2359863532776
21.7398937881122,32,20.24194098637,29.8361306368223,23.2768424713412,1.29625897749154,7.14207679638271,32,-0.973245916705453,25.2820091945475
