-3.5200908772758e-05,-0.871904159646185,-0.000164754331109782,0.000145226462443527,-0.000140268162262913,-0.000186134378548842,0.000154709827595402,-0.000228707382742906,-0.000119173974765643,7.40282181975681e-05
0.000100379081577392,-0.871828201354541,-0.000137173112134725,0.000307873522070431,-0.000236654657566084,-1.98425991053629e-05,0.000352636497319475,-0.000111250757297371,0.000159103528103601,-6.41599191154795e-06
5.51605367094147e-05,-0.871811410261079,4.06943102436754e-05,0.000343204601949562,-7.41053502004399e-05,5.85359365720018e-05,0.000423763202857846,-0.000202756894753694,0.000187311823080199,1.51722095019288e-05
0.000151416238561157,-0.871582662904976,1.70924752986245e-05,0.00040893511076153,-0.000202548145874604,-0.000136417552666663,0.000390886549245311,0.000124038570173889,-0.000170916312772233,0.000122980928605537
1.08399673795072e-05,-0.871851592323056,7.13463503182874e-05,0.00013565993524048,-4.80840562531224e-05,-0.000206022813633189,0.000286199446652305,-0.000268383434273766,0.00038643458952233,0.000109979565247044
-2.50034570191232e-05,-0.871797121104185,-0.000121167062302529,0.000325187601765526,-0.000263619120010646,-0.000299747716224442,0.000193838223725211,-0.000313454185609135,-8.98800004194178e-05,-0.000128838087107565
0.000226944184173857,-0.871831524134716,9.23147310217391e-05,0.00035955973279541,-1.31239351518579e-05,5.90272018160235e-05,0.000394953858859458,-6.1916826355122e-07,0.000240436680188765,0.000178356236449361
9.39327723497407e-05,-0.871786674758432,5.66802660591408e-05,0.000370109352448446,-0.000247408870137718,-0.000161838180191085,0.000459200208216086,-5.99855167862356e-05,8.15813745759857e-05,7.08939942281112e-05
0.000140111519246273,-0.871888083179064,-7.08044759018935e-05,0.00031140157241174,-0.000272586362157699,-0.000198393591142122,0.00030916003545435,-0.000111183941807284,0.000243694532859118,-0.000134946513051642
-0.000151481333810932,-0.871991598981512,-6.11574235088127e-05,0.000230594682718586,-1.33053220062552e-05,-0.000141742754009165,0.000466870477367251,-0.000149224842718057,7.14971310625812e-05,-0.000184517879545107
0.000289555485889096,-0.871712524957059,-0.000127081430067742,0.000521297943877754,-7.32696788459891e-05,-0.000189098716471614,0.000289929992245912,-0.00011510351016467,8.34763844472528e-06,0.000152327093999938
0.000271933425358413,-0.871759573901737,3.78634734785018e-05,0.000468780018192866,-7.94612137236268e-05,-5.7376591410895e-05,0.000300659235070172,-2.90526984419956e-05,0.000356201828948758,0.000108879860329898
1.52153954614405e-05,-0.871766515652375,4.98009629575702e-05,0.000502384456836694,-0.000255916668956908,-0.000365249079048594,0.000156263292514861,-0.000143334955934492,0.000223496970225332,6.90710677581579e-06
0.000153077168917688,-0.871710475918826,0.000127796427554561,0.000478380885922145,-0.000101166295712228,-0.000110632955831761,0.000479624994854189,3.38359516197506e-05,0.000200790223460905,0.000112825299718135
0.000153077168917688,-0.871710475918826,0.000127796427554561,0.000478380885922145,-0.000101166295712228,-0.000110632955831761,0.000479624994854189,3.38359516197505e-05,0.000200790223460905,0.000112825299718135
0.000201889687460329,-0.871689975978587,0.000137723371119363,0.000531966138495942,-3.04874680522862e-05,4.76936356498531e-06,0.000451585755605714,-2.70930012294053e-05,0.000206726776073751,0.000210757240467305
0.000377072423085969,-0.871621330460922,-0.000215356285867318,0.000415843045460508,5.43990656058283e-06,-0.000125809339823959,0.000375463616901421,-7.71325728044416e-05,0.000306250908663791,0.000222242656733849
0.000136270770637302,-0.871678581468184,0.000113784279591845,0.000645049442366725,-0.000128469867657973,0.000191182556249478,0.000350216656356407,-0.000127588808679989,0.000238160014750892,0.00016100320980581
0.000240596804436017,-0.871750965053923,0.000140086986582059,0.000499906145405219,-0.000260644435659996,-6.8085529597883e-05,0.000482405974923118,-0.000140913788611627,0.000274464189343601,5.36627211934868e-06
-7.72508281032557e-06,-0.872048540869219,7.55877950895022e-05,0.000211451427896841,-0.000421043740819117,-0.000299773414827725,0.000266920039709349,-0.000382785756708714,0.000142778340046298,-0.00013008203001502
-0.000187957057740113,-0.871775230157107,-2.60463013013215e-06,0.000438333176396169,-0.000273537205999275,-0.000172632819434436,0.000414260058485088,-0.000392844986182014,0.000223496970225332,0.000185775328344388
-0.000185543586418234,-0.872049096674162,-0.000210824327781362,0.000139760130586223,-0.000439787051048151,-0.000449253711167683,0.000141004239518266,-0.000304784803716172,-0.000137830531875018,-0.000225795455617788
0.000113920109077354,-0.871621354161382,-2.27149706083577e-05,0.000398984895290526,0.000181128531057597,0.000288305605267457,0.000706268754881527,5.03572360164133e-06,0.000161795999152161,0.000272620140158388
-0.000136696998803017,-0.872096785178772,-0.0003891221997897,0.000101058947850096,-0.000384780201969385,-0.000401309998222264,0.000144354951384654,-0.000339978054219039,-6.99943750427891e-05,-0.000170463358134894
0.000194881243842795,-0.871739007702069,0.000201928035619814,0.000490143607991146,-7.17232672480843e-05,8.59581774793681e-05,0.000537759656439907,4.98308650218064e-05,0.000343903281696755,0.000369297548645845
0.000354674861915235,-0.871612930617254,0.00014025074519746,0.000605953132711735,-5.2105881637494e-05,-1.97883388036532e-05,0.000539440022493434,-2.22992505269625e-06,0.000290531601224661,0.000279309877250909
0.000427670926756854,-0.871655552073334,5.10847821469994e-05,0.000476287352411523,0.000271297511493965,5.746650900705e-05,0.000554264286791297,3.08922968631619e-05,0.000427977323980626,0.000198941102231566
0.000133732659829013,-0.871655052987076,0.000372296920420353,0.000550758850456112,0.000294435086144003,-3.96521989178999e-05,0.000543258441470201,3.32662992407015e-05,0.000451072052758786,0.000289833658931488
-0.000113596180817597,-0.872174211837836,-0.000413282770508631,0.000184673510464041,-0.000491110329635051,-0.000467296076900791,8.54688670412605e-05,-0.000375226780734584,-0.00022375795102699,-0.000153606167512029
-0.000113596180817597,-0.872174211837836,-0.000413282770508631,0.000184673510464041,-0.000491110329635051,-0.000467296076900791,8.54688670412605e-05,-0.000375226780734584,-0.00022375795102699,-0.000153606167512029
1.91958504729165e-05,-0.871869568446678,-0.000218129807819175,0.00066385207464124,-0.00038517089533931,-8.96367592265123e-05,0.000593556090559683,-0.000118288024443926,0.000324716686331372,0.000326361497578882
0.000511380009149679,-0.871661260162339,9.95134866005183e-05,0.000679428087703193,-0.000188606151690046,0.000168137862394615,0.000630527492242896,-0.000108871005218818,0.000276926504608052,0.000322296209534557
0.000278417848438246,-0.871461502147232,0.000167077861141253,0.000685938159981872,8.72984236794845e-05,0.000257724616181368,0.000597981127704589,0.00030517423825019,0.000398949795165151,0.000440675921799042
0.000401747751112888,-0.871469558650369,0.000240656727986249,0.000590379235263004,0.000265783719891578,0.000322167680801049,0.000727432552090022,9.90970445282864e-05,0.000466554678954491,0.000289551177925184
0.00049217011824941,-0.871541447140021,-8.17385003678699e-06,0.000729926064902523,0.000179587723590486,0.00018682078736118,0.000537155027574324,0.000177912512765313,0.000539522984561871,0.000455985039236562
0.000461130265827169,-0.871435314354755,0.000153882902289903,0.000829774225450622,3.05905658674539e-05,0.000126176681863402,0.000663172897285641,0.000200430199385188,0.000370700093470469,0.00038523170575607
0.000418428484492204,-0.871440012434046,0.00037021493604208,0.000660743915876689,8.62889938364737e-05,0.000154249869054566,0.000781649124654492,2.51665697267872e-05,0.000448329919701805,0.000440232904498638
0.000341044374933822,-0.87147720304163,0.000234334416250412,0.000749906382686246,0.000253264066911267,0.000258305362829556,0.000714170205976492,0.000146521021818522,0.000529849139628208,0.000518467959575966
0.000560601811218181,-0.871517938939788,0.000253004148906674,0.000796435459091488,0.00027040446175002,0.000397156691907924,0.00059233744844899,0.000225498766406443,0.000571516141634419,0.000452557351810828
0.000573168656381322,-0.871306236556081,0.000375143146128705,0.000933937317275583,6.97356379532597e-05,0.000147733574200798,0.00089112839338704,0.000173142321191617,0.000496485714826156,0.00036095920174788
