5.21031179093219e-05,-0.871809774601133,-7.7915303297789e-05,0.000211841568493215,-0.000111330038611264,-6.31142965362851e-05,0.000213628889861019,-0.000121290821244634,7.26721349477862e-06,5.01378286639165e-05
1.53544866300107e-05,-0.871811400157733,-9.59263129243077e-05,0.000203361434440324,-0.000121315659190811,-6.74646847722161e-05,0.000214723239983047,-0.000131377100232226,-1.17458224192407e-05,3.5745650842776e-05
5.56082377891557e-05,-0.871784684454585,-7.20458916781613e-05,0.000243483827611486,-7.23676477636566e-05,-3.84158457852149e-05,0.000230878139759542,-0.000120628168140615,8.56779545682058e-06,6.6302882556917e-05
5.9778132687911e-05,-0.871793300052629,-9.70697792160452e-05,0.000243219686793821,-8.7521452041442e-05,-2.94742326155166e-05,0.00020245483853829,-0.000130325329425532,-2.36569386375836e-05,7.14818991143827e-05
3.39139047268217e-05,-0.871807420054053,-0.000108014356709418,0.000219453674025913,-8.80216860940573e-05,-5.78722557797458e-05,0.000226864521713785,-0.000130681752239928,-5.72464755364348e-07,4.27693843256325e-05
3.1362194532603e-05,-0.871812460416192,-0.000102915859411762,0.000213128070735247,-0.000114856594797489,-6.70457335082022e-05,0.00020557764868605,-0.000151836617397106,-3.46763960436849e-05,3.33437948846237e-05
2.60182902443301e-05,-0.8718266412848,-9.97006815378126e-05,0.000205192990132965,-9.49184487031869e-05,-6.25332436348988e-05,0.000223971031580387,-0.00013891722695448,-1.68846371042887e-05,2.73245422944395e-05
5.43553800487209e-05,-0.871801473210253,-7.44838951445301e-05,0.000245115089979236,-0.000108004546948328,-5.16990721024628e-05,0.000216882156329271,-0.000123138382436419,1.29853781392597e-05,5.43972728466589e-05
2.12915065429681e-05,-0.871811030697788,-8.02621106284268e-05,0.000236492941067636,-0.000101190457983723,-4.01765195387756e-05,0.000213243755803258,-0.000148895387024634,1.90687616218047e-06,4.95151063419179e-05
6.30423600318872e-05,-0.871778935439001,-6.9537568356923e-05,0.00026000544316613,-8.49815947830623e-05,-4.43787691323047e-05,0.000227036369623222,-0.000129454313583584,-1.80053517684382e-05,7.46244055083107e-05
4.42225510866083e-05,-0.871798849322265,-8.52818602985505e-05,0.000237131136617778,-9.08813242025654e-05,-5.24986343951643e-05,0.000229553726660878,-0.000138587085418235,-4.49790699176207e-06,5.59760782289098e-05
2.27752062129082e-05,-0.871804433214167,-0.000114771310871437,0.00021352007264869,-0.000115781175128011,-5.69016871323203e-05,0.000216002998069695,-0.000153365169331624,1.99505670742544e-06,5.44205276080204e-05
2.84314484659185e-05,-0.871815838881892,-9.93094364797085e-05,0.000222146698147387,-0.000101597892910709,-6.63430218161923e-05,0.000213379169913496,-0.00014707197824248,-1.7356433619656e-05,4.15206124867229e-05
2.29003272828424e-05,-0.871809102121489,-9.86477735221947e-05,0.0002025231134041,-0.000140038314701533,-5.0713525103811e-05,0.000220558140141584,-0.000150303336464266,-4.31478908283672e-05,3.51626375836558e-05
2.51062142952446e-05,-0.871807037956567,-6.7519754194556e-05,0.000235359747034009,-9.30667208126022e-05,-3.343594366747e-05,0.000248442477729533,-0.000122102691519991,2.24675915261297e-06,4.99630445583165e-05
3.19011180095947e-05,-0.871794735756682,-0.000112848885326355,0.000237228637348608,-0.00012742858969991,-5.7549706769074e-05,0.000195246455774958,-0.000161409779894106,-1.55637870964532e-05,3.2217310045019e-05
5.50494586307557e-05,-0.87178730784061,-8.43373277254696e-05,0.000249746303167394,-8.38060683248738e-05,-3.35098640723696e-05,0.000235402454026953,-0.000122646318106482,-6.40275296034417e-06,8.65934021735024e-05
2.72246239182365e-05,-0.871789156136086,-8.23788569526514e-05,0.000255459074049968,-8.86696763704875e-05,-3.9024447751921e-05,0.000239426560975483,-0.00011786970626954,7.53045520450981e-06,6.78680323529146e-05
4.96951852951589e-05,-0.871797305903639,-8.21182829663639e-05,0.000241175057990277,-8.96256025554703e-05,-4.71808545185385e-05,0.000233495296865526,-0.000136000271620745,3.11631608697288e-06,6.27080980160965e-05
4.96951852951589e-05,-0.871797305903639,-8.21182829663639e-05,0.000241175057990277,-8.96256025554703e-05,-4.71808545185385e-05,0.000233495296865526,-0.000136000271620745,3.11631608697288e-06,6.27080980160965e-05
3.55671623421819e-05,-0.871791223996591,-0.000108405765951239,0.000246618820548108,-7.63302528079677e-05,-4.12503531006145e-05,0.00022702410434406,-0.000138466203376774,-6.61622628735185e-06,7.51560691916798e-05
-1.169544685194e-05,-0.871825007908669,-0.000139328875110072,0.000183318878350905,-0.000119102594838818,-7.8488455725295e-05,0.000168188870742514,-0.000199515604287406,-4.262771065373e-05,3.99643556864853e-06
4.47824159825992e-05,-0.87179712383117,-6.79796255562094e-05,0.00024419263885488,-9.73131338060045e-05,-3.80555112824504e-05,0.000243146107405559,-0.000132992122819595,1.03421901824843e-05,4.55779848985368e-05
2.47215253376377e-05,-0.871822592767906,-0.000105295706034372,0.000214742124627066,-0.0001113510099267,-6.84099202361759e-05,0.000211433370107276,-0.000159968451118994,-2.25972247766725e-05,3.94989220575796e-05
2.94757979679326e-05,-0.871812245175608,-0.000109705257017746,0.000218772583408683,-0.000108817529470631,-4.99136268773247e-05,0.000217136672316293,-0.0001649373176945,-1.31136816198845e-05,5.01658563742465e-05
3.56001807821052e-05,-0.871813565976177,-9.59263129243077e-05,0.000225741558363492,-0.000112144609798001,-6.55309183042004e-05,0.000219209973844387,-0.000152809678586066,-2.61727380424629e-05,3.47936427354452e-05
1.87496821801505e-05,-0.871821643412748,-0.000102897136950123,0.000228704846210128,-0.000109554354225057,-6.85583356270694e-05,0.000210761316861368,-0.00014494243682176,-1.24617150494368e-05,5.58990356877229e-05
1.87496821801505e-05,-0.871821643412748,-0.000102897136950123,0.000228704846210128,-0.000109554354225057,-6.85583356270694e-05,0.000210761316861368,-0.00014494243682176,-1.24617150494368e-05,5.58990356877229e-05
5.63019504042331e-05,-0.871802637253403,-9.00327786544757e-05,0.000238431238374203,-9.85385424069797e-05,-2.08541077266436e-05,0.000248581046218164,-0.000105635283708228,3.27809080371723e-05,7.25689062827706e-05
2.41939775968754e-05,-0.871839189111993,-0.00011555307481104,0.000214927303333462,-0.000106238932433947,-6.99527192231549e-05,0.000209047533025141,-0.00014707197824248,-1.89034467940685e-05,1.76966096007698e-05
3.09064277333322e-05,-0.87181882903933,-9.54984800478415e-05,0.00023918554027425,-0.000102590592141455,-6.07679166120392e-05,0.000223992062870024,-0.000137374455829723,-1.80782805040477e-05,5.6873320931848e-05
9.52134996964174e-06,-0.871811607298613,-0.000101873230179589,0.000244210371359246,-0.000111933145726838,-5.1943621420051e-05,0.000206992665027649,-0.000167345186326877,2.21379835621777e-06,3.78140929956298e-05
6.16465861189549e-05,-0.871793618597652,-8.29052783111511e-05,0.000256469824201394,-6.03554445112521e-05,-5.10672750229205e-05,0.000251188701000791,-0.000142236553739121,1.65279432149327e-05,4.71537116841238e-05
1.28616771396471e-05,-0.871844586579413,-0.000133703746550669,0.000211677900515899,-0.000108951830255859,-0.000102813399271824,0.000175147706918265,-0.000173039115522303,-2.91070642592216e-05,4.78990537785471e-06
-9.36631553617088e-06,-0.87184965900791,-0.000137020445003488,0.00017850927428616,-0.000137342201088983,-0.000103390399110542,0.000165903586434215,-0.000185602721465942,-5.6406757868506e-05,1.32832923159044e-06
-8.56927349021956e-06,-0.871847580237259,-0.000127051216007689,0.000187317312401695,-0.000132031874641939,-0.000101229549389159,0.000186237357777327,-0.000174168388429724,-6.33810959428393e-05,6.2896550977777e-06
3.72108638399952e-05,-0.871805025780794,-8.59645548411842e-05,0.000246829776890074,-0.000103619565204605,-1.9592168658839e-05,0.000245563039396124,-0.000160296278171262,-8.68359843861223e-06,5.72283078226516e-05
3.95273786891541e-05,-0.871835126873086,-0.000119251610468961,0.000226583818633459,-0.000120513026499634,-5.97407971520026e-05,0.000202878203987106,-0.000172528773474882,-2.24917367626291e-05,2.88902029103715e-05
1.20578476049527e-05,-0.871832642344047,-0.000136202595132533,0.000222892815863608,-0.000125284828393335,-9.31565167632762e-05,0.000207523675061757,-0.000173993261365872,-2.46929852486555e-05,2.36866299211545e-05
-1.0962325746306e-05,-0.871857581490078,-0.000144532838771556,0.000188214867370642,-0.000138485718131007,-0.000106423096678786,0.000169497745759541,-0.000194226469867518,-5.74024342557348e-05,1.37019204494278e-06
