3.4221414534019e-05,-0.871816220047622,-8.5758942258716e-05,0.000213636894981108,-0.000102770111887709,-7.09739130660415e-05,0.000223353129839085,-0.000149545659779003,-2.0548102936127e-05,5.34835303041e-05
2.40606650411423e-05,-0.871828486683172,-0.000101633445770186,0.000232212045691438,-0.000109386353226089,-8.14751909560306e-05,0.000197126292561258,-0.000143127644275116,-1.41259859627748e-05,1.45644433391871e-05
-9.90921514695452e-07,-0.871826302613566,-0.000122739419256775,0.000232041583409887,-0.000106158169647407,-8.72876613517699e-05,0.000188739878510859,-0.000158600738793285,-1.34961176127387e-05,2.05654196064633e-05
1.45452595201504e-06,-0.871821613973686,-0.000113903136406414,0.000213594210641498,-0.000116414569384433,-6.76597277373831e-05,0.000209217613370426,-0.00017424889294315,-2.7660745460084e-05,4.24872576781634e-05
1.76890310486137e-05,-0.871823842996897,-7.6428604473135e-05,0.000252293155659793,-0.000102174176062134,-8.99619667090084e-05,0.000202014382058343,-0.000152042870672459,-2.60982928725167e-06,5.46666378758527e-05
2.98989412227002e-05,-0.871821613973686,-0.000106329179677533,0.000241887727157432,-0.000100004329805192,-5.99372620530342e-05,0.000214266917856346,-0.000156873345153365,-1.40436213329765e-06,4.56634330805973e-05
5.45143005915624e-05,-0.871795357590359,-8.54434202130442e-05,0.000266503086526294,-7.05790726286209e-05,-4.89971023335399e-05,0.000230677157435588,-0.000152770785258555,2.28542528968854e-05,7.73898962671307e-05
2.53543842774868e-05,-0.871816269168851,-9.48269349711092e-05,0.000224962440588086,-7.55909904686143e-05,-7.55746674675401e-05,0.000244263047979679,-0.000164991394985502,1.95957501348445e-05,6.48307609915669e-05
2.98989412227002e-05,-0.871816010477245,-7.9216609937917e-05,0.000260642286676565,-9.70206498816933e-05,-3.83988226052798e-05,0.000238450428815228,-0.000133899009742427,2.93648370777801e-05,6.08113465383586e-05
3.60592017292152e-07,-0.871854266860962,-0.000143596727881182,0.000184000257380539,-0.000130720101371608,-0.000109181285409823,0.000166345892148529,-0.000192364454731995,-1.35172951263126e-05,2.97448011724458e-06
-7.48346215006627e-06,-0.871857421710286,-0.000122701067630013,0.000213759642964558,-0.000108926549411791,-0.000112165217958612,0.000180739630912447,-0.000172337870726166,-2.2437468416335e-05,9.37190323717826e-06
2.4647664557343e-05,-0.871827581333533,-0.000134287365627352,0.000239363074914471,-0.000129308329053837,-6.23684086573662e-05,0.000198513087860274,-0.000160049520555799,-3.21735613443754e-05,1.80251348418748e-05
4.23198961773165e-05,-0.871819794203501,-8.20030950081622e-05,0.000248784399723782,-8.32959666352462e-05,-5.57897607980403e-05,0.000237599482528074,-0.000159280711391716,2.12424177961051e-05,6.59281923611111e-05
3.01966034618361e-05,-0.871829136980572,-0.000108339514336603,0.000273287482318377,-6.12226878321815e-05,-7.72303549481875e-05,0.000200469096757427,-0.000165700674765518,1.26336915001501e-05,4.40253839308582e-05
4.19707861322383e-05,-0.871816900021316,-8.31809411478513e-05,0.000255502382443785,-8.52755504645756e-05,-7.27832350880224e-05,0.000232056801140919,-0.000162166119311879,2.63335372832914e-05,7.38265256238869e-05
5.5663380801963e-05,-0.871807841799314,-7.04567888870678e-05,0.000273674300185095,-8.72082177545877e-05,-5.17445849114255e-05,0.000242546616268331,-0.000137350117127943,4.18365429621609e-05,7.69713582392171e-05
8.48788535940678e-06,-0.871843122413112,-0.000109219000742699,0.000227022980269608,-0.000108328284838021,-9.13830845186794e-05,0.000203040745419687,-0.000191053510609645,-1.79553119821699e-05,3.71537722415484e-05
1.09253636708744e-05,-0.871861727797744,-0.000122785445450938,0.000214771558884246,-0.000131890586036954,-9.65494616262148e-05,0.000167040340252943,-0.000197873364377882,-1.69070818566702e-05,1.49899520310543e-05
1.15925826426434e-05,-0.87185177903611,-0.00011740360840074,0.000230605212249815,-0.000120775898712962,-8.73949462177603e-05,0.000197149310933541,-0.000177332453558036,-3.0331500178123e-06,3.22661436046725e-05
-2.82926924569929e-06,-0.87185466429072,-0.000121635068729001,0.00021395910297427,-0.000119880509279873,-0.000103599737298404,0.000190736355244432,-0.000192902215574506,-2.56955163077412e-05,1.87419269915257e-05
-6.92265495900693e-06,-0.871849665857884,-0.000117740456478315,0.000218540999739783,-0.000132544280727265,-9.85866031902546e-05,0.000189611707856533,-0.000191252732738921,-2.3071339069311e-05,2.98831707055627e-05
-2.14691830844208e-05,-0.87186275310771,-0.000126309097948262,0.00023446510998045,-0.000116931132719606,-0.000100264363957595,0.000179218137791898,-0.000170389314645301,-3.68158304319642e-05,1.12049047723753e-05
-2.02048170354844e-05,-0.871872168546271,-0.000130586108499497,0.000182354197117953,-0.000127173949092869,-0.000136420216456887,0.00017173502520531,-0.000193927855548208,-2.81266629120733e-05,-1.31503249421387e-06
7.51805378160091e-05,-0.871803359311742,-5.77395666649771e-05,0.000275132878449387,-6.37842138244759e-05,-3.44419852393675e-05,0.000257345436303686,-0.00015098078884175,3.78860445241564e-05,9.07979768165789e-05
1.61739471879732e-05,-0.871868483358695,-0.000119547277310866,0.000218255261625763,-0.000123992812961526,-9.12301950246575e-05,0.000197211701123724,-0.000179679218268569,-1.55325372636611e-05,1.44834011375541e-05
1.22654293567482e-05,-0.871848595853087,-0.000119242509386781,0.00022456702652597,-0.000126343443800982,-0.000100822604578144,0.000195898082910419,-0.000193357100049374,-5.85252539996663e-06,2.88157895445258e-05
1.22654293567482e-05,-0.871848595853087,-0.000119242509386781,0.00022456702652597,-0.000126343443800982,-0.000100822604578144,0.000195898082910419,-0.000193357100049374,-5.85252539996663e-06,2.88157895445258e-05
1.2303610689942e-05,-0.871831623924878,-0.000109586805454669,0.000235209337823386,-0.000131970074850659,-7.31813979963362e-05,0.000211296127454364,-0.000201126273477256,-1.76599020287774e-05,2.92157134760502e-05
3.71082606734107e-05,-0.871828503821712,-0.00010511152812554,0.000254913074265158,-0.00010605971258723,-8.21729313528107e-05,0.000229328167909005,-0.000171638595109971,4.88162058224242e-06,4.84665282194266e-05
1.86513533066265e-05,-0.871824596348757,-9.95045321725925e-05,0.000240799544671064,-0.000115692250202721,-0.000109600518083087,0.000218866250129151,-0.000198037352439388,4.79677506490635e-06,3.36788019505442e-05
-8.96210250781304e-06,-0.871854106522621,-0.000131233813745887,0.000209054346005618,-0.000130703325419722,-0.000121430719115006,0.000180794807061469,-0.000203041350269693,-3.56464127452653e-05,2.55071536541994e-06
-2.88802590234331e-05,-0.871864941139654,-0.000143684645738047,0.000213800363843627,-0.000125136252509227,-0.000116018193953667,0.000158489414112856,-0.000198521153924001,-4.20671070973215e-05,-8.48738272271446e-06
-7.44533059494311e-06,-0.871852840923133,-0.000140289701002128,0.000210219671000956,-0.000138474764329675,-0.000111649640062576,0.000181012487094697,-0.000207175379128852,-3.82105565104491e-05,1.57358720119289e-05
1.22189022707765e-05,-0.87186662045938,-9.82576678291574e-05,0.00023325151418752,-0.000143839513412094,-9.12356575612052e-05,0.000189371378774974,-0.000197570097016609,-5.63491434236887e-06,8.56159970047399e-06
1.30421543011947e-05,-0.871833439329543,-0.000112368465223956,0.00024805818952932,-0.000139284512142877,-9.95852055201867e-05,0.000220478209589031,-0.00018377228755539,-1.11424507284619e-05,4.26648659113311e-05
2.80444400396875e-06,-0.871875413482987,-0.000122509625822635,0.000210587303126786,-0.000137117663485055,-9.78680210171112e-05,0.000195769640523635,-0.000202982943652905,-2.76564750796216e-05,1.94631078584678e-05
-2.2462042531896e-05,-0.871871361311428,-0.000116786678446851,0.000230603110478325,-0.000132247288797039,-0.000122517825047073,0.0001809343430967,-0.000186608951420882,-3.423022720074e-05,4.56650232445455e-05
2.19815743326448e-06,-0.87185024283319,-0.000118004269900378,0.000241806292321359,-0.000150296301019104,-0.000113475874457337,0.000184131141037036,-0.000198119104103236,-3.06140797337804e-06,2.44153179162789e-05
1.93399787239529e-05,-0.871852742427903,-0.000124764384182833,0.000223827501789886,-0.000114309872809383,-7.63062940124509e-05,0.000210756442977832,-0.00022351288169619,-8.18754290611738e-06,4.74943959747599e-05
-1.13952553051524e-05,-0.871893098718064,-0.000146897676609602,0.000212785181766015,-0.000135353748054847,-0.000118728434319603,0.000166442501912646,-0.000211405681455103,-2.31064939925418e-05,-1.32877735350084e-05
