-9.22703345363851,-2.46773484597974,4.34286779344357,6.97923297604569,10.3130307516966,-7.51755739329592,8.07424445289468,3.10892467219314,-10.7742413716082,0.48170351238107
6.17412959816731,-2.30108927318348,-2.27862972270079,8.54140705201912,-12.7759871605187,-14.9833522425619,3.90566977360589,7.06011158203497,5.74755293505378,1.16307535578933
7.29293396412987,-0.32317145032091,1.70459767352058,-5.70747482124943,8.5355426730175,-16.9388163589379,-3.90064390601833,-7.08019147196531,3.78334892810394,-8.00809673922977
2.72283955272072,6.23178548677659,5.00073151247792,4.67384985812389,-1.02266302164315,-15.5215729021092,-15.1421974427675,12.2735748848939,1.07451378050828,-1.4578687418922
-11.8117061700713,-8.29925070351199,-8.20340960733968,10.7962469359425,-2.15370406724178,-7.40900143639594,-2.3833973922542,-11.4038889636576,-5.93752948584747,8.48888641498294
-4.03088393564566,-4.40976182927854,12.1862147841199,-11.5912392873232,-3.13643937658017,-15.8731467136797,8.37102042533623,-2.3565825305213,8.87558102401844,3.49562620309118
11.1285620750082,-11.6054125785324,-3.90827832617503,0.404292537848843,-13.4822422070247,-12.3760714806974,7.27371800944129,-3.31084090858679,4.14459071198387,-8.15651242847916
-8.99130605404747,22.0843955868573,15.8586133272969,-18.8881243592373,6.85545482207646,-18.2907304241309,19.9442663738369,-1.82192596127466,7.12551062362493,-3.95677869777646
-5.01617841128113,-11.5049918580519,-2.6895258576913,11.9391249512746,-7.108721744301,-19.8404670450572,-11.6661738518211,21.3493543919936,-8.23673585651595,14.689781087866
18.9953051235449,0.761180914739185,-14.7049413390075,-1.50589666697362,-0.40212920369455,-6.34289647260553,11.5948676489418,-4.37929799891744,24.589333317091,-6.92732823558243
4.96225391490078,17.3322355350299,2.3419219444775,15.9483448608308,-15.8340453933126,-13.8317078289708,-14.3469982800328,18.3221333820802,11.3717213719785,5.47066128543507
-8.10619135670597,2.21170872331616,-27.6417744935712,3.93967105768761,-20.8119107313844,-2.69763123363773,-2.64164933184873,19.3924823498815,0.323783523613514,7.30855895774018
-2.20600529206813,-14.1764883716209,-0.922369478550639,2.51856680104005,4.24440376083808,-5.60995785437412,-32,14.3806367639027,-14.3691308336165,-2.62613584473672
1.38541775319258,-4.51250058037515,0.789385809507152,-21.3630625469098,13.8131758560841,18.8357799568982,6.33193274065119,10.9678291172713,21.9352639647849,-16.9144347880962
-4.2231044266692,-9.14036744738968,13.990579864464,13.3663888876131,15.5311729471638,-6.17793020923737,-19.6317611336665,-20.6215200885057,2.26999784267027,-11.4198027064379
11.9792816699212,10.9819104979894,9.57059600225279,-24.3152432462068,3.2864007448373,-1.60616979429931,-10.5181970974295,6.41098930508579,20.6973204358963,-14.8859958204395
-32,-14.8444687308619,-16.0415935148186,0.763825398568834,-9.24236145824015,-32,-4.85935648929656,-19.122067462455,-32,-5.19340444601622
-8.70706603587013,6.2245208573714,20.5934865624095,-8.64080815458276,-10.0490727115979,-14.029725449847,-29.0435010488755,5.227500835727,18.3288034735585,-8.12661525774829
17.3645211690717,3.04551397883159,6.75696412120043,-17.9987616525096,-13.0621592178664,20.0522293549315,-12.7865208579832,2.78176246239462,19.2545158261514,-26.4004446384701
-4.19052958213102,10.4149853105838,19.6468328336055,5.12705505089164,-25.8607347090541,-27.8465542143642,-2.61616099230528,17.1843647180264,8.14082773955703,5.00225214442772
-11.0455690344797,21.5817499846462,-24.2436003015267,9.44506510255673,7.58988371676354,2.44361124425428,1.13527510140925,-21.3532288228249,6.43987467187543,-2.88678001389527
-24.7050008407328,24.3145711691466,-25.083918542115,4.16808665329949,9.96651153373428,-7.83091721125886,17.059848100538,3.24229019019617,-23.5484718545928,-8.92894015014024
4.17111778563683,15.0707851332307,-2.35001007856271,-17.0508870083476,23.7931287849591,-32,-1.14802488078553,8.68423504639396,19.1078601372294,19.5357011509166
9.6254196436139,-10.8339640331436,-9.55799095787949,12.4089642459143,-24.5293112993944,-14.4451315830146,22.9535369899793,1.84664827917607,10.4205920895993,3.78401945347085
-18.190529582131,-10.9668328712344,8.44683283360554,-10.879409595573,-15.9391660816032,-32,-32,-10.6051089661842,-3.93536273663344,-27.189511211431
-13.3199316370795,-2.79650898593382,-3.79047520635734,2.14213663929617,-20.7333034698436,-28.8515099024814,6.46732103248064,9.29457572377812,-20.1874088569839,16.4084709053183
32,26.143355171261,16.0070845630135,29.8747403853525,7.22401283948125,2.24741698820729,29.048526916463,18.4886830106064,32,9.99066156268588
11.863028375539,-6.87812838741841,-1.59153616543676,-16.0887995006228,18.0937483676782,-18.3560598157665,7.34090963073086,-26.4339578288245,6.4921840756996,-14.5583247365674
-12.0848231285658,-22.8016975619492,-30.9792796869267,-28.1879455416124,-32,-10.7421930869665,-20.0338611657764,-3.57976666927874,-32,-32
32,32,24.7234707248952,17.8922773541716,8.95808147932359,-12.2856735305698,-13.1776545104152,32,25.7745268038961,13.7840671639885
0.780304856689703,-22.3262707428759,30.6444253284891,-7.58966176610355,17.9878795065781,-11.7119000124296,8.16395857316025,5.37957584353722,14.1311937220741,3.62372432267772
15.9234484824712,22.8384193572949,-15.2181976875552,15.6546074096359,-3.00127998712106,23.326668403325,-5.61433104938236,28.2052504629263,12.7932150098722,14.8988972029774
-32,-27.7782528949536,-32,-27.6932395420942,-32,-32,-32,-16.1669713826123,-31.3008513479391,-29.074654892076
8.28663786084469,32,5.77310955862552,-8.44062743062388,-2.42189087866667,-7.33856891372784,-23.0361588104242,-3.18089677829396,10.7384791809729,-22.5591102001152
-7.67003691262149,-32,-23.1913753265039,-10.0951898127166,-32,-32,-32,-23.2193632360973,-32,-27.3575644161653
2.82986623127702,-1.1276183507477,24.6428121415165,3.25124727266766,-0.632140769170448,30.2086464119884,-2.98404356057216,20.1297456766661,18.0986432265864,31.6660114381697
22.2781632940012,-5.37492884403257,19.1696000295157,-2.71351660563796,4.02613893666826,-7.97137485308613,24.2136447354999,25.6104074308946,-7.87866276078003,30.8024886560481
32,32,20.9669489857648,15.1395891821286,27.1958437170858,-16.3316505420641,6.55567882291817,32,15.2983363277056,20.1213220659493
8.08237749192912,-5.27941479428691,-8.61664184229659,-4.0884316583146,-26.0198158755989,25.0728044758844,-31.4098494931278,-30.6924819960643,5.18770605663391,-15.7965346361638
-32,-32,-27.6571322065564,-25.0207670239543,-21.6869692483034,-32,-23.9257555471053,-28.8910753278069,-32,-31.5182964876189
