0.551448797285437,-1.97252092228233,-1.81968347948051,-0.831645807126152,1.11925083176502,-1.34059557153532,-0.827587808962353,1.05627534663056,0.0350965364585307,0.299720301344147
-0.125690418635021,-2.15710107459416,-0.182203706727893,-0.0582839561576746,-1.83230433524613,-0.597249982481729,-1.43368517243546,1.14219115180631,0.588846364584345,0.712792756049085
0.272298101500953,-2.19183933325228,-0.0361416573179985,0.139602033006069,-0.849773613077001,-0.907796187011792,0.223215609841066,3.14429246361319,-0.904908648918705,0.739943780935621
1.1484198851949,-2.22861696792803,0.0139673208176385,-0.767442413999056,1.16550556671255,-0.680031472737295,0.556167497493023,2.08726507854975,-0.237808758817652,1.64044760720437
0.922331498595821,-2.39915245506919,0.621223517388987,0.672855751299521,-1.45972024028713,-1.67803620280237,0.91473884944669,1.26083307954705,0.0145308065695392,-0.241806702050503
-0.32259616744129,-2.83034183435294,0.712666001275248,-0.779905670674202,-1.18844754488108,-0.502201532155128,-1.25738539558396,1.80539435683507,-0.685344743496886,-0.213810432110632
0.345649490857695,-1.89030749242518,-0.245412614981036,-0.581061107259976,-0.223895140635528,-0.729748319894907,0.355479302513477,3.14573553043526,-1.43357603772754,0.100642486377051
-0.227141595762726,-2.71083638617765,1.04459273210451,-1.21436702618318,-0.697613380343627,-1.0022348626786,-0.141031349881828,1.61122423343449,-2.30556497270282,-0.909684142750929
-1.0695260273942,-3.35490818424926,1.17495098579172,-1.17721182631323,0.287329969293713,-0.842692948033658,-0.281579996451677,2.24328566895925,-0.578692028469755,1.28970077714568
1.24389510489278,-1.40545900757669,1.27839690882849,0.841161114962246,0.92482280808242,-0.385662298389531,1.75035109738527,3.64769631474899,0.250634488588248,1.16730915304372
1.09723357928711,-3.13696613429187,-0.420160400978959,-0.85976625170411,-0.774048351891043,-1.40034960230127,0.104269132957735,3.45693640870772,-0.729054382399122,0.161360006966375
1.07366914576091,-1.97060824953651,1.25073473938977,0.799853299266314,0.944119467706625,-0.32279388078427,-0.235390969006209,3.89760529301026,0.752941323816829,2.70717108060241
1.24950582934092,-1.38676710482359,1.63668499945486,-1.30520418028128,0.752618739919082,0.580750775952504,1.93359193083387,3.57607349047964,1.07043803738976,-0.170654306073344
-1.29603608231007,-3.84903455319487,-1.66464315172387,-1.26041151386471,-1.89706128060177,-1.26507385523884,-0.308599728173753,0.839561328614766,-1.14844121882337,0.601486568243327
-1.33434709560222,-3.96218066979424,-0.188094364819988,-1.28722449724796,-0.986787122653066,-2.53193864705095,-1.28048260037091,1.93243724502238,-1.12356868108904,-0.102942569388769
-0.0472440131720795,-3.00409986965075,-1.29481575461279,-2.27757173305208,-1.4139869221179,-1.95011938105912,-1.28591038960751,1.61045159184129,-1.48710897732593,-0.339344026141233
0.353824780577267,-2.93086674850532,0.319435805408814,-2.18403792619766,0.549511889986548,-1.08945827557406,1.30533638297929,3.50695715615765,-0.210691639294492,-0.117718243358191
1.83683184847189,-2.67192988327161,0.753040821082794,-0.464615286917713,0.325989307843276,0.200355640997069,1.17529664094555,3.4704390652785,-0.866077973276822,1.40629562272464
1.43978736276263,-0.0226539528631109,1.88664061021114,1.56095844461686,0.261890329024767,-0.376043412078154,0.938265925224851,4.1269133780225,1.2190318556175,1.52104750824317
2.09408315144228,-1.27580654232409,1.40789883526142,0.263943841904,1.51597448560514,0.41672304083221,1.75098538795147,3.58500811231487,-0.183156733852071,0.446030944375024
0.504485676563888,-3.15984148850769,-0.920538809264432,-1.32101031926908,1.10707784279085,-1.03518226333805,1.50860122029186,3.30386581645095,-0.323568681089037,1.55631668987049
-0.499168151528109,-3.69753730887903,-1.49502640580796,-0.971384124721033,0.407470789324757,-3.03645135233166,0.108212165165418,2.20229091713035,-0.654437761636611,-0.937233789040065
2.72577583734045,-0.412392298278521,2.2268621395237,1.20565527699564,1.03885861130969,-0.0283837070491242,0.397232648768131,4.18009964569805,0.263364648147964,1.19964419686067
0.551453697211387,-2.48544969679142,-0.730133782091808,-1.49421798052041,-0.252432592317755,-1.86463291735533,-0.927394870441617,3.76183421983155,-1.76304767024652,0.248200384629403
-0.462239899614988,-3.29874686905508,0.0381015226858306,-1.49879476572666,-0.0323720574445605,-3.02383182241786,-0.49017917044285,1.09698314236771,-3.03725203191144,0.474431538772488
-0.85595861012197,-3.93743320298408,-3.02044538424241,-1.45705891253926,-0.872187980318954,-3.04022927116901,-0.69302370639825,1.96649756885278,-1.13155342177037,0.105100418303211
-0.173836841060578,-2.47591490565084,2.19651189116231,-1.22152832397385,-1.22552344824609,-1.03718240198067,1.67625087762185,3.51028620586882,-0.326570824634583,1.43298881409151
1.45587978567456,-2.01629210797069,2.17356751678955,0.321370859635321,1.20403941780735,-1.32167847772359,-0.0796136518467245,4.76515839575901,0.248432964226156,0.104006559809362
2.16706009003536,-1.20568425589341,2.41997394354448,1.16173817171238,1.05908331148091,-0.556556232590975,1.15159925855818,4.14596099707012,1.14001950993849,1.68616618729374
-0.284636831012765,-4.3791012763409,-0.877568024154133,-1.04437620478113,-1.11286638611586,-2.47490266879249,-0.67950493153891,1.3328862981302,-1.95311820234474,-1.21734200704605
-0.250872978781218,-4.33333226387343,-0.19768631324181,-1.72979096950839,-1.00037813994888,-2.44518704317743,-0.454194387809627,0.528970372375341,-2.07210918123368,0.959497548947189
-0.649407777316017,-3.60616380509206,-1.47768631324181,-2.78899842871585,-1.58219632176706,-2.93280609079648,-1.27470720832245,0.945597823355733,-0.878679229542855,-0.0459250985807211
-1.2775299626036,-3.47137120800076,0.0233964448526121,-1.92554240470192,-2.35206218737371,-2.98915195117086,-2.20848082544999,1.03163498784158,-1.34568591303063,-0.396002720610068
-1.58294329593178,-3.24875172507185,-0.801446691622537,-1.58851944577171,-1.34070770619657,-2.2157109133243,-2.29989287150197,0.477518439866624,-2.39868666582451,-0.78328915842491
2.54330216701512,-0.625398696834016,1.74791930117455,0.763292984648901,0.332084994499821,0.0155787105659255,2.00497449286241,4.21743922735686,1.03621583877422,3.04688629820634
0.500711599005103,-4.00767697074624,-0.464665346106009,-1.28940711185263,-0.523005191704849,-2.38506118985946,-0.582100376858437,3.27507253065515,-1.54027174359866,-0.310110192165386
2.09756580348181,0.289606037581245,2.39160253896512,1.60997558793575,0.858045792905646,-0.069769712790978,2.26087549784158,5.4385856458924,1.61445377988747,1.64776254610663
-1.83071530911271,-4.50200114404823,-1.79996100913503,-2.39961859481621,-1.32567800672147,-2.07670376596131,-1.7701423004616,1.4705668342653,-3.31561981439953,-1.95834247144052
-1.8994473891242,-4.09535871302724,-2.01300777271226,-1.49660391341918,-2.12634042363332,-3.78840278526559,-1.32688871249722,1.28960546736764,-3.55225354288038,-2.03805489982168
-1.56275880855974,-4.45151914936864,-1.63085864583526,-2.47856786347175,-2.7609147312844,-3.51267402894184,-1.88056214495735,0.109372496160095,-2.82798784804345,-1.56360742923551
