-0.967049744754316,-1.39545314815033,3.02373273348208,0.635879077398126,9.42428671235705,-12.2281868761169,2.08680027343817,-1.98563339988608,-3.49544622175213,-3.76319661342435
-8.96704974475432,1.87839300569583,12.4681771779265,-0.830787589268539,0.131979020049361,-10.7736414215714,-10.4846282979904,4.16821275396007,3.77728105097514,-3.82245587268361
-6.72506894015385,-5.80405114668471,9.1667238289538,10.1728109318294,12.9221018494302,-6.84774380126665,-5.77875834038591,-8.7562977081563,-4.25212176446897,-5.46904959702843
-9.22703345363851,-2.46773484597974,4.34286779344357,6.97923297604569,10.3130307516966,-7.51755739329592,8.07424445289468,3.10892467219314,-10.7742413716082,0.48170351238107
-1.44853518313,10.3523394735619,-6.3766347189111,29.2112523508953,-8.55777033843741,2.50209086856943,-1.29621110688599,0.126598899866101,10.6128793141959,-4.02616574600976
3.19237790149825,7.42054282692549,1.86311297557349,18.0854006588655,-1.45339256195115,14.1109568746276,17.9618271095131,-12.4584453286022,23.2067323425129,-6.81531029873349
11.3066770915922,-1.23262257525614,-8.96660950437954,22.6716344612412,0.477657404985749,-10.6124496836196,-12.889869451497,-2.65103455026156,-18.652121764469,10.941206813228
-20.266626993663,-11.9360952433566,-10.1598481235086,0.747569695107146,13.4045010261486,-14.3526115384459,7.36921932640608,-9.06095811819683,-2.70530152028836,19.8147694549944
2.65921054590802,-1.99577218489463,-4.57586084116505,5.13348515316122,-12.3806979007439,-19.1973312404073,0.358439898775993,-8.04553766390343,-27.0712858552846,-17.3348508471985
-11.5127477393528,-17.0131893914343,-0.990465539889758,-7.95410035728765,-2.4869692483034,-22.9249648007033,-6.85908888043866,-17.3710753278069,-19.5015140988809,-1.29607426539671
6.12804939223102,17.5242821900816,-7.31447315922746,2.24513888695825,24.0116901073403,-3.74446612319102,16.6995001497528,2.07395176582957,-19.4014145849347,11.2574806995992
8.40791786135781,18.6500967264224,7.81420492597237,-14.0287579764123,5.56958484418243,-9.26025559687524,3.05303550328819,11.0580787499566,-28.6788330185751,10.7849532270717
-15.264012313195,-22.7480138077255,-9.75246534421052,-2.06333184546397,-0.561790605309319,-13.3302269329507,-6.16544394908174,-4.80909970684041,-22.4257873605919,-9.62281236160068
6.17412959816731,-2.30108927318348,-2.27862972270079,8.54140705201912,-12.7759871605187,-14.9833522425619,3.90566977360589,7.06011158203497,5.74755293505378,1.16307535578933
7.29293396412987,-0.32317145032091,1.70459767352058,-5.70747482124943,8.5355426730175,-16.9388163589379,-3.90064390601833,-7.08019147196531,3.78334892810394,-8.00809673922977
2.72283955272072,6.23178548677659,5.00073151247792,4.67384985812389,-1.02266302164315,-15.5215729021092,-15.1421974427675,12.2735748848939,1.07451378050828,-1.4578687418922
-11.8117061700713,-8.29925070351199,-8.20340960733968,10.7962469359425,-2.15370406724178,-7.40900143639594,-2.3833973922542,-11.4038889636576,-5.93752948584747,8.48888641498294
-8.32942848337814,-32,-15.5194918617682,12.2086119706806,-4.54045432112139,-0.0664710043402685,-26.4390682497431,-3.07418947165398,-6.84166614034956,7.00651399255234
-29.9923814418188,-27.145641020565,-15.744296297099,2.0822332218762,2.35564033319042,-7.9550619716611,-14.096211106886,-10.0787486937168,-22.0531675840938,-24.4568315507932
-4.03088393564566,-4.40976182927854,12.1862147841199,-11.5912392873232,-3.13643937658017,-15.8731467136797,8.37102042533623,-2.3565825305213,8.87558102401844,3.49562620309118
11.1285620750082,-11.6054125785324,-3.90827832617503,0.404292537848843,-13.4822422070247,-12.3760714806974,7.27371800944129,-3.31084090858679,4.14459071198387,-8.15651242847916
-2.79778893533693,-24.5429121739952,-2.45503280803417,-13.5910820581575,-15.0950210938383,-15.2285302604643,-6.55530965560073,-4.84004301136054,-17.0384604678559,-24.8021461540292
-8.99130605404747,22.0843955868573,15.8586133272969,-18.8881243592373,6.85545482207646,-18.2907304241309,19.9442663738369,-1.82192596127466,7.12551062362493,-3.95677869777646
-5.01617841128113,-11.5049918580519,-2.6895258576913,11.9391249512746,-7.108721744301,-19.8404670450572,-11.6661738518211,21.3493543919936,-8.23673585651595,14.689781087866
-11.1003830780876,0.278393005695825,-6.19848948874015,-16.8307875892685,-19.5603286722583,-24.1069747549048,-21.1512949646571,-2.56862935130309,-19.8016663174459,-21.8224558726836
-32,-25.6984748563745,-31.0035711425596,-32,-14.9469202316721,-32,-28.5368902139454,-26.1034201407065,-27.8331906171894,-21.9912976683512
18.9953051235449,0.761180914739185,-14.7049413390075,-1.50589666697362,-0.40212920369455,-6.34289647260553,11.5948676489418,-4.37929799891744,24.589333317091,-6.92732823558243
4.96225391490078,17.3322355350299,2.3419219444775,15.9483448608308,-15.8340453933126,-13.8317078289708,-14.3469982800328,18.3221333820802,11.3717213719785,5.47066128543507
-32,4.7556987914914,-3.07573002786506,-28.3544456915958,-15.4157572131135,-12.9041439087134,8.00925541336579,-27.8009450889852,-29.8243653739916,-4.10790796306806
28.8014163888193,6.85097205028493,32,22.1819067910233,26.9942911451092,32,30.2784337794946,25.8415573966518,9.30925975101852,32
13.9065100072146,-8.22829357092714,-16.5856571234272,31.5061442651627,-6.95254202521369,-25.1334580869809,9.43863296396192,-32,-12.0743439866912,-8.1357162636951
1.72365153461471,2.00112260986952,-5.33027090694805,9.95440662266078,-24.7512545321687,-5.55851751008402,32,-3.79192659017666,11.5217616300957,29.3741838525709
-8.10619135670597,2.21170872331616,-27.6417744935712,3.93967105768761,-20.8119107313844,-2.69763123363773,-2.64164933184873,19.3924823498815,0.323783523613514,7.30855895774018
-2.20600529206813,-14.1764883716209,-0.922369478550639,2.51856680104005,4.24440376083808,-5.60995785437412,-32,14.3806367639027,-14.3691308336165,-2.62613584473672
1.38541775319258,-4.51250058037515,0.789385809507152,-21.3630625469098,13.8131758560841,18.8357799568982,6.33193274065119,10.9678291172713,21.9352639647849,-16.9144347880962
32,32,32,26.490235661768,30.6254357669151,32,29.6438617974558,32,32,19.0406294369555
20.6000858122488,0.650563110901157,-6.88758730453855,13.3669692863165,7.40586669730811,26.5664434170707,-2.94052979284381,-16.7547416248985,13.7445474685633,-29.0974155618914
-32,32,6.87926337558809,-8.78340651625435,-11.7402720890782,-26.5369730745208,24.0333312057234,-13.4510645421594,11.8518642691812,1.3520835979824
-29.5024056157081,-32,-28.7237988732231,-10.087433690621,-19.6869692483034,-32,-32,-16.7310753278069,-32,-18.8867175402505
-4.2231044266692,-9.14036744738968,13.990579864464,13.3663888876131,15.5311729471638,-6.17793020923737,-19.6317611336665,-20.6215200885057,2.26999784267027,-11.4198027064379
