0.876547048632321,-0.960761902932848,-0.0300956083345973,0.468671059063608,-0.00229846185138949,-0.33368440235117,-0.0871656432947125,-0.232406029123508,0.0775002957680273,-0.487205536825839
0.225179916695793,-1.80295041858475,-0.119211580723756,-0.3414993623543,0.46385764235501,0.389740733164121,0.226895805270234,0.033515768505768,-0.220137981663175,0.0626997318148017
0.567218017587582,-1.40168238255044,-0.0908769715966886,-0.0129962990954005,0.504108470545642,0.161937137847781,0.0939648046616646,0.863686225000338,-0.454058345634594,0.324400384752918
0.991603176847206,-1.34935170536096,0.526869725699107,0.227177855909144,0.835211462475434,-0.170329712053633,-0.0350727132447739,0.539199374379127,-0.0253365178551697,-0.457420433759274
0.238094117913263,-1.88914160376893,0.546344628926989,-0.337986030536853,1.22698297287039,-0.220092480714075,0.909777657805708,0.0140210856990726,-0.157131456910283,-0.566240225454099
0.0069641212589715,-1.81650745203006,-0.268091854217032,0.892384283992582,0.95428453572308,0.14681191940988,-0.753996260180655,0.675211763142939,-0.0210581308676379,-1.44709698677449
0.708955696564199,-1.27907576501938,-0.342921438389063,0.84810271910384,0.760343417671181,1.13519933817835,0.900558918996913,-0.305104569111686,-1.04291215116797,-0.787646576277053
0.953906369380103,-1.53926728768821,-0.790879389336433,-0.202811422373621,0.267980814492635,-1.13256670774353,-0.24675926660683,0.790644854716894,-0.783820387686391,-1.16029129888295
0.977409428727576,-1.01556356765142,0.0791606127305275,-0.373957671172294,-0.169836877460654,-1.7289513858725,-1.39725792785375,-0.0343375350886913,-0.558448328413342,-1.16023933395196
1.59312458873927,-2.10585994214853,0.365198509312462,0.942111344268599,0.0499891198479567,0.594420172812229,-0.207466395174412,0.0670592115182027,-0.148478218242941,-0.401343823719544
0.873631646970266,-1.48509520102332,1.09822400310649,0.30069027718084,0.433513691580749,-0.92706014540094,0.222643613620353,1.63609038663335,-0.262930430739437,-0.30718227033934
1.12010751683082,-1.23348812017211,0.696780021288656,1.04933425875458,1.3709144016946,1.23371172915966,0.591339951608439,1.25521088455653,-0.146039556211265,0.0573213306127862
1.41937561116533,-1.03740968879956,1.21014900524588,0.160445369865692,1.27218959708744,-0.25235638229545,0.13120923265419,1.82205580434263,0.969428853374792,0.761558270143843
1.12898220905725,-1.77725751325665,-0.357656708450132,-0.798200914242699,0.451690451898686,-0.486510601070833,0.427265068977794,1.27618304712534,0.380473766695151,0.224335787300401
0.821351107963373,-1.43959898827128,-0.799793635635485,1.38350839217612,0.22682753543094,-0.862103723730716,0.312231218975547,1.49654850353729,0.0616208757389075,0.833435555358603
0.541925554003064,-0.900776162811698,-0.525219071174431,-0.861514209587245,0.790835544563429,0.552223046522511,-1.51103201887675,1.64610981223149,-0.31416216047634,0.286686504197827
1.92536229955499,-1.05327561280416,0.470578585667515,0.108117168545972,1.23600417738888,1.09862871781462,0.830626413515609,1.57735951771358,1.00792474708731,0.469860083975593
1.92536229955499,-1.05327561280416,0.470578585667515,0.108117168545972,1.23600417738888,1.09862871781462,0.830626413515609,1.57735951771358,1.00792474708731,0.469860083975593
-0.116472327112897,-1.72624056973718,-1.06751102378777,-1.28470016218946,0.950911785896311,-1.6898596206627,0.777143435284673,1.35595839032949,0.742404301174183,-0.269798415630026
1.64514415166937,-1.7723524022173,0.985980738712461,0.143121560146905,1.69607945453084,-0.779935251488221,-0.78351860704452,1.16186936034041,0.645879632275436,-1.07279630080519
1.02372588447778,-1.78717378260351,-0.779874909053493,-0.744901547759194,0.175977962905799,-2.06326857743532,-1.50013559470234,-1.12364406512465,-1.23088804601231,-0.754618544500648
0.872512390529464,-1.71718753918649,-0.0628200105241615,-1.71063032286029,-0.621002044232272,-1.06202817755173,-2.04542767935405,-0.0795937281674578,-1.48939867824598,-1.38203698222449
-0.0836644327133069,-2.74685696951187,-2.01463176682182,-1.96004126637307,-0.779447294307971,-1.77542111798891,-0.662632475079472,-1.00698220925131,-0.541018158718865,-1.18201561020016
-0.829637185930571,-2.83611529516731,-1.35787513595078,-0.501951227989989,-0.204086505000902,-1.10809004137443,-1.90432305756628,-0.750813192293781,-1.65243067988725,-1.80908793700073
3.09437221421378,0.523994096476743,1.28002709434695,0.934894592290975,1.1553125036642,0.606433935037287,1.46378245395599,2.00469787373536,1.16747455945015,0.741075378278562
0.885598228036759,-3.20294063751141,-1.77462781843589,0.686758622815109,-0.334172646309495,-0.19123859635558,-0.502338686395908,-1.09356254215031,1.44225972277317,-2.00487927892397
-0.887901219685054,-3.22756743996566,-0.724463225366465,-0.357001301799426,-0.681844717108188,-0.981451433469472,-1.5751242659988,-1.58939493006657,-0.732448621849153,-1.95513740966809
-0.303495149372599,-2.40380687175413,-1.13100248404833,-1.3589698626662,0.254909294914361,-1.43934381761247,-1.64627469663991,-0.164688130781042,-1.82023933455103,-2.15512193198286
3.18563781136173,0.580653549555633,1.39418269206991,0.244698513859603,1.27295956248773,0.431838879623817,1.586013164422,2.25219242711226,0.630049154505559,0.023988543544668
-0.791340572413612,-3.35822015004612,-1.22513956628193,-0.715298926139237,-1.27526253124746,-1.14075246856931,-1.26785462824016,-1.62900669194429,-1.32039511695385,-1.28010052755453
2.42146951778167,-0.328536453059975,1.64880536614852,1.91153568351007,1.43592981706459,1.88008377946512,1.10538993870073,2.07387939066774,1.93521332821193,0.786908907638053
1.41470670547214,0.158537111249798,0.838203295421771,2.23601668644851,2.34262629776726,1.75029775818984,1.10744164831608,2.20717000098353,0.53109873187746,1.64189245515613
0.0534000856218984,-3.15274455908004,-0.249907555999364,-1.09870850521257,-0.793760117661673,-1.85615008524781,-1.56421798356932,-1.62680166362473,-0.653150749107887,-3.28592503055796
-1.03352478654829,-3.31320599465134,-2.24273033464669,-1.09230427373282,-0.567470323455254,-1.5083188890769,-0.776355930859114,-1.49442558677495,-1.80975622024684,-1.37546213354841
-1.01941648137198,-2.81264938058988,-1.37393285963861,-1.95395024569498,-0.679464833162482,-1.86823661598917,-1.44408375844302,-0.345916533781877,-1.54196512153883,-2.68023405515583
-1.49391451519517,-3.23617876432187,-2.07160733999429,-1.09230427373282,-0.383184021521893,-0.607671548801081,-1.57374155177415,-1.41599421422593,-2.4084909086302,-1.16784967680101
3.26423745299033,-0.302684951809808,2.20874868580516,1.98938620240214,2.85740514251213,0.0651828777615803,1.54237287760408,0.611165932027877,2.21297028921329,0.504039295194659
1.30369614740276,0.500783100554611,1.55121577314013,3.03687230142178,3.0115997695089,1.35344842016403,1.71558644469617,2.17007930263522,0.315483758615428,1.76089177902361
3.24770234545284,0.284588743846364,1.54007946899058,1.65812177081087,3.26889485622543,1.9434299125171,1.20005981026251,2.74338928205596,2.06236917757515,1.29401881715305
3.13743578114481,0.611993216513474,2.52206178713416,1.97675514109387,3.09151022625734,1.57331564519765,1.83373608943032,3.01524378519818,1.7830245320997,1.49714814748383
