2.6035399267065,-1.8482712106669,0.372551505390646,4.58864306470863,-1.67585022408085,-13.6057695593394,2.99623502352203,2.53723909107444,1.12605335665083,-1.30006062881751
1.11266407837196,3.01254483938759,2.44342285452779,9.36063986813183,3.98544707520295,0.941384999255344,10.0243136914756,-7.22203936424417,9.85564306038036,-5.28925345607892
-12.7494833446342,-4.54496782165997,-3.82146696659229,-8.28341475809696,2.20928892873314,-6.11409343805845,4.98261702646638,-1.40537133495046,-10.8073789496525,-3.33614376125763
-2.99161407801772,-6.4502225031011,0.167103437895392,6.28750201433636,1.15778248402803,-16.034326960587,-4.78968678919144,9.68186049605375,-5.86609103913404,5.46329223722083
-8.11553102897463,-12.0717334779379,-3.36436630536422,-0.713726384032917,4.43124805352387,-12.7792069045338,-2.03932183782179,-3.39736655336325,-12.960616791172,-6.69300448751251
-10.6168383692086,-6.66577419575344,-3.56805769501325,0.691724386252638,11.4143938692528,-13.2903992072814,4.72800979992213,-5.52329575904145,-3.10037387102025,8.02578642078504
-0.967049744754316,-1.39545314815033,3.02373273348208,0.635879077398126,9.42428671235705,-12.2281868761169,2.08680027343817,-1.98563339988608,-3.49544622175213,-3.76319661342435
-6.23989874205355,-9.20432126979231,1.01663359679616,-3.65911063994476,3.46865873202682,-17.5765758384101,-2.38614430350024,-9.67835436384647,-11.4984801603165,-2.52963543941053
4.02576752664783,-10.0783642515215,-1.92021350910858,4.48444939194136,-8.87169578193991,-10.4673106529186,16.0676573447264,-14.7514511289501,13.6738248785622,7.40639871783412
1.02732611388251,8.49969509349064,4.84076189976399,5.21219954189301,16.4312480535239,-3.36744219865146,18.6665605151194,1.17406201806533,-5.43120502646614,22.9366251421171
13.6341221864464,-5.12591137068348,-10.1111313257509,-14.1936883682777,29.2386832403425,-16.9528031154778,15.9923463340942,-12.9410784944342,14.0499672948149,-8.07724714088776
-15.2347276802312,-16.6977265740752,-12.8500330698705,-4.72577730661143,-5.13134126797318,-22.1140934380585,-14.9565998632809,-9.35835436384647,-17.7477231108761,-11.3249570768374
-8.96704974475432,1.87839300569583,12.4681771779265,-0.830787589268539,0.131979020049361,-10.7736414215714,-10.4846282979904,4.16821275396007,3.77728105097514,-3.82245587268361
-6.72506894015385,-5.80405114668471,9.1667238289538,10.1728109318294,12.9221018494302,-6.84774380126665,-5.77875834038591,-8.7562977081563,-4.25212176446897,-5.46904959702843
-9.22703345363851,-2.46773484597974,4.34286779344357,6.97923297604569,10.3130307516966,-7.51755739329592,8.07424445289468,3.10892467219314,-10.7742413716082,0.48170351238107
32,14.1563308796387,32,23.0452565705744,32,11.768259503118,16.1826170264664,32,31.9069067646332,23.9645555394417
11.1026820241746,-11.3643932407418,14.4150921731927,-1.67503786851216,4.78676600154084,-7.18076010472512,11.5986643687803,-14.5312782384046,12.3699239479475,-23.5407707677216
-32,-32,-30.9833664032038,-32,-28.5313412679732,-32,-32,-32,-32,-32
29.1855872116755,7.21816616931313,9.65929094650941,7.01850083139738,9.3621021679376,-1.07487988911307,10.8056347486687,16.4380883895627,19.6590989967694,-2.61053267765827
-1.44853518313,10.3523394735619,-6.3766347189111,29.2112523508953,-8.55777033843741,2.50209086856943,-1.29621110688599,0.126598899866101,10.6128793141959,-4.02616574600976
6.07881380470441,1.86755913757989,20.8128946859391,22.025057719586,20.7477272025862,-7.4722173890996,6.86134313325546,19.7398621356954,19.9396261289798,16.446839052364
-16.4835248723772,5.23567837722609,26.4087839615042,13.0880851139538,5.96426474962179,0.233834607584857,25.7539101963432,-4.78802608654091,0.182199465286011,23.1413707886769
24.2091840042191,19.0460231357373,14.7065592714946,19.1748698037057,23.8092074746968,13.3037965403906,31.1567349280973,6.01490738250211,9.88657553818306,17.0897557278112
3.19237790149825,7.42054282692549,1.86311297557349,18.0854006588655,-1.45339256195115,14.1109568746276,17.9618271095131,-12.4584453286022,23.2067323425129,-6.81531029873349
11.3066770915922,-1.23262257525614,-8.96660950437954,22.6716344612412,0.477657404985749,-10.6124496836196,-12.889869451497,-2.65103455026156,-18.652121764469,10.941206813228
-20.266626993663,-11.9360952433566,-10.1598481235086,0.747569695107146,13.4045010261486,-14.3526115384459,7.36921932640608,-9.06095811819683,-2.70530152028836,19.8147694549944
2.65921054590802,-1.99577218489463,-4.57586084116505,5.13348515316122,-12.3806979007439,-19.1973312404073,0.358439898775993,-8.04553766390343,-27.0712858552846,-17.3348508471985
-18.3658778135536,-32,-32,-26.9761781083598,-25.1613167596575,-32,-25.6694894146981,-32,-32,-14.8772471408878
-11.5127477393528,-17.0131893914343,-0.990465539889758,-7.95410035728765,-2.4869692483034,-22.9249648007033,-6.85908888043866,-17.3710753278069,-19.5015140988809,-1.29607426539671
6.12804939223102,17.5242821900816,-7.31447315922746,2.24513888695825,24.0116901073403,-3.74446612319102,16.6995001497528,2.07395176582957,-19.4014145849347,11.2574806995992
-2.99161407801773,-10.6241355465794,-3.59760244445755,-21.9477921033107,-3.81999529374975,-17.4256313084131,-8.55439267154438,9.68186049605375,-32,-21.9652791913506
-31.0769398546444,-10.1838694377431,29.3599900434236,13.108894950414,8.33368842175876,1.83241918448916,11.5268002734382,-19.5983654953768,-2.11790611480026,0.186009735781997
18.9300461159365,13.9465893260445,17.6909791199554,28.1339289136967,20.972854657153,-1.6447272366955,2.28257547079472,9.84628161785483,2.41416865093069,28.7200495932105
14.5251085541575,-11.0656625150147,-3.36078182794269,-13.8494521733866,21.2700957218651,9.43423044066058,-20.8543592039822,27.3909940317859,7.92605335665083,8.35073302197614
13.3000930951282,3.71268980240393,6.27019563513098,9.44593207476795,23.3520646175539,10.0406386456538,32,18.7133200809148,13.0599088715164,19.8834065214619
-27.1221050960168,-24.7818338306869,-27.98776787702,-26.5216061204743,2.06747851202362,-32,-27.861031917998,-15.7255944748874,-30.1628471730029,-32
-0.826729861021976,-26.3207884939457,-21.5565771454722,-6.63936013186817,-7.80402660900758,-29.1386150007447,2.02431369147563,-19.4125155547204,-6.14435693961964,-8.48925345607892
-26.919243834873,-32,-32,-31.4799141923765,-32,-32,-27.3197408585603,-32,-31.6754277548841,-32
8.40791786135781,18.6500967264224,7.81420492597237,-14.0287579764123,5.56958484418243,-9.26025559687524,3.05303550328819,11.0580787499566,-28.6788330185751,10.7849532270717
-15.264012313195,-22.7480138077255,-9.75246534421052,-2.06333184546397,-0.561790605309319,-13.3302269329507,-6.16544394908174,-4.80909970684041,-22.4257873605919,-9.62281236160068
