0.302810779005347,-1.0060830167196,0.0834518773184687,0.159059574043753,0.0888223226958266,0.158584073134215,-0.00525793298052879,0.43403052431061,0.109079764659718,-0.160708713935465
-0.0137525989741736,-1.09627246018767,-0.29215454174722,0.3232947476248,-0.0595295775612489,-0.336741165132896,-0.581176967907225,0.234556564165544,-0.18872543250409,-0.829354232253662
0.381757291489191,-0.854886332876143,-0.488379392187219,0.0453921197470241,0.308728799538951,0.430758410424831,0.319131088436226,-0.473468483342728,0.00509587395019828,-0.362842040804521
-0.556039769168321,-0.501570252043819,0.514414599705642,0.0868663698010732,0.389008964000548,0.5516671707173,-0.191700938312293,-0.0501165018651327,0.644633220975898,0.254678476334875
-0.311548625932361,-0.252781604412163,-0.668793113372999,0.481669102765743,-1.11177746522302,-0.00883288412712768,-0.137228693027977,0.0121097869136346,-1.11581120308854,-0.200097836484637
-0.0497773022848899,-0.103012492079259,0.779327470811759,-0.020706585302667,0.953126970019231,0.91643235884552,0.309405143761293,1.26232471869729,-0.0146011420244688,0.56060977272285
0.285558195110902,-0.252321164451092,0.565024850910403,0.0127597715592395,0.132156860983488,0.487153932018015,0.632744496973375,0.469897450669222,0.786357623974315,0.317530186391554
0.359155303277649,-0.717609846129363,-0.247247970663222,-0.588507880190094,-0.392182809164554,-0.524606718820075,-0.00851367792201646,-0.314317417714132,-0.374280094737135,-0.296448150532822
0.379675842169726,-0.685221597351525,0.029560315445867,-0.617543258743791,0.866456377891701,0.859054758464296,0.30720337143225,0.178988359760131,-0.029543320958888,0.47389382275519
0.330071811415754,-0.764846276172664,0.273245090243792,0.478844066156207,0.317741414891812,0.323569998760227,0.248254901514907,0.913238290823582,0.396567912300802,0.132981037632259
1.04169590870378,-1.02680572241315,-0.263988288668148,0.478563947894749,0.043503899320172,0.428721829995418,0.552400775486447,0.935485475727035,-0.0682074029468624,-0.102520908815532
0.829676632160628,-1.40239778693835,0.0352454407590296,0.0508390256697148,0.32641212281221,-0.573214282433353,-0.0812031028707241,0.403210381100156,-0.17695063969607,0.221481684133817
-0.321965806139105,-1.12848263980903,-0.641040624041922,0.0160341488008348,-0.0458949487445517,-0.888551213360985,-0.311185657925652,0.913238290823582,0.27535579108868,-0.762123857472636
0.0676987743240826,-1.10778894801675,-0.558986254571734,0.420751765405772,0.526869098649571,0.0758232397552858,0.688424898488655,0.333219436748022,0.00656298719338,-0.680945147214111
0.0400881339363267,-1.26473802155408,-0.573774730344153,-0.260005363117171,-0.749436397700627,-0.434551494338575,-0.106627562076126,0.310344611642166,-0.0384547729311049,-0.68026389844572
0.441715465423275,-0.5992306831358,0.499758397723301,0.863702215769804,0.0531930008065773,0.144280873368374,0.792299971821891,0.733201637982275,0.380411428387837,0.335675364570821
0.545171530216733,-0.146100989326298,0.176004586618376,0.569952980282184,0.625484608917323,1.13971174330196,0.337768089625755,0.754640869850684,0.0507526874911535,0.403800775648577
-0.707444333596141,-1.75208012663018,-0.909942648728482,-0.207710319225489,-0.893213117874863,-0.677107489068482,0.0223311984615816,-0.353867931235695,0.0928805584042264,0.0348051594804805
0.915622256933104,-1.30890932138189,-0.340965402667967,0.937846071024505,0.675842416145469,-0.876494722915259,0.210512434363026,0.518048517327591,-0.145912663436048,0.00814051199621352
-0.173281834482351,-1.30856286150492,-0.329851138358813,-0.402922593996226,-0.684699429816326,0.317027859792991,0.328300806602212,0.952810959822167,0.183252785834112,-0.316844860910925
0.547955506299044,-0.754538670875112,-0.0576164112872065,1.04916503394454,1.36988122696199,0.960864085569842,0.1118071196442,0.831586984907457,0.875862051193405,0.200035363648563
-0.736150259955692,-2.03282098463404,-0.078164284297693,-0.122465352642464,-0.753282940462068,-0.350506835956695,-1.12922487512929,-0.00233311205302678,-0.0848596292796763,-1.04959760282435
0.931886007901262,-0.446781077353774,-0.0285186919383468,0.786070569888865,0.3915910485135,0.722052745458375,0.675313066365286,0.56164168080495,0.978016546245393,0.860439810446185
0.871866011231445,0.302196631094855,0.586541645009816,-0.526353136854108,-0.100300604032116,-0.327731937609762,0.57067174680213,0.257964680596917,1.25693489487236,1.0938163237548
-0.472946796752229,-1.61214362278021,-0.295994762997737,-0.0736676986835195,-0.880874647001143,-0.122940853552002,-0.793136720859317,-0.678268940930032,-0.981829326249373,-0.433435986662738
-0.804185040352774,-1.71908192760435,-0.0500351986410675,0.678906182685288,-0.98571535398543,-0.664995135223006,-0.840142890264507,-0.33993149178547,-0.155847383988361,-1.0778518337075
0.600360438761942,-0.620253871389604,0.384774655206312,0.799806235210154,0.946515399771297,1.30705927578823,0.0427384770946265,1.34182416661779,-0.336076767847921,-0.190905378792301
-0.910997661745034,-1.73849589012645,-1.14055102053761,-0.609915473648554,-0.591841261076289,0.0257991505049068,-0.607765072869169,-0.860054706734235,-0.693555198223844,-0.0921496443259183
0.38837227633155,-0.230325440962024,1.29557308943968,1.22572624071042,1.08403763370061,0.885856800406942,0.964439036716441,0.870394160674246,1.46978357697643,0.95444280121605
-0.135645476613586,-1.92592427606877,-0.468785313597678,-1.01841915495379,-0.777912796186741,-0.369286772775971,-0.778682746043128,-0.185974394577069,-0.728686556727709,-1.40256079522435
1.44507325674276,0.0538836443971324,1.05611205417807,0.923818035238505,1.11356415420099,1.22474350239461,0.758160123728555,1.42626333315814,1.12865077580639,0.903479653305342
-0.884488046086543,-1.98389023502597,-0.50039280890852,-0.977971542567624,-0.695357878465617,-0.603326634597684,-1.39449096013481,0.17019945265898,-1.18456161633277,-0.833329621216544
0.626496082083459,-0.200076328292717,0.0773210460928959,1.87917555090704,0.500821952584053,0.377367211565187,0.609586481735975,1.19133680456203,1.56361336461044,0.726518096052644
-0.633738253776131,-2.00681406373308,-0.641583931208737,-1.11349943608058,-1.16418079175706,-0.727204823717278,-0.751322964921377,-0.290923708828709,-0.465936658726893,-1.23342760283534
0.285518672390121,-0.879285371149313,1.07632327926138,0.658530000288233,1.26716111487997,1.00493343014957,0.631566703137166,1.53985215017248,1.90150967785235,0.910405709137207
-0.627092434662953,-2.2218945101109,-1.07652510775326,0.144909816641304,-1.39641124899697,-0.217940706323376,-1.29335268436109,-0.724969111743886,-0.568579148758548,-0.294515772040048
-1.17287632458873,-1.71914234251907,-0.387704872908049,-1.13938771510121,-0.358945201497646,-1.12401404010685,-0.924890438509508,-0.510141582652195,-0.289255749954867,-2.08712419971448
1.7573562335508,-0.424264834901418,1.05314884701544,1.55973297471715,0.391852625726129,1.32222043677058,0.184465387177574,0.657806748086833,1.40200905758901,0.169869798461229
-0.516745649737779,-2.14406527445531,-1.05824666187389,-1.52143605210525,-0.592859737043464,-0.886980649343425,-0.930665178167742,-0.713865173623615,-1.5012040359435,-0.947332662718195
1.65197603193816,-0.0977231546421689,1.2978100081852,1.18953086694972,1.57036466278839,1.87019777368532,1.62188277670542,1.50994209203709,1.87749768470745,1.02111785171011
