0.175678336723074,-0.971959958671039,0.0854822680350209,0.206980181226184,-0.0415810939471157,0.191072752807015,0.0301325570815641,0.261676526116566,0.107016758417842,-0.19364885848349
-0.279586188873519,-0.505048597090868,0.205214621389282,0.469059083379848,0.153142221118267,0.329751158946659,0.141635807396413,0.199251470014746,0.23979754418451,-0.840155189625291
0.359546755885611,-0.377532714088995,0.528388842429485,-0.249347804513566,0.40400003705601,0.197410641497845,-0.341109272983795,-0.100850706998903,-0.171850343978672,0.583844747654617
-0.0762648984504574,-0.928366280824705,0.41443798521039,0.204750240808686,0.342742894820876,0.628293541937047,0.373373854064629,0.61794781734049,0.0331588152415817,0.0725068670898039
0.360197686583556,-0.772398297787334,0.372299987154025,0.344697419680234,0.117018143381839,0.464817763057541,0.148166680286027,0.572777749313279,0.306866883235364,-0.140282248556455
-0.0524419410992044,-1.29962505077455,-0.0949620993381469,-0.171603761344935,-0.356406613618504,-0.341802639227027,-0.344498566973859,0.141412610311382,-0.0924491471938025,-0.471255954109035
0.673193513137763,-0.728498251798048,0.467571001400708,0.494612809095894,0.00356714840119809,0.42161875615577,0.0558612372758782,0.357805600685231,0.317107552679235,0.0729890874750352
0.347919782320921,-1.02732328047035,0.00101771298223058,-0.321599735589027,-0.0268916061118478,0.187744100391142,0.202681576689407,0.910042539188461,0.482072043689846,-1.06242713902648
-0.643925444150219,-1.01237626299939,-0.418830706881831,0.153388896270871,-0.482090833542264,0.605608775722868,-0.0708382011278182,0.569942837570804,-0.0908961557204101,0.102458359882043
-0.244441941099204,-1.28543785865632,-0.55926023598411,-0.0246181154119208,-0.233329690541581,-0.0090026392270266,-0.416879519354812,-0.0569873896886183,-0.342975462983276,-0.414367065220146
0.434018141377918,-0.691614699962054,0.269680394447681,0.508451193928746,0.236704745818812,0.518030066385923,0.310954213007387,0.572105973065316,0.3899681697226,0.203469388197242
0.434018141377918,-0.691614699962054,0.269680394447681,0.508451193928746,0.236704745818813,0.518030066385923,0.310954213007387,0.572105973065316,0.3899681697226,0.203469388197242
0.345272712702946,-0.820316523688862,1.14518264859871,0.903646086096583,0.222707258089736,0.354852805658403,0.6821134199649,0.460682833157605,0.0198302428935719,0.165816688586582
-0.286272006458682,-1.09720256453867,-1.08213605297757,0.360658802372737,0.0176507016152814,0.0145267725376793,-0.463646052054848,-0.668349883404053,0.342310129514592,-0.807949952920681
0.518020815835257,-0.441966280824705,0.643009413781819,0.556750240808686,0.474024946102927,0.7021396957832,0.533373854064629,0.709376388769061,0.556795178877945,0.224887819470756
-0.484042253963209,-1.39262093617333,0.481663774064606,-0.323567999168323,0.337025585651675,-0.290282954424647,0.522132961288055,0.854730021254458,0.186533574721292,0.260359372477306
1.64322349452084,-0.507807866040399,0.000651045359478242,-0.776475004034904,0.233691170347398,-0.200937721288445,0.845469938135881,0.717973613762605,0.339543241536528,0.809537744426922
-0.625928604184571,-1.5136612221973,0.998131067727002,0.711621440197532,0.542649962641256,-0.0659547366385977,0.175502705605245,-0.281852129988869,0.583287553605614,-0.337689866574422
0.358810393221377,-1.86889451344332,-0.787184501159749,-0.391807079689855,-0.0476174725930511,-0.142364472642018,-1.06638331206124,0.38027721553298,-0.616714229968037,-0.840719259125836
1.06146912177008,-0.631857463734229,-0.072565594857132,1.53737464070209,0.650084215253645,-0.14320673602735,0.265321414433411,0.52177568052049,0.690160403478848,0.55484193721685
-0.280296282835899,-1.64099341421187,-0.785142588925286,-0.512635544605821,-0.285204057309565,0.0886008466117534,-0.846880890532653,-1.02229659029194,0.506935410457009,0.391412088546624
1.08150244982766,-0.275855435945554,1.07972883031962,0.821782076575118,1.08886832893013,1.2810417371616,1.03484605221788,1.11172183768986,0.286239046793615,0.612575665111901
0.528207898326404,-1.84216243690901,-0.340958608217834,0.461043442216469,0.472179057969075,-0.0819558669216711,-0.547974108993608,0.686523380700658,-0.124355844635187,-0.459452790717818
0.731095096532919,-0.331607458321594,0.750725253589485,1.21394798882176,-0.0072771989080419,0.991932838145363,1.51139025617494,0.955953892681029,0.618538124552316,0.265015425508615
0.219746736357282,-0.701275224113955,0.748609252452335,0.978618086645585,0.598027146861629,0.703273663243251,0.797732009100118,0.621324643984468,1.37586127384547,0.746185529287012
-0.552390962957066,-1.53178656500531,-0.567032739093373,-0.516935314379256,-0.658853165271583,-0.437133372643755,-0.375088529397128,-0.283403130286913,-0.324908338168431,-0.91620985391525
-0.491328594486597,-1.36220600675482,-0.318869638982994,-0.139903965503004,-0.773832534297807,-1.22784031057445,-1.27867089376059,-0.202433781909475,-0.462603462854173,-0.611027382375136
1.68906652901078,-0.101047271405891,0.81615487939635,1.25846617652982,0.541382274451618,1.09733519657809,0.790437994808159,0.621995487166139,0.944558533071391,1.01416555806327
1.73431533364238,-0.0734917233928702,0.801651163957513,0.943399736970787,1.14995931985243,1.67800539384108,0.785328211565205,1.41220873739479,1.20095005496559,0.190007947521977
1.29601560551729,-0.295669677431623,1.460681211272,0.441244676429875,0.751613426969345,0.91054687254909,1.28921807129578,1.2999571318075,0.483086413191154,1.02502595991514
-1.2005577207444,-2.28935942728377,-0.619017472211934,-1.1654380797613,-0.651630344136353,-1.08463289132787,-0.933603856148353,-0.981651992371797,-0.541117877843957,-1.26998203848218
-0.660282264098958,-2.03874301777591,-1.34222651686757,-1.08814725831765,-0.931237931252016,-1.07476372334072,-1.44420403210884,-0.566226208055074,-0.898264513609597,-1.61375497448993
0.619769623466418,0.25223480386449,1.72678837991373,1.61557377022045,1.29453776661575,1.23051946874502,1.42226274295352,1.2583959966122,0.870520669074024,1.10331919201978
1.27224515507961,0.215768516459197,1.73460365021144,1.53635229143861,1.60194871548908,1.33072464363541,1.06663957212533,1.15913977003489,1.47625343070822,1.13230920952834
1.27224515507961,0.215768516459197,1.73460365021144,1.53635229143861,1.60194871548908,1.33072464363541,1.06663957212533,1.15913977003489,1.47625343070822,1.13230920952834
-1.431606115857,-2.31806978446453,-1.19334237161811,-1.40179861641861,-1.94433270681513,-0.691511737966651,-1.81173797697049,-0.488875408268792,-0.983692746717973,-1.63467496081884
1.61509964736787,0.48250366299698,1.62720194793834,1.59959938046455,1.37192010416615,1.71971972384185,1.40306864107034,1.82767971009759,1.56176884401968,1.11461971222786
1.68892010216223,0.56328726082226,1.52458235523199,1.76335315471306,1.49160670660313,1.77293202717024,1.5658561737917,1.82700793384963,1.64487013050691,1.45837134898156
-1.66420383272641,-2.66619399816807,-1.94239701985137,-1.71559823870981,-1.91333511795278,-1.72949518114123,-2.01461401428353,-1.56149328040125,-1.76100961164881,-2.05024261302361
-1.5170703855446,-2.68835708677126,-2.14519699927185,-1.66516390472704,-1.86034424335328,-1.51780428535609,-1.86313983275734,-1.34955809959544,-1.92307519431137,-2.04264809761416
