0.175678336723074,-0.971959958671039,0.0854822680350209,0.206980181226184,-0.0415810939471157,0.191072752807015,0.0301325570815641,0.261676526116566,0.107016758417842,-0.19364885848349
0.0302237912685288,-0.72260930932039,-0.310332658726197,-0.283204397003935,-0.243506227636955,0.266607043078147,0.0783808941103888,-0.240487976047936,0.431928210602022,0.201689136854505
0.139248630859406,-0.506188707596908,-0.122430691417164,0.218700945581952,0.527080109280125,0.548489200789501,0.266904432245564,0.445044800050877,0.248554966992677,-0.0178860509781742
0.226332820117039,-1.40280553827006,-0.0332709479918176,0.22562733602788,0.0265728443632789,-0.0550457182232575,0.176111395071902,0.175985061582013,-0.138963659249893,-0.735164531849357
0.376580133229117,-0.842846767606564,0.582061629215751,0.518912371799411,-0.141890999235642,0.235121840746343,0.0389445015429175,-0.122138888224699,0.396051680798319,0.114975971167412
0.213950154559272,-1.26509599596211,-0.621695546500444,-0.153473815522229,-0.189603168529711,-0.0912653834368316,0.364947661808183,-0.310876176521468,0.0189186368875658,0.0700940553334971
0.392123141011478,-0.69819117996679,0.51080414410847,0.500717659645001,-0.270094608936973,0.226901225827661,0.30416992497593,0.0357794991748173,0.0294684327210483,0.418599984824923
-0.0532778922331546,-1.06585125256233,0.462586645139398,0.506508800754804,0.238553586187564,0.512765874500137,-0.00834748139847441,0.782127411784843,0.572275405494671,0.248101983267352
0.924588683331013,-0.969034126956692,0.753388882244048,0.129570597463763,0.523390899584525,1.07408314038762,0.894845432486833,1.12362036294518,0.124690552452631,0.213088728670315
1.10175759366015,-1.12589784256567,0.233916860778116,0.174708036368414,0.96277349113738,0.676650103348859,-0.260748522515529,0.286688533705706,0.134221931078992,-0.466696330060926
0.706816740735796,-1.26743514950881,0.889243818282416,0.596025902905037,0.105857788890116,0.129771145084038,-0.263016470248314,0.388553423321473,0.589510772243037,-0.148085288965489
0.410212358354101,-0.461215002267394,0.599957144257209,0.436458398232411,0.340493917049081,0.53362662025059,0.367077811803013,0.911749161077937,0.786438249084111,0.0325871120946415
-0.0261512780095355,-1.3662655073179,-0.282801476432446,0.0728220345960477,-0.490674914119751,0.322056372316706,-0.641407036681836,0.374686224015,-0.216696547154134,-0.651904866514984
-0.202584378584248,-1.39997552303788,-0.359584350334402,-0.32727125243094,-0.525059784710865,-0.245166428487216,-0.372423879746489,-0.137309437048556,-0.31730147508903,-0.667101898824279
-0.295873757333447,-1.7467551713444,-0.457106237928492,-0.193908639348807,-0.618657175796884,-0.410478218503236,-0.0449090644989153,-0.114901868559505,-0.150692171506943,-0.362893313978395
0.158602032898075,-1.23226023350906,0.76933166911737,0.208903189062956,0.462502138490829,0.657549010999601,0.291774460255229,0.405879941548517,0.365377218069295,0.512657042532694
0.572964851411751,-1.14066078282379,0.352153917016423,0.167186852873346,0.533868014556825,0.267142215402719,1.10627988366809,0.539335264219677,0.591002591723897,0.124979968767966
1.0256149904035,-1.04002062654253,0.439159599042118,0.821872704356248,0.724725647650054,0.380709908533948,-0.0594386277838301,0.594762533481788,0.457228390138053,-0.630419652242764
0.577813336260236,-1.85975763368535,-0.891024410032872,0.137064709972299,-0.989205369386124,0.175500523761027,0.0891012002825132,-0.353763793585263,-0.149493276044698,-1.19068427703121
0.802818328177254,-0.287495992801014,0.878268258941006,1.06247314553842,0.457178118335754,0.702934283678901,0.562755783561788,0.645303308698627,0.820741159993776,0.418599984824923
-0.766339177081164,-1.81252592233254,0.139630358808105,-0.526376171816339,-0.73502081216052,-0.669064077089094,0.10054548095563,-0.329921631405355,-0.211403633957536,-0.396459747544828
-0.339338498293761,-1.47601500185652,-1.01543568340925,-0.344053969807967,-0.654064906430928,0.273389251123513,-0.0637587368097297,-0.764920980480941,-0.919087420627513,-0.956992439218375
0.541000146359072,-0.649516194821216,0.728288460961208,0.528171875120995,0.248227935391763,0.632882596235909,0.599502195045042,1.14787743707921,0.562155301407917,0.487864054088992
-1.01613173330172,-1.98281536677582,-1.05075999341951,-0.557057447596386,-0.78162572730354,-1.01172614047151,-0.870797787463594,-0.926348697618383,-0.961316778140563,-0.994004217382791
0.785561846134098,-0.26873562092842,0.655683769291439,0.635588540206382,0.558352320802137,0.803431918077616,0.671311338332333,1.24297275637235,0.996571385611335,0.431246984364978
-0.729372168327431,-1.84468723139831,-0.288543705990953,0.16043472668073,-0.464721589814884,-0.463472701738439,-0.585910223667099,-0.781583661971208,-0.591165059763976,-0.19364885848349
1.40781393529206,-0.294074151105619,1.02443069477021,0.832105540824742,0.715500763864653,0.951993668874242,0.683374021607015,1.04092522260664,0.717583397199079,0.693337444214334
0.710187372012614,0.17509464388317,0.88771752024548,0.857697761808749,0.532447919780117,0.573831605109663,1.03479402408634,1.68137349344065,1.18532388526808,0.487612218818725
-0.567458602670091,-1.97425439277629,-0.91841615853364,-0.702837815476223,-0.655770220118541,-0.419290091466052,-0.866114077937541,-0.790518851799597,-0.574806241896579,-1.184130675519
0.887815095913695,-0.227941010733029,1.03484175635265,1.61776235571394,0.960969866445238,0.777584285412837,1.10431282339557,1.00578026645076,1.61451798703237,0.522325149342369
-0.66374468828244,-1.79212849920697,-1.11637589273846,-0.279978986425443,-1.5365058028279,-0.960107485113634,-0.835101896647063,-0.930099075537723,-0.456346646875357,-0.956467749981991
-1.2617188227169,-1.67890853470281,-0.394304694518993,-1.0680743788237,-0.99666092067223,-0.239420685970096,-0.803412705520172,-0.713001177332602,-1.0949174279961,-1.32007023019458
1.05845691766545,-0.264951073369015,1.14904739539875,1.5733303463991,0.943102749824799,1.60488170718998,0.941349879760453,1.5638992570942,1.05314390358587,0.437108327829834
-1.13726057621584,-2.19112597783706,-1.15357497102222,-1.02561241136641,-1.37890095926698,-1.01396003117314,-0.767807629093916,-1.00970394526391,-1.20165975025867,-1.67060508743972
1.7429247669249,0.0214386183762634,1.3614237100676,0.810808734429535,0.878419727859556,1.16050937718859,1.6110117463558,1.21780899877163,1.50398834620079,1.14979167459103
1.56171160880966,0.533894381530537,1.12510021486387,1.56117444423972,0.845056906214542,0.808719407645843,0.620937601743607,1.57621239960772,0.820741159993776,1.2913272575522
-0.771681613234714,-2.66279117768146,-1.54752732740535,-0.335560703829586,-0.867482634793825,-0.286970338709835,-0.683929906541697,-1.2338249089405,-1.09148461803604,-1.69570968640445
-0.730200969156231,-2.36072480006746,-0.557703209933066,-0.842755268509265,-1.31296156532759,-1.27424711251285,-0.967203118514981,-1.25212818768815,-1.35830310690202,-1.43787781471245
1.32312214864597,0.338103841958799,1.83737792102303,2.0927053575174,1.07108010928013,1.64860199122487,1.6227937603088,1.81386342104341,1.8858597798269,0.912400774495817
1.52855992562525,0.853428517283475,1.4614663552748,2.14260789163046,1.52422696242698,1.3323840937753,1.47872449623954,1.3542216751852,1.56176550373263,0.97788680361821
