0.175678336723074,-0.971959958671039,0.0854822680350209,0.206980181226184,-0.0415810939471157,0.191072752807015,0.0301325570815641,0.261676526116566,0.107016758417842,-0.19364885848349
0.384012471651014,-0.365823832906863,0.228285635077805,0.657614897104819,-0.125667919275148,0.196329162082305,0.323700583117699,-0.097830473855659,0.502175684376044,0.100223996419956
0.420508680718265,-0.502736735016735,0.271920771001255,0.317362927830497,-0.110146152777434,0.127315902565619,0.370599153145072,0.450508179047391,0.163403518259666,-0.202011221628836
-0.307355949401618,-0.638005971755668,0.018599025391195,-0.427368267878347,0.0141445274426695,-0.238404731475118,0.0203968692876697,-0.266794059289833,-0.485972463772104,-0.639183410987451
-0.178004886852021,-1.16811996263462,0.137297906618597,-0.130120440960787,-0.614934577159322,-0.379003560676773,-0.938791747201596,-0.195725426991737,-0.0738139534058577,0.0872226246287297
0.472856680568239,-1.03222981036252,-0.312103689648866,0.439800920822762,0.207087227745316,0.0164097851143067,0.192658174685896,-0.309474612110375,-0.298411132759927,0.00152970755520943
-0.0311237667175748,-1.12609590229932,-0.145465506438364,0.151621401076818,0.376765985627286,0.608938661271335,0.148900134888012,0.401399828030974,0.2551836742871,0.205080278562965
0.411042124237232,-1.16199332995655,0.63332668589118,0.661561048787326,0.28668235468872,0.0641041623002093,0.357990197939806,-0.15331733495399,0.119345122284463,-0.0445100133941445
0.189694514983072,-1.19172882270529,-0.210590365297553,-0.315493766537633,-0.290229137818802,-0.364056819283042,-0.0678164130835524,0.427960577973804,0.147699567678364,-0.439760341932615
-0.387355949401618,-0.963085336835033,0.190989597781767,-0.517411557921637,-0.276392556956307,-0.359413134836462,-0.355937907047107,-0.176494235656676,-0.306103182726353,-0.389670740422149
-0.138029640748781,-1.34666810688173,-0.31951275919131,-0.0636575700067543,-0.35915822145277,0.00894120063552756,-0.696563142523843,0.0174278873191366,-0.354211755392135,-0.617562997196131
0.213955807430078,-0.735018290748643,-0.644740825859283,0.63590542977356,-0.756656980176039,-0.0244051438362155,-0.247056051243019,-0.510268469853385,0.305898133815173,-0.387047832036981
0.869738725127343,-0.0564232006582511,0.333995324307067,0.883093395198924,0.804327362343556,-0.11811677104817,0.38669923921367,0.937438798072386,0.630835023052591,0.888448121676841
0.319435262795395,-0.184929982115266,0.503593868935388,0.819091680965033,0.709655436632571,0.227588570170232,0.885939087357907,0.243395943273554,1.08486486911293,-0.233479989927116
-0.277099848939217,-1.31646559341646,0.286775831550345,-0.660128050006275,-0.44883142122849,-0.0887754401327625,-0.337615643674873,0.110040199056837,-0.0590132592512594,-0.59443485902593
0.725394423396285,-0.190415486919824,0.766519648058467,0.037642802508671,0.420060918328381,0.652544627481585,0.00665766755988229,1.04195655402655,0.698781879168105,0.569241948681952
0.627931994821539,-0.418798074806888,0.349519794861314,0.37702394477965,0.224806951784086,0.589890910461187,0.514924594604284,0.682761022638633,0.532225351767533,0.309713287383808
0.431643487032105,-0.856423200658251,-0.198117566615893,-0.597872788375955,-0.758635600619407,-0.660558263774293,-0.9233862308718,-0.00801574738216027,-0.308847516629949,-0.528694735466016
0.850634458346017,-0.786075964208675,0.108710789989143,0.763206625377892,0.515904432046391,0.971330420034942,0.520143554802855,-0.0263976890334515,0.703223388325395,0.719222767183753
0.442080960359766,-0.650988947821637,0.518409417513175,0.477605978508923,0.317530546127241,0.528661059996195,0.454123625611847,0.64709113929112,0.555223312425647,0.147221378347577
-0.566544319873288,-1.27104526742354,-0.458282140962189,0.0692482262801155,-0.162133142447873,-0.744030908820249,-0.118718494482929,-0.385530346003155,-0.37432520408309,-0.838787116529744
0.74350239008414,-0.427693837077522,0.560368323959155,0.621376536382798,0.234558655987243,0.914265364446925,0.68119309642056,0.485744973724408,0.188440547098292,0.4758703427224
1.00717534738493,0.0305965983165987,0.783920771001255,0.891721902189472,0.270806228174947,0.824751800001517,1.06393248647841,1.19253716455464,1.23007018492633,0.771901821849425
0.73682145330525,-0.469001816314619,0.568419133189565,0.757193531270174,0.41528362966071,0.708984420724641,0.57789421679315,0.828101984036327,0.601251413365398,0.358646623332271
0.516882296416941,-0.389126044021363,0.651202362449154,0.404441449704533,0.0567954578126179,1.30693378251581,0.65883781873586,0.635099704325751,1.0744632795982,0.164264734035127
1.26593165164384,-0.407486183354137,0.521393741533592,0.329097603757116,0.545913967342554,0.792233193719102,1.09873695606968,0.872884768913739,0.960042278700023,-0.210696753751817
-0.348561101979352,-1.68697336284132,-0.456965009374179,-0.279463799751656,-0.673133651705065,-0.388591778410219,-0.553894622877686,-0.507507387949006,-0.670433911776168,-0.727137176074593
-0.707355949401618,-1.60308533683503,-0.633252826460657,-0.669792510302589,-0.832914296086742,-0.740365515788843,-0.792301543410743,-0.571555964051738,-0.557083574883215,-1.23177600358004
1.13952334723491,-0.457870836003546,1.14358258486094,1.47318898869359,1.00923776537972,1.0804031017392,0.997336537258996,1.07405479965433,1.38412854977976,0.513835561796548
-0.995239792613891,-2.35746220502258,-1.15587476924457,-0.889523306003796,-0.862970414318807,-1.06052068281342,-1.04414454590739,-1.0291017088901,-1.25194666732039,-1.22994353020472
-0.995239792613891,-2.35746220502258,-1.15587476924457,-0.889523306003796,-0.862970414318807,-1.06052068281342,-1.04414454590739,-1.0291017088901,-1.25194666732039,-1.22994353020472
-0.677919039640234,-2.28236149684125,-0.992701693597936,-1.1477908468879,-1.05389802530133,-1.45921772788259,-0.917304945816725,-0.775131082931103,-0.887913942476314,-0.965822099913293
-1.16794045145665,-2.00233514964795,-0.782691977921547,-0.823053382310073,-1.18471637033929,-0.439733527993308,-0.844328005429072,-0.566769810835468,-0.643193031079047,-1.5080200433344
-0.969683745522587,-2.09860799544068,-0.804257249153492,-1.38906068815774,-1.46024723165054,-1.27646714513201,-1.10485073336251,-0.619575527375547,-0.996291839089505,-1.05277862165242
1.52394202103806,-0.018289626252845,0.990700939940626,1.81131543475224,0.700220816227182,1.29885163704768,0.971428933117672,1.33440196329162,1.5552425581819,0.501372339547032
1.47248003273396,0.461710373747155,1.3119033017227,1.83200230343911,1.17959336524679,1.17453151272756,1.22424278593152,1.50106862995829,1.15794161351253,0.956109181652295
-1.01425489388812,-2.21941758578968,-1.19813355117402,-1.35866953628794,-1.24053382923718,-1.20101764267321,-1.29176840669378,-1.19239934151862,-1.00137089912236,-1.40823540188359
-0.957919039640234,-2.74754067195957,-1.04349534439159,-1.4702201084476,-1.28246945387276,-1.16022782889269,-1.01889224740403,-1.42698293478295,-1.00375104654871,-1.59500084387465
1.51734099089545,0.437386090698497,1.49650882021669,1.55037145183001,1.23680352981714,1.62277499692305,1.37880273769228,1.60110224754293,1.48681503283953,1.27609963418028
1.80153562591783,0.485959537965663,1.56798575324973,1.61301920285213,1.49579421880649,1.69387249064322,1.64038610296036,1.62576205273572,1.54505661110353,1.29061906306492
