-0.105838806339272,-0.967522647753036,0.138235932908394,-0.155215688347726,-0.158986825451712,-0.0841701910147236,-0.162902674982771,0.0425911452299451,-0.0995432121542552,-0.291659799452819
-0.105838806339272,-0.967522647753036,0.138235932908394,-0.155215688347726,-0.158986825451712,-0.0841701910147236,-0.162902674982771,0.0425911452299451,-0.0995432121542552,-0.291659799452819
0.0722772850027497,-1.04902793048518,-0.0299916192016717,0.179300791151501,0.167592445840085,0.400005707039175,0.089516345984788,0.33153817707377,0.181100216352471,0.00571571003973753
0.176726525039099,-0.942998077308782,-0.353941722354038,0.249920650533657,0.318168283947538,0.0761750857430541,-0.127431208749574,-0.264739072997976,0.366701980146158,-0.036627959818881
-0.0955810543871243,-0.217874587455959,-0.954102346827822,0.959483999278771,-0.20809180649722,-0.00711277550329437,-0.279305287059372,0.0645564871479837,-0.27184535041194,0.405890806138029
0.543915952689942,-0.387621570887603,0.354356144545955,0.813663778151712,0.15929748460833,0.510206863848323,-0.0119682588601403,0.340886840583879,-0.0641341239563277,-0.0404529908758353
0.179274268378055,-0.293202354203461,0.180813178290514,0.993001878312956,0.565803090446321,-0.0246757993180924,0.742592277200957,0.493521498928451,0.103257464105504,0.133274596412196
-0.418067044876548,-1.21421280648994,0.0183682512391007,-0.247777719660588,0.0914712380505379,-0.205709118152205,-0.295518228987701,0.0202990911420203,-0.52018285399909,-0.179796199542823
0.30887964854142,-0.811474453246338,0.301945842774098,0.342293079867554,0.137974726090063,0.359866906401605,0.242128091346705,0.454383832703843,0.331120035421744,-0.0232137400679564
-0.0864413826281389,-1.32946666075618,-0.185741370669579,-0.0362418092627357,-0.35735737282609,-0.0987595128016018,-0.261881032898061,-0.12291543091622,-0.281708576679163,-0.460393017279041
0.450536380059679,-0.581187722795431,0.426000958046744,0.122311491867428,0.189239912190633,0.4218086901443,0.0183951123207233,0.651816540071558,0.402899318792974,0.187796545099231
-0.187166638825986,-1.31045962108396,0.277614851361139,-0.129400909203485,-0.58525411103006,0.172653027384447,-0.155838968915437,0.476788204288542,-0.136055090962639,0.0179520158518977
0.459590363403607,-0.699826897874281,0.322925295997088,0.414178358804491,0.0964887810200635,0.55266905862697,0.355662826751062,0.373710749920487,0.147728652758067,0.141110742119455
-0.0444741695133848,-0.513437516858181,0.638614601227377,0.954650722613403,0.442018115073988,0.328684324478301,0.15779109824948,-0.12291543091622,0.491371664908413,0.225609504789055
-0.334320506065573,-0.995271844111646,0.128690590556389,-0.444609268904769,-0.437587605448639,0.0758968472817972,-0.226047719807591,0.359893730581503,-0.380636856196765,-0.437229129918546
0.456249895014162,-0.720480887492829,0.326950700612293,0.482086856248179,0.186851267856797,0.450028586765828,0.304013386937357,0.544889255076447,0.35413408589162,0.0824988824243902
0.53565552455954,-1.30969326475327,-0.378529208330448,-0.284161280070904,-0.0835712682203136,0.152212278952547,-0.0350968593494348,0.10097827957344,0.383646614577668,-1.06620366436259
0.769963279819302,-0.755224863320879,0.46827251464399,0.603929184325193,0.409259334215568,0.608715939469752,-0.0969000609388336,0.593132757308915,0.194166588107061,0.186226634956822
0.0213262459315125,-1.4286026029972,0.0610686700923606,-0.205557360591589,-0.641361180705542,-0.245851518499515,-0.54654814114712,0.389521458104345,-0.0342591511523816,-0.392601083083538
-0.209772082151754,-1.32010727170755,-0.572980624352354,0.00485370188559853,-0.894354759964336,-0.468939249630405,-0.172810205856652,-0.0679598778508113,0.265737690735134,-0.546322110969315
0.533528811112547,-0.887706522706134,0.397136589257561,0.816217207130707,0.321524015794932,0.700615975098476,0.562474938998895,0.506592765805091,0.0998115425458747,0.0641971466553849
0.777221944978756,-0.186955287505907,0.364889788648637,0.684055289918653,0.772835177473383,0.543016163483298,0.636895776917039,0.738261174996004,0.734778352866912,0.14959776773366
-0.745339196659334,-1.30353464818162,-0.186446470345138,-0.263664616468786,-0.0492686212301321,-0.57894493856578,-0.498499076152943,0.336361637033224,0.299546912561409,-0.81745039854499
1.04975429782984,0.0870583480273588,0.672652071953372,1.18965947070756,0.83091501052826,1.23691709854144,0.827793974292046,0.898300913854913,0.147728652758067,1.0903691340008
0.175678336723074,-0.597252698717877,0.753142476678836,0.906433733138753,0.424721273994596,0.808237651553399,0.743575180032384,0.669691098065564,0.981333698308553,0.581832253419575
0.301579976067336,-0.604746843916941,0.685013883960079,0.397740240838703,0.637300294673906,1.04353176920046,1.00936752975916,1.18495521464116,1.05127905349981,0.303331296822809
1.23465232483622,0.220234649843552,0.959153316077367,1.01716793575354,0.791921958146902,0.754338215210743,0.295847592136688,1.35729900999976,1.05089310384997,0.779415060719144
0.254209451413904,-1.85889789272146,0.223961072442598,0.20031397037434,-0.417907965470959,-1.06153162739255,-0.58436318168918,-0.576485386414893,-0.579131768888424,-0.283048106285475
1.35284123974644,0.134988748204207,0.992862678578416,0.853734024293967,0.649071980585591,0.814437572385213,0.602553490973735,1.17601071723606,0.948264948762799,0.6880085308941
-0.976903042866103,-2.09820825835403,-1.07917194707052,-0.869879536717351,-0.881587882028767,-0.649174620829677,-0.959663981884065,-0.717642150795083,-0.868080111516382,-1.04346461782911
-0.730930276043,-1.86519872658338,-1.18409507879907,0.0717160295435879,-0.539009747444091,-0.137546264539622,-0.350580284281232,-0.505816091093447,-0.770365617761389,-0.845796754131981
-0.122956777400536,-1.8856696443779,-0.724435435396954,-0.662764923898482,-0.637528127645298,-0.258923135444389,-0.822832779059937,-0.638871907507427,-1.06785979356911,-0.89272536577892
-0.769334923681808,-1.7180722236578,-0.89229637631244,-0.616882788703351,-1.13280483447998,-0.855479370424192,-0.872263757769221,-0.967257301738399,-0.744584106471909,-1.09589275890062
-0.233198780871658,-2.37387926642483,-0.290387507435377,-0.148921835612849,-1.30388316311742,-0.462702107079705,-1.18588738303394,-0.358732107389889,-0.152792823303732,-0.258816751200728
-1.15501913420812,-2.01670297562189,-0.910944394960458,-1.20439601621658,-1.20816715332056,-1.13335051888358,-1.21208300285162,-1.00658918263891,-1.14872354002311,-1.34084012732167
-1.23634696669484,-2.05987414099029,-1.11712883846452,-0.727889861448674,-1.3279633431267,-1.26055742049382,-1.02159616254148,-0.761827460556631,-0.838080163286651,-1.2060916999951
-0.851303707704993,-2.16063202569821,-1.16039916367581,-1.1004348414653,-1.50934462948361,-1.27437135203692,-0.754250904555383,-0.989951571635456,-0.447177070352258,-1.23295755930601
1.39538394937237,-0.422767528470987,1.1837410365225,1.53373797192364,0.951056351728983,1.26955235886178,1.20023429701219,1.77227812058232,1.04096572387364,0.47668645679911
1.58813859724551,0.0964404839578233,1.73906473052833,1.17229477400637,1.49014680087976,1.59196520564393,1.26270316730086,1.73060453532778,1.11217677417946,0.790603639491221
1.54926373079313,0.498835518150655,1.47683189734417,1.97089644186899,0.591614943107246,1.39061162746203,0.643850789809007,1.16525235945819,1.53058321021244,0.709310149403517
