-0.105838806339272,-0.967522647753036,0.138235932908394,-0.155215688347726,-0.158986825451712,-0.0841701910147236,-0.162902674982771,0.0425911452299451,-0.0995432121542552,-0.291659799452819
-0.520478669426504,-0.383428605028997,-0.122559850543325,0.134679429912334,0.156752999238465,-0.279861177802696,-0.350282897894395,0.0655274013801818,-0.22253550010057,-0.138263041711536
0.0228560595901729,-0.754458014270829,0.200787387944373,0.427462224896872,0.158782953257961,0.0376133618211825,-0.433291641957531,0.009721124206724,0.0522065077453943,0.34951002092043
0.436554841789982,-1.31451573502824,-0.00799401469413974,-0.135477010518348,-0.132229852143199,0.0210022254417968,-0.302944096572448,0.129870572911108,0.228118207974411,-0.0689499681783896
-0.175960390776351,-0.862994143111716,0.0535911576237457,-0.259766589073305,-0.29539234324044,-0.227842339937751,-0.303022102006927,-0.531516595310645,-0.148193465059182,-0.595315696842742
0.246672874280697,-0.673895024253449,0.297893285084934,-0.270694465181214,0.42224491046455,0.342431255839614,0.315919897170084,0.327140004388456,-0.325047004215675,-0.0031777307991801
0.427669478721645,-0.353549986915085,0.554688826705352,0.366878976397595,0.725641888127354,-0.138767703375889,-0.0963146439261406,0.500901551040046,0.158416880851811,0.200361296912803
-0.164598273263996,-1.09579216032036,0.0448005480297659,-0.113712667601003,-0.520275962990465,-0.307188830524768,-0.370944800598811,-0.233802672867055,-0.231453403447882,-0.590148419889219
-0.382259803756482,-0.865318092638991,0.199868253207536,0.186501491972438,0.118139685807484,0.0566861843556324,-0.591948018933339,0.661252382543497,-0.233633136840446,-0.735224007977802
0.195108494478599,-1.11055150545043,0.791876016826167,0.790503654445504,-0.350122667351027,0.0179262754510477,-0.768491708708533,0.0589104366482527,0.0318121620744723,-0.773056573587517
0.474473573843679,-0.734384033630785,0.966224932593848,0.657788961730811,0.797508314866421,0.0979647554895277,0.0967301695164416,-0.0274593339320443,0.589574822694276,0.0735042729733295
0.824985465621699,-0.423595414099606,0.257711856417695,0.424266149402849,0.304166934341967,0.443634200309208,0.383482806151581,0.257139847022007,0.1875606135368,0.294039833010175
-0.625423965192683,-1.63690189480059,0.00621004833944538,0.0862091174587504,-0.214714136359683,0.0232086391914004,-0.755291769096245,0.0112780901245911,-0.191935651614069,-0.237065824667867
-0.000892818663146888,-1.05978729115258,0.482597469789118,-0.309394389595424,-0.151373042463747,0.288293822391836,0.576125967902471,0.436261914021875,-0.327991563681974,-0.348931002868242
-0.158111261595875,-1.08758607337062,-0.298843311651663,-0.628721442860771,-1.05154056332092,-0.379009244911231,-0.145678543375725,-0.286712374169804,0.100557311584719,-0.542988796926036
-0.481270125996408,-0.72347364683411,-0.453731955914904,-0.423561375021674,-0.314100021927517,-0.835339514551428,-0.463326497850712,-0.239492240464255,-0.132818273096206,-0.390443954335974
-0.275930121548949,-1.23216020625874,-0.219237032080047,0.210300964257351,-0.242969542612182,-0.213815209607389,-0.736494662296101,-0.618944135000407,-0.265253809714923,-0.821565816822074
-0.390742127509319,-1.0187518466765,-0.269832083555358,-0.517710773725583,-0.490216826985042,-0.424947342642335,-0.806682094087969,-0.325390257584657,0.293651475874694,0.0431997603967704
0.0204005457065319,-0.507048164052746,-0.192518617200995,0.415704185148363,0.575474939909884,0.367320799646774,0.569188422325717,0.831611556261741,0.414768077349284,0.497794333454824
0.0785742799636529,-0.676339189144935,0.472069164556761,0.350724578565571,0.29270900012037,0.623866945927132,0.473584443473416,0.651579599966247,0.366758477486056,0.422479034912016
-0.363194792528946,-1.29277486020561,0.0359360628314568,0.128030974440433,-0.72569263700435,0.0160302140881804,-0.467379816418382,-0.24017421222524,-0.459374768116571,-0.673150405084658
-0.786347657527951,-1.68200507222755,0.0082115833815149,-0.0396207669181495,-0.910751454512156,-0.447905247100985,-0.0787016906666906,0.0493602204412983,-0.512623823467094,-0.195147999409174
-0.271427260231202,-1.03355367215529,-0.378296623522684,-0.780414565542332,-0.447956203127751,0.130556017758235,-0.753754125879251,-0.849159125312256,-0.262257109561314,-0.60653840807636
0.727954070646957,-0.272001744671531,0.475821793894884,0.124362642108487,0.793815558314301,0.952742320170526,0.865752282826558,1.01803344858616,0.307808135546919,0.465023754841995
-0.392777051571558,-1.23739709923812,-0.378052126594865,-0.276439850460946,-0.52722971033741,-0.188062688972821,-0.327571804791795,-0.39822004082365,-0.254014572675575,-0.786371034497466
0.707280258900141,0.234416792381287,0.404790137226062,0.699134844154403,0.875303760328912,0.672768699517302,0.322129899785385,0.556754966068428,0.218079292276906,0.943815677841632
-0.100368338548318,-1.09370002923015,-0.322440704227361,-0.3623543131993,-0.847293898428381,-0.792630209582309,-0.703268112759302,-0.829085416653325,-0.685418628637503,-0.760211928797763
-0.389621202422229,-1.35152469649265,-0.0872946668804077,-0.461673378424655,-0.781221015410803,-0.286165777590577,-0.369888383993678,-1.04472617049388,-0.0834606040592181,-0.52963065952731
0.777511840744649,0.218766190841539,1.03696431921628,1.22520861625263,0.166875639631234,1.13272461502962,0.663915033652016,1.01841369674561,0.378307560530779,0.798701961277123
0.390449050680333,0.189962184164327,0.911662084226264,0.398785430035063,0.627009219649387,1.30514363541211,0.309134001211878,1.13021068731806,0.598882419204002,0.627372704366935
-0.825177837351126,-1.58893514362371,-0.982432762555893,-0.771567089220827,-0.928078738165261,-0.958433742157312,-0.440563920132395,-0.658404856364522,-0.830173437764119,-0.96979784148664
0.453941114172396,0.0811186467493613,0.860868433432613,0.594145625395258,0.481884503096099,1.26048987647264,0.451057437252961,1.28956331725892,0.632372738408607,1.00133175658686
-0.593627394574452,-1.90766197447161,-0.406616363540265,-1.03819267256863,-0.747421445829933,-0.495047301196909,-0.552793742239778,-0.283666878108798,-0.0027864818508655,-1.02084786545159
-0.903120377814391,-1.71896684965564,-1.05601068069306,-0.867503834901762,-0.782586881309832,-0.276829258037118,-0.640346004600014,-0.629310590374691,-0.838793176211969,-0.704322068661578
-1.15738812990126,-1.49269090142933,-0.0443507065420273,-0.681029548560225,-0.611865894267767,-0.720545036309012,-0.767645273591049,-0.685815452084777,-0.40466285307506,-0.677525456603511
1.24925325448839,0.00150158098907971,1.10946630276618,1.11544113451744,0.570479301693775,1.43163024476547,0.447700989048007,0.80401971387947,1.07871029666174,0.990460462660613
-0.867454176744934,-1.82646235077826,-1.11687509584729,-0.724292909420676,-0.526565424594115,-0.864694012078261,-0.675322753330231,-0.970499513319311,-0.512754989872859,-0.367557116463489
0.609253254488394,0.327812307299806,1.2364504297503,1.03123775619642,1.22666522103759,0.648868186641091,0.84951688782131,1.20317110819995,1.41104589756877,1.26861616938775
-1.30251284645454,-2.11104838935203,-0.761437541275921,-1.07854507651054,-1.09306890178656,-1.28491893401624,-1.07240717835295,-0.882436035802135,-1.16656761497982,-1.35477413385219
1.50322150845665,0.463262042749541,1.61740281070269,1.35447007942874,1.31901731338968,1.60830381274338,1.14830306896043,1.46654559379665,1.69549034201321,1.35327225404383
