-5.07297170896385,-3.19661951616344,-1.72445773060082,-1.84738584669417,0.266719352326149,-9.85993149869894,3.98942602499421,0.565933878061989,-4.84066279650085,-2.31810219503757
-5.62382378612373,6.69591354651444,-1.31232613831314,18.2943215323543,5.22321345236887,-3.28145259919055,-0.585121869004439,3.70686766686514,-1.70812329539391,-0.709083485111528
3.68128300976724,1.52823835861512,-12.662535224402,-8.16611046769555,-2.19107038671988,-7.84891370105354,15.011999758977,3.55665340090309,-0.0515309991660509,2.92592794893424
3.1069659738022,1.90037405856297,-13.2909893752667,-7.61376358887947,0.976451070775298,-15.8429155735515,7.13315767428395,-1.21995597595249,3.06082906831808,5.59751461263362
9.95265494502987,6.09684891596695,3.05319136504253,11.4414822985315,6.74311233193936,-6.81350236830173,10.2471762676415,9.90292931830583,8.84454001748812,5.17257945923934
2.6035399267065,-1.8482712106669,0.372551505390646,4.58864306470863,-1.67585022408085,-13.6057695593394,2.99623502352203,2.53723909107444,1.12605335665083,-1.30006062881751
-0.194037075655615,-4.149246856884,0.269827471643019,5.43807253952249,-0.259033870026409,-14.8200482599632,-0.896725882834705,6.10954979356409,-2.37001884124161,2.08161580420166
6.9238544825807,1.20188146039029,9.07516464158421,-0.332627690667774,-2.6157028898182,-4.71592825793058,-2.72203779940255,-3.39875429006098,-11.3987918781008,0.683303018924578
-1.38489792430368,0.468551350046528,-2.21587132743054,-9.17370356796426,-10.2539651412256,-11.9023484622071,-6.66885778582936,-11.7324288940829,-10.4058136287456,-5.11719703584376
2.6035399267065,-1.8482712106669,0.372551505390646,4.58864306470863,-1.67585022408085,-13.6057695593394,2.99623502352203,2.53723909107444,1.12605335665083,-1.30006062881751
2.04685668868334,7.66790763289122,12.2105175517579,-3.52962862322381,11.4058912862797,-32,11.5952091157982,10.3541636730885,-13.7128918332045,1.33195405828031
-32,-32,-32,-28.3716252776917,-29.9057624115235,-32,-27.910518900757,-32,-31.831785362584,-28.0213531078645
-32,-32,-32,-28.3716252776917,-29.9057624115235,-32,-27.910518900757,-32,-31.831785362584,-28.0213531078645
-8.381964294832,-18.1790375661178,10.5578339786286,-8.19284080021455,14.7520454520088,-0.936218113003044,-5.43516854659187,9.66077640828232,-32,-12.9263498194392
-28.8930340261978,-30.099625941437,-32,-32,-31.0235489292247,-32,-24.8668423257161,-32,-28.9391709316819,-26.4024853873664
18.2807754075867,2.3134523407596,14.3149091869247,7.8032891980229,13.5824058529115,9.12929039958243,30.9853628180865,-3.60707441663795,8.68577048497832,0.721477925860578
1.21223557888041,-1.8482712106669,-3.05601992318078,-23.6466510529384,-14.4758502240808,-32,-8.79323866068849,-21.8437132898779,-0.873946643349175,-10.6333939621508
15.2859882783632,13.5635155826336,3.05319136504253,15.7784786355278,6.42861601744305,-23.3545651702341,17.9945446886942,14.4743578897344,-11.1727759998279,-8.72787302944845
17.4069067581156,2.60636488713794,6.55928472661207,0.934926429566541,-14.526416406028,-27.0886983833355,0.87007542595864,-19.2555529261018,-18.9076970280097,-7.71006274844238
15.4820667097358,-7.7100129318097,20.0127469623763,5.50030582794323,1.88240441240792,-4.71592825793058,3.76717626764153,29.6386759246407,11.7275690911866,13.6336501805608
-17.6837086913338,-18.223151084033,0.144100455951621,-1.35851770146853,-16.1140305252035,-9.72259327739264,-15.0861570656918,-15.6970706816942,-23.1554599825119,-20.7321824455226
4.0913442218002,-9.5248241078139,-3.74273313154127,-7.26777895437711,7.50732859657043,-13.8499353557814,6.61085424901454,-12.418054591017,7.41790140640925,0.0763498138720031
-18.0471956729133,15.6836054387566,12.15776957566,11.7987451923297,1.43509463763641,4.35325736047232,14.7630747767183,3.33069548125322,-3.61926371698233,-6.9301453658944
17.9666561874302,4.69625562898115,-1.86476876575262,-13.4108846221269,-15.9783511379627,-5.47105427305985,-13.3858009852119,11.2911363778031,-15.3788749728718,-25.6092224123079
-0.502960196744503,-9.34484664677483,8.61575953875336,4.12010380402597,15.6297125172943,19.7741769750461,28.1754769127327,7.01724229009086,17.6114810856135,-7.43069216896619
1.51244373321775,-7.47059221149098,4.76503975589651,-8.39840690376679,-32,-32,6.72034280563778,-6.21911567913822,2.04468392437128,-7.73620653929205
-13.851187498954,15.2400983036958,-2.99720378201693,32,12.1222771288186,7.04286436095832,-4.16647876153091,4.87649624265584,-4.54229994743865,-0.118106341405552
-4.9941182031474,2.70557858997603,-7.7071643351923,-2.92084507602283,-26.0991698284072,-2.23008849322577,9.9128985650766,-10.6785345903664,25.3629643276905,0.0228660142052775
-1.70742108024655,-23.1069722297754,4.89652190716187,11.4057153624073,-4.57962629737181,-31.4879525681962,-4.55146289630518,7.18757133890496,16.5601198639526,4.79137116766936
29.3843328449271,4.83218771368289,-0.00897477570640604,15.7151853209246,5.74603485877445,-1.66234846220709,-0.268857785829358,14.7023537146127,-1.51692473985668,2.88280296415623
18.4978987706298,13.277092983076,-1.57963565834142,1.97374255253486,7.46198252663923,-6.47541977616972,21.9319938389563,13.4860592558506,3.32745667749719,-7.49459158408389
0.481283009767242,4.00442883480559,-17.0735627933243,-19.8994438010289,9.29610910045961,-18.325104177244,29.9085514831149,-21.3322354879858,22.1023151546801,-14.7883577653515
0.643454955468599,-11.4715101331521,-17.5982290754277,-22.0535045546022,-23.0202020393809,-16.4984863506262,-9.97640791178359,0.13984667821401,-22.628304949853,4.67138249438878
-14.6506272395955,-9.38620340800018,-15.8137242473047,-12.3001380834392,-16.8379251120404,-22.8028847796697,-14.501882488239,-14.7313804544628,-13.7009145279664,-6.41755305021532
22.0436972046436,28.3582866063432,30.9056762553056,4.28800768702042,0.364027364619103,-32,1.01581714752884,5.64704560416806,0.248246123890381,7.89674940018174
12.8047108617795,19.2521831014193,1.38532516404654,32,14.112489973756,-5.3579290262826,32,23.929352250354,26.9587945564564,18.1849321044586
-15.7218278731034,-12.6378884415107,-3.33483945947466,-21.0236971758287,-5.45371112655555,-7.08779456097201,-3.42803740757215,-9.86603271383617,-31.0397086284416,-30.9538126747753
5.5415529670427,7.74293940394028,1.2557705081761,8.36331075904878,4.63880576322966,-2.58459569294926,10.0101223498549,23.6626855836874,32,23.831990927988
32,21.6716114973443,26.9647437573661,32,22.8401790098546,13.1757368886314,32,32,28.165304017669,18.4752033112531
32,27.491958251508,13.8960740791278,11.9296919705944,24.0350923173468,21.0555961616405,28.2436886188463,32,1.48877483471287,32
