0.0546472927923481,-0.803670497452512,0.246781704375211,-0.169127829642546,0.0423442229031096,0.136819715852486,-0.12113177044308,0.165582095152605,-0.0157221914962768,-0.189751149031464
-0.350350989860926,-0.997078439990988,0.128832587184123,-0.21875631970789,-0.106605181201315,-0.152643556903459,-0.0273674360695152,0.0364887825595847,-0.128066514351402,-0.310899329253889
-0.137256571368121,-1.21679016449538,0.137279873811702,-0.313776677439151,0.141145387509591,0.122551426076937,-0.0074063870822581,0.150716173108129,0.138024467268492,0.0461085039223188
-0.210818832225898,-0.753617792201147,0.311643797176758,-0.190471796100227,-0.000674351899056458,0.170696680292306,-0.305736229695911,0.173230529277856,-0.156605556636559,-0.204768355920061
0.336701226300518,-0.646423988093326,0.381428179718499,0.0912767028153596,0.0918412047944576,0.426427507530088,0.0263618871546808,0.364887015584286,0.0752482811998439,-0.331508358957688
-0.0778573241471709,-0.916167630035954,-0.231116576916758,-0.414798694810065,-0.198097874515887,-0.714303816782535,-0.12606117291443,0.371490227721572,-0.0561668066075188,-0.247960728843624
0.184575281749503,-0.592502788385331,0.581528616710547,-0.0645611959794369,0.277310566137074,-0.170962014658537,0.00770417216740055,0.500072728109937,0.185284704070238,-0.39224281802817
-0.0376577174297516,-0.999571967612276,-0.06805872450198,-0.21281647983303,-0.282726402322439,0.122222109965724,-0.495921463547585,-0.376606815875213,0.0729521603595188,-0.498371285259154
-0.622029997329487,-1.13822791700292,0.103344132070084,-0.461855545656816,0.165531262244621,0.119483110893117,-0.066493753369639,-0.190085556952805,0.356613984266865,0.0625946063224112
0.517897838125804,-0.610683078723388,0.434356734435218,0.433648166631617,0.161718042122006,0.369135690212638,-0.0514770191031405,-0.319259145624317,0.221100308507667,-0.251457705012241
0.713376794931062,-0.250034427384517,0.637542644283668,-0.290979929898402,-0.0192177414757563,0.369832992645863,0.278434321762327,0.226117628857706,0.25962124246845,-0.532766047539321
0.135402801230206,-0.808431915138427,0.42969899786157,-0.420141412729192,-0.338159357887447,0.645447138483622,-0.00283862008805141,0.618640232944223,-0.155519428611664,-0.139572032640899
-0.251344595286249,-0.212371173224993,0.61839133050991,-0.215896524064488,0.244251752502015,0.544481875121411,0.557713705985364,-0.0736115296324016,0.664204935459116,0.252993826673815
0.257621352621955,-0.76283433462639,-0.645685010292166,-0.669521865495513,0.248202487049319,-0.141624897129426,-0.147042205667699,0.338844862903102,-0.0932730280006077,-0.696058967052678
0.258485998935885,-0.383873412237034,0.575361518748955,0.144379206956783,0.351381960009771,0.593498707113331,0.421511345068787,0.561705693895567,0.241082939849089,2.87830561216951e-05
0.475091354071386,-0.715814628916617,-0.366878611410268,-0.244300062196304,0.105481656663722,0.418880015006746,-0.263952311356166,0.371494717255252,0.566307718161226,-0.261937584931747
0.647179375792466,-0.0362001784625486,0.485161691902716,0.497732592147453,0.00670818445016969,0.39315017725337,0.387640670968676,1.00014139138722,0.597892847406722,-0.0269459417192147
-0.148675265227507,-1.07717708916984,0.4086972041528,-0.352042938384373,-0.551322534425214,-0.171507565526703,-0.518180586673736,0.0980797328158701,-0.316530940746994,-0.477117922729128
-0.324924650099077,-1.0324996420053,0.891586328619595,-0.791345773333125,-0.210674635679482,-0.195213592670459,-0.168073610506178,0.536846640262388,-0.23983061842003,-0.495871839567041
0.214781982682047,-0.485689030660384,0.801294763350871,0.524484679407806,0.194491909719483,-0.141907599138342,0.306770951032887,0.849744578027601,0.641562249352638,-0.41286738995123
-0.158066143078952,-1.3024998364364,0.797539576807863,-0.0580680952460702,0.022069102875254,0.25423982169536,-0.37077708868932,0.623338562920537,0.608031219015391,0.250306294561372
-0.111006032187875,-1.24865873843118,0.577049607880823,-0.307235144524787,-0.705554950018062,0.300403425146765,-0.692875165838008,0.290226333885402,-0.202562970465646,0.208025981001098
0.569019541248221,-0.395426776686733,0.297303371858596,0.406597712965577,0.77981075210146,0.664220063000021,0.407346641497803,0.377922749628477,0.704364455351391,0.136771007115501
-0.567626757758069,-1.22733957166057,-0.153036404544024,-0.735473829065108,-0.757622395598811,-0.782686440467469,-0.703134861132715,-0.111359878031412,0.00302066230329706,-0.582794754090491
-0.838269812618054,-1.12398816257152,-0.34332696305716,-0.810000415628846,-0.593266944491649,-0.0515255419299166,-0.700797958090972,-0.530473174425848,-0.823272223303225,-0.346990578142283
0.929495831387193,0.00213402480578334,1.04890220160193,0.599236291143024,0.570446598346636,0.798645774220046,0.621335006904684,0.862028522522978,0.804109516394801,0.700890399312827
0.430512838904636,-0.776455372669315,0.42339551728237,0.476832835407182,0.462157660398549,0.908168322922505,0.114648511689101,0.706867771468886,1.07847703033054,0.774010127486553
0.773525558226069,-0.0576178952164262,1.27506130378726,0.707579670290028,0.908388405101764,0.794230585640592,0.717495204532362,0.963910544411718,0.826243613896494,0.769013635322085
-0.583199587972762,-1.42058085817939,-0.00888931349669453,-0.989390026679669,-0.234468737755379,-0.285134493724487,-0.408430721393564,-0.579949104711089,-0.395978608325728,-0.78654192023347
-0.487770582208569,-1.29357492483488,-0.749610208388318,-1.08065577428791,-0.313522581231873,-0.205845296477103,-0.537902955925708,-0.560348855309795,-0.22685247586554,-0.972223701879208
-0.893141108440598,-1.53909937669791,-0.336049807323855,-0.390459545396246,-0.424944928231569,-0.205769414359408,-0.979474492437335,-0.566953653119146,-0.424785192687868,-0.119875253566804
-0.164641844413879,-1.18475715279746,-0.660651317094573,-0.821003614335954,-0.64383751343355,-0.493162505418891,-1.16258813021425,-0.598829038097435,-0.250280162872804,-0.665037951925821
-1.07109908391715,-1.84987469854336,-0.516972791537783,-1.11124870864533,0.0121820744085927,-0.601750606770226,-0.558021543738707,-0.145057866133297,-0.0801518800027537,-0.351404660183176
-0.378737816259528,-1.53909937669791,-0.263400234674282,-0.847975885265528,-0.375562212182186,-0.390954599544593,-0.793615906578749,-0.26360268310151,-0.684867497214617,-0.672427806119356
-1.06766301409601,-1.83631347987638,-0.69141750152378,-1.10200114914375,-0.89159402143687,-0.869133458942279,-1.04987341969599,-0.756140846983102,-1.03338158766509,-1.17023902423652
-1.00287654394569,-1.7467035200767,-0.558645990483418,-0.992531985119764,-1.01907103879913,-0.851628884908191,-1.02135713860657,-0.439945625641635,-1.01362428671652,-1.13428102734989
0.891022817498587,-0.284839926808297,1.44139327982765,0.305274263090953,0.502941211191474,1.18357961948231,0.436618697933834,0.609941953921082,1.0231661955698,0.707987520057601
1.1158743040892,-0.135707577254172,0.794735560974963,1.00888607226794,0.553134620278489,1.50837348749827,1.14821283539109,1.47636118840211,0.862808215430663,0.63903417256382
1.36521391058704,0.303142452943677,1.37169466037206,0.968084368974399,1.32285088067043,1.10446968852389,1.13202570143669,1.27938397434478,0.98327946004671,1.00457180125129
1.34053852875342,0.269310343892782,1.42683432640706,1.1339215937229,0.582392718502105,0.975040154164936,0.752918717744034,1.33921833125926,0.645524264813379,0.559669093198741
