0.178838250360106,-0.917037111079518,0.226864843577328,0.133622002359883,0.00801563375446723,0.0547263162454647,0.0556621438531248,0.0292359117025214,0.0591730358583163,-0.102892812122696
-0.0726883046682396,-0.84211556307871,0.0300974352487924,0.17325767763011,0.156924526249349,0.209246228457961,0.165316661472897,-0.165485084376029,-0.108953507455054,-0.0459819420998188
-0.101189317830224,-0.806809893953615,0.177248209837801,0.0704992333697422,0.0398214931981326,0.167953386651407,0.291898526101599,0.0628303587052631,0.088297219613457,-0.191595893952589
-0.209737235361313,-1.0946336016496,0.0680255039719934,0.120586764833171,-0.198127838216514,-0.0526849933114505,0.0484992278524359,-0.285471406548418,0.108956155419131,-0.0955591582391353
-0.0653477631281502,-1.19357537457104,0.0333004051515112,-0.046137146592593,-0.153339421560665,-0.113878991706935,-0.179488225810593,-0.128614222952657,-0.109315682411455,-0.207169697507216
0.302112604755217,-0.649951139816386,0.342818280174016,0.0640682297972448,0.0506251660650871,0.121981097788756,0.343495768941186,0.0967205955243262,0.0429717805995674,0.0114458571472164
-0.0881114123385253,-0.756510257447082,0.310104858436578,-0.035601562386226,0.0676863486491949,0.190799106648551,0.310814782259234,0.0643889014677801,-0.107871362762022,-0.331716309935074
-0.567799203752902,-0.881302121064683,-0.034278840049891,-0.240851276944924,0.202134254765315,-0.02574474880944,0.272678850971389,0.0210173715681471,-0.0438020050845647,-0.378618617404629
0.4877933592617,-0.927939317867982,0.446879756162639,0.0541553240449979,-0.0879266551980506,0.0240521122293624,0.10587163651063,0.465056787545153,0.0774066458016511,0.0840540500051389
0.519399855771513,-0.816588925875488,0.427058028989565,0.227093917587438,0.143836477789496,0.0870954426744286,0.236712829145855,0.15801897337307,0.0114749099773194,0.184920155538387
-0.0143626017168516,-1.10343837732449,-0.0198015842396274,0.29336036399664,-0.159006245619252,0.429520971262872,0.17075217999872,-0.00374377041591867,0.147635464362894,-0.404244461708044
0.421122039436686,-1.14481868846818,0.300256249918795,-0.0764186204531456,0.299180587235273,0.131441879636836,0.0608737957163028,0.126656739539077,0.0216278231514743,0.223698148846071
0.605212051153342,-0.893945111991234,0.35926904464666,0.546540981686002,-0.267127418332209,0.0424861663445097,-0.0958853517865296,0.0844186786095412,0.182186044857535,-0.014013393430327
0.137431864659836,-1.10348881677896,0.0551010110145977,0.323457526563713,0.178037681894978,-0.0559744287834039,0.398450333900306,0.536236127717019,-0.156487343164763,-0.242697701027087
0.523884774716975,-0.497805866486761,0.145127934254212,0.547415105808159,0.319244634638641,0.110901864834806,0.172878261069242,0.245883631798517,0.393551301271064,-0.14397865218139
0.167830539438669,-1.02346097932388,0.744072198669314,0.363575618959806,0.175249912515391,0.186510236728058,0.396040924934618,0.344512489051247,-0.0499839201992706,0.0850090755380211
0.320469936726165,-0.594695782464719,0.120123747299703,0.265685911207984,0.584695376170165,0.508382453107981,0.248318144101549,0.0133505292396782,0.627462686248127,-0.0672972048540374
0.804795619428146,-1.01996958848536,0.186463032370228,0.169771929230967,0.321047592120285,0.367458757520502,0.474479660016134,0.0940509573810664,-0.097755323390845,0.276874178526892
-0.159640211017034,-1.26742405245285,-0.0341220154939528,-0.204354652437154,-0.244547548696761,-0.328328235305692,-0.198761092721831,-0.425067398391958,-0.234244240816542,-0.465957023567722
0.233017636737697,-1.13301910289649,0.944473021469214,0.437309553546409,0.235661729255102,-0.122436840846974,0.356368495618202,0.271040713405545,-0.106560093511459,0.36859258898237
-0.242764862345464,-0.855236330106921,0.560067824402582,0.692912610494551,-0.279792953154322,-0.405056396090892,0.309725303202812,0.202978757677476,0.24864706196834,0.297988879021753
0.859409023332595,-0.483918230064449,0.188356297691174,0.739519582607578,0.335105885201363,0.525897505105792,0.204911276106975,0.379064814953964,0.422901865054446,-0.0182550592601677
-0.277661547626106,-0.963686125909753,-0.28046539461293,-0.0295443696304641,-0.582098329141437,-0.315434990617657,-0.20654267562613,-0.624035952516481,-0.360348529661071,-0.663919410538549
-0.0661147650820835,-1.30998017443156,-0.527699550120987,-0.610102806462336,-0.223155048899776,-0.330224231736358,-0.14274419007847,-0.281717546696798,-0.0332967347283467,-0.45901023904535
0.208969530899298,-1.58824195635079,0.0433412973021408,-0.214921255745252,-0.423383576787167,-0.0871489810677263,-0.0907516343938317,-0.657931120889852,-0.0469689656050551,-0.710539554066449
0.68967917541253,-0.0985977866729313,0.705922273717356,0.652665998549027,0.19736075029327,0.433622411513484,0.483778267237893,0.427401552530552,0.450388280948949,0.674362579029577
0.610398723246375,-0.449778398327753,0.679184656344127,0.614636987974938,0.346765089838522,0.47674884078816,0.432819273803095,0.465056787545153,0.430510094077513,0.288396323312929
0.681336797561666,-0.463377932731355,0.73439369927742,0.234737863308462,0.576630302060621,0.397374282758486,0.621171185358584,0.751301765611198,0.606745785948411,0.204883984002977
0.914470434268152,-0.181404927171472,0.962497027485374,0.869254186267929,0.743647817662513,0.790358500153511,0.791294327761171,0.764868095610567,0.794805219766362,0.63273937178535
1.25503203967956,-0.0809567419674425,1.16269021289761,0.962726101495484,0.879468661697541,0.822727626582475,0.972345013053901,0.893651157281116,0.747107093885365,0.920552339446433
0.341968412042983,-0.867567329358254,0.441289318918482,0.76214858074472,0.560929542740588,0.432118599299114,0.424915828241045,0.467765392700045,0.70005772027555,0.558525277489186
0.925669659206966,-0.0463672007007597,1.18251194007068,0.890499056940455,0.380202916379797,1.16333887910234,0.98454341173413,0.665683746792802,0.776689945328358,0.856839374514601
0.758251720234033,-0.67975313475505,0.704183534338356,0.611301111464447,0.509809425650415,0.369957255871953,0.677724371016711,0.744862543427626,0.48774478120177,0.351193203737393
-0.315791637983522,-1.56300424758181,0.10167393647684,-0.243738164455213,-0.54432215429756,-0.312193636611155,-0.533761651731795,-0.598493198785095,-0.324720165902631,-0.533283170306595
0.0368287663521238,-1.62131093416087,-0.216953984143057,-0.214661388721102,-0.493891772580515,-0.583142822749232,-0.337379403964581,-0.550426807835981,-0.731807528967245,-0.454296108665485
1.12191136656217,-0.177330002940256,0.881819400139978,0.732158508783896,0.514121242924058,0.978793001914213,0.666504303936751,0.559540301833671,1.10581183836077,0.599253789166519
-0.461253537489151,-1.5305956610595,-0.327168986042301,-0.512785056289589,-0.872135953589385,-0.715108881524207,-0.206384011515319,-0.354210106282651,-0.724114801187728,-0.835609104015246
-0.477526615335389,-1.50778812846761,-0.348545284176133,-0.667640111681136,-0.308155692347188,-0.501325069826205,-0.53382706875982,-0.824571358331929,-0.479363298215543,-0.85699901693884
-0.461416912674973,-1.52802393784747,-0.39624259132095,-0.45136854631101,-0.638054211223885,-0.640840867699562,-0.59172190438741,-0.560581252811857,-0.528174084057599,-0.750805339460998
-1.11845934489478,-2.17872313582988,-0.997372831343108,-1.0748155340174,-1.15764807809657,-1.15613326917352,-1.19288008249239,-1.25340849063795,-1.13842015642495,-1.33451862587374
