-0.107764024965589,-0.989705316321642,0.132374942036109,0.013512011180949,-0.124409706112401,0.0595118870026837,-0.109597562887373,-0.127260061079543,-0.0575647990524003,-0.0257717075502267
-0.1004008969868,-0.712730324965076,0.337729394291278,0.226539406277088,0.229760577165393,0.289461840952153,0.147567787996726,-0.00393401533872656,0.132701169851808,0.199462568556689
-0.336856630354443,-0.943535961105415,0.121496889453212,-0.0412992828013898,-0.435107145905744,0.239133488609346,-0.0780423484416484,-0.246102262997219,0.0780992241901676,0.0187825227369188
-0.226752105833335,-1.15540933182048,0.105361660480233,-0.101711667415721,0.20221616738911,-0.0445949842573891,-0.40772161596789,0.0766194816474588,-0.031327988734773,0.205409050002758
-0.143337517512792,-1.21853177782472,-0.10799093531184,0.277535399944921,-0.0748039592896941,-0.220538550779619,-0.161484467798463,0.272454917645928,-0.0471984229053885,0.0508160536026217
-0.355410547180977,-0.572207862443003,0.622087015821846,0.194097835169783,0.225240320760703,0.518395320919223,0.0845156705181251,0.0300524625695189,0.0470850947285117,0.0200780035726349
-0.244873558567003,-0.506946674353335,0.575711495561239,0.103046866841095,0.0204253085987584,0.175625774474351,0.215720527082907,0.550049189524179,0.246450211547067,0.114227051888779
0.275021607909245,-0.722524294636081,0.478986205193941,0.206428775974845,0.383871677086037,0.296385182191799,-0.00506342025459738,0.044945333727041,0.152442362717255,0.380351080783968
-0.196202491198727,-0.412512436194097,0.340677906195004,0.187518260567768,0.0177460229438242,-0.0508049580343768,0.36379199161055,0.41087213204194,0.561086445307702,0.350373275803391
-0.373431672678243,-1.06325186578174,-0.102891424890019,-0.174646778860278,-0.186417206217493,-0.297631255204282,-0.16843609061468,-0.466995703648977,-0.157797097436838,-0.343073152909708
-0.382779925011482,-1.22995111781418,0.325845028200876,0.223289785835951,-0.276254824123717,0.0964283329574019,-0.103066195909715,-0.398030221718822,0.015684295651939,-0.0552717184619765
-0.275731774487218,-0.956407190172512,-0.383897495516673,0.138607819498933,-0.565532290144409,-0.225254996099258,-0.0408829180990369,-0.252284647243174,-0.06619057675309,-0.528867113344493
0.249750097346975,-0.957350778647382,0.53872640387769,0.112567033444011,0.214777193273224,-0.42529336490975,0.104571485543373,0.00783011827284946,0.607740534127712,-0.266862524446977
0.044734694841389,-1.32222243218227,-0.23533905198895,-0.155675646344696,-0.0449883170846116,0.0507896759494353,-0.672111213082479,-0.254136996088692,0.0892661777492146,-0.474445310429805
-0.246563323964405,-0.989624024570614,-0.267907792212273,0.596096085868035,0.400362451360588,-0.071043601284669,-0.484383711127814,-0.216157293886488,-0.304559579897026,0.00229110185186354
-0.311714414949524,-0.977224190896208,-0.116188961203112,0.417523139325048,-0.728214757344793,-0.0411597307875289,-0.291324762332484,-0.239151964615626,-0.222835674594291,-0.447822860753417
0.619262663582119,-1.16148945292632,0.313533954583801,-0.0705735284712203,0.119506716827857,0.142230253547615,-0.111517386772544,0.500858330392328,-0.230742674133666,0.375184087102774
-0.0368927832951909,-0.240248378572769,0.695223411632306,0.469471128283204,0.493050780804369,0.204550914257373,0.184763419186892,0.424196230907237,0.381741462202841,0.439820955590522
0.217121864269213,-0.566679842313813,0.549156240938256,0.6855144227692,0.33010613543657,0.512437245784071,0.246381614691992,0.310676147291628,0.261384303024076,-0.222006452974918
0.261843900190477,-0.652196562327527,0.384449952560388,0.289306130297226,0.572176509370946,0.407626959818534,0.421263748294886,0.13826170385559,0.474416304076969,0.247070136796132
-0.814826397133433,-0.926335051756216,0.0785497627005929,-0.514614893222172,-0.223795097331832,-0.299823626582806,-0.454649252016335,-0.515806885813972,-0.068728643246227,-0.39745503007256
-0.337645357133407,-1.13203181320604,-0.1225501858761,-0.50940272545747,-0.0147937535920312,-0.0469315213510048,-0.520706701155342,-0.24199068829021,-0.534444737191797,-0.547377864944998
0.244654063875691,-0.649417653172526,0.437163075772645,0.649020213610631,0.490744395651162,0.719088037837435,0.371648255715744,0.511721549292995,0.46356042020615,0.386226165433226
-0.456544024267686,-1.25958063653062,-0.472764710541677,-0.230885612118131,-0.113271011950295,0.0032276471801278,-0.643070751308911,-0.517191006420901,-0.376441517992886,-0.555861931683173
0.456242387104422,-0.193566884008962,0.978815609649467,0.410843263060629,0.8552902432589,0.846634188893056,0.938736503063711,0.732705372546659,0.357685961481237,0.915212681920033
0.270062608253645,-0.536434254850105,0.769479871334791,0.656887328198354,0.495202208007656,0.521106148965617,0.634286757506541,0.477693913520574,0.49569689972576,0.328489443923738
0.461936477275291,-0.317824031373749,0.904659156907217,0.372331579323564,0.416050254013325,0.542571458438945,0.538736075904908,0.641612696647458,0.472563882822029,0.781840170707331
-0.628680390550497,-1.48521481384664,-0.223724835055311,-0.18793789379932,-0.43529789032571,-0.313441642283726,-0.581042126078931,-0.72946974043775,-0.364376872911439,-0.204803037030872
-0.45924348534601,-1.45934179881777,-0.224692606207727,-0.235491576171217,-0.559619783010498,-0.258084537684501,-0.485383997582355,-0.512725562220614,-0.362810328003975,-0.354476954553608
0.580408018045163,-0.301533273310889,0.820546985046862,0.701684054191702,0.563762336898352,0.747683930013436,0.57857448012338,0.560911981931209,0.630607243958352,0.662400335460526
-0.27953823435867,-1.37427597703241,-0.670874844135682,-0.286383357522224,-0.406056935703961,-0.500927695684892,-0.332617198070978,-0.521465366936496,-0.588627897921201,-0.732935439826291
-0.467000310176911,-1.32860062473708,-0.350720826457794,-0.402343184877533,-0.408105522764277,-0.542805475516237,-0.498414371010903,-0.543784042080873,-0.52170174922295,-0.6018087671825
-0.733038247904789,-1.68268511050681,-0.0766633002295388,-0.433881717761142,-0.928685676470261,-0.26537043413286,-0.574141457012442,-0.623424846201608,-0.525627129906753,-0.565418803483263
-0.939399644462672,-1.77772142725257,-0.613992921940784,-0.662841173091369,-0.847594084091099,-0.780753667738075,-0.874333369320811,-0.820819494576809,-0.836804949110702,-0.817578031123638
-0.876071335276645,-1.55352146953057,-0.769958965581167,-0.663101441426849,-0.862020381261227,-0.72437423593205,-0.804811556918112,-0.835562110212116,-0.621270670979121,-0.922610646283082
-0.480348644097523,-1.56613271786982,-0.318231842483718,-0.478639732121689,-0.569075476545435,-0.464759493790436,-0.566708961061573,-0.556741047082268,-0.644770049045374,-0.603166185942417
-0.461695220313705,-1.44299154071556,-0.429810341876199,-0.848626661876357,-0.542252984128566,-0.762197884666209,-0.580496978254422,-0.458736386101827,-0.755308602309437,-0.655999765828263
-0.879793067185914,-1.81225053882328,-0.462906005711449,-0.751620608429282,-0.697254191612648,-0.706892391821949,-0.860750566497311,-0.895043363893254,-0.810122155960964,-0.636001881239825
-0.84457852986759,-1.79457266535793,-0.562968168887216,-0.728011445268927,-0.729833413922952,-0.690502104991929,-0.841608970649819,-0.765387761586881,-0.718966560738048,-0.690396033137483
-1.14741552835676,-2.14751384182852,-0.912864649218479,-0.92366361918197,-1.24779182602125,-0.946256580695254,-1.17355604059311,-1.20089760523137,-1.05098237101473,-1.04264899756436
