-0.107764024965589,-0.989705316321642,0.132374942036109,0.013512011180949,-0.124409706112401,0.0595118870026837,-0.109597562887373,-0.127260061079543,-0.0575647990524003,-0.0257717075502267
0.1364905233602,-0.976840921471004,0.234589655965924,-0.0128521410232373,0.0105356859187845,0.135500696312371,-0.0856245997620311,0.146438582399917,0.080188680734342,0.230004199048495
-0.141777630407766,-0.938596177013745,0.257258579701702,-0.0249033549655095,0.122399385417187,0.199623204256858,-0.115644426077093,-0.140979834703279,0.105700507070049,-0.0435824682181302
-0.202575938290802,-1.02513058731058,-0.203328994792513,-0.0136119528845388,-0.109451664796593,0.203896938540431,-0.0336471694663107,-0.0648768051714246,-0.118671417339284,-0.136922308046896
-0.00687543192702689,-0.481567931019346,0.312577905405118,0.229555821558492,-0.234793693933163,0.018428388256236,-0.0860006796713671,0.165820510465048,0.0932357679853624,0.0235458858766259
0.0527205238651407,-0.858065408197571,0.199037674011024,0.0731029570637645,0.0898227845467521,0.139636350855368,-0.245080713781303,-0.322353652289568,-0.126337564112857,0.0763428931057421
-0.00211369595051403,-0.877820408068433,0.227489643876381,0.174743661533322,0.326964229313192,0.19952202842445,-0.128171330809667,-0.170495335328394,0.0158991586670237,0.121286813953443
-0.164410435722168,-1.11661259961555,0.110347623833139,-0.0718375765456525,-0.0159451855337478,0.0509634472939873,0.249767070519914,-0.277274380561872,-0.182278901905689,0.115010237330728
-0.0568412249393651,-1.12708986437943,-0.00929895168606337,-0.20463153463491,0.13565280525448,0.0996302892870996,0.173822625807314,-0.349798290632398,0.087238853841793,0.0998288300836111
-0.101888954508321,-0.975512990428825,0.408519324619483,-0.00317189795180894,0.0837994802384993,0.562402215826631,-0.197259256163377,0.0117089965350765,-0.108309544436169,0.0256203584098587
0.0345382136342171,-1.06707796690753,0.204789501067731,0.126312137224377,0.0872690699376941,0.396774720997126,0.00665012607961404,0.0771702818326021,0.328011888390575,-0.166888481980735
-0.0184606284114634,-0.643841676840327,0.259371026155561,0.505029958822639,-0.0407305794631911,0.149724750339983,0.0880948891865151,-0.126425482094578,0.302293515131961,0.180359415353532
-0.540684022079788,-1.10787647358619,0.113615137735251,-0.170130928974343,0.0987528148785383,-0.020716972843783,0.155206169236323,0.0346258181140896,-0.317545640179946,-0.00448289325483966
-0.0108893356630862,-1.09664505058084,0.235318853149346,0.228803847458532,-0.0449358808241582,-0.206486098124223,-0.0706606351908608,-0.744922679900612,-0.406220946037055,0.0975461796151511
0.141584434112635,-1.06933928201675,0.346670373414855,0.16484572302576,-0.235953639418409,0.176284326284907,-0.33325624332097,-0.102045131484812,0.450683534960673,0.105572291821999
0.287785268268998,-0.424623434944501,0.491524429987826,0.19228181111919,0.286223618676302,0.460594227542545,-0.19540417719157,0.260700590482824,0.0622991043512955,0.21140361243787
-0.3617715858718,-1.22161767018543,-0.298593616920578,-0.207941396591389,0.120286658795896,-0.0169877865146497,0.111397655819319,-0.374965669837044,-0.372313188318945,0.0142561394689038
-0.0736340441938967,-0.516636468812352,0.502184358527016,0.273708829151129,0.251628510611377,0.366342002621692,0.43061479422478,0.19355637598317,0.523413901531475,0.0696587634078254
-0.279756033966181,-1.31582112614219,0.163698061345131,-0.0291911258816969,0.0700238468421026,0.0780869389128077,-0.289041632173563,-0.469446110107226,-0.380849583695352,-0.102847216098672
-0.449409271605005,-0.993458446625164,-0.314389906789045,-0.128465675455917,-0.412373973662976,-0.33526603527192,-0.195844773635135,-0.682838523501617,-0.0703066527547427,-0.0410971326336281
0.275064968700843,-0.597868581627764,0.267491057447791,0.267480265149203,0.169467844908007,0.555838417614929,0.39504065603656,0.180062868092125,0.403419594705103,0.37449162358868
-0.440174505058713,-1.19275409604932,-0.0584955096899976,-0.105414946268422,-0.170737622251147,-0.124623562865868,-0.475031760106204,-0.43820207001497,-0.390628957710635,-0.08992603964828
0.303882470222634,-0.667632553707054,0.182827710282162,0.464159731693775,-0.0690874405384557,0.617495044084035,0.216793784650891,-0.0657488802147592,0.596461654036132,0.459558724661799
-0.231677106154609,-1.26441461454678,0.247056881694098,0.30224724635843,0.356984194565305,-0.108897070610384,-0.444460004668165,-0.196131734951204,-0.0799358455306871,-0.285017651111945
-0.271425857993876,-1.04328856317638,-0.279372716829097,-0.330738395806313,-0.246545675918005,-0.288874143379111,-0.367614491695638,-0.532520625975615,-0.297961331583564,-0.452862426613263
-0.125511952290612,-1.31678862070312,-0.354677780448782,0.0824340811682959,-0.719675365651808,-0.133356475310631,-0.301567478812706,-0.11005036135389,-0.353704983563487,-0.531745615525881
0.827753724713541,-0.00591332055924954,1.10857063903261,0.943800391785562,0.829649196973692,1.02239300326771,0.850495486675575,0.844837576590185,0.98829838873001,0.956610878856811
-0.355384585185438,-1.20839377002297,-0.220858538530039,-0.361944703753171,-0.370161742683948,-0.160338590114672,-0.316624281261465,-0.400352608017916,-0.26132644297566,-0.316798909746304
-0.185737725825406,-1.34437763206166,0.346227638386379,-0.297913866617897,0.350156449663333,0.108511490593192,-0.56649552461857,-0.452703032969541,0.0980563457952254,-0.105951688106252
0.183015869205512,-0.409090602696569,0.58650278177717,0.677703626224285,0.0737392375092533,0.594087869206076,0.518575461827532,0.23694604783124,0.353467002771652,0.576954415289235
-0.602724316796015,-1.4696262878232,-0.191181874495481,-0.212916887718934,-0.175687021589826,-0.360998118408367,-0.263390809549296,-0.341623442553704,-0.371005496341095,-0.224380196615307
0.824793222889239,-0.420153772730754,0.600505039685716,0.867924870000552,0.363130141706074,0.621620738583497,0.278747265592758,0.290598722497438,0.345823809027465,0.494826736665578
0.922752406562708,-0.0552077943393971,0.979701879712049,0.892112322759433,0.763393472844981,0.84768039321458,0.725578629717355,0.663776565063035,0.576316005906216,0.863948298333723
-0.377781006138419,-1.34523367363467,-0.19909776812566,-0.478806100546922,-0.308126011171673,-0.411636555601426,-0.41705227413513,-0.190243350286912,-0.388816257008999,-0.485604686411225
-0.355597429207865,-1.41803539961381,-0.670418123086614,-0.17071485898141,-0.589613828362993,-0.345602723167566,-0.229198038136618,-0.320337837328147,-0.254356221477676,-0.369179007807695
-0.654457580685514,-1.21508961780173,-0.420104694434501,-0.283905131899234,-0.740971403964189,-0.390245110649113,-0.603877784996574,-0.360103297694438,-0.5923723452779,-0.640377428713867
-0.607503595150607,-1.54796222510142,-0.3786256297257,-0.640005684294774,-0.368137282209077,-0.135634002765125,-0.251656656814826,-0.741682903715168,-0.612771808730446,-0.314748189535425
-0.49846578493421,-1.2461304752551,-0.212206637061207,-0.556256190531544,-0.73615827513063,-0.547802886007762,-0.459745773807188,-1.0103078188888,-0.762182987210913,-0.765587281025766
-0.773054873701015,-1.70083824850212,-0.1182200062069,-0.208526024854944,-0.754278621697891,-0.34630277129029,-0.550192310335132,-0.772835820609526,-0.705546501078321,-0.715740076603268
-0.590123500652076,-1.7617051261681,-0.477449965161678,-0.441995101480539,-0.891649042866296,-0.525393922422328,-0.559276495186649,-0.781736390317372,-0.489982678516006,-0.463386400673625
