-1.22211526485233,-0.0201153470159188,0.159791585835119,0.0510628474919659,0.192962544927345,-0.316995572045197,0.507893136182113,-0.472437319151853,-0.733206649707545,0.0921928727512711
-0.738686330691634,-1.245653768039,-0.948096185494379,0.422724911549658,0.979538838834364,-0.856623898202233,1.83396790300709,-0.750790150423446,-2.33488643544158,0.718674550916717
1.00135331915944,-0.263323299443082,1.14223154345166,-1.08027701448811,-0.443682599545197,-1.32335560960193,-0.774510179169249,-1.22359279286818,-2.22582786583234,2.03007281575989
-2.73824541260818,-0.594198880054036,-1.26436081510536,-1.49958860927161,0.365765515213601,-1.61106759382347,0.74959261178087,-2.13980241815176,-2.25470832977687,0.874545087055873
-1.89527035342023,0.989514243660744,-0.211011072284523,0.275385983630037,1.324150271815,-0.233305269919252,-0.892280519852434,-0.403715186362778,2.43982548815924,0.702245322073885
-3.34785997792402,-2.65614703320503,0.35921542886893,0.475325417342464,-1.39134660823561,-1.53254299983624,-0.974054748692585,-0.467021922482106,-2.27489681424691,-1.55939211717612
-0.0849753657871282,-0.90572032675606,0.706593589192923,1.38782654583282,-1.22770984053329,2.60256597906366,1.63023955614472,-1.60257339457171,-0.828908139517281,0.446709515453037
-2.86701484582786,-0.989111032552542,-0.504540982870742,-2.09977973589165,-0.731878735287378,-2.178728566735,-0.73764784766191,-2.73938965038378,-2.45701283183987,-2.03317201895214
-2.32059021533683,2.8745172096159,-1.61728738020464,-0.605855007322015,-2.68040082477223,-1.95784099130545,0.327658527378979,-1.14073075985252,-3.193709807874,-0.554894753224814
-3.37869740669279,-1.00348550834206,-4.05101901258922,-2.70828072001052,-2.12616302443238,-0.838265662119654,-1.03325248850822,-1.57708257820658,-3.78853859896662,-0.43398662040945
-3.13104082182488,-1.64267751242058,-2.65487194332524,-0.842285771998796,-2.82905154484982,-0.610762480975329,-0.159843987210387,-4.85915234194013,-1.75296727930223,-2.63246840431509
0.596709610230445,2.31904794957352,1.97362997848035,2.00698625667865,2.07035524571366,-0.0949499915967809,2.76846902784208,0.225706982816722,0.699930129956745,1.21745581137297
-4.1594105508698,-2.29744639670355,-2.44549169232162,-2.01687319629526,-1.70145801246129,-2.57203770760354,-2.30411700683036,-3.29133174617108,-2.21782312295871,-2.0640350879527
-1.76164507729922,1.17583561110832,-3.4577388392565,-0.84054944378856,-3.23987595880836,-0.686452488309671,-2.38385534081905,-5.25854250786538,0.393264527986633,-0.0656364831393241
-0.485043053764327,1.6882507962577,2.47670700776591,1.38644913379112,-0.519359616726863,-0.605815807365051,3.10586468740419,2.28402030324957,2.3831636898047,1.00565533123465
0.802001927235977,1.1450444587023,2.00036203243156,3.55470241711148,0.740380933315681,2.73599907151594,0.4387691460449,0.143787002919505,1.02175194057959,2.39413666599269
1.7456454369483,1.73526181244861,-0.249849421945945,2.15518843675235,0.237979038040873,2.42581559365135,3.59394049394792,2.09042667520139,-1.06924035335258,0.621893821435903
-2.88978573357059,-1.03613537121263,-3.66115546483093,-3.09230529758349,-5.01026722432606,-1.67159899545299,-1.26821489452326,-1.06358305775572,-2.74975743553171,-1.60131061515083
-1.94482668156883,-3.96797681704082,-2.51451222559463,-1.15622245687139,0.721540902817852,-4.40716692242947,0.600415271428144,-2.05033530961773,-5.69745953485678,-0.684834221013108
-4.49136417830481,-2.67853028690423,-3.79676879991661,-1.32555105060091,-3.61114650794388,-0.137891317447036,-0.840220451860571,-3.01064718138299,-4.35417864217542,-4.20806483760073
-4.69825850243642,-3.87828622849276,-1.82930107733872,-5.04793075618306,-2.96069247790564,-1.7896969495882,-3.49744097324488,-1.8133247353494,-2.75268237621498,-2.01678764176792
-0.0470671369323574,3.46847547308758,1.96006498761329,3.59069826081879,0.949260438155909,1.79823458527464,3.63527177205342,1.59281590024261,0.415417721942378,2.67957344319415
-3.98657892615325,-3.4829807178328,-4.01189143971415,-3.98828908136114,-3.40870967334514,-2.57822873894376,-4.03232622686888,-2.3209814967881,-4.34822027422435,-2.64476209604401
-5.262495991544,-1.02881853294846,-2.9997456907263,-4.55314819885183,-1.89956045621629,-4.73383081230899,-0.836837505064371,-4.4555254302543,-3.34177905039183,-2.66796825960105
2.13073663890749,2.26545728581429,1.33386282845117,1.07998973299886,5.50470363228982,1.34953607069784,3.18757573096968,3.28920688233093,-0.513683027851007,2.19294091438374
-4.43496940341676,-2.47883404641929,-4.52577525546976,-2.17602874848645,-0.913045540295924,-1.87483599732256,-4.45847421252511,-3.13185516495648,-5.40617841047623,-3.72912295368798
-2.86258135904401,-4.99466588180445,-2.63142679255762,-1.73478949944549,-3.1408601025565,-3.71365887584808,-1.61700559635127,-3.19697176773737,-5.16901503495071,-4.80215167170305
3.09903296755398,2.38843144499358,3.18724216037028,3.83403095443465,2.52752645493343,-0.40907645817359,5.48893866324101,0.947002718846503,-0.385568696650156,1.11739863385133
-4.59290424438296,-3.58844573858974,-2.54920520356005,-3.90793223895166,-3.42398771601485,-3.07172223225255,-3.08842592740905,-3.78534227304073,-3.80605184725787,-4.7511725011594
1.51895006645284,3.39685387972816,3.88142392940996,2.28618517638905,3.65408617699332,2.2072363455457,3.64831706461879,1.64657526189692,1.92895208044083,2.35279289332856
-1.39094070583053,3.68738450006319,1.93872377768123,4.22557131695278,3.76804709008628,3.56007909878963,3.59479532616791,1.75156472092179,1.38642578263953,0.904433059277473
-5.03118255736302,-2.54741482266843,-3.86601066298057,-4.46612152616842,-6.16867230865734,-2.44232774521254,-4.43806617985961,-3.07205670811254,-4.26144823431127,-1.74045654611728
-5.20992093936819,-3.60173331119744,-3.81324717531403,-1.31763977600207,-4.24720196613436,-2.09145055223008,-4.2387041383923,-6.17308002261243,-4.71091085482652,-2.74557350518161
2.82949791486131,3.07172320228095,2.93325093679082,0.697330918943075,4.52557368749392,4.60371636423867,3.490521441012,2.44734470756869,0.904799354821402,3.26164801166111
-5.62043720512377,-4.69591909943577,-2.40971514373965,-4.9152869134301,-4.68647153760925,-3.64438011205824,-3.99801184347039,-3.45401658561776,-3.88150896672223,-4.1918974198894
-0.674782948118059,4.38877946557325,2.82534859883824,3.67551695120158,4.38843332136478,2.20068280608287,5.37075422863769,2.35173787227984,2.57421868015889,2.62356382715558
2.34529447684034,4.15709333266691,5.57770145875847,2.24605659310797,5.89910173484431,3.5312528534333,2.28578403746199,2.91364068738943,3.79641572636388,2.38066636235604
3.24240654727817,3.91602291311622,3.57594679740092,3.59069826081879,4.52300962594018,4.97427814244342,4.0251353198117,3.65679938837471,2.70374724139318,4.60939800459765
1.77297703612516,6.02155219026718,5.08972889877688,4.67290513413835,2.87958499837148,3.75199812260836,4.95643618247242,2.81278301940621,1.92717933253976,5.46598181094547
-5.51047422693285,-5.30076133517839,-5.01909374081559,-5.44665483911767,-5.36253040605935,-4.6501088489017,-5.29169934645063,-4.00630719148975,-5.55482662572765,-5.32549801419021
