-1.22211526485233,-0.0201153470159188,0.159791585835119,0.0510628474919659,0.192962544927345,-0.316995572045197,0.507893136182113,-0.472437319151853,-0.733206649707545,0.0921928727512711
-2.20997193161842,-0.115413560826727,-0.0523633981431444,1.39679980678334,-2.16846475595459,-0.320863792605028,-0.312899751574498,-0.756151602805708,0.360220902273122,0.354297450346359
-0.0644007731931966,0.982197200699284,-0.688849660348599,0.599548273970572,0.915780586977609,0.238188765031145,0.209134171756849,-1.21918850388646,1.27254907575048,0.528279012039492
-0.507251863081263,1.26748873802385,0.372201523898649,1.71394892453215,0.647384190608068,-0.12215995303545,0.930796582076858,0.0761441802289911,0.622270275313875,1.15379689417283
-0.507251863081263,1.26748873802385,0.372201523898649,1.71394892453215,0.647384190608068,-0.12215995303545,0.930796582076858,0.0761441802289911,0.622270275313875,1.15379689417283
-1.61516968259258,-0.20310615611111,-3.37316818565983,-1.6376316564187,-0.633725208053113,-2.09562840717701,-2.16616495639065,-0.119213798589669,-1.04593786994342,0.145958358851275
-0.553666066991369,2.2658587958049,-0.507444455586894,-1.2454980966349,-1.76732725698021,-3.64356758015879,-1.38765032015989,-0.542108841149474,-0.326118527102181,0.764235883503959
0.349304907414477,-1.14745100964849,1.36527650571284,-1.60244775386795,-1.10716863948045,1.18500068257475,-2.60132520432145,-3.57082832298548,-2.09636825991954,-1.0126393265337
-1.57294589652643,-0.728084051778662,-1.26648715117707,-2.8322948569692,-3.3684689472946,-2.67770916167156,-2.64851306804911,-0.0869023680980188,-1.50722038657984,-0.0533371546822807
-3.59087581395188,-1.65283418908808,2.97937075578948,-0.523420104023743,-1.87211725305526,0.359819083839906,0.69123648398593,-1.12570162918123,-0.63876780484372,0.0941958521890351
-3.21661146899259,-1.67138273533038,-2.41684512924537,-1.75827329769007,-3.13730882873592,-2.8651066614994,-0.568453792735736,-1.85607936317172,-1.29343853694666,0.399486549345248
-2.86435040934178,-0.889326639565169,-3.39242029810342,-2.11822414972193,-1.30478343187723,-2.74871171157574,0.0657169867124536,-0.436233312661212,-1.5829815970032,-3.19354447619155
-3.5557300954139,2.0829116528623,-1.10424712124706,-0.474780047128911,1.81175238386041,1.4052557632819,0.91138310266978,0.774551337564604,-2.33616030035959,0.320375437940672
-2.96076457202635,-2.89559134061708,-3.2875943637452,-3.75071496886567,-1.746205363886,-0.750488331586996,-0.02352794992818,-0.980809474899074,-2.80656966303098,0.513128649595546
-2.42513176429412,-2.94505518100829,-0.0475511684707652,-2.6605608418322,-0.0351243368454766,-3.48839291184282,-0.232652529568998,-3.2295343041414,-1.90992586440144,-3.42158570292678
-0.94724337134325,-2.46173173004803,-1.60624773419262,-3.19263917480194,-1.64623468249944,-3.8071452692804,-1.63230664759598,-4.72734036806753,-0.556608615195592,-1.5305611763951
-3.19229336255942,-2.96114260677259,-1.08110568076282,-0.408345787769562,-3.47548542695122,-3.25775364110682,0.743141484949413,-2.10884620978146,-3.65081547277338,-1.68368718591981
-1.38207493804734,2.67273032951688,2.4324260149278,2.93853322744835,-0.311870858031234,-0.00650588835981258,0.565433521305776,0.32776150975059,0.856287021623484,4.22732881843662
-2.45059948837738,-5.0259109752559,-2.49996072872141,-2.74120291005744,-2.64967167671176,-3.95098043708322,-0.841303271236561,-2.66246768174004,-0.11846938524411,-2.32081061123713
-3.36380813828971,-4.63079603272716,-1.24277682067544,-3.87010274585383,-2.40336625799255,-3.08891147156598,-2.84953211136195,-2.59294599097253,-1.95552459434169,-1.26943596072455
-1.86423772058812,2.27547609420308,1.66077119125829,0.480660231616815,2.53922667513823,-1.89789027885776,4.73365286988749,0.785730786458059,-3.26761771560158,0.118448424416973
-4.30355984680766,-1.05012828113055,-0.887823505152155,-2.78873873149699,-3.98804113307603,-2.37659141683894,-1.30593533261192,-4.2373640835104,-3.61351387454383,-2.46748147425294
2.75961825177708,3.07206135952896,1.60102102930657,2.54615561546112,2.94417815290053,1.3157749719277,0.560999055641437,0.175334822685552,1.9778782293555,2.46050255544021
-0.129721074338529,1.93596159238477,4.54280642950316,4.756539281797,1.16495715029071,2.70533833756085,0.523095025406857,-1.05697044529078,0.618635640822063,-0.526901028119438
1.28612516503889,2.11605261100828,2.38992020139491,2.43060325666286,1.66912831371364,2.38694481282037,2.9069509639653,1.80888209826969,1.65879908312066,3.14961784498469
2.63952340811968,2.41619276644656,2.34249182223963,1.75018021621021,1.66176428780771,2.31098012890953,2.09493367732755,3.81158799185346,0.732726023940105,1.70877594551729
1.27070565909787,3.20820985059151,3.15716784471183,1.72224505447935,2.03582209452397,0.90892546566477,4.47784622547951,2.71184991075329,-0.756501182340197,0.263566990087014
2.33023524213247,1.58364066501364,1.85817228322507,2.44683891436466,3.17358025857038,3.18183889118758,2.96775486141202,-0.523971596211262,3.4756142098501,1.55455159003621
2.40223089553943,2.48739765149164,2.98109444585872,3.46307436181351,1.3863004467657,2.72266763317145,1.7928655475941,2.71024379708723,2.56887761680442,4.0661920479473
2.09898645764385,3.71907702055961,1.23121487166642,3.95783893739583,3.70318147151836,3.43126156588433,3.1219175742318,2.62204936049837,0.720160124143952,1.49432639303577
-4.75969148168168,-4.3556659333446,-3.44756950767289,-3.64110440845922,-3.68073994255056,-3.97614444570452,-2.66503814616526,-4.35772177200035,-4.16805685208373,-4.19805500201177
-4.41756727460135,-4.94830493332128,-2.69716644917936,-3.50998859724056,-4.51958969141593,-4.21460339045726,-3.79360401499299,-3.83574331269822,-4.2408771752948,-3.26313007523268
3.36499977520708,2.40463624314931,5.34881056231489,3.26341041753776,2.7217896189289,1.75356637081595,2.82054580664791,2.77345208960063,1.36257110056727,3.4418507676792
2.1251664053231,4.22284639167417,3.69171195361162,3.45287299942453,3.69829272911943,3.70561122273549,4.29642541494418,2.61492805597619,2.26875570612807,2.99796168698935
2.78449622475179,2.27866279279256,3.08354868714233,4.29755621468919,3.96280932800437,4.40062665085207,4.83428131286477,3.47319881338492,1.2029220348312,3.35670777102831
-5.53112725650838,-4.96580831496481,-5.64602162684378,-3.78402403196402,-2.38364749676413,-4.62199058092353,-4.19180193494818,-3.7991041689192,-6.16105833159394,-3.15388059585267
3.96861657086044,3.50519211854385,4.47856375089867,3.77153087155286,4.5376007710573,2.45173943445979,5.62934142449356,2.25445096192623,1.45938076882244,2.4709179496928
3.08822956273388,4.29022948057029,4.47013641342133,4.36140767507817,4.50330737251355,3.99334925554101,4.81823796376832,3.83790750843435,3.57713817787866,4.40253770033748
3.44329267718107,4.12221900702436,4.13435345844199,3.86050597328015,3.58634436621721,5.42611473501644,4.709153205952,4.70150465175413,4.01199583787281,5.15082186492431
4.20312238057107,3.67238472185114,5.92352320599305,5.11070105793185,4.10109996375648,4.40608626471516,4.82708564017942,4.78494634247419,4.37981247987761,5.35755957993973
