-0.98649018298048,-0.0922426760879163,0.18979783014885,-1.02660097417283,-0.0719346039384416,-1.07458842009284,0.188585541212241,-0.271635776854452,-0.492818308691223,-0.717657458599546
-0.789632968086224,-0.159680842123864,-0.56137906530823,-0.491153134280858,-1.14020010930347,-0.876119049909521,0.268579694929014,-1.88055097740625,-2.00380613815854,-0.763552340115062
-1.05804825618034,1.64445441619462,0.717119985426142,-1.45613273844949,-0.445492741616449,-0.610346783749215,-1.58013719707286,-0.629228228726091,0.596542404207807,-0.206993552959322
-0.703052881506137,2.27696633136541,-0.691559342547331,0.491724584707972,-0.526960463162524,-0.470274894065364,-1.20534320756532,-2.00468013379347,-0.930907843038019,-1.51752059408332
-1.99056963582608,-0.472629561097179,0.953351079070659,-1.30918895085402,0.616038738321377,-0.968253576367693,1.79318453567606,-0.63898597789834,-1.02467228676816,-1.63934484739164
-0.196416061214814,0.482113888262691,-0.567712466072976,-1.90322268553944,-1.16540916731439,-1.66321849604122,0.868159115239522,-1.64973112889784,-2.26952588690792,-2.65103307352945
0.141745069827534,-2.14100573803219,-1.90110921433507,-3.24546922132654,-0.33740374783063,-1.29365581654654,-0.68161695451913,-1.43198527257791,0.233132358489003,-1.73569177017178
1.36150602424012,0.83506138459164,0.9847833882485,1.44055717864929,-0.139535469596835,1.36143202393717,0.888541527807969,0.741854158498467,0.786475147426266,0.0808739180182394
-0.649119769619837,-2.36037992646547,0.309137979948228,-0.721289687681121,0.608288736418383,-1.58345583134866,-0.96656676231166,-2.44715510721926,-2.81117992047062,-2.83718039081679
-0.224774179150653,-1.37535082279213,1.02900630670523,0.103576700737183,0.419042351897967,-3.41763873891366,1.25609851327528,-0.822304550424435,-2.7669408107614,-1.21681285008937
-2.58702482098854,0.36368386604748,0.619556520235844,-4.56933346516288,-0.0233568301958886,-2.02860266322678,-0.134761617089085,-1.39055177747863,-0.670730016865243,-0.540360000871422
-0.30406169931814,2.26735532174485,0.347361556824979,-0.827329540423178,1.70179711574642,0.473206198425415,1.87877432714821,2.28232439022054,0.350873375272858,-0.933877475257603
-0.286800039035884,2.466702281053,0.873903841238327,0.448024279265617,2.01243653667996,1.55155642018649,0.987687242410995,-0.141889739875945,-1.97575608117564,1.61336827310263
-2.45507076428595,-0.982566663478107,-0.274593211180002,-1.60340238719429,-0.974444335706368,-2.53895393165742,-0.795203489007115,-2.6861814143013,-3.90277358998838,-2.81442159055525
0.978187113388361,1.28795002743216,2.34282403048503,0.957888425571673,0.47700576542312,1.43839736269608,2.13116644583133,0.208293562460185,1.29547789238157,0.289038193072424
-1.12176251701896,1.46588530845217,2.07454029549797,1.62245989916218,1.67423979652244,-0.261655647547542,2.42677130371661,-0.0782779703818224,0.683694675836094,0.816012295465501
-3.19363271105386,-0.550636814888167,1.13520672789545,-2.89472067281707,-1.01666933336525,-2.68538917558352,0.872998582434786,0.456781046839237,0.292254848311537,-3.34763429302347
-4.60062905472003,-2.61903533093302,0.596284000877772,0.400301805796102,-2.00444637034931,-0.985026380972264,-0.934924380513779,-1.67666935400133,-3.11704303294152,-1.36407531250839
-1.75282268199259,-0.575607719317486,3.03493240015424,1.52485941964394,2.29199319304831,0.595181020789466,0.67402342703045,2.06809981923412,-0.238393058055194,0.308508836415163
-2.8097420062323,-1.59744245714977,-1.57387060018625,-2.13771208528394,-1.80804571504955,-2.66189000739443,-2.16297236590122,-2.06375047219495,-3.4690087848817,-2.98523115474467
2.65424983042196,0.358473922845298,-0.226886672595665,-0.951297253060842,-1.01157900428473,-0.435309800566775,2.58737221074609,1.56006952090685,0.828825621987448,2.78739355998506
-0.978261084889631,1.63106171858745,-0.794960846580374,-3.04879100039511,0.502022129292486,-1.51195776511438,3.56489297315315,-2.31048907048279,0.820642842605742,1.2164310740244
2.01233814753939,1.08352482300696,2.28716829460489,1.89863828873533,0.315956497230995,0.239067055860703,0.556777825134827,2.43204940940444,2.44775039558575,-1.27480573530352
-0.0395114347678751,-0.667151814442962,2.86017441446542,0.331467311650985,3.33348049085085,0.73537312725901,3.46607591444979,-0.297040689144541,-0.374506382364965,-0.713418921465715
2.39819702523614,2.62287846008585,1.72850855253304,-0.124725072296924,0.963262083432159,0.542107641047663,3.31508866771537,1.41487215965348,0.976905383254691,-0.040150683531796
0.274517787284573,0.42987706867777,2.67903111531914,-1.72793903771809,1.37026101111856,0.146277696707445,3.74978314625897,-0.614200394564999,0.480834047125058,2.9766079953525
-3.05099973792493,-2.04401682208393,-1.82843622317476,-3.10825457464601,-0.215305586681136,-3.44763885495197,-2.23206543392725,-3.23877004072751,-4.35773007813189,-2.8492054028418
-2.71747266455011,-0.35428714198308,-0.174040015542897,-2.48086739352456,-3.03691492801234,-3.40685566323632,-2.26226974803406,-4.49101415895795,-2.83473549232297,-3.66073810626967
-2.91733866544145,-3.92034786978246,-3.29878736249933,-2.90715636925001,-4.47959666244732,-3.10570381614363,-1.43482692965545,-2.00882604143392,-2.75128005455426,-2.13831676242941
-5.1344696518908,-3.09568992385105,-1.09583383647844,-4.2706184418525,-2.62652947035717,-2.42878198349246,-2.57406678391049,-1.35097909425424,-2.59966768646814,-2.6369847336897
1.53528756082712,1.28459947405506,4.05502623319139,-1.16602216423164,1.32878793114832,-0.317062310959303,0.302192219620563,4.24042008561664,2.23004840144386,2.46553373844492
-2.16445109131881,-0.551066706321413,-2.69387251968401,-4.06588346463857,-1.46271229429494,-3.6243636310994,-1.34902993379579,-4.18204405406791,-1.81424341549642,-5.71835299479947
-4.17268009735931,-2.0678889464533,-1.93663739169274,-1.52007946698214,-3.61414478855836,-3.81878700386549,-2.0305365872371,-2.03814536202906,-5.75204765207312,-2.22660805657423
-4.57049013528889,-2.41494357019828,-1.81611506297918,-3.79129757361433,-1.07184300098662,-4.66905648613708,-2.9476693895781,-1.23855896772568,-3.64574524699825,-6.30575900983706
-5.59891915951278,-5.54831733849006,-3.55691479994146,-3.44638477345707,-1.5495904108413,-2.44013839146077,-2.75972226272126,-3.59105169064795,-3.5326491897276,-4.2448463421787
1.33103336434835,3.97005928662599,3.54856999820984,2.19735964559606,3.6498596741031,4.08849643690406,4.03432923270311,3.8188662797036,2.90132032504069,1.86883127830803
2.61463429076153,4.65223892605148,3.76376212311752,1.15698570003736,2.55537541754129,2.80697628452388,3.85055069828918,3.43889846645666,3.92260123974167,2.92167819190871
4.21371463012756,4.64448419856999,3.31126090813367,1.91822139922098,3.6740971420933,3.93166458616016,2.98223633486303,2.3119309831829,3.27085012164387,1.62740810385732
-5.61066012808127,-3.88934071750184,-3.63551637616098,-5.33899451022857,-4.10308908645167,-4.49227404698452,-3.29996690005451,-4.43739884734066,-4.10116918796964,-5.69584716755213
4.39344575009964,4.59579751039896,4.77277245954661,4.31310976582387,5.54149101995303,3.99734947445875,4.90333307487534,5.35012150952887,4.76827975077925,4.01827648379647
