-0.888061575533352,-0.12596175910589,-0.18579061757969,-0.758877054226842,-0.606067356620954,-0.975353735001182,0.228582618070627,-1.07609337713035,-1.24831222342488,-0.740604899357304
-1.41328779332689,-0.175400489195105,-0.139639420261678,-0.70653225547982,-0.676558266357001,-0.238852870212734,-0.397627440309534,-1.11768450078518,-1.37030283607971,-0.368696564700965
-0.647385686913816,0.700742481315164,0.504054184710184,-0.996205534654449,-0.692626307704269,-0.412824249149264,0.285094421084418,-0.195232344969194,-1.75437016711925,0.279075481263292
-0.684230036195196,-0.563468276119434,-0.701174058056634,-1.55046908860721,-0.985204920947012,-1.59587378025734,0.0153236566280865,-1.10114196310139,-2.06400117227269,-1.60560431035318
0.935944334891794,0.133911386204829,-0.841921404203479,-0.814972427318366,0.768034605948881,-1.61955399989166,-0.0214903502302317,-0.962069534644173,0.18941593435146,-1.7392904184597
-0.988721676611574,0.596739399891924,0.487906604724639,0.789712920686582,-0.093126324850489,1.03432087725476,1.38912299018523,0.00514909276874809,-0.799263048154665,-0.0781875854556144
-1.40467573370196,-0.635934369040263,-2.2220553881661,-1.14367795477111,-2.8123002210393,-1.06985553107519,-1.39107854396449,-1.34900553277603,-1.09895928295582,-0.884154296560798
0.798324612278036,1.58066518788798,0.448963531708509,-1.03470342550561,0.0197553131028929,-1.54955691163834,0.922304650992044,-0.475639549359961,-0.479966804963453,-1.65857543468151
-0.493535894230071,-0.587627644891291,1.56408527740079,0.407330611745905,-0.616610118462899,-1.86814348358419,-0.134488475685709,-1.94007253677415,-2.4648284955228,-0.9922827777612
0.28895647758742,1.21103296723304,0.996690462855462,0.255353155025166,0.677133212401323,0.13957701281617,1.50158314534089,-0.105581235365112,-0.00630575500912034,0.354703616303324
0.77109214620199,1.18340655773775,-0.862746623783656,-1.63261915666911,-0.376667437094871,-0.994286605013085,1.18896131772997,0.639020741277972,-0.393541350081323,1.69091430594357
-1.92998393793976,-1.13694624430369,1.25766980895138,2.13855690965174,-2.35896674603118,-1.46689892265642,-0.321203627468444,0.0891108695531186,-0.728923136236401,0.609029816546957
-2.35211197473556,-1.36242954214115,-0.938463260183432,-1.85673623739048,-1.71193762108114,-2.00451907145921,-0.701234764088503,-2.68619545904092,-2.03605919774151,-1.89699006148762
2.10802302523399,0.127998665022707,0.068314652105206,-0.212824672358501,1.35421863589647,-0.773652997282702,1.92113494729637,1.34930121288035,-0.0497565235378756,-1.20677922338353
0.783421523454188,-1.01370020481299,-2.98874832134997,-1.8584785947958,-0.762969111339838,1.41779132297307,-0.502752115418679,-0.706465694580636,-3.39386289175331,-0.833982257080255
-1.92418274462882,-0.860883117222192,0.0675376205468465,-2.92028175605103,-2.54934502286469,-1.04900401435695,0.0443382547341364,-2.86802802312062,-1.5855400085213,-2.17506762862079
1.3100719581068,2.00063428798313,1.00822765134507,1.51075540118871,1.19774726200517,0.851678667295106,1.04096468226911,0.750709888750464,-0.737741225323088,0.317472612723739
-1.04576723643813,-0.362866075311058,-0.185821996075243,-3.27867903580402,-1.72449366700776,-0.303568484160568,-1.45611783061281,-2.58019525114276,-3.60446502039417,0.853112084077792
-2.59493651645655,-1.97322078465054,-0.02112244512925,-2.61974325490176,-2.66169855253988,-3.25032862143651,-1.48654174773681,-1.03338271101188,-1.76185033998029,-1.34887613384899
0.755088349184289,1.15661254893572,0.552496617921287,-0.0922371733819616,2.34283534061846,-0.241063561688269,2.43140859313227,0.241386893037176,-1.59899109688152,1.9672997942018
2.41639450452595,2.6463774914663,1.65035886042663,0.224208666528983,-1.06970021418994,-0.955559291884306,-0.539081403091406,0.193766120952348,-2.74906512733145,0.750539501114408
-1.29036696634557,4.4560924587797,-0.896488787224045,-1.50877166366289,0.413068941244987,-0.948775816527931,1.22539999959704,0.254646315035878,-0.528755459904266,0.767414555227616
0.903949123944603,1.44762876536512,1.39102452822566,1.53713387136661,1.90353640168362,0.0640186187262823,1.71616397677124,1.74521881258839,2.06314353244922,0.235118852866237
-0.520356706403282,-1.41078780356501,-2.27148674971738,-2.02089671939121,-2.33503275597089,-4.37006973215116,-0.325096596409204,-1.88589595961637,-3.24438988188653,-2.62011389621997
-0.500571921911884,3.81988256232856,0.168853044766965,0.678955980819032,2.34501252548724,1.17842353678274,1.22481182629729,2.25354471756144,0.439709018002287,0.674040838885555
-0.852875304955711,-2.52321231050692,-1.74439157483439,-1.80519646847767,-2.44341839447261,-2.878431063189,-0.774387632725783,-3.63209460077035,-4.61923414199734,-2.43486808809606
1.75069086329452,1.23529479830322,2.1871129989044,-0.00125482291664047,0.62750903692017,2.81662853936852,2.44550625866884,2.6204250480585,-1.31145531378007,0.59095206732731
0.968924099308275,2.8376340416185,1.90909073576866,1.80838211024516,1.76664352606561,0.245040149983207,2.61254571403117,2.19437311992831,-0.179783461955309,0.770290935135651
-4.61900942698577,-3.05620878555967,-1.47128959365675,-3.07398416866941,-1.19939570687106,-1.92257835622912,-2.87061286709018,-3.12455993720157,-3.10100224665249,-1.55763168919352
-2.8639670537685,-3.45671221342237,-2.5476216414302,-2.06187380670658,-2.69303781457044,-3.51117568786936,-2.03142153148352,-2.49666968552269,-2.89734522108792,-3.6088982154744
1.86664495824295,2.32923270190252,1.37205076584309,3.59125358508479,0.645335436743417,2.59632538387356,1.5612244937605,0.65803005757448,2.76555181950893,1.41998440933482
2.6068105176033,3.45467840801319,2.33260048227924,3.13837332728017,0.423146764407685,2.38002791880826,2.25139966747924,-0.063901747672243,1.04305255136371,1.4169230045165
0.84834080881268,4.0340758146485,2.64080632146232,0.446102157653243,2.46319223272966,0.74102190469689,1.74663288262288,2.5252179364567,0.239931827182746,2.94179737475442
3.17998899018755,1.28389601555795,2.80354892713167,2.08013802761294,2.48447697832897,2.35926965626019,3.46308396302198,2.26041533472023,2.72395655406001,3.08625847968229
-3.49113214160329,-2.98919870568243,-3.30016605744268,-3.93531213073322,-3.51848669921429,-4.23879452101381,-3.32665860501962,-3.97722683477024,-4.60357799165659,-5.0537326025954
2.43286605282695,3.67075335695874,3.70651442589217,3.13962159067403,3.16959557979684,3.60730097594111,3.44852640584431,2.72846934536866,2.47585101007414,3.47745728145288
2.95809227062049,3.72019208704796,3.66036322857416,3.087276791927,3.24008648953289,2.87080011115266,4.07473646422447,2.7700604690235,2.59784162272897,3.10554894679654
-5.07205358508026,-2.88553684434309,-4.10461115461621,-4.04289483164926,-4.65280911431726,-4.58860350425845,-4.01293188043867,-4.88948283521875,-5.00614828832014,-4.22056872218668
-4.87722974684557,-2.39313518915073,-4.66985663265239,-4.17452387266082,-3.72786196843988,-5.0924794732507,-3.34899274750729,-3.95947303391785,-6.44758972976158,-4.73906457421986
4.33343610657948,4.31001345543353,4.95235289265684,4.33312396800674,4.85507356963625,3.1381083175146,4.43173360824732,3.94805104509889,3.56683387079098,3.67554438683302
