-0.888061575533352,-0.12596175910589,-0.18579061757969,-0.758877054226842,-0.606067356620954,-0.975353735001182,0.228582618070627,-1.07609337713035,-1.24831222342488,-0.740604899357304
-1.65023996894424,-0.229941392458529,-1.06166488294463,-0.691904239173603,-1.05369479379556,-0.405554316944866,0.852397410522098,0.0135073646953199,-1.58391573479209,-0.248286748436595
0.345574521941447,-0.837044503279758,0.223506401587776,-0.25211440179106,1.29101355770543,-0.16940355523045,-0.723426940185326,-1.78914103232486,-1.72407423111702,-0.305736384827513
-0.695863867188928,-1.49410091453681,-0.865724427601999,-1.63997010916752,-2.96988989940555,-1.52991159514372,-1.37040013678855,-1.0206266834136,0.264468729027278,-1.00474576553595
-1.4877007733693,0.945261311871138,-0.553700704301379,-1.01792870190417,-0.164353161235761,-1.26101264375976,2.58724213630896,-1.09561818539528,0.545766671989444,-0.0231736277078758
0.824693653064569,0.125025339929158,2.40442143856648,-1.24702448255057,-0.201639167444407,-1.69967780569709,0.867689206136169,0.0785763755156095,-0.886743502766969,0.180261704966976
1.00885487321188,0.679958791508295,0.0700070993558254,2.02243311684678,-1.72374987288835,1.55921619658242,-0.80338868689863,-0.357765557400257,-0.480698586604138,-0.993467384222936
-1.37790327317871,-1.22618942961837,-1.55606058555472,0.471155038030211,-1.22226778986395,-2.68173418160567,0.6065289104557,0.680041031176173,-2.96394710869292,-1.6394914294692
1.355011884704,1.63004529309915,0.960447120465944,0.471917602365347,-0.515194290916491,0.818681010351814,1.02354328432749,0.421014316743765,0.473199349459619,1.25577649896622
-0.766059402601633,-1.6317473946933,-0.497555088474744,-2.34325052559605,0.834519486634596,-0.0476942429801457,1.70331432758968,-0.664858088479179,-3.4928837512717,-0.050548582943361
-2.13184267006072,-1.69312593821037,-1.21191002056477,-2.26345095889704,-1.73528966612606,-2.23594268215729,-1.22664126252639,-2.15938658849289,-2.64756595476816,-1.40261741741219
-0.165654033780237,-0.325028056503454,2.23950008813977,-0.656194619306476,1.66960449777323,1.26413316401972,1.14091941656671,1.65825263145508,-0.866991324581809,-0.732071569910197
-0.6425284249522,-0.583089433070099,-1.28642451420507,-0.0659825586513838,-1.25210318081046,-3.75673942327757,-1.62250330483248,-2.22686685000868,-3.33711796678169,-1.00054839286535
1.55119632917999,-1.95938595012854,0.428944773367537,-0.269981848523845,-1.25747668827776,-2.4732915037358,0.234970974059009,-0.861379599474053,-3.18976057353667,-2.94038439010152
-3.22659225226406,-2.56907344869699,-0.734924380537567,-1.21374141341241,1.44646367312864,-0.590675028591798,0.592789760931986,0.195273043206474,-3.60783758394659,-0.458102333092663
0.090236526392117,3.46262370761109,-0.0383612873328214,-0.677391349824694,0.898111570209333,-2.50764056608766,1.26420082084132,-1.3419554909716,-0.633527751041319,0.711456122260357
0.277625844916028,0.210400593974795,3.13572070007802,0.421627778107783,0.477859503474805,-0.492070229419013,2.13067045259479,-0.887294467719008,2.00236287566725,0.277824929277167
-2.88070392290152,-1.17608251442449,1.74759531449921,-1.31950943381348,-1.10854013890067,-3.2039466542288,-1.44913243818062,-2.98085241328671,-1.22915708632399,-2.9154093528588
1.95009220047839,0.748345610690145,1.5768557736516,1.33920551998534,-0.2700271667223,0.0662418032257899,2.54865210160969,0.924046735766878,0.431796632386656,2.26857555025606
-3.0919082867161,-1.00185507312807,-2.25808365455887,-2.12695618893134,-1.32835317783953,-2.3772701957445,0.706572335773797,-0.184509369648076,-4.43689005167213,-2.01507925117773
0.121266472219031,1.58381920232321,0.613975394529548,1.26795037852308,2.49683053437417,0.570000250860493,2.86946241639948,1.47355632271081,-0.387890149562431,2.1662196811242
-0.47425559210253,0.392789419034097,2.49273941157013,2.51485712919323,1.22430463162619,2.11178154401495,2.42760369782702,1.86926746532542,-0.534995846478883,-0.308504734488962
-0.743588270557892,-1.96478809964646,-2.29360638939764,-4.31766873403478,-1.24335416994823,-2.53617909068324,-1.0374635665673,-3.55333972131756,-3.25929482285897,-1.64178500682164
-2.31160444581398,-1.78775369263279,-1.69848127722011,-3.51215923648488,-3.62357223511344,-1.61972641806846,-1.66445308673519,-2.75750976281924,-3.27390575561285,-2.3468533961052
0.949240225698573,0.653973828647762,3.35876452845944,0.452580260532438,1.68186827161859,0.193958709378705,1.7847651829493,2.77341317548382,1.19624173811301,1.42579979261033
1.30441415254206,3.20268572832451,1.02104460717227,1.99798995609694,2.18935562913291,0.798542882575675,2.54881207581818,1.36124399020972,0.509915295820547,1.08895748023431
0.638030795487923,3.30278128679108,2.90349226143204,0.808828417836111,0.450501838960638,1.63644642143771,1.85737231009021,1.78954203280941,0.800168318461224,2.06600907877278
0.0825277082598455,1.64450622664397,-0.908251573938309,2.13482272105379,0.598746077058584,2.5592864121442,0.65742511169789,3.34593814630345,2.30158192556143,2.20030609940562
2.71792501012004,2.31298130736073,2.51099481369732,0.407478754133239,1.96240824187464,1.70670575954003,2.53498987821271,1.9301914111175,1.56376951167291,0.454342710867815
0.361006620706879,4.82523303399778,2.66406588343532,1.05708620152719,1.78986512244847,1.26597928245124,2.46012000523221,-1.3327515799922,0.566374111962902,-0.210430456188251
2.87193201162906,2.72534454747543,2.31918822339697,-0.102269123898331,3.2781635813247,0.630755960309778,2.6909314951611,0.136713968736129,0.448766179319676,2.47118176915132
-2.17033369533051,-1.25636454957488,-3.74353788359173,-3.79409726749454,-2.51473308448555,-4.27055348756675,-1.7923954474371,-3.19766405054739,-3.42106289854109,-2.96707479523959
1.47044057319067,3.37258445271567,2.11932320430674,2.41068107343797,2.24257775776212,0.0238816561605466,4.16515222953342,1.70760037433099,1.73770281034709,0.61190925525028
1.62275537891472,4.25335182859967,2.30114177147016,0.698837143039702,1.0654340553679,-0.130588615961052,4.16535161677586,1.84307507832675,2.38527018226193,2.10601254895143
1.89110963842212,2.72723746202212,3.19449643838019,0.796637209001046,1.89104866560483,3.49811856166825,5.58249689724359,2.39860060459935,1.06584843395613,1.55092822874484
2.11144846939476,3.0219067028173,2.28696465368304,2.74674299368176,2.40756816945238,3.09757430771208,5.27177768769605,-0.506709367190499,0.772930767967366,2.88632219357311
-3.65715118638177,-3.39956870001687,-3.58355999743234,-3.50751554940857,-3.863038228139,-4.22791214387935,-2.81517259851133,-4.5646819357162,-4.98178329932632,-3.49193920592553
-4.02676084404866,-4.31658272833382,-3.7062410863244,-5.39735409280017,-3.58714151797791,-4.0426274156713,-3.15256718845231,-4.59603376198217,-3.54543351930239,-2.80747054640325
2.81564212817035,3.57774194459781,3.51791308612401,2.94482664947686,3.09763634708275,2.72834996870252,3.93228632177433,2.62761032657335,2.45539148027882,2.9630988043464
-5.83554637376442,-5.39682964191407,-4.91561372426847,-5.96715466260074,-5.43899336982976,-5.939646385861,-4.93034496623009,-5.8630902921966,-6.35126965847187,-5.10632112111589
