-0.888061575533352,-0.12596175910589,-0.18579061757969,-0.758877054226842,-0.606067356620954,-0.975353735001182,0.228582618070627,-1.07609337713035,-1.24831222342488,-0.740604899357304
-1.68441681212981,-0.62872291392893,-1.44537005104275,-1.21192269864198,-1.19228793329235,-0.69018891025314,-0.546559699699027,-0.558820790389548,-0.68909498869931,-1.84361244378422
-0.865464697199705,-0.427359817863047,0.455228086741726,-0.802654325081098,-0.0586543010799851,-1.45426873829024,1.02307367817853,-1.51931894814936,-0.427000848015214,-0.425764679207917
-1.03047856808697,0.925092090479799,-0.70085404028719,-1.39924899763756,0.230106035617247,-1.46103300521734,0.114983237380657,-1.17732214780368,-1.10731682509098,-0.163865906752848
-1.15096515042236,0.202664659993789,0.424621052055688,-0.565090289902465,-0.566140172341744,0.720630750370516,1.37935740447085,-0.891767216738396,0.571553456184725,0.317039150151067
-2.45134512283432,-0.0494729489538474,-0.854469444973954,-1.50686015668731,-0.716051435983329,-1.96745393864408,-0.0934864562211672,-0.487880776256486,-1.93498348118174,-1.46760812475228
-1.58033397824546,-0.944363494333635,-1.03523296254285,-1.44603667802227,-1.42031007450046,-1.78849333722072,-0.532356186074861,-1.94824051677681,-2.18167999240024,-1.42843847599936
-2.38614596240652,-0.269574844480686,0.119856218523143,-0.599544201310866,-0.767525721630238,-0.227236269123367,-0.68809480544314,-2.20362551749243,-0.36775352599417,1.88152515585088
-0.285302191101591,-0.523251759353287,-0.0526389142553734,0.743744343875536,1.8410659155601,-0.846652037479731,2.27505538046079,-1.12412937950344,0.306707532483634,-0.921544720930423
-1.53506518770297,-0.271853044182971,-2.64646415887307,-1.4787822348305,-2.31725567783887,-0.530873509110457,-1.86272276361391,-1.3493084017123,0.633026821368841,1.12268908256304
-0.718786134845822,2.38777527952524,-0.52236481070307,-1.68561966309935,1.25200384583622,0.502028264413273,0.45713652205219,-1.8531804878956,-0.956618681692107,0.669074992705593
-0.670692595808672,-0.327790672286626,2.38728602288242,-1.07262748985267,0.674146842571065,-0.334118426495232,1.60700786542716,0.207770473874375,-0.720072174200048,2.06831568436576
0.649146296767595,-2.3284653101988,-0.542029418558965,1.80196382215109,0.874773174599918,-1.29557860625068,1.24532361669448,-1.16942654306293,1.93742309916282,0.645584931191898
-1.74511760275761,-0.652148042532886,-2.19810727732012,-3.37611176753997,-1.19228793329235,-0.797216330678253,-2.07291352055797,-0.850015075216384,-1.99884304615163,-3.66042637642604
-2.59833741354652,-0.325987880288691,0.554806972554165,-2.38729707804923,-2.88859606577232,-2.28155457588068,-1.8288290110625,-2.31123957538018,-2.61650084192513,-2.92492990324559
0.307824481260485,2.25563134370285,1.45180935274779,1.12994173899223,1.33035019586475,0.85125643958951,2.73131706723543,0.572816383792749,0.554360007567569,0.68262441528155
-0.20566471478716,3.21633279699063,-0.42644875612088,1.58741578127923,1.32445774657736,-0.082888689097828,1.53131855109634,2.60228664994829,0.555020093568649,1.60830566659094
-4.54138697743881,-0.0544890852832502,-1.70674669129726,-2.44079615508991,-0.83377623473269,-2.39009737675966,0.880681066250593,-4.58136804710324,-1.05691564736991,-0.78095512194006
-0.672939646049759,2.3914843203473,2.75789184895123,1.84960501904612,-1.05450333701859,-0.820271537469633,1.95265069011009,-0.607996762765225,1.9393827900371,2.39907524569382
1.95864468814504,2.89852961231549,2.1474763398962,-0.972266880363871,-0.854361485872576,0.69916436354547,2.86636032256707,0.70546649669015,-0.82494557528365,-3.12873898510839
-1.31656470414627,-0.237920783511501,2.77521217713118,0.965075765600711,0.428730736449672,-4.7856127867386,2.98875009961022,-0.144024332979465,-0.761897662156285,-1.86680775904649
-3.3688637520512,-2.86559600081379,-3.4222556958116,-2.32268118801043,-1.41347793550425,-1.21156534403833,-3.42785051798562,-2.80475004361807,-1.99253607316229,-3.08604139237872
-1.35339876598244,0.649716453464607,2.45927066885849,1.64842003995518,1.84100482948324,-2.47985067409335,3.19891437022852,-2.63041293049218,-2.70316837039723,1.3922612560385
1.02693865505766,1.65814591727772,1.23729273741952,-0.226396161423779,0.176806023855263,0.826753159519975,4.55105421345834,0.692581073969637,2.79326536065804,0.912434834174078
-4.24572580910999,-0.518999378420881,-1.83170445756824,-2.41780207081609,-3.57984405302539,-3.48447782259242,-2.78236628703886,-2.33942858207139,-1.8565847295076,-2.50655733637167
-4.41104812423573,-1.83004627368558,-3.42726925036973,-2.49812122618765,-3.22502384407619,-3.61503015454011,-1.52547106791413,-2.18697192228877,-2.09744051254778,-1.29804430477592
1.18771947556746,3.58745369822028,1.12528124798299,2.93575376472512,-0.101674061839961,1.89771166119486,2.92249608606159,0.342089611215752,0.195630129283406,1.51174569319051
1.65993102634221,2.49582178998253,1.34137805935448,0.806799993435578,0.5539963018596,2.11704068983046,3.83490484518568,0.889534866690205,2.15854194620982,1.73123423384693
0.839280131406882,1.38059427751547,2.63334865579663,2.5296674633856,2.74408213538901,-0.75223345833745,4.50920130750058,0.285404541361558,0.1098580192715,1.42690812918903
1.03951448696553,3.84407651817154,1.89725068236688,-0.416300311326203,4.00577221878617,0.897333228402032,2.07583103562672,-0.0195178315445316,2.77751191875619,1.37057406288801
-2.99052141937366,-2.14432551170656,-3.30954597241834,-3.19024569835252,-4.36807853573366,-3.9797439250471,0.786287304545651,-3.15584034502928,-1.88712786497993,-3.62775920927754
2.35199617356898,3.19967997559254,0.534247233975479,1.17669543632372,1.91844952219106,1.55555837652332,3.65242309336086,0.52457136304057,2.82905629012427,2.54365913386308
-2.40666643933897,-2.10561100594611,-4.19824999417302,-3.27085419627045,-2.94806427582452,-4.35310174124519,-1.82738797321873,-3.28176101088125,-2.78995249848297,-4.3177328798923
2.05476447638554,2.90895323971518,4.25728782010989,3.25309220521401,2.40598165786512,0.425415719994474,1.79630250655248,2.71929380716024,1.87099919622377,0.649335339267259
2.07317357952804,2.13001320064901,2.45865579687385,2.01316217298469,2.67786939220342,2.39486654829933,3.66728686498113,3.9537932463011,2.81533726787394,1.30309125606481
1.13728516045075,4.84830004417784,2.0064291087783,2.176294638005,1.8844484676599,3.24899377054883,3.84702505316337,2.39198870373257,2.50847602112013,2.1464159768754
3.28419038139839,3.2072755198613,3.18680523870896,2.69342098873651,2.68705693063867,2.43794327722137,3.98595055402652,3.29292326897102,2.65783587858479,4.28022966150024
2.78417033929665,3.2222752186333,4.10486312323808,2.84698071141525,3.59098073541636,2.19536629820611,4.67270871467488,2.13031608834699,3.22263418848114,3.22387035728843
-4.38031456048717,-1.84280926023854,-5.26301509800796,-5.35085731117321,-4.86696164785323,-4.18578787325874,-2.45942173956398,-4.60863804066186,-3.25320885134099,-5.03679574907701
2.91470665018645,3.68941653661213,2.04046016508591,2.3812451800767,3.97318936022418,1.43188019539575,5.85957566994658,3.90042479942177,3.36177157410322,1.29089692136427
