-0.827088430655376,-0.822431511872865,-0.276921526513736,-0.463610377457361,-0.525801686221601,-0.98764825168114,0.463225262876795,-0.724142008874249,-0.86779973673512,-0.233192983815806
-1.3259410025262,-1.10532391326598,-0.745735398182814,-1.03441037685666,-0.573556908905105,-0.783756021659018,0.503700417038646,-1.2857103837061,-1.34311349061975,-0.692986108297165
-0.743524180351844,-1.05873070157716,-0.0276923628621464,-1.13239286412275,-0.586131228750824,-2.0965728803766,0.109547790800054,-1.19395161910312,-0.607917833638455,-1.40446999180097
-0.299958106930141,-1.26406278739045,0.059867181223225,-0.652977914667158,-1.48994619661207,-0.295012493269901,0.443423637111854,0.0664849663801866,0.145671125178519,0.871513778520094
-0.919159065527612,-0.650980357113746,-0.116798132030026,0.314617668479456,0.569317468677626,-0.142036468434804,1.3150672118402,-0.70186548103131,-0.992246466531044,0.377383629525031
-2.57556224082788,-2.39480837019012,-0.997006268041439,-1.01481826912973,-0.70496593415109,-1.39033481414807,-0.100123388908801,-0.833778359034876,-0.605655820120115,-0.713348185797837
-0.435602819710086,-1.4098513935389,0.345348567313673,-0.881291608797657,-1.44190673274291,-1.73923637514639,0.95423482042617,-1.85242908635727,-1.72692326527154,-0.732722625753555
-1.60171291051168,-1.83447299986221,-0.531067617157365,-1.59771639060704,-1.23327713760784,-1.13973424513971,-0.117873619912672,-2.1483627818076,-1.97643675182909,-1.00739080386775
-1.63026195982431,-0.818319045159675,-1.74005626597941,-1.14325066358547,-1.49680989050885,-1.77643245172173,-0.914578959691384,-1.97438715434529,-1.79576129824621,-1.81461921938423
-2.65032352404159,-0.943984320417768,-0.702508837391064,-1.9379082621404,-0.119839635253292,-1.65355505065593,-1.33493792724079,-1.67355423988696,-2.03037052991609,-0.19697993912471
-0.297891381777869,-0.178891586443925,1.97765523072074,-0.0164993522464565,2.05937141675182,-0.654819708519619,0.835764203290976,0.271002178507877,-0.0632555242702624,-0.635534966810584
1.14022963056473,1.29667315316297,1.70836694549784,-0.120602594514671,0.314490122366215,0.974487536797434,1.64754280127739,-0.223713150363986,0.0270764828130936,1.42425979954622
-0.840051338956898,0.138537794771349,-0.836513801350068,1.14286114941238,-1.58567073134516,0.257727781178185,0.550534976471867,-2.04683184004306,-1.70012679026477,-4.26203367994681
-0.454645689744697,-2.25172046723402,-0.651513904320766,-2.00000039002014,-1.56208168938362,-4.41018091168547,-1.3418687631651,-1.80011035853364,-1.19840193270318,-0.838492542393259
-0.0702036408261211,1.55312726926964,0.782782842299423,3.11720610565596,0.521920556434337,0.402744432237777,-1.36064580479404,0.815861496186667,0.944509864461328,-0.0903781899253322
-2.61881372217678,-1.53762827834725,-1.1438373096785,-1.54782543029064,-1.63706386720972,-3.91401611227352,-1.96364599521998,-0.801343646546465,-3.03073401913588,-0.805472805587233
-1.62200099027382,-2.07934453349177,-0.722554325087712,-2.42439469118285,-2.65998869435819,-3.45530197983907,0.311226478867067,-2.35812893697882,-1.62194754970646,-2.73223181503457
-1.78006833345316,-1.72102748559496,-2.07283938508989,-3.09557872321899,-2.5059504081527,-2.27669310653191,-0.0854110109340707,-2.66993906805682,-1.47923339835094,-3.00315362716835
-2.13466944718283,-2.57367071464544,-2.7537359784007,-0.728900539609391,-1.00180976556906,-3.02131669016233,-1.56682059839458,-2.35808755623155,-3.61022938317297,-1.52312223680558
-0.744254810245374,-1.31398852508221,-0.476951325666115,-0.264508213351491,1.95099020604122,-2.94791768471636,1.44883507753277,0.317137955469238,2.87005471824988,1.98894562241515
-3.32402117820507,-2.5649063616435,-2.7276586768741,-1.40546240345084,-2.37647916645001,-2.71829623833722,-1.36051471108073,-1.3780407829252,-2.5405289871699,-2.13479290216895
-2.81589784526496,-1.68718721238661,-2.90662171237973,-1.90638667217229,-3.12788867246905,-4.01228169263713,-0.270449169224266,-1.84754639034495,-0.607917833638455,-1.69625337181965
-3.23933195117881,-2.017453813269,-2.72850123961108,-1.91312017362358,-3.1054041898525,-3.46338562104597,-1.83085954301957,-3.33472731696045,-1.62897349564768,-1.49393122684779
-0.202144976744098,1.28906280660316,0.860588479217619,2.27513441440088,2.17007570690225,1.13242820062251,3.08666646023837,0.660552432138601,0.130470360466203,2.27101800518994
-1.56729460296121,-3.25428303178014,-2.52899887507068,-1.90156189181384,-3.50309751875084,-2.50746079809208,-1.06321892276707,-3.13518076771396,-3.44514573940913,-2.67131782544317
2.88463925529346,0.600387470874996,1.02509833840944,0.880282132271026,0.911557709574365,1.77438848601518,3.54718828091851,-0.500616902123417,1.56547922535927,1.89907996093253
2.00982649338213,1.02129135174702,1.80230230429283,1.39748852801969,0.967512464478555,1.73919328795615,2.37542830174291,1.1364014162693,2.08007399597888,2.36333323570671
0.797918030082061,1.48057416397101,2.09861230278558,1.03962042322259,1.81425639080726,1.75866206837612,4.45504802842146,0.864070261585201,1.68306949938058,1.30612022704645
1.13675663875015,1.58709347017559,2.82527908937385,1.0329770616861,1.5984562006896,2.25501595350331,2.54253898945181,2.51353726338102,1.27188277233722,2.61755583687151
1.66743447363863,1.8785048359938,3.23499003090787,2.20219985230291,1.84422253377852,2.62948858181386,4.11872283785536,1.41059329431217,1.54105059093762,2.35180593875867
-3.09420851710385,-4.77138159188486,-2.24119892746849,-2.82501427515613,-2.8746553708108,-4.18012635140704,-2.40241830057131,-4.90492196685211,-3.56299737295541,-4.24075216550614
2.08888629264046,2.04275612929389,3.03851144781683,2.6917520783075,3.0115725153595,2.09216993450959,3.99021888835298,2.54762562421602,2.99126540451009,3.14203168544891
-4.14138794101808,-3.45226133371613,-4.0766049911365,-5.48332953849222,-5.1982075677832,-3.55936162818666,-1.64526165102973,-4.08005748181158,-4.75992958914543,-3.64290630023517
-4.22649142685686,-4.53262769078527,-4.43157846713817,-4.44357396764789,-4.44289501272266,-5.35505542271946,-3.19804872368265,-4.57914155480005,-4.55485430667077,-4.11590251626544
-4.22649142685686,-4.53262769078527,-4.43157846713817,-4.44357396764789,-4.44289501272266,-5.35505542271946,-3.19804872368265,-4.57914155480005,-4.55485430667077,-4.11590251626544
3.46395014241424,3.76574270764836,4.24613728772565,3.55822958693862,3.67807592736815,3.14628155065126,4.56557042424795,4.14752419148559,2.27741318963234,4.08250963448251
3.46395014241424,3.76574270764836,4.24613728772565,3.55822958693862,3.67807592736815,3.14628155065126,4.56557042424795,4.14752419148559,2.27741318963234,4.08250963448251
3.30648383127238,4.30916462153883,3.68278605033592,4.07390827985935,3.85298158161229,3.69330411975402,5.22009625261016,3.70323098763846,3.46863457356421,3.63426956654955
3.30648383127238,4.30916462153883,3.68278605033592,4.07390827985935,3.85298158161229,3.69330411975402,5.22009625261016,3.70323098763846,3.46863457356421,3.63426956654955
-4.94128073470811,-6.01979454945735,-5.14445021850564,-4.6798329419534,-4.45833461779799,-4.61400069272101,-4.16669538567192,-5.32485288737596,-6.26102064286825,-4.94108362665849
