-0.827088430655376,-0.822431511872865,-0.276921526513736,-0.463610377457361,-0.525801686221601,-0.98764825168114,0.463225262876795,-0.724142008874249,-0.86779973673512,-0.233192983815806
-0.775676836654362,-1.2653440598889,-0.0665296922534776,-1.03856505825531,0.404653236906619,-2.12153189617578,0.616911020898069,-1.30047795352331,-1.58181749535846,-1.24554472487113
-0.461360002885331,-1.10905721108282,-1.71794516475414,-1.19479197641582,0.013257659154998,-2.25250576995351,0.0805960958398548,0.052500922773836,-1.88065233457807,0.250358362110755
-1.95862788958468,-1.49991829763213,-1.64021009819321,-0.865226939417225,-0.693690216306134,-1.33210522709615,-0.421681374014309,-1.19093381072533,-2.10369039226175,-1.32302109675334
-1.16072155402931,-1.18550384250175,-2.4235201632194,-0.0776483161707677,-1.7395513510066,-1.45762469196108,-0.141280838982577,-0.819718269311546,-1.74773905349793,-1.05761932607779
-2.21647901321494,0.54813670793463,0.483543905249671,0.0952530222325547,-1.72354283491724,-1.80828782018786,0.55743760189616,-1.4990852778422,-1.53744775181759,0.754085644630161
-2.70042458895937,-1.20315406830659,-1.58401273447607,-1.9656615646958,-1.44524566083394,-1.90167164606683,0.0634647540822797,0.00294439951078007,-1.17893001209186,-1.67362575862029
0.851707969063384,-0.124804660298506,1.0797958762962,0.0829478561688803,-0.144668373569559,-0.354106264100162,1.81918481451641,-0.351632596583111,-0.536552697934386,1.51253267713546
-2.70301460607968,-1.63546373246189,0.154293593357245,0.891757117917864,-1.02349540115043,-1.78096210283982,0.305264635950569,-1.83733492882456,-2.07720909467817,-0.539136309587174
-0.529786656906503,-0.872813179802577,0.0449898037849439,0.970943003049262,0.369391690443434,0.905026095499647,1.47549370091557,1.92902075898374,0.520960839714613,1.01099228226967
-0.168632091990495,0.00833488130173421,0.659361395383211,0.37934328077551,1.62185264299055,-0.55562640797083,1.77324539015842,0.0985829374890591,1.53161330143827,0.92871574735873
-0.872182108458528,-0.361896987996023,-0.651566056703596,-1.8632150587597,-0.534657666817072,0.592238056978754,2.16367944812352,-2.20952316564427,1.7685458546505,0.102974589664715
-1.16837977818492,-2.11854062433851,-0.318205483212993,-3.07807972167138,-1.52692602165847,-2.65745716176647,0.311006069126577,-1.71086231918663,-1.47210399431837,-1.21432724717704
-0.587649055865726,-0.387665665312376,1.11247335237831,-0.978382803716974,1.83969556430274,1.65937027357246,1.14548719877199,-0.628762494948439,-2.30353202171641,-0.769138122742629
-0.599349933980454,1.28470990835454,2.12917136257151,0.0722389475531704,0.233479272538397,1.36252950738201,1.59862256228988,0.371112896958423,-0.705244553611702,-0.107814021711161
-0.0650692801614868,-0.0319992974233828,0.454192114275404,0.748470128739934,-0.211108063466147,1.01602633041137,2.5726322739115,1.24832932300127,0.076360297710022,1.53558300450716
-0.723889978411193,-0.193735742586642,1.51978994811055,-0.596109864244827,0.360677161238102,0.69315223392554,2.84195885253949,1.20821744051115,-0.280303204493892,0.902564360247101
0.482852391466005,0.895221809028687,1.67120588282842,1.59424475093965,1.21203346770094,1.20659227085846,0.416852920452045,0.516051504349458,0.833254767439308,1.18028069321173
-0.439203490894517,-0.333871842767137,0.317511787085983,-0.731541395347834,0.337889812773969,-2.31500313272039,0.630556945458944,-2.16564925882725,-3.7459527727261,-2.90806485763571
0.123072417414173,0.716727866398121,1.04745440172008,1.12473119120711,2.11403011072863,0.874920057229629,1.28563098691021,1.2668272882251,1.22536852218994,0.0753068532746013
-1.31031279816398,-2.45958460364277,-0.218498428520961,-1.79076556519202,-3.05822798046568,-3.05314758612683,0.390916667834128,-1.19559833496753,-2.97542540987453,-0.475810072658309
-2.61243564010168,-2.52828361424888,-1.99009151937825,-2.10443212015385,-1.76623179400236,-3.00339850432249,-1.96845021620958,-1.86293724440733,-1.56070585863857,-1.75831577595207
0.823586950066905,1.29255331620183,0.413282624907954,2.23442009199805,1.45014863866472,0.576033752048731,2.48003597904276,0.489736772529945,-0.422435386700481,0.0326554548762426
-3.95427375315507,-0.151657515409084,0.0961858547737062,-1.15110458378544,0.953509544101174,-3.37613038432885,0.715476366917017,-0.419961854355507,-2.88180945032815,0.144784924259146
2.00159940139645,0.686929826347252,1.89030215427522,0.840330827299838,0.304208573367747,0.377594588799757,3.47372111041256,0.0240366759544074,1.02249833712523,0.60706670526286
1.07990867568612,1.51070476578955,0.495040184359993,0.361287341364353,1.35302247374491,1.69119202712735,2.88039314314642,0.869131633155942,0.152557616336421,1.96314125375963
-3.15233580979451,-1.79024501328065,-2.97521386287735,-2.05921116617507,-2.1887876492995,-2.00452105510026,-1.93822603215418,-3.58701386679582,-3.56832826236916,-1.61916469894391
0.837861632105106,-0.682322039428943,3.43152273968452,1.31746903977088,1.07509384250699,0.566909117736928,0.956082658853906,2.55176314236012,0.823221801842214,2.23390371063908
0.388753593942084,3.0017384162267,0.958931546482359,2.08924728293794,2.84960731129744,1.40806559958489,2.74477913968051,-0.471708982323978,0.871896093138223,0.640863085603452
1.37875882930349,1.27834944429381,2.72708250196646,0.370475919624695,2.11976869952672,1.46885758955721,2.82921781214037,-0.3738588692282,1.88868225435725,1.77233078891819
-2.29294611898693,-3.26945874834882,-2.06485821175412,-3.06170623188143,-3.28932246161987,-3.49876035215048,-1.3254692735339,-3.49628668463343,-3.6812067859847,-1.63212141091485
1.69028239254347,1.68337144033042,2.52109566665259,2.30270368302793,0.78022988762171,1.281113861686,3.51899783508415,0.0414491644231785,0.93095254315576,2.78536885563202
-2.47069800345134,-3.15674293879878,-2.7446949634085,-4.36974113253055,-3.33305939072823,-3.24813649328615,-1.58849726955109,-2.43253806405325,-4.62067241304993,-3.400212035796
1.86676728459309,1.70594571386835,2.82009026665917,1.62102732931569,2.37325770773502,0.645854362340778,3.77999873852833,3.21522813172368,1.31781167726759,2.79149845363993
1.52375022675513,2.51173937124747,3.28648881448147,3.40889271970711,3.01053239185912,0.414198269744667,3.19012288807562,1.87147261039266,1.52018674654228,2.89637047019688
-3.87292151299313,-3.28622519903296,-2.94910476921892,-3.05099688183918,-3.56904479450776,-4.01306422561508,-2.74186719609505,-4.05749310478955,-4.36284312547942,-3.12379918279235
-2.97213459833586,-3.83878508373518,-4.2121106906211,-3.8615392325525,-3.27460404996552,-3.4498118223801,-2.81847931867633,-3.38526139167725,-4.99146725136383,-2.37099747906952
-4.31347838334188,-3.88447951302968,-3.60559211629065,-3.87666487036445,-3.69688088589091,-4.68840104559647,-2.87097204557126,-4.20635551107986,-4.62411790307258,-4.01255624386128
-5.13248639053303,-3.69028752957724,-3.20044777999289,-4.61001451170998,-4.41488437156979,-4.0902663899957,-1.04735230356753,-3.26546504546581,-5.15525131844979,-4.27035376726912
3.26838276826816,4.44151795980645,4.13134264738804,4.39294694256798,3.82097884664515,3.13331146103407,4.48825521195905,3.51270717498799,3.34218790205359,4.41215264501522
