-0.827088430655376,-0.822431511872865,-0.276921526513736,-0.463610377457361,-0.525801686221601,-0.98764825168114,0.463225262876795,-0.724142008874249,-0.86779973673512,-0.233192983815806
-0.275626615665661,-0.297236272831197,0.474079480606312,-0.255088803186847,0.135590910215478,-0.373521791371553,1.05472340019269,-0.636571223962736,-0.178679238962028,0.268187959367693
0.702107575779666,-0.621059684812587,0.924146959983574,0.199665195883812,-0.12752043006896,-0.463817707326089,-0.125731954297476,-0.298738080034868,-1.39999095706013,0.432987097715714
-0.100609938558013,-0.373925638346411,-2.30874766599647,-0.748187348425772,-1.20361379759387,-1.45819768495589,-0.249863994157062,-0.867570139169038,-0.727858273804619,0.458758752534082
0.130919441896241,-1.08388671518443,-0.0659966748647405,0.132614057955455,0.360324088817033,-1.30097040109267,0.882726157245654,-0.744102040807239,0.219644622706574,0.935490444325928
-1.42555000080813,-0.0537220505188494,-0.744059664398255,-0.212706490845047,0.806745709409628,0.0568139474162059,0.582240111277333,-0.566796781181484,0.365932755508661,1.13240157567212
-1.98179803245027,-2.16208778404388,-0.861712640776754,-1.11697284070359,-1.37368336178297,-0.0190176369965974,-0.504676652061504,0.399011580799649,0.240482535381839,-0.583596208572827
0.465045045684264,0.0439469637826508,1.1822972845704,-0.494203152974214,-1.1092699414393,-0.562733428081727,1.12826110477694,-0.382868113234255,0.285367031367021,-0.150542606903322
-0.473781803376232,-2.03640199083252,0.279857913906806,-1.07469999442533,0.324991508199029,-0.674731738363222,-1.40849413343568,-0.812188204812989,-1.88204425960066,-1.59993551087039
-1.66703347681954,-0.0838585441730156,-0.0976493011177535,-0.658903859846671,-0.648151584060813,-2.85950104978489,-0.352472178908311,-0.197124528525629,-1.42080683814417,-1.21515062761806
-0.212440397529082,0.116820116668265,0.090931384407263,-0.756445172395943,1.95867036346784,-0.761198976318821,-1.29862900162858,-1.12324337004776,-0.347418606255813,-1.56416015329229
-1.64096720555364,-1.96854213003317,0.0484260038027382,0.0706846869919806,-0.165331411155053,-0.839763010628197,0.981634889232448,-2.23712178272359,-0.683764770091458,1.16445983812487
-1.56198058309143,-0.387246640555944,-1.90994535821385,-2.30855985642428,-2.3771816490017,-2.23091875926665,-0.584064493766807,-1.56561749618456,-0.810315486506614,-0.637289984763021
-2.47541957632819,-0.40432558531781,-1.5667368459243,-1.95576907529569,-1.41720412084042,-2.62507458640261,0.200686133111942,-1.41296873949069,-1.35666167631478,-0.332893988137816
-1.02589918148352,0.346519823378111,-0.109469839948872,-2.03429216240849,1.09483378425248,0.881778133421504,-0.440367571365018,-0.951931134757901,-2.09242966688876,-2.53159684231509
0.136088930143879,-0.179274798979275,1.08596472074047,0.937910133330151,0.771404718864486,0.142959467436327,2.2413598876288,0.434326253289445,0.0317733866014274,0.680668986977566
0.867659596161009,0.686965383293537,0.0377910780448172,0.327757454681476,0.919311189545517,0.662091232463338,2.42522361591602,-0.87504267965257,-1.48670932453194,-0.62750936287459
1.08874318182022,1.24583038777932,-0.401619772421357,0.819737829680413,-0.473418600498127,-0.0841006306273144,2.30918778290025,-1.04197432079349,0.117656852192456,0.71652149809794
-0.968214838966334,-1.95895878998928,-1.35632146305697,-2.45651342779658,-2.07816610341415,-2.63277905063104,-0.175791074022298,-1.54952579015605,-1.80012580113093,-1.63588395706352
-0.465686848071121,0.941757918616207,1.85336586479248,-0.915446454789053,-0.121427525176527,1.58330167737722,2.13899084650272,-0.517458811956182,-0.873198012874502,-0.734725154391191
0.797786249284471,1.2574013868943,1.69132691048961,-2.03498307141507,1.04312630409226,-1.59119633973781,-0.121205036986239,-1.54208480671743,-1.04344131705826,1.27575876384925
-2.8265742613352,-0.318731055729916,-0.58603533105755,-1.09010763816032,-0.962354547048929,-2.50428802592006,-2.07938838312746,-3.47106465521912,-0.24968341027563,-1.12821197123437
-1.30487151713411,-1.16277014881662,-1.87408212988552,-2.06345980339374,-2.77467724844049,-3.65990016559129,-1.93654887602778,-1.69032558375348,-1.67295271580114,-2.42852388979139
-0.238305905643492,-4.10834167105297,-0.987251366913898,-2.81790576983001,-0.22224511358847,-1.88144560564919,-0.551232782520041,-3.24362125368115,-2.12902703701113,-0.702800686009642
1.38143305226218,0.849515989578598,0.917677098441986,0.458462100294067,1.10643137941996,0.242671242778341,1.20097514568327,1.76451069620292,1.65229989781314,2.35904151601911
2.00966560978842,1.14372718937507,-0.00666323605647601,0.632074901401696,0.250546340382257,1.33403554205995,3.28705802102582,0.467915000466658,0.477383261271998,0.891355608693351
-2.16781273300845,-1.69967525330927,-2.54372584064147,-0.806278200363058,-3.55934797580039,-0.533726272749609,-2.29941276615745,-3.84197520919603,-2.47615259326655,-2.18641302943543
-0.396094032886122,1.47729506999185,0.227858956311268,2.69983695689612,1.84672072687582,0.0170066129752686,2.82756479912662,1.18659236671472,1.04440840886499,1.21041600463782
-0.802277603204394,1.16532270745489,0.755010962908805,2.63444823426877,1.70198207226891,1.49083256526795,1.35175971711164,0.127159328237741,-0.0242218661922069,3.21230062869285
2.13737522314547,1.14663127212253,1.74926859905483,0.64907663431522,1.02742395869765,0.472811011480757,2.9297989880895,1.55606427195575,1.30546426098087,1.46970610504828
1.69973460479166,0.839524098702148,1.75096685778811,1.90634737889815,1.17498402952267,-0.579677111421744,2.7261065179062,0.547386986544986,2.23099131399136,1.60702579343523
1.20116673876456,0.790086451764913,1.31314664394656,2.56170586977073,-0.341463325213759,1.49194771617101,3.76610553959211,0.90512532359504,1.20059764507232,-0.227879791301239
-4.72659164623567,-1.67491059314192,-1.81613681869951,-0.256751126931636,-1.36044981051582,-2.58239423489949,-1.38272370209777,-2.38656126990969,-3.74722462101049,-2.43302916861793
0.191701781362011,-0.331520433466493,-0.598289703371246,2.51287920201297,3.45356373615014,0.517186676600017,2.86602770313262,1.91790194088612,-1.47741588519291,1.29865750121367
0.762399151656499,2.47171408627734,-0.24767078708701,1.7143076488581,1.53612708378299,-2.32225310899971,3.65206909884953,1.01434369222436,1.26604636000484,2.0258710994431
-3.24446484265606,-3.63774367144281,-2.00444436231094,-1.85336735831853,-1.4406967194609,-3.37796387803664,-2.16181910449034,-3.89336594645039,-3.56325888033515,-1.7318674975977
-3.54315908381272,-3.63142386927397,-3.57547125605087,-3.22441677424546,-3.3828987202591,-3.18356179048981,-1.75227845895608,-3.17016161711679,-3.81443875303456,-3.53298957840909
2.66802104041088,2.57975625494963,2.63570886817273,2.98676334997814,2.8282814039645,3.02761833373379,4.45890166526752,3.04101850710681,2.39674137118904,2.67819054581452
-5.37294382040704,-5.23422080560251,-3.96220780865779,-4.35215343752023,-4.51339093464137,-5.3945079530532,-3.16676874907001,-5.61472672954506,-5.43063344268051,-3.87482770089986
-4.78800653475422,-5.11318123942964,-4.4032056684283,-4.80571513837986,-4.98638918343607,-5.31442760367272,-3.45224083735106,-5.20518739977889,-5.06331528038183,-4.69121812365794
