-0.717910821609057,-0.843327659259621,-0.404207965301055,-0.735841672777832,-0.429389902376685,-0.829346613064875,-0.255609495104068,-0.595464031597926,-1.18687045607361,-0.308156118606683
-1.60325607957995,-1.38275503640627,-1.31374060966144,-0.672551440388706,-0.208981618529503,-1.95030904410772,-0.808999973523024,-0.862050853189831,-1.97950564211215,-1.14796256619197
-1.82041488173305,-1.83429047551498,0.0893501854706065,-0.876066795925908,-1.76228539642695,-1.42626996134964,-1.1355571838116,-0.251663932420972,0.918180466665102,-0.284757416621526
-1.79430721243731,-1.78433862473159,-1.04787139430614,-1.39965659269593,-0.140574251192178,0.756901247036102,-1.75967220717697,1.49886616316271,-0.64432070199217,0.284186708948977
-0.515831486462756,-1.59103972125392,-0.971485820291266,-2.54280508739821,0.0597219690326456,-2.71025933365018,-0.855896758057171,0.383175238773964,-0.41296404992449,-1.4428783628854
-1.29865682007057,-2.1770779162223,-1.26242051349624,0.748457717516536,-1.78183368674938,-2.51837264732869,0.187114339779841,-0.526232208668712,-0.57447335170158,0.410820113631359
-0.291651456726332,-1.30280273248877,-0.00506941605043609,-1.7777792529764,-0.474257185321816,-2.29078510680124,-1.05837422378361,1.66253112558679,-1.89002980649401,-0.0480558771904581
-2.09980468392669,-1.5465845839783,-1.35011834234916,-1.42499357455465,-1.98821458418617,-1.36780707782658,-0.0895553905967148,-2.61397841591325,-1.42793460777802,-0.848847865827679
-0.323133593472519,0.498647533923808,0.553820834304911,-0.419002096867006,0.464253969893972,-0.729854398178442,2.05985601716296,-0.461793924768054,-0.560279381310788,1.60615900253076
-0.311532810338087,-0.258897769307362,-0.282305483586343,1.2343846341668,0.194274965961096,-0.093026049287693,-0.40278332520189,1.69728961111134,0.483160798464861,2.18312077767177
1.46710913083614,-1.28317388352514,1.04420815901176,0.82169269221488,2.09266588056395,-0.518527263774385,-0.611318961704324,0.113735292332357,-0.776009164348264,0.631599567828922
-1.18918106726008,-1.6585895702629,-0.504002851074169,-3.31817745261804,-0.781863436273061,-2.49091385154559,-2.03750618670812,-1.32747768734216,-1.67685880780146,-0.191916141635242
-2.66915399189946,-1.37181227114405,0.896398461421971,-0.83713088299229,-0.895630455079002,-2.89495893023054,-0.928357629099035,-2.0252159573612,-1.7549628313927,-2.19436162814868
0.201711841233204,0.750385107127482,1.47342086794331,1.2799505361226,1.13484088777573,-0.545404534184239,1.62563363430115,0.433727248209452,0.151490176813715,1.30459769588662
-1.45991931476254,1.63641671841634,1.43119194877874,-1.01925186636326,0.405891922006071,0.0227596874841008,0.39491113221296,-0.164617751424531,-0.495585670276781,2.61600363024101
-2.31094215947375,-3.23136921233742,-0.326319003573394,-1.28787727203696,-0.57779874813534,-2.25959982472976,-1.28020039676566,-0.684775621512172,-2.93421474990452,-1.57609009852021
0.302831419731488,1.30530153612482,0.105028241084347,-0.603462962907883,1.87322585951235,-0.206880617749371,1.75704384300706,1.34877230037426,0.80045538130458,1.11515837760386
1.56826454148938,0.37491111554024,0.841509879607073,0.954775402454627,1.81195849281786,0.255466010209287,0.507894990484785,1.37692255617328,0.0588473888345165,1.78974597929541
0.43979434947404,0.931820269734462,0.335437005113146,1.56527601295524,1.28849519019823,0.991317929493159,1.6161451239033,1.65869206871202,0.182842452100834,1.26358944352349
0.506277078403018,1.39338127500601,2.20600986053996,0.943775161521276,1.33388819421484,0.177856228652137,0.404670395945053,1.14055986080641,1.87350193330568,0.549695542325138
-2.57078094245109,-2.51586549624467,-1.76824035885979,-2.18990757213498,-2.00205208172196,-2.41896628712029,-1.74262928829449,-2.06998624333148,-2.89653169642739,-1.51728295496865
1.28531468381455,1.88359907879757,0.787667486111767,0.387745890970741,0.9412356957449,2.19572465347498,0.959230368690335,0.439461263545165,1.50944536652995,0.89355671532299
0.94817381598302,0.553747785724682,0.815370602076887,0.431824303380981,0.748316741946373,0.714174709094904,2.51320759879819,0.405973215548507,1.50987661286287,2.18512742257019
-2.51416928943523,-1.60464447321435,-0.0276366628330589,-3.03506005712084,-1.42774088503513,-2.79939276579373,-2.66466396834603,-2.23980671618703,-3.30601121358108,-1.57107148800314
0.546670420966939,-0.138428550356745,1.27955705984393,0.695962940450068,2.26629432950389,0.826996747488941,2.44421971941019,2.11640383723657,-1.16503474986602,1.78368363932439
-2.58310067383622,-1.39384017351858,-1.62108509693441,-2.99244042043582,-0.768338392303068,-1.98581955955271,-1.63811795424398,-4.20504320350144,-1.7490153937651,-3.26517666918704
0.177332322489094,1.25934281193067,1.8106619770782,2.55931316874726,2.06446552170895,0.841244794997151,1.12214915473634,1.45610301062002,1.82913531665156,0.966477942253787
-3.08949716608699,-2.89065096718399,-3.24242881793836,-2.72322364054592,-1.97060459148326,-1.46330255673128,-2.69242735347717,-2.31359946771394,-3.04962646490677,-1.12860358699934
0.873980174256933,1.32724570979557,2.0126860797886,2.92041074422791,2.33363012234453,1.71038152645172,1.2634138739601,1.26085723318865,1.49247141929175,0.792923302974815
0.683277064220409,0.669457764888285,1.49380459636385,2.01197571704588,1.53661281532075,2.17321998513296,1.15871815332921,0.181015558351942,1.68324881926093,3.51333832325567
0.0231275528997095,1.02074766018416,2.74050136845605,1.14317846348789,0.351163612839892,0.681426909426757,2.0566468324102,2.80197996188988,2.02719069865343,2.18657605584302
-1.58617471203893,-2.88768429056895,-2.15753679322791,-3.29882300470215,-1.95199786271907,-3.41319396921459,-3.07571666445869,-3.1162347986713,-3.31389916805047,-2.31812640229741
-2.13428323782604,-4.05956540552433,-2.33226810990395,-3.29300790699902,-0.466249434325747,-2.32013152931482,-3.27448320823703,-3.28270711999994,-3.16293759477487,-1.51778505139907
-3.59189752334947,-2.73278208021811,-2.30899931308028,-2.85218737897712,-2.89702859483034,-1.22798693680028,-3.06449118707947,-3.52773366443159,-3.26518014199891,-1.11392080843032
-4.16549064085614,-2.23946832602531,-2.02007927554789,-3.29667845247744,-1.18003111766276,-2.04724007583114,-2.61816092853017,-2.824680169439,-4.07430812632998,-1.84359478199068
-3.06757806864205,-3.83056495725473,-2.21307157247065,-4.45180481769469,-2.44483009711799,-2.44721474186297,-3.79355005304135,-2.32009244030789,-2.49737197234192,-3.08139622731259
-1.6376618530804,-4.02870473064633,-1.38415463431821,-4.31780774361607,-1.75695419458584,-3.20581001268162,-2.77225363069979,-4.26874892120006,-3.72255070261226,-2.53409390719463
2.24066906004775,2.11525222239718,2.55437191635575,2.22273820887897,2.52918997928012,2.12923326859193,2.70297038655274,2.36311585005888,1.77170942558319,2.65042376305012
-3.67987226711421,-3.77975763547281,-3.62059086915015,-3.78962591238444,-3.33387473220363,-4.17983074454565,-2.61650902552908,-3.20903994974568,-4.57878076716234,-2.76797771707069
-5.22441249699927,-5.34333596535549,-4.78518714244207,-5.2457191023486,-5.03534061049877,-5.3245193892343,-4.84569148100464,-5.18622942693516,-5.68214894370125,-4.66419013157579
