-0.717910821609057,-0.843327659259621,-0.404207965301055,-0.735841672777832,-0.429389902376685,-0.829346613064875,-0.255609495104068,-0.595464031597926,-1.18687045607361,-0.308156118606683
-0.711251651441178,-0.210578817453547,-0.760742770226579,-0.96434332359235,0.503701300548693,-0.187219720604862,-0.786904551575824,-1.54965888111887,-1.63284025935041,-0.478486921642266
-0.504364148118309,-0.653757635760141,0.677246162388105,0.328160643404937,-0.278570361407879,-0.647220280591586,0.507576020416798,-0.239889535320384,-1.02877350188418,0.581948277428298
-0.14279756833253,-0.148073798398007,-0.713587206929725,-1.75167470274732,0.67533994721082,0.00800738853526006,-0.786930362434263,-1.66316861320661,-0.517878269363149,-0.696721018295415
-0.214080004611692,-1.14017413225291,-1.65796488786151,-1.50816341709164,-0.674091136767257,-2.0829469278996,-0.395609764209505,-1.62040947862103,-1.56928009789178,-0.209682660545225
-1.30204483005253,-1.89915944434652,-1.66415273921676,-0.406580283800019,-2.00429836149716,-1.19870051454866,0.459296259448172,-1.02642748969431,-0.537841814082197,-1.13195787833448
-1.40980983613925e-05,-1.62393549396812,-0.460513029207365,-1.56653530239519,-0.944239813631188,-0.290418895011466,0.540648046394197,-0.541121494872509,-2.59710489962213,-1.33131343236351
-0.750162520748972,0.815167714125236,-0.891912326416652,-0.358252597354295,0.228496108473219,0.508479645002416,1.83118162996305,0.945988427838795,-0.118318195622154,0.558756171875487
-0.830665759750273,-1.65132086809165,0.274522085877069,-3.09946668941272,0.618494515063327,0.466398413517197,-1.54194407862133,-0.291966670949281,-1.42320635288727,-1.69982868965902
-0.926829296781402,-2.4605770868556,-0.279449653022726,-2.25067794118446,-1.52810525058493,-2.54213699237449,0.299883515497301,-0.831217914797629,-1.60341584165924,-1.10134051387226
-0.494195314492741,0.599181638978873,0.776183479141354,0.811983829096141,2.04291393403931,0.241004802606855,1.60641896936046,-0.238877341255299,-0.454014905028266,0.452252649661099
-0.758681769397641,-3.20512724881089,-1.07314188435903,-2.67485087931515,-1.62642536317309,-1.25654537986265,-0.176206473634021,-1.90999404572291,-1.66247026373903,-0.83401740288878
0.516914147435092,-0.0436829041827352,-0.0985106968283764,0.000985800037200724,1.11278345712488,-1.95003890025473,2.02915132550666,1.22662037671907,-0.486325798563216,1.54470330436706
0.335306770031073,-0.155816082493651,0.697489150057546,1.26410786944643,-0.0302905833928737,1.52772501400987,1.23047433428404,1.17891157186266,-0.679241795434628,1.87423676710465
-0.23796638309835,-2.82796521637163,-1.27539674626947,-0.0215427796754812,-1.96355995393878,-0.84637914268899,-0.708098620260453,-1.05063036142811,-3.71525668390598,-2.02338657576795
0.432722243047654,-0.0810376154904078,2.10445321557994,-1.89223954267892,-0.488790713509275,0.749313441870012,-0.31635198348278,-1.45266992274047,-1.34082965389924,2.65242977700249
-1.4302195328737,-2.26863734356737,-0.305046830679679,-2.50819412097467,-1.19404047100109,-2.66277525514732,-2.25578669892036,-2.03929669102954,-2.16328859590977,-1.87580740460712
-1.02713686376823,0.400780556554607,1.65337646159749,1.50963438824255,0.461926581938132,1.20857524386151,1.78448164742314,1.40690377821003,-1.12088676303586,0.673766029069215
-0.826024527038864,-3.05658989349798,-0.834298416848455,-2.00802841631061,-0.711171835596779,0.498649320821592,-4.05956569398731,0.989023560056073,-1.43829784505856,-0.828736236594396
-3.09227307721086,-1.84804792909791,-0.930620898575719,-2.50170713176541,-1.1818973406077,-1.6673525492742,-2.00029507482691,-2.24128348253048,-2.80561898246553,-1.62205871581134
-0.528481304362789,-0.682944595106365,1.07645991705524,-0.384985461054126,2.52686488697445,1.61389353811169,-0.0166094053468502,0.163635377775358,0.274810754310832,2.65849840769873
1.44681649822669,1.9533611798471,1.10403923438942,-0.118650113783606,0.800417966955802,1.05223397621455,1.20263171327822,1.77501735048785,0.270108489455992,1.20534686020405
-0.439105615264822,0.125148234281075,0.525952765339049,0.431478736616895,2.01088303985396,-0.157937037422724,0.960729879451677,2.02450800481038,0.327128585631182,2.8524541238895
-2.22730628484587,-3.22787236065218,-2.35876997601767,-1.75469461050922,-1.39175058424492,-3.06631325837039,-0.961096445406495,-1.35801382467551,-2.89192551865184,-1.0721122361405
-2.87760481864528,-1.36492402748614,-1.69407262087881,-1.54620783168636,-0.7807634765414,-2.69806329775157,-1.46723739376959,-3.63504892964657,-2.58287506712943,-2.11152394157545
-1.19350597159631,-3.44048059465124,-2.3293839956611,-2.55794726839818,-1.45488788226666,-2.3466542473663,-1.70041474815412,-2.1782467560559,-3.19991128525112,-2.74032995272523
-2.52537259128203,-1.56061904010358,-2.94908814497398,-1.76095615894328,-3.09330010141905,-3.15694418539565,-1.8754463145381,-2.52030983736765,-1.9781306460465,-2.23948611472689
-2.86754006670819,-1.93810596729811,-1.37167971160986,-2.71411520033762,-3.2844096836535,-3.26479578159928,-1.0495178570307,-3.0937130423498,-2.43253241623774,-1.35077007174587
0.822224243641336,0.546535859577363,2.39589656542397,-0.0678365050778358,2.5137922273369,1.1743685061596,2.01677598250633,1.63141762298374,0.728861215365231,1.80615049237087
-2.19310674564418,-2.6167044003882,-1.02411168061398,-2.27633140052539,-2.81748827888399,-4.21404042566009,-3.02715134753642,-1.0153134421591,-2.9630034668757,-2.29226204775445
-2.46971910235605,-2.11483300164862,-4.0702455896159,-3.34609157080927,-2.13607944086082,-3.54493523199317,-0.845452319315218,-1.9452957684196,-1.71547892830114,-2.9087379911795
1.75700116962153,1.89031974543883,2.61391146850308,1.61333033932355,2.24499896014584,1.60211845694005,2.06610349477257,1.91742690544193,1.20732096273666,2.30009164723134
-3.24391468082969,-3.22466092518296,-2.72396106221577,-2.74575517671353,-2.66261150438352,-3.11839118637286,-2.79983026102516,-3.05536032358842,-3.44101159541941,-2.95686287139844
1.59435940564093,1.90992977368345,2.23817178323492,2.58175914457783,2.65490903807848,2.11234983184662,2.45924548008171,1.640821906865,1.31576041045342,2.40157038845252
-3.48490579808628,-4.46161979970772,-2.39360155081335,-3.48285299037038,-2.07123345345723,-4.12476355924089,-2.8180898928025,-3.54305608952578,-4.0012167496274,-3.21066629095342
2.75232077468938,1.97068739286113,2.88187267396428,2.57751852665748,3.12510065154561,2.17233483244488,2.579439746433,2.50581240757178,1.83982147504486,2.85075941118935
-3.64188742979619,-3.76730426744676,-3.32818457348819,-3.65981828096497,-3.35336651056382,-3.75332322125201,-3.1795861032912,-3.51944063978506,-4.11084706426075,-3.23213272679382
3.03593422006753,2.56893520262334,3.09765964906247,1.87497030088944,3.57444705677437,2.40176164153169,2.85955179125093,2.61043923854132,2.06436686266173,3.032832240321
-3.9873608953756,-3.94311849862643,-3.56466216775021,-3.83210625640917,-3.74307268101619,-3.88793833744244,-3.13807257716436,-4.02406923586389,-4.17111310218685,-3.36730566359907
-4.09095204675273,-3.95763347093544,-3.23404174787119,-4.23462287705072,-3.60295425622843,-4.24583475943422,-3.78184972160169,-3.93052631093233,-4.64063225363761,-3.54786156914293
