-0.717910821609057,-0.843327659259621,-0.404207965301055,-0.735841672777832,-0.429389902376685,-0.829346613064875,-0.255609495104068,-0.595464031597926,-1.18687045607361,-0.308156118606683
-0.0317902272419663,-0.54483256055759,-0.207362374865551,-0.0281982073645726,-0.00840738290538989,-0.548840532254052,-0.61276515691866,-0.104096469556509,-1.18986285521435,-0.784880305046811
-0.245780909858789,0.0653092046004142,-1.47294399416973,0.329924315424112,-0.426261912600972,-0.456838281533929,0.170497045478515,-0.247996455925723,0.432188510583463,-0.162075212193754
0.718599376510229,-0.0933276859153809,-0.41438035801544,-1.10581551693898,0.277634426976002,-1.32004639649234,0.619137230970332,-0.507595175412958,-1.65757082627685,0.649786307609091
-1.44861692121009,0.226427542431554,-1.31739413901989,-0.472635322399181,-1.26245041699487,-0.937055603063643,-0.706034330494406,0.217278662098658,-1.73453976144918,-2.030541192302
-1.34385147504129,-1.09714435259638,1.13869816438567,-0.41956893718742,-0.123682653424376,0.375514339301727,-0.286836700555244,-0.370913615952701,0.537231536823082,0.721333872568089
-1.30401569715029,-1.66061019712943,-1.92174639740461,-0.376397388584708,-1.52610111704832,-0.322754030217333,-1.55969276887794,-0.575529219092045,-1.46319228605799,-1.19454176687497
-1.64689513209626,-1.74650685001107,-0.966186128435287,-1.37810243064553,-1.60352285035356,-1.56869329944745,-0.702898237190498,-0.868858813663228,-2.06997899814169,-1.57983241918472
-0.183990220915485,0.528397364548321,0.566380921373142,1.06442630498666,1.19442028334275,0.0915876711783457,0.0633852877137162,-0.21204436374533,-1.38579727947721,0.442304660423627
-0.378157222315858,0.674254865426388,0.032101226667016,-0.156403335569701,-1.31256299740583,-2.20331632466088,0.737366229001283,0.367808340501806,0.160957461123204,0.965802271553452
0.0375085706300446,-0.629967081310281,0.629291283993731,-1.16147589189099,-1.32401535827988,0.981717355029509,-1.67646633902304,-0.519589525613507,-2.65388814008137,-0.36181025227011
0.714150740103154,-0.941993194426058,-0.732020516677843,0.951174205947829,0.941463885860095,0.972259170381151,-0.387811371512823,1.01232333699939,-0.259395928324962,0.763371370015812
1.06377144939917,-0.780883549745181,-1.48780828314988,0.24435648213806,1.03631241789966,-1.7152685961397,-0.462195506114517,0.848570165385722,1.0618278199276,-1.24236339876404
-2.32684683329693,0.118005960252645,-0.128792855638453,-0.958165455336977,-3.11448795261521,-0.87800260209001,-0.00165102062733569,0.545896248295536,-0.138133028773871,-0.0512965110124436
-1.1074167098853,-1.9451225246294,-0.591339947947104,-0.992045188515764,-0.275429180553891,-1.62725874695505,-1.75170535695577,-1.49662945285699,-3.12386411139411,-0.0554521876094607
0.381948615374491,-1.35130193123624,-1.81271471389361,-2.00477402202135,-2.19121021225994,-1.42310037203113,0.966034660117623,-0.779930082369907,-1.74240847690152,0.348481585436519
-1.58229450856026,-0.669659849334157,-0.699818652078867,-1.6633250916184,-1.16880030726918,-0.93842364515196,-1.34714240319542,-2.19273115928112,-3.29100998632193,-0.551203564684176
-0.399350550900018,-2.08473467575262,1.07325805195763,0.154802675433578,0.0200372457285947,-1.14198149724707,-1.86362057835689,-0.62831332438037,-1.50313837060494,2.40575103059983
-2.31759801372417,-2.39507946072939,-1.65446262970258,-1.99738097159361,-1.68778669299989,-1.81597688902883,-0.99414015816733,-1.72468796399889,-2.85578492876418,-1.05414929855504
1.34510535690786,1.27066910345848,2.3125557689713,1.19745583623717,0.597154247696919,0.853856441896616,0.177680682064794,-0.643975423880463,-0.217594858788981,0.760235530190695
-1.34345940282455,-3.37037914765478,-1.65635622029873,-1.23121131973587,-2.24970684672803,-1.18596153841646,-1.98828145560084,-1.92302915623111,-2.22986666567253,-1.82748283895046
0.792027861127011,2.351677733726,0.457056422977957,0.89418401603672,1.93246522594529,-1.26619833966713,1.34311835825794,-0.732866008946797,-1.39781120806733,1.27484733415826
-0.215177369341991,0.447049197474295,2.01865377143781,0.721127563779227,0.896197349601168,1.12885628186318,-1.19669120308756,2.17568383921501,-0.184541007434361,1.85017321615947
-2.19823126744674,-3.09220322147851,-1.3894296401779,-2.28314494421903,-1.54688670952866,-3.03977985798088,-2.33646561876637,-0.816507356089526,-1.9635091637468,-0.504080883496965
-0.67837770399014,-1.83006872349013,-1.54071857317518,-2.66140361134346,-3.49014007015423,-1.48190299991037,-1.66877147884248,-1.3026648459376,-3.19493316584801,-0.839225120780264
-1.17768093655159,-2.91867887254187,-2.46958152851945,-1.76211425077455,-1.52408065223985,-1.40405925674304,-2.12342558705809,-1.61511549618821,-3.10257926833415,-2.46332853239979
-2.29495329580681,-3.09967911403116,-2.23383776218049,-3.22917948240821,-2.14253546980725,-1.77165165753498,-1.78753441345086,-0.637974631782776,-2.40648666139958,-0.705437937032513
-1.95560096325564,-2.24733378597587,-0.936406979433573,-0.924232804772145,-1.0125810400876,-2.88868427612211,-0.272808406926087,-3.15990672907308,-3.18666341793405,-2.79418078464534
1.32047481670665,0.932999951757681,2.01311829389098,0.305937050587846,1.93819995858516,1.9866564251496,-0.537145072224166,1.60208169136303,1.10898771949829,-0.374371273848124
0.593700827105242,0.276741949766293,2.77430407491742,2.15161331731334,1.02143748997737,0.336314925412381,1.20249187057679,2.43233725889075,0.697797021464499,1.03111411268404
2.35112187796363,1.13124001180573,2.0852063942664,-0.0288171251281031,1.6456868743219,1.24630447143575,1.57788417953031,-0.0791594244303477,0.0306697327949015,2.43496926832924
1.29899334213805,0.982639001240556,2.85518955810176,1.76992560329558,1.91914639369884,1.30156589066335,1.99990566368024,1.48043225900974,-0.11089207114159,1.23850841072347
0.622554899767,1.690701776315,3.42142617048324,0.181578735565708,2.67020709271657,1.29443543461146,1.54172005357728,2.10504153357936,0.780650968658164,0.781825017788951
1.515031301522,1.20879828914905,2.84013329562792,1.17312606490108,1.40111617799707,0.512201787919315,2.00351290587496,2.28330710160979,1.61193645142883,2.03107828512616
0.985010095286784,1.07730080709792,2.11845550372631,1.28650113501314,1.93844409542634,2.17977222640786,2.40699248942897,2.16769234414652,1.30162063534871,2.37984620659114
-2.30976282358707,-2.65149406554005,-3.28668892614024,-2.99641091123515,-2.36422372241231,-2.04689196125182,-3.12141190930773,-3.31543833430188,-3.26752267900105,-2.77995595633196
-2.96105908405206,-2.72273727135419,-2.57033580245901,-2.96984188980059,-2.61902902902394,-3.75301174379664,-2.65727852016305,-2.97345672966348,-2.9087853956321,-3.08965403915813
-2.77961251622309,-3.47138398726519,-2.54710929247296,-3.13203518101814,-3.1971978731921,-3.3582663553758,-2.13084146275654,-2.76744380295928,-3.38080883689664,-2.43697942675314
-4.06455269461666,-4.78181670593375,-2.80343076959276,-2.49490671386666,-2.04224256005597,-2.57403976520189,-1.79505047567562,-4.45032203863374,-2.73991236271292,-3.06090578334662
2.15565239678175,2.03023555913118,2.46935525308975,2.13772154561297,2.44417331601412,2.04421660532593,2.61795372328674,2.27809918679288,1.68669276231719,2.56540709978412
