-0.717910821609057,-0.843327659259621,-0.404207965301055,-0.735841672777832,-0.429389902376685,-0.829346613064875,-0.255609495104068,-0.595464031597926,-1.18687045607361,-0.308156118606683
-0.985791083034427,-1.07496131171447,-0.339683192214409,-0.984874999369999,-0.459971774243676,-0.172874734918366,-0.192119876484885,0.377706726206128,-0.778002425779289,-0.163849683527345
-0.456589015436006,-0.969080436245799,0.617821868929153,-0.0324702558813441,-0.0986340858096033,-0.843427190269039,-0.524034057084623,-0.578146303463017,-0.32727352927801,0.242440051634713
-0.227287681673883,-0.485898235646191,-0.0904562287017312,-0.148565475560476,-0.386378700650603,0.511872848325458,0.0510412177400388,0.404161752661154,-0.463856606161119,0.33641592614902
-0.327590604902141,-1.25254606980515,-0.954833932991092,-0.802391250115616,-0.623807932138215,-1.13106353144197,-1.78038768205034,-0.667223420771081,-2.08495067808615,-1.09955997143057
0.317913763909089,-0.338209127853525,-1.05762679219571,-0.790738167963935,-1.13349284220995,-0.758394021408654,0.295788149798054,0.797885644490223,0.397377339513392,-1.59428166167743
0.402009330723758,-0.228896298690328,0.170209553225404,0.485912296903583,0.11332354468251,-0.0269782934973639,0.341592136634079,0.28267328674188,0.381403705817468,0.765586559409747
-0.516468452193753,-0.735409282204362,-0.058699206304734,-0.574698728731316,-1.20788441155542,-0.370326641515932,-2.91361519909331,-0.189931246186681,-0.494728196135577,-1.63475179954703
0.117473905702295,-2.1341342715174,-1.30732950712485,-0.173474384542483,-0.127047231983136,-1.59663786129238,-0.352001071821521,-2.05358399745748,-1.65645169713501,-0.283231194866704
0.317191694192805,-1.14035553179244,-0.010364794212425,-0.415544552899776,1.74173006562315,-1.64335140464123,-0.674088029802112,-1.39640904252966,0.221311624566367,-0.587121164506357
1.07944204521333,-1.16490427137282,-1.3978615596747,-1.00762945191562,0.434100497904391,-1.44249584967259,0.187365674584926,-1.43557113788219,-1.92795821162323,-0.588657330433004
0.32635905533385,-0.592821925048303,-1.27114295048238,0.504567641987789,-0.501804908174979,-2.13398150626643,-0.606508626804888,0.661507788114443,-2.12877329460333,0.452203397963259
0.700941423515025,-0.741304562624947,-2.19734265579538,-0.784972370099625,0.991007954853262,1.23711854298644,-0.0686520531882224,-1.71435631367434,-0.0735551287410526,-0.777450469919548
-1.57064561916384,-0.189332702961114,-1.22037109115279,-0.80080430503863,-0.896388772646326,-1.90108801982142,-0.230048855932906,0.722739186521558,-2.25888059575158,1.36754186207007
-1.64499444519895,-2.06771599721569,-1.9588567833589,-1.17722566779979,-0.526136637085707,-1.71274183432617,-1.14787688753386,-0.912739453790846,-1.98520222867258,-1.98725271599061
0.192936988589402,-1.17362620819171,-0.285567645047831,2.07704259742351,0.722895801731119,0.673752717488518,0.260164413526983,-0.230835604469499,0.235238552242293,0.840177862321111
-0.354477951721295,0.548415311662158,1.79099862596741,0.0804659097209095,1.0697485054766,1.62443509810575,0.826319231576864,0.901032085057802,-0.478959363578332,0.0728927407150792
0.894965996082584,-0.0834538036705136,-1.30413181669227,2.84505217501751,-0.168155912868826,-1.72086981213724,0.244029001561906,-0.257867289336677,-1.57277991789871,0.494977549659043
1.19142088572928,-0.499077213969909,1.61225493313089,0.47866374974446,1.03766746050541,0.9276301613605,0.825124129577193,0.957230484626635,-1.50694812685176,0.495840390664393
-1.42538763572763,-0.315837768976029,0.181527049076095,-0.0109423318105681,0.0531851891720617,0.454924032383255,2.36839244606246,1.00246535746288,-1.13656012958434,2.0342827452959
-1.11010565434749,-2.63198990039026,-0.529806004119146,-1.23223123901741,-1.16391086573197,-1.9571800291295,-0.711717486572099,-1.21072913496532,-3.05784561145744,-2.78499395850731
-0.865947308931259,-1.90945438967207,-3.05883604331623,-1.32458626152242,-0.970888633530589,-2.96173615214625,-0.831105427742858,-1.34352499840889,-2.24272432442748,-2.15739900933664
-2.54214838583977,-1.62427604217114,-1.64072951290788,-1.59984763305563,-2.6748927008435,-2.71582192015365,-1.79606780386693,-1.9305760471118,-1.66484510052956,-1.87534145219613
1.09456374477594,-0.209993837434079,0.470355191036108,2.04547694199294,-0.347194175865183,0.60484434736979,0.547456111842131,1.85312512925606,1.38130018724575,1.29502675523153
-2.92824084312629,-2.55229811713851,-0.980663033568533,-2.58795811905363,-0.82380848076125,-1.89776744896246,-2.44340355891536,-1.29706294442391,-2.24171084557674,-1.2370523454884
1.09686260842411,0.337322271167095,2.06494642421624,0.904434717498558,0.841881929239974,0.432186388049931,2.1470456482343,1.67171260489689,1.36759764526949,0.431627153454055
1.04097281307217,0.884558402347689,0.332280882485538,-0.880846542240653,2.30656609954376,1.97969897029182,1.26575617093572,1.23986958008701,-2.60688254065795,0.474821865983736
-1.24473518771914,-2.59236522883291,-2.57993993942013,-0.870040806976967,-1.40466184956187,-3.47231428369212,-0.746120967758398,-2.53998478861868,-2.1764364456396,-2.8539680652807
-2.33148486293873,-2.77950676625992,-2.86493571746693,-2.97351136300636,-2.59065359242549,-1.77088609855473,-1.61257442193943,-2.21616679158043,-2.67194181971868,-2.33630957657547
-1.87261960101043,-3.06709888642458,-2.49310425307586,-2.18692758458068,-2.69124924484704,-2.5240399575422,-3.49383734611234,-2.66458185030437,-2.69000589685528,-2.06041470129194
1.77331806154645,0.955977371225823,2.06475796422732,0.590104741498649,1.33376995629307,1.94502880537428,2.34132832605333,2.79687774955599,-0.4609478076656,1.68436139772589
-3.58150537031871,-2.04036878780934,-3.10271781700145,-2.6253049085129,-1.85148187743267,-3.55993111555595,-2.51967617013834,-2.0343161508519,-3.43759043945137,-2.03329971713887
1.46784559905245,2.63914566755947,3.08311740699116,0.557795851468681,2.6462010580341,0.215469757973315,2.79487282593275,1.41772295270272,0.570935980737616,1.68349231312475
-2.68663562925059,-3.19355064267567,-2.97614353794898,-2.74821222304548,-2.89831056020068,-2.99410331286288,-2.99397229042307,-3.00295828121633,-3.70411301496685,-2.65588101658584
0.588905650128238,2.25987697243409,2.99864515297867,2.0335811255023,2.78147422321693,1.14774795723363,1.58079552256924,2.91873911884159,1.02577255133878,1.63928661891435
-3.04306586788892,-3.15573755948919,-2.56592612264206,-3.09342638643317,-3.01366295576737,-3.24945494023359,-2.98819604172094,-3.44850097057765,-3.78546064766154,-2.88196729731643
0.521264957487546,2.08687289318001,2.11316699477324,3.03425955155386,1.43821829436318,1.29107310055877,2.87999175316791,3.12166119676367,2.25187436337809,2.50376766632222
-3.56452716431496,-4.09256959500984,-3.20611539719919,-3.05524619850292,-3.71419754286855,-4.60348898596354,-3.89146434270332,-2.61116058502966,-3.27779072184516,-2.90951869931393
2.54872849852399,2.47773854823886,3.06736699286488,2.610653120079,3.00347768798316,2.7638421877124,3.25095009193828,2.93623415324728,2.27616140769106,3.20475355360186
3.58031646152331,3.28064126873249,3.24094568981944,2.47732902100185,3.76761254128769,2.30877119338001,3.80293734206178,3.10451272542999,2.60015675995839,3.72311935275179
