-0.717910821609057,-0.843327659259621,-0.404207965301055,-0.735841672777832,-0.429389902376685,-0.829346613064875,-0.255609495104068,-0.595464031597926,-1.18687045607361,-0.308156118606683
-0.400591838544369,-1.37090803671012,-0.348933965182939,-0.692700065414004,-0.114831899305541,-0.982686121839889,-0.186565070040617,-0.78778589220057,-1.30022256306111,0.262231463399477
-0.694605730983342,0.132910777159342,-1.1063079456847,-0.443293863302682,-1.56998239254481,-0.280027493297825,-0.492354545227216,-1.31285049871074,-0.446855939426061,0.290856846354681
-0.227435049445091,-0.88912140350262,0.445635911630382,0.484038400134118,-0.0637987813312142,-0.438128493128728,0.0223178035842087,0.485226290727046,-0.335189274513172,-0.764614983701792
-1.57764756061537,0.060845832607423,-0.406207106833352,-0.653917265041829,-0.415589764876634,0.0140857594481929,-0.156059108655374,0.541526070506445,-1.13885391525824,0.169627448689113
-0.248623707319982,-0.516809294276345,-0.52299254751466,-1.11813301159089,0.545375569207788,0.562787524842544,-0.839253449061859,0.131020356180843,-0.814354328587852,0.277723639304869
-0.281220210792853,-0.854522840109168,0.104712132667069,-1.05479400292694,0.752169423124492,0.338831890103859,-0.268240394291654,-0.128257648873444,-1.13510161196443,0.233134629135045
-0.356098183969758,-1.43532545588136,0.0998880929135746,-0.239616023451657,-0.393975618745794,-0.57158365077577,-0.7800899062866,-1.61127956808953,-1.98021291971042,-0.490409875963862
-1.06148486295199,0.909936836316963,0.950588306816006,-0.448185528812653,-0.106544907120129,-0.691498664298859,-0.699260088115065,-0.373705589082006,0.211945171442141,-0.105298570113272
0.442591776447183,0.0337294629104652,-0.534716842811348,0.252867177322861,0.596156437790626,0.384017711216821,-0.0804025843756715,0.541487507708407,-0.485908287348053,0.546103435793816
-0.759874514647861,-0.115943583186745,-1.51935339086792,-1.07548588140492,-1.37457580454014,-1.18572080958372,-0.761267277600524,-1.33184911377266,-1.78516949054822,-1.61038463042472
-0.382369030878294,-1.2575568910539,1.48115657613858,-0.0201128006479678,-0.439977475847765,-0.381802660751153,-0.28400563129825,-0.3098218946835,-1.98525923614508,-0.192247249516808
1.05556179006041,-0.887818812873094,0.84735333275544,0.786497603758613,-0.169242255658254,-0.619547805413497,0.457940693891366,-1.04780026908662,-0.912270394323252,-0.645907626014506
-0.109200568250707,0.73571462640531,0.126196799423075,-0.471996114481724,0.417849086636676,-2.04269990098223,0.493639762530952,-0.895962313840855,-0.975470974578967,0.706694330691868
-0.275972041241457,-0.481373884279297,-0.254691047386008,1.39698175957163,1.1471821112412,-0.639935281178068,0.00641353175858916,0.523072480129254,-1.07223273748017,-0.133512564517605
0.735909950059406,-1.5544745048451,-2.3321168690994,-0.924577895033608,-0.0889079412005886,-1.88578551866579,-0.816762727346686,-1.29694789114948,-0.803175938300881,-0.431883197641024
-0.862566088889721,-2.91437086669234,0.309586026859451,-1.88476949845848,0.0347227345273664,-0.709996378327547,-0.934871926868263,-0.98550448472857,-2.38228989133996,-1.56985400598396
0.655529611863254,-1.66986685624397,-1.64051633616494,-3.32021332217046,-1.4715546728133,-0.842160004040159,-1.46108155124229,-1.22149724189631,-1.00998429622792,-1.26616231645698
0.0169643283411725,-0.685243055287063,-0.429877919096372,-2.90961800770593,-2.26731055340258,-0.639800061728102,-2.90394669933,-0.389246765610071,0.0731524654121929,-0.0312998850168316
-0.987191615982308,-1.06227609241706,-1.19540025798273,-0.762307879451348,-0.512626399222795,-1.06534766238781,0.507023442089729,-0.796660152714913,-2.79830807963314,2.40536307692315
-1.6012640642439,-0.580448842352941,-1.47721854754084,-2.24056606561228,-0.626787931773015,-0.918680981177207,-1.98233767568961,1.00841211113207,-2.31736778569856,1.33236687192654
-0.629757909386455,-1.54697852369551,0.630570231914411,0.457622181651281,0.512968723349112,0.477370131803992,-0.652671274579911,2.16303421667402,-1.80222975195559,1.4681296905677
-1.90165274046561,-2.2268278054747,-1.59571759275684,-2.00345850056717,-1.8391218059035,-2.38655142007863,-1.73165393191094,-2.06768202174787,-2.70693981522516,-1.64410035916323
-1.81885928917386,-3.11746660333597,-1.82063081136304,-2.73894782530415,-1.21859579983918,-1.33086101789155,-1.2592967627206,-1.7713429086248,-2.71202847127296,-1.04405779561803
1.30263748425165,-0.040767041764658,1.70328356987578,-0.0719676011061203,1.57584731269093,1.24385423926447,0.278984278190295,-0.229126674323475,0.717157945939508,1.96924574024616
-2.96183137848914,-2.01946031890315,-1.54281809269508,-0.74995309634932,-1.30753245181399,-2.77263145432889,-1.04172366577778,-3.04046090728751,-2.84767305711805,-2.06969651846228
0.730464928442671,1.66100676570667,1.11940808345466,1.7470881844537,1.37273660690427,1.4560774600687,1.36839985918981,1.38687512861112,0.297068091412422,0.589689052981506
1.6142210079375,0.819195463973585,1.53015904349411,1.41724188200695,1.93647325787849,1.18787907595358,1.3616541345749,0.548368924847939,0.821499592191871,1.4702257750351
-3.15461592086022,-2.63390207553236,-0.466281211731843,-2.63528301355996,-2.86457110850761,-2.60689866994654,-2.05129983828045,-1.92560502654339,-3.11328155220153,-2.20360703640397
-2.93673627371151,-1.00742134049955,-2.62365391004293,-3.68491313831797,-1.58635421490381,-2.63591531554112,-1.94491286073353,-2.74022839490467,-3.5970217684573,-1.8063469191135
-2.85591724767681,-3.18947849894908,-3.24946041260154,-4.24485884803584,-0.978175747453707,-1.4276964161833,-1.4278941305314,-2.26259679199868,-3.26897335476769,-1.30368392821324
-2.56827160762593,-1.5715691927036,-3.29525400668756,-2.37290691133459,-3.53604961741366,-2.93300280956998,-1.80702019667771,-3.41633621689053,-2.96784881637385,-2.48655613171589
-3.29533882636415,-2.50667278821041,-2.28450358172293,-3.59087285885432,-2.89737918301788,-1.98512600995649,-2.06355633033605,-1.72956755153749,-4.45559185982195,-0.162655817429787
2.79139499987788,0.741800231832502,2.30789189257668,0.796916696862689,2.23340687143076,0.00981519931851038,2.33252969388032,0.888784389068081,1.31967803315193,2.65917935452648
-3.10808496341697,-3.24053536339215,-1.77420622494046,-2.69432793320787,-2.79148561236439,-2.34156746726047,-2.34856886490211,-3.32448059132997,-4.25817932189804,-2.82464257253581
-2.5854170673881,-2.34631338526482,-2.9875438352592,-2.91751837671695,-2.72371656489075,-4.37210565296507,-1.85277101062538,-3.81168877423213,-3.07644858610238,-2.34252834996808
-4.37094365000084,-2.73245025677805,-3.19950319621883,-3.4472133544273,-3.20888585426211,-2.77921032993728,-2.94935519804085,-2.25177001887903,-3.93215000464371,-2.62366864069636
-3.51120691099453,-3.6366237486451,-3.19750405468653,-3.52913776216331,-3.22268599176216,-3.62264270245035,-3.04890558448954,-3.3887601209834,-3.98016654545909,-3.10145220799216
-4.11005018576825,-3.74813771682617,-3.80811963047864,-4.44437999727766,-3.239415438861,-4.12467195076238,-2.91368992275771,-3.57195433389812,-5.05954777104043,-2.37802857797689
-4.32414613040659,-4.54575319735952,-2.96332662041354,-4.14583877849085,-4.47572431311437,-4.50700093250669,-3.41391314055544,-3.92703359490599,-4.07061622845287,-3.23441415329593
