-0.717910821609057,-0.843327659259621,-0.404207965301055,-0.735841672777832,-0.429389902376685,-0.829346613064875,-0.255609495104068,-0.595464031597926,-1.18687045607361,-0.308156118606683
-1.40573839152464,-0.908068405128598,-0.58856595072929,-0.556914636528051,0.0361524447229511,-0.721964809396829,0.0489945800164537,-0.861864510916603,-1.35510539053638,-0.179009559077151
-0.0429752276504276,0.0736309928927648,0.131556314347021,0.201718747093981,0.271966011979395,-0.116681138591271,-0.408193201167449,-0.480757646185726,-1.47588535689749,-0.92498025052905
-0.336511837047433,-0.0284215827216656,-0.450392257694902,-0.567590527280796,0.287934734785134,0.782872706554696,0.901475578732276,-0.918891845092286,-0.0877124020315573,-0.216124956038397
0.384334169886546,-0.610592222829829,-1.39016037444942,-0.554823480150419,-0.600786039806803,0.144337208257984,-1.20364921968983,-1.53654866306264,-1.18927221060542,0.737693230595487
0.689717227211816,-0.971203279182514,-0.280365728687586,-1.31581042346877,-0.201478763245659,-1.72239655071366,0.223740150771399,0.204646770759993,-0.912576020708464,-1.27264842120163
-0.0832313667366995,-1.06989816022624,0.403195910597789,-0.373764453377868,0.155738740779835,-1.87331346074548,-0.589293762076236,0.474636825584734,-1.78027545856359,-0.714874792744582
0.110173638955957,0.791696902393259,-0.145870744113446,-0.701471788467194,0.492202176787305,0.000208330634771992,-1.94888356598747,-0.645156532141593,-1.32952661252102,-0.0322047952246693
-1.1078902329812,-1.42829003192409,-0.629225785447245,-1.08397301757248,-1.76888103577143,-1.45554869110809,-1.28060922796996,-0.259970183468209,-1.65094110449616,-1.51917109149491
-0.104246781840064,0.291340859506624,0.681015633439354,0.706649007697989,0.677521709797965,0.299484282110063,0.164041539836637,-0.0864960612735999,-0.410946526838841,0.980429058707482
-0.355054923931806,-0.13724849891226,0.220138812138703,0.685264027814375,-0.670773496110067,-0.141828057374631,-0.338899946673689,0.990563092410365,-0.699769850568836,1.50266039385029
-1.62293189179658,0.171636651133111,1.12333088913075,-0.73205828885153,-0.185566049576654,0.583107970598658,-0.305015765903039,-0.478015784515561,-2.39167291356639,-0.0849243722625908
-1.53904454713817,-0.0308607602283242,-1.88302946561992,-1.35680297433905,-1.78239832844154,-0.231043205547423,-1.78087271614344,0.112960009501727,-1.71176753479607,-1.20489596562277
-0.812445550327573,-0.655815056670282,1.13829173307928,0.49636207023396,-0.299307981781388,0.991228568847511,-0.259579078109475,0.800316252291487,-0.739690760604485,1.10923476711138
-3.03885937632719,-1.65884012534371,-0.451200808834629,-0.679598883779956,-1.32340221393401,1.11191002727662,-0.0648378854364429,-0.86445180895811,-0.482525779352421,-0.741132797257388
1.26095306364377,-1.16756519687378,-0.699592767580343,-1.16526088470041,1.3240749077405,-0.536512160044674,-0.18796442707427,-1.21138102540486,0.718288035948309,1.74808737688418
0.86605352760882,0.603883996960495,0.373353395698071,0.444446848203411,0.476056533450649,-0.150218215162595,1.18351795979765,1.75224422550677,0.704813076692389,-0.613742634043931
1.0490964802196,0.142564280900519,0.754326846326737,-0.888566999457948,0.592962767626196,-0.0548110020317842,0.640006204646255,1.7438420714958,0.202973239674254,1.06608146889927
-3.06158299396141,-2.32450864320304,-0.546233515112412,-3.19799236456186,-0.0386568631629827,-0.765774519106041,0.808576538947098,-1.02046421754159,-1.78591154946136,-0.0734659906035431
-2.44781654886243,-3.8905352092296,-1.27625925321831,-0.644353171246558,-0.898356252274137,-1.70073699253005,-0.0601482992274958,-1.28136994690128,-1.91460282762344,-2.52446782584183
0.962080784614723,0.538893078160864,1.41818799798893,1.53587419887879,1.84792117956513,0.229555608282586,1.57826693918501,1.47796835884044,0.52377881221298,1.47173997795087
-2.05753552004093,-3.05532605296046,-1.7913547396766,-1.98181108946943,-1.63005019181709,-2.25658458490169,-2.14194971491847,-1.96759958753288,-3.14007824821069,-2.54815862528326
-1.86653627412283,-2.60468846635223,-2.94806395283826,-3.31410199078241,-1.20992184775842,-1.76211179840141,-2.78090238867613,-1.02408892224165,-2.41107937437836,-2.34888022239621
0.235623695770783,1.68168302251516,1.78684856186088,1.79290717016119,0.445782703047163,1.07638700473409,1.02304372154408,1.64329158508181,-0.55566380636619,2.49825449910503
-3.23121339540106,-3.01578732511213,-1.42971155582019,-2.58885586452843,-1.63789944861461,-3.28959470043617,-1.45360524860603,-2.17886374757019,-2.40443308540425,-3.34861005013743
-2.78610820352876,-2.6323785594919,-1.41978028034808,-1.88441164848784,-0.986140877511445,-1.654130777058,-3.29411357091753,-2.69802703112608,-4.22087102539153,-2.39193837325218
1.62807552784331,1.30428368401234,1.83857870222961,1.18389503867878,2.20717707215389,1.38014944583511,1.83835091596351,1.72514315235076,0.837156465879413,1.80403473741256
2.35074503485388,2.04958261774838,1.46594498979728,2.217638018687,1.42677245904871,1.67311065573644,1.41279278858789,0.855419166355913,0.275866659974346,1.81292989120831
1.65754371895816,1.60219498995738,1.62032441741189,1.50561608028914,1.85425891523815,1.89460307142707,2.2875404417126,1.61718535801832,1.24579272445951,2.12644461934688
1.32382175494487,1.28725292558916,2.28057837257826,1.42490899822858,1.96658914125257,1.63580607320068,1.49260188482814,2.36418946603674,1.61822465492567,1.96053585172575
1.17732455223359,1.68977416988396,1.51563931622849,1.14140777923688,2.6540252504889,1.33439784883845,2.03788079264772,2.18729519483165,1.53774482916847,2.35853015462739
1.61955625080753,2.11336994139133,2.15908931139401,0.624307966946068,2.0715391869502,1.37304241479091,2.63757983023305,2.39478129704519,1.05089448120023,1.76201882902856
-3.63749223772446,-2.25098457713828,-2.94367608002517,-3.07908336223066,-0.969333916857097,-4.11435604867039,-2.62593479832221,-3.14901494761379,-2.59690946818652,-1.91804962983309
-2.44739117242356,-3.63761525031974,-2.53775393777232,-3.29029557461424,-2.06535334211786,-1.82801013148118,-2.85326444891552,-2.4929782499982,-4.48499978763041,-2.2535837084479
-2.91736861467791,-3.24617441834015,-2.93809500608258,-3.07061359650474,-2.65782554474818,-3.49233890293341,-2.74423168922388,-3.02945542412442,-3.46218110558869,-2.31206740735597
-3.49953354153704,-2.96550292290137,-3.46780293109849,-2.30863500708059,-3.70795780419364,-2.56472826622866,-3.27212350334518,-3.06276474930467,-2.70758615890104,-2.17425563298185
-4.28355955242424,-3.28786680837035,-1.34919658339672,-2.11658645909399,-1.78962647716649,-3.14649575900507,-1.4795658534966,-2.56831678786004,-4.63017515206863,-3.25734718754255
-3.44834249655718,-3.92287888027732,-4.0849394178002,-2.80858550703109,-2.6246184855602,-2.0789535869056,-2.64320495073541,-3.81825925479918,-2.08381379599824,-2.02347617987682
-3.80057313591004,-4.03039849446023,-3.28331937601731,-3.71832170884988,-3.57717221766804,-3.85057039596294,-3.65086971403841,-3.52848274739237,-4.33599478710607,-3.80913942441823
-4.57498735634764,-4.43328758414281,-3.57128440506828,-3.62451705064516,-3.64378958713256,-4.14179630101946,-3.74389963560076,-3.80133209935686,-4.49426951518324,-4.01897036109375
