-0.717910821609057,-0.843327659259621,-0.404207965301055,-0.735841672777832,-0.429389902376685,-0.829346613064875,-0.255609495104069,-0.595464031597926,-1.18687045607361,-0.308156118606683
-0.710718362236317,0.0157012203934637,0.292885848741335,-0.124571894813171,-0.285874323723739,-0.614331871214232,0.446871000354514,-0.130372903563402,-1.32613447475001,-0.549427284832362
-0.644505308351098,-0.326893022425515,-0.0233035838114992,-0.523001786439261,0.399815523855787,-0.636990721319002,0.462145553567056,-0.0632675210125488,-1.13973513404972,0.0164611873197449
-0.490259457262089,-0.565670959391781,-1.65147578690683,-0.347142368153678,-0.573799267274054,-0.267862791931231,-0.0539088549011988,-0.714333985118925,-1.64108631376213,-0.762247125324496
-0.676602455885678,-0.1593867004153,-0.580495991219887,-0.0517796699044691,-1.1372564350514,-0.657076748380579,-1.23845162835204,-0.806650151169139,-1.83951954264718,0.9270717511
-0.892723035567723,-1.29395241796888,-0.896347853388993,-1.29585805148368,0.209677746745097,-1.97580345129582,-1.13526411505448,-0.782440159572806,-1.26570337422634,-1.08006643350121
0.257018903935243,-0.577891705169903,-0.455832477025424,-1.27743763117841,-0.426300028283592,-1.47986173869339,-1.59799891364049,0.124676425272238,-1.56262039733888,0.708950326400905
-0.919282397637721,-0.873270530136859,-0.124672907539602,-1.0736366376673,0.204849517983869,-0.0377408874009573,-0.270633999534591,-1.80542844287607,-1.52700049435665,1.33883162884571
-1.85856389176903,-0.499641786751554,-0.644646779521132,-1.59162110477614,-0.821703605419917,-2.29234376186784,-0.70995576943746,-1.73513236083971,-0.329702978677461,-0.614146459855805
-1.3788124145166,-0.671396886497789,0.224205788022518,0.634322190150712,-1.62329442242094,-0.886562273716199,0.746746814830076,-0.424092905350244,-2.0314972533375,-0.818604026523672
-0.755645468805047,-0.250947116002325,-0.3758658857564,-0.160404509200704,-0.814563241629344,-2.37196734694395,-0.0743004632019519,0.41964142988124,-1.28903231359303,1.19214843052845
-0.773552935940456,-0.700054588393036,-1.04291412804535,0.373975825436198,0.969783060636692,-1.28847370389265,0.127050480776825,1.03643771889174,-1.59550148958976,0.420781428600751
-1.33670956760569,-1.05396992318927,-1.6517521108631,-0.932301719781358,-0.444211856557907,0.298118409923317,1.28037218079435,-1.09862188405853,-1.99300344613109,0.204238348937226
-0.526855574078414,-0.74196660642493,1.36280938589636,0.0813248267137985,1.38871875937128,-0.623098431487949,0.866182774643914,-0.199219831604437,-0.26350530578849,0.834083480001311
-0.674708202964812,-2.17568975563649,0.712060305247027,-0.533641670531779,-1.16729828346959,-1.43825983682925,-0.230976173344364,-1.51104854363065,-1.85820319231121,1.13764489044033
-0.0229798492349913,0.87579033095857,-0.261140516166655,0.548439695278579,-0.261700405056956,1.15954904977199,0.845068211243153,-1.65297052590659,-1.51534384541272,-1.72373999161148
0.0400791500893687,-0.182087461348693,1.17583934629304,0.968482826699816,1.27957047658131,0.808229274042428,-0.107311150036321,0.794852355316859,-0.62374463311445,0.624693226553897
-2.11399355861496,0.302905718124277,0.0943364747796671,-1.86202363226491,-0.0589607534818328,0.898952356810187,1.56880038315346,-1.55133932452982,-1.32613447475001,-1.5818110199188
-1.76141999231612,-0.965838313318525,-3.00895065556165,-1.36828393767847,-0.933515333059107,-0.970446210686211,-1.62566865628097,-1.5649084094274,-1.32252527565292,-2.25983032125099
-1.7824853936996,-2.33212405991462,-0.86414442465234,-2.05983273503492,-0.193460679176513,-1.89181697614526,-1.37183128040978,-2.1107695685146,-2.33210397347738,-1.62635810255837
-0.435442161235093,0.755459424233917,0.86015416116876,1.51919813827659,1.11422240208079,0.169900128012276,0.297835531751259,1.6297741598519,0.572917226080371,0.3772388525282
-3.32152532155343,-1.1036146823177,-1.73350935673368,-1.19013618793632,-2.26364750372212,-1.71585694002176,-1.91469782416008,-2.05091932114699,-0.966772943746751,-0.823409065912197
1.09158486579193,0.369359038133531,1.24118034864656,1.60882858504989,0.626234414092802,0.333020058574067,1.86255814910546,-0.250777720699981,0.81172746489061,0.397887684722024
-1.64400635716594,-1.92636383254713,-0.209613995366579,-1.7511519870688,-2.48879634443387,-2.65975513473174,-1.68948707838857,-1.7984152595586,-2.57470170391358,-0.595392005660639
-0.735763839226875,-0.657558682862786,-1.74001661894374,-0.904260978680244,-0.484624098991124,-1.86532700807893,-1.43731153425267,-3.09370365301947,-2.25218815266936,-3.1846618762414
-2.64399063621656,-1.56059777569868,-1.30871709625172,-1.83214362970039,-1.17117668557662,-1.91214621005528,-1.75157130848805,-1.21945806726514,-3.34852857036882,-2.07889769188063
-2.48033383341749,-2.55370150706666,-1.81919584038879,-0.898815766070056,-1.41470397276862,-2.84057309940475,-1.88041479767417,-2.37425107365526,-2.2242173237915,-0.91642504897447
-1.88643610886302,-1.75380147578504,-0.936990963661996,-2.77494785446394,-2.33865587313239,-2.07474465128168,-1.68007681806399,-1.35962405290333,-4.25243190548823,-2.60734244671139
1.59669654947371,1.14992528546696,1.81325983634681,1.07705740139374,1.9084692791218,1.45590364751413,1.66698357544472,1.66471306681122,0.775995733712549,1.69894834486618
1.08322370923605,1.99956050071338,2.39585878708936,0.690749991905468,1.4378258753102,1.21697966167582,1.3090324185968,0.670089034474969,1.12285465536248,2.44824404828419
-3.91005333285429,-2.56495141163126,-1.24297567915895,-0.603394719499865,-0.783218559045917,-3.12514041042676,-1.89745582937257,-2.14984835935756,-3.78532900716926,-2.79990350782315
-2.12824427108896,-2.9390758022227,-1.76121271825386,-2.79735955298518,-2.1841446470773,-3.08868103476164,-2.56610672236768,-2.47162934876199,-3.42786553638851,-2.16114751458229
-2.9875429768217,-3.55154660102127,-2.6246763397673,-1.94446946745598,-1.93671436560111,-3.22787400615589,-2.74285929748301,-1.90467181131469,-3.17241015498219,-0.925833476685162
1.5460228470667,1.3133182638436,1.8235218584309,2.24937955397925,1.81703938815265,1.17653039824851,2.01189545727174,1.49873159208871,0.5878718661694,2.25102759491275
-2.95522379192032,-2.54376840822673,-2.49819447510751,-3.59788781409201,-2.93775625675891,-1.78733959572911,-3.02718427661787,-3.74069233859419,-4.17895922124241,-1.85460520868738
-2.87529125250808,-3.08549886497251,-3.67369592234808,-3.27169456964084,-1.21212456837422,-3.64223670719852,-1.82656976049993,-3.08264780873556,-4.33038958577346,-1.63740737993348
2.71769336239072,2.85598386171488,1.36781317189064,1.60943720309629,2.36150282141847,1.11639826130711,1.7095230842818,1.80345140554002,2.74052708390762,2.8462208753321
2.27946138947161,2.08469545059551,2.63675972613234,1.78557899263319,2.99128218829302,2.25610572191888,2.37016632744116,1.85662841709292,1.9288079194381,2.39542948004877
1.23380019809601,2.69820648310558,2.27053783435456,2.35268636158122,2.85145059286461,1.49560937161334,2.89369896178222,2.97835676884757,0.555375333535085,2.40279919487955
3.63815704164552,3.44339110276942,3.99545537830625,3.1442746448071,4.34997784046694,3.61480137409279,3.72886197961507,3.21532406926683,3.28750357161202,3.75412513222268
