-0.717910821609057,-0.843327659259621,-0.404207965301055,-0.735841672777832,-0.429389902376685,-0.829346613064875,-0.255609495104069,-0.595464031597926,-1.18687045607361,-0.308156118606683
-0.604085139435573,-0.704499309325701,-1.02784187610394,-0.541492020465755,-0.50159458482537,-0.548604702498053,-0.154759175002634,-0.654899008358425,-1.41397838491787,-0.53520162196559
-0.697256638747368,-0.50135717983746,-0.492351978260471,-0.393810671341151,-0.783323168714043,-0.743211680722727,-0.747030561728054,-0.701057091383532,-1.5131949993604,0.309457816246658
-0.622383197843736,-0.792647132842276,0.47930071029765,-0.327258423032017,0.479664428497298,-0.726222522276412,0.305286639769923,-0.397341931601181,-0.725187880931051,0.262963680697314
-1.25019810765433,-1.58772585958712,-0.634176194976698,-1.39783720390637,-0.311425290776599,-1.36058179460507,-0.813720387756923,-1.35311680005626,-1.7594872147755,-0.967257110582526
0.0750618544400262,0.183846222683338,0.290961005828913,-0.064358284636689,1.44664581272973,0.415004834472217,-0.37186958302803,-0.408278381370377,-1.48897896730278,0.151831913256248
-0.578434838271606,-0.044084280783979,1.23941751344717,-1.37137018604792,0.366414721647814,-0.00456837824440948,1.23783646845044,0.0305204738784057,-1.07206186409691,-1.07372470508607
0.788627012661212,0.277260423208111,0.637159907793976,-0.302328794425886,0.551460983213205,0.276064966905065,1.09998149188578,-0.922683388311632,-1.96360279368415,0.423971147448491
-2.07931247462758,0.70533533536365,-0.489502612085625,-0.0183324754865578,-1.03595013944823,0.150204196951401,0.850454004818741,-1.5389785986098,-2.35688058191896,0.157632452708119
-0.751392826998698,0.877180007044019,0.936495193343433,0.954754841226139,1.61032179298902,-1.04420133672824,-0.724606357934469,-0.225996745209388,-2.10850117937601,-1.00482856807897
0.654208157292865,0.589805748420217,-0.737228682264942,0.769811415149246,1.57562926659203,0.0048424828276904,0.775761916808781,1.23408675159508,-0.965949711082746,0.808884399539787
0.443179985560225,1.38036325027007,-0.0333957757952208,1.32661943618573,1.20358660220695,-0.265314428631926,1.01418560438244,0.0320807385284914,-0.789456372395964,0.83540452031398
0.65556225267283,-0.105610922655229,0.325646109606422,0.368605496729895,1.50063303361004,0.334505404913013,0.856949937268484,-0.476707610272566,0.435179220125371,1.81869389718533
-1.56115399633336,-1.19302806786178,-2.2469561657618,-0.718451393354401,-0.398507830421559,-1.26301126832278,2.17648784566132,-1.21361187278424,-2.21717709447152,-0.839341085075864
-1.83656730676469,-1.69354803374318,-1.45120122020428,-2.16686474343492,-1.6835730795678,-1.30834310439699,-1.64139688586097,-2.16807818509606,-2.68291483865801,-1.08138066364703
-2.45540161336717,-1.48116768851282,-1.78185613297922,-2.62066027998688,-1.52016353334647,-1.09643515949069,-1.6361374103637,-1.71979959165563,-1.38731713197923,-2.35398878668802
-0.254002324525311,0.82678205836192,-1.29301438073739,1.6361092377826,1.67069791991651,-0.451867738040417,1.26750224535203,1.07035141389594,0.944715623872807,0.607683402930583
-2.09468896959227,-1.69113618759587,-1.30486441715615,-1.58375827049742,-1.42204217404964,-2.35734060761769,-1.78613877433658,-1.814167310049,-2.48639731645388,-2.29697609909225
-0.951506242776577,-2.84350718138511,-1.76631599474125,-2.40680387424458,-1.63771403829343,-2.27814937230367,-0.14438460835788,-1.7477343685256,-2.55080752315773,-1.02616326683302
-1.68828077261992,-1.68184394178313,-2.20636943971596,-2.25137427785152,-1.72211558348986,-2.54464621888964,-1.96121524842189,-2.08417835603971,-1.91134372909375,-1.41913966464804
0.851604736246066,0.994624009267576,1.23697082280647,0.521307299575829,1.00459896344296,1.37982893861376,1.04677515714978,0.520093857914697,0.00525720435274435,1.60679137936372
-2.31950173213986,0.216199044015475,-1.92658228640652,-2.84346440007762,-1.07567374164448,-0.621977003905098,-1.19624993148037,-2.33204933524054,-3.33409050489767,-0.600392086217069
-3.0154679813113,-0.761432967809538,-0.848242994048904,-2.64351171218273,-1.70334349715227,-3.22794860572287,-1.59718398490527,-1.25006792145631,-1.68232847757091,0.38088724862322
-0.0916168548844711,1.6432250177852,0.216969664828539,1.65882256434348,1.26546337308964,0.0918957878171727,1.02978815107399,0.468262225281813,-0.431499771930094,2.34611801976016
-2.25938904765397,-2.71276169445025,-3.11878051597933,-1.41845692302106,-1.54713281027609,-1.04017214786201,-0.465135763704223,-2.19112897933361,-2.02882218261431,-2.10761985890178
-2.42318201299382,-1.24867052672488,-2.16892918076982,0.535313297099898,-1.27646351772286,-1.81823162798345,-1.77888306303898,-2.46218302027479,-3.33518092679433,-1.72639913285671
-1.60083344474622,-1.48799760268474,-1.18067576170836,-2.47693218005399,-2.87657247904429,-3.35381266022882,-1.41164346286814,-1.27070699978307,-2.48603126194546,-0.259266116128881
-2.46974397378388,-2.06872047581226,-1.98184753721493,-2.88557141331412,-2.45292991172536,-0.7915608056381,-1.35765138272756,-2.54483582709818,-2.08512653797275,-1.01202032876714
0.665611388833343,0.969497844666959,1.82804429496579,0.529458658313739,0.0201837085049865,-0.0625342834060143,0.539471455451769,2.19676185479927,1.20141944784572,1.8929498717187
-1.02214854780339,-2.76398899418641,-1.44217598056465,-2.67775242434298,-2.88914457082039,-2.3434806443019,-1.52628403657026,-1.52368639514117,-3.35836163405342,-0.85860026603564
0.792444193214555,1.18811121463933,1.65832353617956,1.1921431664958,1.66246012742203,0.866768318026257,2.32141567202799,0.409109681302044,0.308724443303854,1.75639259348107
1.83537409862324,0.820256092964176,1.0553375766571,1.95768781352712,2.16937256981834,1.48756621902656,2.12630641084172,0.306703127282587,-0.137150246522449,1.94307120757903
-2.2458173828435,-2.14389938572727,-1.06428372185842,-2.56660765738931,-2.52521403207957,-3.62430562029833,-3.27472296234423,-3.46933734455409,-3.10357323628087,-1.97532162671156
-3.5877390146202,-3.03015963876362,-1.90752084692916,-3.51579093476333,-1.52110271013144,-3.0209233505823,-1.70977773542717,-2.85533058879756,-2.10634812355108,-3.23098093627579
-2.4844882816173,-1.13446774863417,-2.30419114516899,-3.34021261605162,-2.40361434217445,-2.84771190434535,-2.84535767486585,-3.51310442072917,-3.98767446566181,-3.01143113531145
-3.91235464334618,-2.85621326816434,-1.94366350681782,-1.90169704918544,-1.91198779445938,-4.17166966930562,-2.82968834246272,-3.44988004689514,-3.58580647648947,-2.59943005216354
-3.96354219453373,-2.93621838849204,-1.38623248239504,-1.2805663877322,-1.90060928845722,-2.35358759776732,-2.78718759869971,-3.96482209409526,-4.79024719705922,-3.23983261984878
0.887091336607696,3.01823988982023,2.77244054290253,2.09406984323292,3.36156797965257,1.74795877033252,2.7148263710562,1.76433549254514,0.924947227812623,1.67456168150561
-3.38448155529769,-4.19768075045881,-2.53424587303777,-3.32291371466556,-3.48651613593389,-3.82197526795782,-2.93146487723497,-3.74142833062504,-4.21070886720317,-2.27342765709393
-3.94713867146717,-4.54505842340639,-3.95054095218777,-4.09456859910659,-1.8362888960684,-3.99700782624219,-3.28123299697762,-3.43515807070438,-4.89062853779413,-1.47059138686467
