-0.717910821609057,-0.843327659259621,-0.404207965301055,-0.735841672777832,-0.429389902376685,-0.829346613064875,-0.255609495104069,-0.595464031597926,-1.18687045607361,-0.308156118606683
-0.739748744564719,-0.891163119826643,-0.714912478007511,-0.816558660630997,-0.553113383238094,-1.13981216920002,-0.101567682698662,-1.08098822759121,-1.34781714733575,-0.793942628260109
-0.721192002125863,-0.789813331899441,-0.562666492790161,-0.490898485878189,-0.501535986317173,-0.780860065318476,0.575073785356413,-0.964256994204321,-0.988224363652321,0.0765443552299718
0.464394477060249,0.231098301777747,0.125492987150828,-0.457189491491684,0.608006319063056,0.114305901126807,1.15497229709039,-0.0495795338787137,-0.619695574134512,0.555069129059659
-1.73533027325386,-2.18120811624564,-0.617481297162421,-0.0702741908854591,-1.29454470539384,-0.175742230508514,-1.39488182592504,-1.28406621854022,-1.12279587104304,0.526195052482916
0.794281695105362,0.58773689177726,0.840102787513805,-0.000318146462444213,0.138730275756447,-0.376922169048632,0.28475223182389,0.644752449926954,-0.472167663448707,0.540485255582864
-0.126244999693444,0.172318555566027,-1.55936442869152,-1.52663719466241,1.47176691389351,-0.970568287548974,0.124104821363443,-1.62636344574129,-0.792940618764928,-1.15324865433546
-1.48344498408075,-1.31826528180546,-0.484643794101841,-0.874960597903538,-0.457899958959213,-1.69787062473317,-0.0838241297392048,-2.14507507901562,-2.29010656638922,-0.357480155538579
-0.288481787971421,-0.0779571901765108,0.970824084076872,0.0685584459850526,0.874651700805072,0.592123820471852,1.07505901192638,0.353543585268953,-1.16546507498631,0.0422416245921902
-1.6490340588749,-0.918210009433332,-0.626256785296828,-1.346789569825,-2.51073478192727,-1.85701515537523,-1.50950570894264,-1.41994260412002,-0.578845081811576,0.128240332420744
0.0246772341986272,-0.0532759374179999,0.5668146899444,1.44941861389814,0.228814973364314,-1.62099129717818,-0.337294281192118,0.353345604220501,1.39915558063034,-0.444979507024023
-2.02678870783077,-1.33522018862202,-2.30559420660158,-0.917530310655305,-1.81896130972486,-1.63459443866044,-1.1027192884479,-0.815548264576154,-1.79229030350928,-0.135323764715932
1.10158384026643,-0.595453027946026,1.18989301527813,-0.0117364708550499,-0.0348308396294605,0.760852707225379,-0.186142811556371,0.476711314090119,-0.442429630067616,1.4447946483631
0.182762651013633,-1.69159779750467,0.638456235475662,-1.57942745414639,-0.670596294037747,-1.74206194644173,-0.486126888062905,-2.18991011151431,0.449427089743129,1.15971851585702
-1.6196281321342,-0.946956440789805,0.411330058549832,-1.47645944643711,-1.7971496226124,-2.93963423711051,-0.83256111515161,-1.14811178020542,-1.54331128903416,-0.213696409617274
1.21516585009806,-0.7333061795735,0.414277281467829,-0.563453158039274,0.366465012268717,-0.331304660035296,1.60432318744594,-1.03301221984721,-1.98934003344855,1.15401512894632
0.285654554458913,0.243529186700724,1.14897265340396,-0.0545983113581194,-0.028877463920431,0.69165302368676,1.60632874331294,0.970639431928163,0.133690370827858,0.824487511550091
-1.86680575417147,-1.52666356421965,-2.69210544699426,-0.75892956642962,-0.865558726771911,-1.27358102344005,0.285598191636779,-0.792738223547791,-2.68179342795571,-1.23962020340025
-0.300761872585203,-1.95246493238772,-0.841592890962492,-0.123404747726443,-1.08692753020541,-3.80459990009022,-1.81078283806722,-0.456926148459629,-1.28239062185827,-0.324275680065029
0.895239451789801,1.20054193031879,-0.14419969331363,0.990486691889391,0.124378622991243,-0.509927761528278,-0.0224456642884188,1.87866440409636,0.68323396892678,0.795884851489101
1.06876118164294,1.62128470591396,0.83699369840009,0.529418569796222,1.49797057644695,-0.727917901623312,0.725678574729084,0.646973063886339,-0.316260284339344,-0.743252938856989
-1.17290446002211,-1.47390699279598,0.465320746064846,0.445751552203129,0.215163672952685,-2.52129188905241,-0.594070105115451,-0.844360681848812,-3.26225375668821,0.671815642533842
0.763048522044964,-0.872054673885583,1.33978377607482,-0.0647169806852766,0.749665415935894,0.954895268124426,0.775510620382828,0.376940593479492,0.296301512276076,2.20509849776115
-1.53206244578387,-1.62738487832513,-2.23577285577477,-2.42703753199546,-0.719451676956447,-3.03642898133255,-1.44840069919724,-0.852692650853297,-2.00195634404125,-1.30033124492404
-1.69350074286857,-2.7886217556872,-0.77324759876256,-1.32361541213394,-1.69882397989381,-1.96419781639568,-1.09251276475472,-1.95964509864451,-1.77454094577441,-2.88111411554486
-0.409549020325813,1.05234296051863,0.448756639051818,0.898138804430604,1.53453149477649,-0.00259488914754091,1.73854091740993,0.0490853466164867,1.3251812128727,1.95808885784777
1.66749830526683,0.981914453690767,0.63966349188257,0.851615845777142,0.826336566643556,0.438176316460054,2.50107513639599,0.221277221659677,0.471010214352606,0.627326258967605
0.850562467770941,1.46760598508919,0.950701435285858,0.829452437680263,-0.425630879739153,0.870326484902421,2.05870143352105,0.540503505636347,-0.22733450735598,2.36301857065181
-2.30236935012931,-2.28311823517585,-2.05245306904354,-2.93141674455625,-1.55130463685686,-1.75824375881728,-2.25012457862439,-1.95672057610054,-2.90198148694561,-2.0815052150431
-3.06490486385495,-1.3341653555947,-1.97488859357331,-2.6264757623648,-2.69343405123759,-1.90726469129093,-1.31279837951808,-2.18890814723644,-3.19385125886593,-1.64614332046823
-2.2196605282792,-2.34913525359423,-2.11705122012261,-1.23114156391936,-2.61909646436538,-1.77544792754369,-2.91563611647737,-1.9682453794596,-3.13027750537083,-2.64913976054066
1.27797350138779,0.884857926452714,1.70349128494172,2.10855617626709,1.7733929441833,0.634225187855728,1.48289256455285,1.83170149790173,1.37137886113239,2.10282135485633
-2.85880684175829,-2.00519206241504,-3.73411950774501,-2.0692895302684,-1.6440964039572,-2.98795118416365,-3.1842041627494,-3.44641693249017,-3.02754115821606,-1.28168932837636
-3.90794302695461,-2.40521397826378,-1.47158837342946,-2.91419794678835,-2.16165866620942,-2.27468922609935,-1.5138184837223,-2.2491103566016,-3.88112744168556,-3.59018486868241
2.38366090228562,2.48338592589894,2.90261270342686,1.81200565539015,2.61109793137018,0.495678179991508,0.586806198799323,1.89132437712715,0.365528671629827,1.67651212508795
-2.52429907911057,-3.10764621791647,-2.52875050504045,-2.89865423000433,-2.42873099423368,-3.34571894874373,-2.20625859804579,-3.38041316245277,-3.43925100721984,-3.44549918104581
2.42436558765355,1.55971892433384,1.68022270819218,0.628465815005097,2.6830328659746,0.946433854021946,3.15429024392515,2.99837078448808,2.31391558251362,1.69608240379494
-3.1651280510292,-3.58389400220431,-2.9077133516868,-2.85856900727464,-2.91232444440201,-3.81383115606812,-2.99850805748624,-3.11578067622274,-4.3160864859136,-3.22204613006463
-3.79912332424804,-3.02660366906178,-2.99441212359201,-3.55359408190318,-2.78425368235837,-3.76393603629097,-2.30792039377492,-3.37762066583473,-3.79738720945837,-3.6032661285436
-3.95762859285305,-4.35074416778812,-3.53211080929912,-3.12704591797375,-3.46220915005754,-4.60137690638511,-3.75270952968799,-3.40390059633911,-3.86422323310845,-3.1327807393845
