-0.717910821609057,-0.843327659259621,-0.404207965301055,-0.735841672777832,-0.429389902376685,-0.829346613064875,-0.255609495104069,-0.595464031597926,-1.18687045607361,-0.308156118606683
-0.724451808547675,-0.589764965905621,-0.190951778961603,-1.22292605482614,-0.12544610331824,-0.629445049660621,-0.367043276074221,-1.20032989630944,-1.15543667107204,-0.25069471744031
-0.559457863767687,0.192565865515342,0.2787023930323,-0.472741233402153,0.0937445828041392,-0.665167949834427,0.0717222472887566,-0.1903491145777,0.154851401833819,-0.265015958153905
-1.03634484107779,-0.807451653110415,-1.24456633856499,-1.53032663332936,-0.319424710586129,-0.38930774423734,0.910834300933231,-0.0199170511912952,-1.19489550707052,-1.02564426666774
-0.148629463610518,-0.524911528675661,-0.0528061460429288,-0.207960204023059,-0.0112314605926316,0.520452855666478,0.0311898049127113,-0.0839744467724894,-0.584369790092182,1.22331711635149
-0.148629463610518,-0.524911528675661,-0.0528061460429288,-0.207960204023059,-0.0112314605926316,0.520452855666478,0.0311898049127113,-0.0839744467724894,-0.584369790092182,1.22331711635149
-1.43760850214836,-0.9399257904927,-0.848110311307713,-0.623775781770157,-0.432323160722375,-0.25376055425619,0.996872226973322,-1.3598858122277,-1.21255929976436,-1.17796657625662
-0.0187844239331835,0.806814812330413,0.308934092140408,-0.536130977485244,0.11182590732054,-0.140898903180476,0.305048186304299,-0.508711919968908,-0.0196551880729545,0.727705397612161
-1.36261912079502,-1.38611857978519,-1.77847360137417,-1.46980051980023,-0.785314449552008,-0.974181233239134,-0.782733328372261,-1.39226061011573,-1.22466884370439,-0.42849881466332
-1.06938508170749,-1.9373899933849,-0.898812676865854,-0.90389919718201,-0.660744802078489,-0.997688486338244,-0.421402381062645,-1.13111137820417,-1.82974686342598,-1.43439840272954
-1.32983356884487,-0.578356578654516,0.25852978212883,0.768062262997679,0.337169005669609,-1.78396120074647,0.561315846503346,-1.17773155156189,-1.0039425051117,-0.416698868390206
-1.45555131746433,-1.92063056062828,-1.06932021180841,-1.33527010176466,0.975381898773206,-0.322529405685245,-0.543410795235295,-0.723384812373953,-2.06229770968377,-0.274373390818405
0.0515078253342718,-0.0349250374213406,-1.05331388506486,-0.585228782921753,-0.111276069168075,-0.625867011211804,0.625249357761858,0.742752973576116,-1.19712255638753,1.81228215522514
0.392126572265326,0.441508675494865,-0.481696991801786,1.14420698310517,0.616835735444519,0.700813965620858,-1.39937836274215,0.931195753796619,-0.859675182328815,0.517645968164031
-2.19957032862242,-1.78998766342994,-1.48472679850324,-1.19761236742277,-0.831447064036992,-1.79918856839113,-0.730110513306891,-2.04279756818595,-0.391852753117759,-1.81140771073122
0.974695970549886,0.017817969643892,-0.326074990726106,-0.511698390368922,1.77339036401544,-1.63879012634593e-05,1.52900163119704,-0.0105376444524863,-0.197444457927696,-0.106688312132852
0.444995146544304,-2.47218233826682,1.01536090535527,-2.29710571273368,-0.459542412075285,-0.163414270420403,-0.0667772260330739,0.282929601621315,-1.67227697795689,0.286900766436988
-0.916836621111771,-0.40634308313695,-0.34706965800568,-0.270107777071209,0.690830170736888,0.489644587076391,0.346799003024195,1.86859879364016,0.436738936933183,1.95200992368921
-1.90409268219467,-1.83674276879283,-0.150333222145218,-0.872448239180127,-2.31584506192596,-0.584235966866522,-0.571865864912896,-1.49229282236077,-2.48539937283275,1.47200866465037
-0.528624214697033,-2.99419661736324,-0.349803933524923,0.482765295875272,-3.25357630052273,-0.970833905010852,-1.70932553481647,-0.946938332044528,-1.35115415126187,0.448002020307288
1.11649075404437,1.07117432389965,1.01179736193187,-0.191998219774599,0.542747863844799,0.611486603642167,1.56594641464743,-0.452075822481705,-0.164159906599403,1.9048816649402
0.374414142664979,-1.16563975890899,3.25340349796918,0.401140602049063,1.22850327732042,-0.878284069918042,0.774734974296889,0.111884761495588,-0.130100136552945,-1.14118449839633
-2.92275380976053,-1.85100646623464,-0.706415696487376,-1.45722783551968,-1.54297187651412,-1.60309911609819,-2.45344484701187,-2.48898969012387,-1.93644260671715,-1.85041032355478
0.829042960527166,-0.689365564315989,1.73895701010495,0.724738108122775,1.70831385535108,0.220755418405069,1.41364961346696,0.938866380857549,-0.174558763755154,1.44149145827012
-0.39521855228311,-3.14259929584359,-0.291083465210523,-1.7060307983355,-0.590053212261813,-2.47765582803093,-0.411555098176276,-2.65697696747838,-2.61093047162986,-2.12323683501043
0.955567977703703,-0.746435632762441,0.0372236889172748,1.73416049981191,1.61438568595471,0.613615553007858,0.943376935575507,1.01751982510136,-0.0259376529164594,2.1451111145343
-1.00039335620995,-2.96733294660847,-1.91257548834288,-1.42169652542514,-1.17057453786667,-3.18343223192278,-2.70800979754974,-2.03792080446953,-1.43820763713599,-1.38864494177458
-1.8814854888212,-3.15307384003924,-1.13715070039769,-1.72868675117765,-2.80793045641476,-2.48715655947348,-1.6038652451818,-1.55641868339523,-1.85261309370805,-2.16926733810662
-2.676673708207,-2.32528642214622,-2.53716210678701,-1.81665311275123,-1.58918371680967,-2.81756458066429,-0.71584513575208,-2.60004593308704,-1.45348972375936,-1.854547871184
-1.30099651870071,-1.73065543065433,-2.09026028884682,-2.40428777047359,-1.28902068515511,-3.27212894298894,-2.48740253616552,-2.1335374061665,-2.57752610965509,-1.39135909088081
0.694373286970681,1.24692387863624,1.71896922141314,1.60893997199039,1.48153205306584,0.816790813052171,1.32555339802712,1.52786394384154,0.404269426443064,1.24365892240933
-2.15835743057059,-1.47722748387592,-1.36224597427359,-3.23660901643449,-1.18890540264354,-1.78894047436513,-2.69023517970402,-2.71804680676048,-1.78665643919304,-2.89922471486378
-2.99563322239644,-2.51496693888644,-2.72593355388771,-2.04888270257818,-2.8890670306896,-1.73758058296096,-1.47867570153876,-2.56742114604853,-2.01927585909436,-2.63955836755808
1.15590753652872,1.09868860984936,1.50604888505797,0.598896603081266,1.70208138608725,1.51219752780973,2.24431329347342,1.54152350035934,0.634613188210823,1.96443881096416
-3.09898193053778,-1.88448525873546,-3.26102453097423,-3.15687078629993,-1.25213078423769,-2.3784193412655,-2.92050014939689,-1.84182378219939,-2.34934386441562,-1.14877002698601
-3.55538227418039,-3.08647244261855,-3.08529819545408,-2.5411777736997,-2.61498614193841,-2.0792661748443,-2.68469643421173,-1.42871274781869,-2.31163183348382,-1.35803956615245
-2.72594905123938,-3.10223111630453,-2.63012573367179,-2.78527979165192,-2.5885510482215,-2.05686673196239,-2.54612978271615,-2.66129403440136,-3.16168937772105,-1.35400247127738
2.290710575508,1.11537894677859,2.43022820798719,0.725407573659225,0.452417636973156,0.58615932125935,1.5164293179649,1.45035208379469,1.20216650145018,3.22809086823912
-2.37777208122839,-3.3700098476932,-2.37748503614818,-3.17878484840913,-1.68045765318172,-3.49017423745655,-2.40689929505024,-3.18760158846079,-3.75640584390935,-2.98234336422006
-3.37742162506887,-3.20083235430668,-3.35622468060045,-3.33299860955887,-3.13892264537713,-4.05134611907937,-3.18427860635228,-2.46085540668909,-2.43178515729301,-2.17129144179491
