-19.0006428931807,-9.61716268456424,7.90823083833182,-3.02531503792459,-7.278642738779,19.2623340995616,8.85440006389922,17.0236559296875,-16.3080132176921,-10.4017607716775
-30.7024308880722,-19.8997179671195,8.60089733982185,5.94020220345472,-15.6368749205406,17.2503439516202,12.5678740898732,12.2652977701377,6.2881406284617,-13.8514908661444
-32.5320301630377,-24.5280280098246,-8.74264644644732,-8.83676418475405,-3.02371614629914,9.57045359066819,15.6409022336085,0.200760807020401,1.20834066048964,-21.7727210415906
-25.1340895515373,-21.4905739513162,0.41594505736257,-10.426795139278,-27.6282439931189,16.394652370075,5.80801551666337,-2.58320328679433,-35.5589283733617,-23.8818889799349
-42.4042188829636,-30.1822732496748,9.29356384131189,14.905719444834,-23.9951071023022,15.2383538036789,16.2813481158473,7.50693961058784,28.8842944746155,-17.3012209606113
-42.4042188829636,-30.1822732496748,9.29356384131189,14.905719444834,-23.9951071023022,15.2383538036789,16.2813481158473,7.50693961058784,28.8842944746155,-17.3012209606113
-21.881985584306,-58.7362103036119,-12.7603751125322,-18.1167629418725,8.46129224383473,12.8108997708894,-0.775467894659322,-11.2542737511122,-15.0049639278008,-26.2982826747531
-0.146875332516615,-12.3239603913619,12.6008973398218,33.3595570421644,-0.636874920540592,27.5951715378271,54.4272000319496,19.0834795883195,28.2881406284617,-11.5259094707956
-29.9944188005551,-25.5993199355151,53.9541154191659,5.04777575509696,-0.486233929112466,26.5069234641583,19.787588077362,50.9758948710399,26.948179544885,-27.8711158809338
-79.2102233652162,24.3032745392026,6.15147786827159,71.0517226891765,-3.20056980273056,23.6764464511925,4.40912986820338,-49.2165552877488,-38.4334707955269,-14.7608724948538
-18.9948918004731,-85.1727182401198,-48.4251951905892,-14.0601135727231,-68.3880201767568,-18.5147594964975,-38.0215500729205,-16.0546208234088,-18.4292253389043,-6.40407359439693
50.4381538518483,56.6910542165152,20.6713903224844,19.6430591320258,26.7404505848607,42.8405154231178,22.4122101507217,60.6895879798034,57.853281782405,-7.20822647513758
-19.0006428931807,-9.61716268456424,7.90823083833182,-3.02531503792459,-7.278642738779,19.2623340995616,8.85440006389922,17.0236559296875,-16.3080132176921,-10.4017607716775
-19.0006428931807,-9.61716268456424,7.90823083833182,-3.02531503792459,-7.278642738779,19.2623340995616,8.85440006389922,17.0236559296875,-16.3080132176921,-10.4017607716775
69.1897641420278,11.9117312230638,11.8698019309135,18.3836458244149,3.00599865914013,66.5446847937147,21.067001959526,54.2941767504507,64.1614436962369,46.6268422129367
4.49233521226195,13.9083620266855,4.86312123520838,-18.2946273040845,26.4738296227861,31.3309774484284,8.69729296481695,22.7228669686949,-20.926599688086,-11.4220995860051
-25.1340895515373,-21.4905739513162,0.41594505736257,-10.426795139278,-27.6282439931189,16.394652370075,5.80801551666337,-2.58320328679433,-35.5589283733617,-23.8818889799349
40.3743571068193,60.0798070124055,13.0364359665369,9.47468496207541,82.721357261221,83.5480483852759,16.5467077562069,44.2963832024147,21.1919867823079,36.026810656894
-25.1340895515373,-21.4905739513162,0.41594505736257,-10.426795139278,-27.6282439931189,16.394652370075,5.80801551666337,-2.58320328679433,-35.5589283733617,-23.8818889799349
-42.4042188829636,-30.1822732496748,9.29356384131189,14.905719444834,-23.9951071023022,15.2383538036789,16.2813481158473,7.50693961058784,28.8842944746155,-17.3012209606113
1.59289303019988,-50.861357899315,-5.34175183572128,-29.6685427743359,2.54046510877355,-5.4538730973533,-20.7183121063832,6.78833145474952,-9.96450632502727,-36.4791630528402
-100,5.1712201104761,-15.8855035893045,63.7002889974604,-84.3423974649805,-25.8581178379032,-19.6532154134504,-44.4077115934931,-15.2252257730768,-22.8838321527018
-46.0634174328947,-39.4388933350851,-25.3935237312265,-14.6482133315835,1.23121044618072,-0.121426918225204,22.4274044033177,-16.6221343156467,18.7246945386714,-33.1436813115038
15.4821157275089,11.2161706487691,86.6961096262106,14.7524627398532,73.2769128167766,59.2623340995616,52.4441436536428,33.6903225963542,64.3371480726304,2.50146503477414
-56.6793164209109,53.8168595729874,41.7317602500965,-12.9820249946345,-61.4910969512332,70.4605911801716,-49.6011229077528,72.906008870864,35.4591385494596,-16.0488195952069
16.2623127502097,-42.7124007798023,29.0710189366038,-35.2025128401224,17.5835801676249,15.4503745331263,-45.5727999680504,2.70382141280863,-1.91620035219508,-37.0797150637622
1.3478527352823,-19.8903857604871,-10.675969728394,48.4873424810377,7.58833122312941,59.6311670497808,5.49926919435388,-3.42590723934223,-33.252185500785,-31.5332051955873
-45.3164323668649,-51.552646555532,-68.0917691616682,-21.2071332197428,-36.3109008032951,-65.5202745960906,-75.7609845514854,-3.56457936443017,-44.8794417891207,-65.6649186664143
-37.6678569052223,2.93991494100655,10.9821549648875,-27.1621408557849,-0.829633200994714,-26.7862981192834,66.0795997807563,41.9956447252057,-59.2912102304944,23.3613576691021
-44.1597248925734,4.89142154248328,-73.6106739037138,3.05358954426803,-24.1802137540923,79.192664803771,-25.7735541307125,-12.9573019758001,-65.0241689608865,12.2234933170235
-19.0006428931807,-9.61716268456424,7.90823083833182,-3.02531503792459,-7.278642738779,19.2623340995616,8.85440006389922,17.0236559296875,-16.3080132176921,-10.4017607716775
53.5264718174378,-37.5933531607547,61.7335281772554,87.7491678321465,-4.28675632904269,59.2787851612713,65.6254856749399,-16.3177523390464,62.3283504186715,-31.4416668574395
-18.9408342807405,-8.78813598344451,7.50062214267964,-1.43784657703308,-9.40406361419988,17.0688880107667,12.0575250638992,15.9460697227909,-16.8945234816218,-14.3184274383441
-4.70917751475882,-12.9504960178976,7.8248048094108,5.17065565804611,4.68890290016623,24.3423833606453,7.43299538162498,25.3246895214187,-18.4292253389043,-1.58479648596319
2.79205830209408,-80.0702021996283,-9.32405774209761,-11.337590933869,38.2779640281699,27.8753742511864,100,6.83935581775206,-39.9888998246531,-13.9657701642603
-19.6239158740057,-13.2071465560848,43.7917153736755,34.8152008872747,18.147616434587,0.505150272266732,72.1798871648341,83.5971197929073,25.1502496437647,-74.882768542559
38.2502644136039,13.1077162072048,17.9311731287489,-21.0433088241394,10.6302841703162,69.7744186421593,-100,-58.7577975712326,-16.3443248429243,41.6886870095706
18.7068922281475,-15.0307580981596,17.2935638413119,69.7444291222534,6.00489289769781,35.9280089760927,100,21.1433032469515,72.8842944746155,-12.6500581699137
-76.6929505854884,-30.5730450375054,-2.73991730981633,2.14709875517886,-26.4453094054457,11.643286480514,14.5584998856461,-12.500153594122,4.04082399161018,32.05855668864
18.2497363946277,18.4406251306918,-55.9634987713767,20.7449876391353,-2.09397532755613,57.8270354878677,25.2796038551527,27.2789832854996,0.186456165721467,10.798302340408
