-0.638684342688372,-0.32538089687214,-0.0627527861343777,-0.604291453089992,-0.167822659786273,-0.747257281449651,-0.0919436239076561,-0.392906573087813,-0.516009527119896,-0.286586038380294
-0.460211156237925,0.0518588584464335,0.293096075149266,0.0981634419114867,-0.937178020978369,-0.85714739133976,-0.7138538786928,-0.668633885289289,-0.640975053871137,-0.590278944114016
-0.259927882320524,-0.560131271441585,-0.123122462163134,-0.0525660197864766,0.212337616001371,-0.427561405739079,0.125970048164032,-0.0909393381680488,-0.561206790807466,0.315945729791757
-0.259927882320524,-0.560131271441585,-0.123122462163134,-0.0525660197864766,0.212337616001371,-0.427561405739079,0.125970048164032,-0.0909393381680488,-0.561206790807466,0.315945729791757
-1.17606770582821,-1.28999595146591,-0.678953821729637,-0.984738684947898,-0.706004721198113,-1.40788263898762,-0.718850938333722,-0.747021596937445,-0.454550087679799,-0.732297290516879
-1.10157983135706,0.0619153090621565,0.216681764856977,-0.21393432528329,0.199474228129172,0.0549435552688591,-0.498778088773381,-0.0308296917488586,-0.59795516526773,0.420218258075409
-0.51246067633075,-0.323046566105393,-0.269865686412565,-1.11439434667903,-0.912658238266658,0.260564070599042,0.392091651713054,0.277694900552722,-0.0481367961718491,0.378753242235424
-1.07331655253032,-0.760869249218961,-0.263095069257559,-1.69706196603384,-0.419712585067429,-1.69427859787474,-0.23304233858397,-1.00668530862365,-0.940786555746971,-0.876669999241539
-0.168684285857716,-0.614494041332009,0.522052867587391,-0.795130583532953,0.224359570273712,0.451526397795626,0.0773942117245905,0.351531173940474,-0.0706073865500041,0.0345433259176122
-1.07256681493847,-0.195396614780809,1.04879374263125,-0.898126667098543,0.551200559758759,-0.999677500047837,-0.536767520357932,-1.02744782938617,-0.207072072032487,-0.705072366105444
0.0520920869575096,-0.464199776626935,-1.74956669064818,0.445613049821164,-0.612629467606266,0.432123127414842,0.438675775616302,0.0415812025157574,-0.604493336194852,-0.537776440894699
-1.1791765120684,-1.29693694574636,-1.00722385974205,-1.54440166167777,0.771467008319273,-1.60568621679596,0.163863990024526,0.477745814749412,-1.11987955911323,0.209813289851404
-1.34005784916582,-0.124923316185944,1.23390890374372,-0.559611176657277,-0.526066242045878,-0.744508413742673,0.727163439637622,-2.1656865654111,-0.760266663772079,-1.32280899037721
-1.02497573887653,-2.3036664804507,-0.433669969412,-1.38462762604109,-0.165458258449577,-1.60063833523618,-1.35751608886432,-0.274202134923031,-2.1207011135221,-0.664357119548396
-2.17191233578241,-2.05700101745115,0.160371598070897,-0.719138717433252,-0.607366948818548,-0.895868782262382,-1.70649462366238,0.138278668943799,-1.78566514084305,-0.875240257998678
0.194449861557977,0.646697650949457,-0.102023069748631,0.196770997862234,0.856501021924716,0.189476292652266,0.550382233685627,1.02439304507011,0.0280796245602428,0.817199101318848
-0.356298449662173,0.639310998987454,0.34790073274557,-0.235065026021701,1.07583709766902,1.46536174102604,0.131233770697852,0.196845389994225,-1.33861227054463,0.203844319884302
0.449088149539527,0.171115060212661,0.102941351244872,-0.630041509904628,0.849324531977959,0.658879607758295,1.78824071027459,-1.10154425041267,0.0950151222635605,0.334800602898873
-0.524262282684376,0.534481331085904,0.606496317103961,0.358446210426888,0.451271210635918,-0.920607645406537,1.31866710338823,0.832790182567115,-0.247592621405563,1.29088167947886
-1.53543808640216,-1.59648331225791,-1.27519619488203,-0.71804960452472,-0.152093870879096,-2.3898847966339,-1.9852192551435,-1.54866528568991,-2.14459876828811,0.00982328081216532
-0.751867106483662,0.0890808125537608,0.683450607253274,-1.50109512720986,1.08240198381733,-1.19474178949988,-2.04121545337729,-2.0724865345234,-0.919535628883799,-1.9361203408509
-1.83044280511799,-1.11547872547474,-1.27141347323826,-1.91461459739213,-1.62268320627316,-2.060536783208,-1.26408421122236,-1.92352225264418,-1.69124962590913,-1.35776566276565
-0.769876122340868,1.05896389003977,0.262793937663016,0.285220612878347,0.5833398323169,-0.862409240736706,-0.400671127985129,1.80665662952404,-0.358598949842594,1.19975991391866
-2.07721873924772,-1.23361321918082,-2.40676164632062,-1.86462680799012,-1.97205059147653,-2.23656636578871,-1.19537119514307,-0.706448960558279,-1.45111494514942,-1.1262374636315
-1.17207956057769,-2.21495725218062,-0.67886515628111,-1.92082102387249,-1.8715789332483,-2.29025298867136,-1.0880165456741,-2.36735740247933,-1.66685879205429,-1.14572235959899
-0.177478266500573,-0.0218897732996914,0.969677673433322,-0.117305398090176,0.265162295654858,0.841095351198528,1.97956724088683,0.278623201183351,1.04710536006808,1.1976457409541
-1.99771778605025,-2.63771712366839,0.0756242961588195,-1.95468531451626,-2.21574690709985,-0.505106255265598,-0.908227309611217,-2.14016317821899,-2.07885749510406,-1.87872198020484
-0.217492961294809,1.27773639664204,2.01473854013282,-0.354238764138219,-0.00859864968950963,-1.42068712144956,1.69658338614903,-0.599312929709734,1.04759742087772,0.779458393325329
0.0966508721363568,0.207396081244969,2.32430394671289,0.0466957062952588,2.08181280465672,0.360866717639238,0.568674656512816,0.721823307640069,1.0488148981402,-0.522856622665211
0.485541261883284,0.58360225737812,0.250948006297786,-0.65003576744434,1.83719450137885,0.849359041335243,1.07900007961276,-0.148176107591241,0.797157536266624,2.27619520553526
-3.60133161973597,-2.08031458728144,-1.37601097152578,-1.74474616370145,-1.29942906947613,-2.48279012864165,-1.49434999534316,-1.4820246322477,-2.63728367569289,-2.14413132186067
0.253963797306425,1.91196807022363,2.64943399873369,-0.782171194000213,2.02294310292987,0.360866717639238,0.905113579908261,1.23555414559737,-0.108955902487746,-0.0524857500636787
0.201737264623541,1.36324922292568,1.0496834221059,1.1346720580011,2.11962817602231,1.94885629714965,1.35517055037867,1.04146895370542,-0.00174475613649294,1.96421595622357
-3.08788317068756,-2.31668908550156,-2.39127212681989,-2.59553238705924,-2.34136616052787,-2.43236184126285,-2.03254499301878,-2.17668128424506,-3.33189772201578,-2.09221258812108
1.44991468043805,1.81771879672109,2.19935672238109,1.54229313021597,0.865172964867643,0.884166945023696,2.20776800888149,1.87731408473241,1.25360378451955,0.678880527770505
-1.00607826707226,-2.69189809479337,-2.65144329378772,-3.70138898201143,-2.85616776721439,-3.43988138455099,-0.472622059244219,-2.72632336397402,-3.19641644371606,-1.76550475106066
0.817412316388818,1.72485343068373,2.92244117210936,1.7373878085001,1.60512567172388,1.67747597593544,1.77951075014123,2.05175402011294,0.450711548854374,2.67809308847323
-3.80261253073258,-3.05122650799357,-2.93657232656668,-3.57352659624686,-3.65247618831016,-3.1676510044866,-2.80359602441929,-4.07773472660315,-3.53528315089186,-2.85397490730521
-3.83076195125137,-3.6560369808747,-2.86770237903672,-3.27536098729025,-2.91940511426341,-3.99559990336229,-2.80568046915781,-3.74102079157976,-4.3600533129193,-3.65106489927631
-3.83076195125137,-3.6560369808747,-2.86770237903672,-3.27536098729025,-2.91940511426341,-3.99559990336229,-2.80568046915781,-3.74102079157976,-4.3600533129193,-3.65106489927631
