-29.6190106136319,-33.5782807997303,9.39303230401995,45.3882915112102,-55.1588442027214,-22.6484677935377,-47.0155529574514,47.0037168478319,-13.0962728582095,-10.6558836886024
-17.5165724231427,-55.6126999128784,-35.0168929741741,-2.04945260839399,-63.9848106912647,-19.9080028810744,42.4185041679306,51.2431141529664,11.8141622542973,14.7858412065179
7.21364965033573,-63.4849753632259,-49.6009925371539,-4.94287120365988,46.7310380202255,-11.5197843739058,-35.6637078718248,-0.307006642895786,-29.5231624616486,74.2076397313869
49.5522010125259,-30.8710726261384,10.8137254927998,-12.5089395625743,10.4074718727306,100,-28.4273641791107,-30.4413528614799,20.6802470120695,30.9784851985554
19.3759445855115,-64.5411373429486,25.4555955554293,-34.3834095252253,-27.1186038095914,12.4695430285542,-49.2421935283091,58.690837279951,36.947164541001,53.335409182375
-14.5624782210245,-97.3257403801305,-41.7397482056501,6.38603131513309,-1.97993526760218,64.0885767557911,-3.99457118061206,18.5945719790781,32.2462823124875,32.3208510493661
11.5355693163502,-95.1325625343598,28.3022933084017,43.6084749326294,-53.4574977139167,5.51230884553273,-5.69537854358785,56.9950508073501,6.06924897096248,15.2794292220749
-17.4641261248244,-98.157187044541,-27.6427364630199,-0.846329790482997,-45.1108047577276,17.0351220913012,0.101303049893815,48.6479552147918,13.932708170711,64.4125860621656
-27.9938591641904,0.928862172605434,99.7283458020393,22.7488989724992,12.4598307213119,-64.0619535906817,-41.3949251366498,-21.2935754320257,-5.15446342870682,-46.2147088828212
-5.66749669484426,-25.6628802856579,-37.9460610579516,45.0592198961037,-68.4037534125201,16.3991348321332,-45.653820105904,79.0760154047737,-34.1686943477034,-41.8618234923153
-17.5690187214609,-13.0682127812159,-42.3910494853283,-3.25257542630499,-82.8588166248018,-56.8511278534501,84.7357052859674,53.838273091141,9.69561633788365,-34.8409036491297
-18.9955609096695,-21.3549390601463,-30.4905631553094,-30.7902966060191,-32.1883607385546,-86.5725853545525,21.2265470388121,96.0769255468152,-23.5156351267893,-52.4475318791408
6.16040038519208,-46.11969941598,16.094640513416,26.042151918028,46.3504172518589,55.7074588445648,18.9972583776863,100,59.2085365219608,40.597911706897
84.5395727167625,30.4058155041265,-92.0605751113626,19.1577483744865,-34.8970262938446,17.154527478707,-43.5508774544981,59.9040806452218,15.0994751711128,1.40172167721573
-1.60809079706216,59.82757852833,-65.3445783515454,-38.7566531035474,67.4872511920724,13.4236902642488,58.7619839474084,-52.2419233066589,59.0393536182819,-30.1214259480171
-6.03555469625298,-37.1524023555458,58.7607723089099,-42.6645116086648,-23.1200640169868,30.2312479992916,44.5457474943383,67.3053222592556,5.12767672417007,100
-85.3450408435403,39.2199919985658,-40.4709062897437,41.4413373168648,-1.15675808516909,-5.52463524638573,-61.1606208497145,-47.3771786035744,-77.410068357766,-33.0751559773829
-19.2709583880549,-17.5174618176403,-65.9436171121052,-8.34315890210028,-100,-50.4748045005076,19.0071329304724,74.83285774271,37.5093791619725,-17.9511892049311
-14.6233138000005,-100,-31.9552383467185,72.2875058476373,9.36913576965414,10.4692511279235,89.2538159281306,-3.16411878703144,-15.2634040285859,18.0309902609826
-1.24488539968312,-56.7923524368739,-100,3.27335635082527,-51.1150266368972,17.0948247850041,-71.7247872023021,39.9903036442925,-40.6563221221916,-39.5066392337576
89.9716429375146,60.655155265237,49.4428846498609,67.3426815269953,12.0695936471441,-12.3071620814375,-28.9586007513463,-15.5882956556536,33.0298424853257,70.8925000893234
6.10630469754176,-14.9764284529894,-95.9833876974073,65.0840717881674,64.459761840552,-37.4454578483864,-7.05948440030231,-4.59932311219056,70.0548584391258,-49.2587841321954
-87.6835267426642,-33.5782807997304,-14.60696769598,25.3882915112102,-64.2497532936304,-35.1484677935377,-71.1534839919341,22.8657858133492,-80.4039651659019,-19.4794131003672
42.9315464033948,-15.3379758616965,-14.0635511317092,63.8640104342763,-71.4118413744829,84.8078791971813,21.0006204747683,-14.7606792523882,86.0223657309402,32.4605250433499
67.9167466451242,-61.8983308566974,-15.3153592780362,48.9178449822611,58.2629957109553,-89.0790759758051,9.5174399174786,-7.83333564599755,25.4895499860391,-69.7791769687718
18.5816116447479,-3.37955047876788,47.0950252898612,5.1267613544252,85.8532625502479,81.6988724537085,34.5946131050218,91.683336318564,35.7491199716317,-14.9567965565614
55.2263102601499,-61.6067063190403,65.3630573926298,39.8252312800996,6.57609547661386,-2.6886436089186,41.6514767468441,35.1131921373383,100,49.6976569276493
-35.8242307397455,-36.8893562344174,76.6272202539252,15.1564127961363,-35.9568234237378,-39.5134157496902,-87.7423992786721,-8.33872522798034,64.2489822308619,-77.9455958232833
-8.98034105993995,31.4009676944037,-2.47787400796076,36.2975037631909,54.1389458512789,100,11.5756042579844,95.6353883056087,65.6972173423699,21.7293211029974
-1.25195881527272,-41.751104395484,-94.6302323032358,-8.91112517191384,-37.9128366236492,-50.6761119173301,-77.1178837772202,-33.2417892515914,-90.9821380220816,-19.1927099189628
-87.7367960940851,75.7602875383727,-25.5883270396939,17.8767161304368,41.1308440838807,64.6005683919377,-51.3199500505829,71.0674136223502,-49.1049263839727,-27.0111868329349
42.655622740108,4.71917089736557,42.9393563936476,100,59.9903024554764,-20.2876092980773,24.8077344111674,35.2988115130047,73.278011259891,79.0989385896722
-5.3662491062836,64.118315583498,-59.8350384966709,-26.9648742114908,-77.7581738827199,-69.212778658694,89.5232502540919,-33.4337479845823,-54.8946735402972,26.4385347894587
-82.3272731848344,-61.2226345163632,7.57681071853543,-75.2664966211144,35.3145117634393,61.5812299721574,75.2127629432608,18.3409090129581,25.730756433868,74.4873399640792
-89.5058740584555,5.59752543158372,-68.9926041339313,-65.6036681414896,-14.4442726877662,99.1089619930032,25.8126953370528,18.786153145532,51.1369692558676,-56.5339281593962
50.8116632789664,-25.8091528114108,3.00466109517816,12.4348165297111,78.4291817278655,89.7267535812398,-23.8126191293515,18.6254625495869,97.9837506716747,73.7602576559428
-17.5165724231427,23.6976449147078,-14.4286576800565,64.6172140582727,1.0151893087353,5.62391201254259,100,100,57.6474955876306,71.9286983493751
40.5352647575249,-92.1079380241786,84.2473230798232,88.0632796557419,-61.8041906701058,-6.01050440023579,-11.4920601370695,65.3421463999085,-1.79421022878599,-33.8537276180159
14.4726561754821,96.3846819360553,58.3320705745126,79.3093999988816,12.547992309621,-25.1285390073336,14.3315670379486,-91.2770460763811,62.454025865392,-48.50685841177
56.2160152958474,-30.9250876413562,78.5539275738785,-67.9204892599676,-9.12640286145516,7.90396396580716,-98.585690106512,68.7337193451102,59.961620911291,42.2582323025845
