-0.778735745852436,-0.751369329667867,-0.463211833683308,-0.274952728816254,-0.221866927433823,-0.796965343749749,-0.758280961701064,-0.586905341510171,-0.510827754534464,-0.244792742143196
-0.977891461609653,-1.03640276108703,-0.0285434910567506,-0.053090520781236,-0.0229353124915816,-0.463328221917864,-0.551576062525833,-0.441066041028403,-0.409239419946693,-0.227904563211002
-0.359504508206877,-0.0388296718949437,-0.0858094656066208,-0.0749396132021154,-0.288124199573448,-1.14316223059764,-0.687838583566378,-0.289597069088777,-0.609585206233092,0.540846957523653
-1.10192651885934,-0.545211553601425,0.322716605383354,0.00654667081664384,-0.869133899650166,-0.751447224059806,-0.658279831254361,-0.48828057886089,-0.82452087440263,0.524888324846295
-0.629921867654945,-0.217812281096161,-1.87225908450182,-0.715629290520982,-0.267173551367458,-0.322801806731456,-1.06022030955,0.154601142442643,-0.381984301814256,-0.0413854850636048
-1.28573377412659,-1.49224603979591,-0.95214840676818,-1.05802614627101,-0.611153207781926,-1.15180260879585,-1.31793427135437,-1.06059493791782,-1.28726815664332,-0.942195829252165
-1.93162493233282,-1.09112742542316,-0.275130466426212,-0.658344114317216,-0.680620762427913,-0.624036393569241,-1.03226855520053,-1.16576019555684,-0.301846786364192,-1.75370064738072
-1.67437919789127,-1.76019141818875,-0.947701003231338,-1.13907438486148,-0.843568440686394,-1.23479320927342,-1.36088238527491,-0.844171268317063,-0.643699052913336,-0.889842807137293
-1.67437919789127,-1.76019141818875,-0.947701003231338,-1.13907438486148,-0.843568440686394,-1.23479320927342,-1.36088238527491,-0.844171268317063,-0.643699052913336,-0.889842807137293
-0.52276920128235,-2.06619860588254,-1.46476999546443,-0.653827947857269,-0.304593539627033,-1.70435972628838,-0.873377454248537,-1.15184775451075,0.0343012292215561,0.123585261038729
-0.741285667352009,0.242228613132984,0.559429175345056,0.824115421499057,0.485066038567154,0.356879205895278,-0.611063073641668,-0.298529909967389,-0.73388914694891,0.470776008239729
-1.09590981090341,-1.94698328127901,-1.54486710201651,0.264006808033706,-0.958174611410334,-0.716667214754704,-1.44570646863845,-1.50731053710718,-1.04341002792743,-1.29576189020923
-1.43248968374603,-1.32916990196722,-1.52387677030429,-1.02371749389963,0.00834613469521006,-1.76884235786572,-0.486146567712691,-1.28497628679408,-1.17224371880395,-1.77325529324085
0.237036985780638,0.269831697034381,0.22059497416745,-0.0501905640885463,1.54659183311888,0.298473405102218,-0.913240328139785,-0.0914078025416355,-1.05602172758196,-1.16149488418314
0.0148099912979203,-1.03947069746803,0.339300283769949,0.779510867057102,0.789314442196489,0.0414830670028528,-1.00052202491455,0.811896564221358,0.857802448588166,-0.246342163636649
0.419911383479622,0.565598893875122,0.304068951820481,0.725098550797591,0.613210020295305,0.610842928854552,-0.10564340693117,0.392458811838727,0.492242112062929,0.212293241243992
-0.958998892448839,-0.129043313418117,1.42952752178887,-0.256158313421551,0.976794511639757,0.117549924053227,-0.0943083105423821,0.49617423613889,-0.699418687622202,0.755111743988202
1.26620419191587,0.796501584503153,1.44481292455169,-0.873707094784651,-0.845329141069681,-0.632684767459222,-1.11704563351972,-0.868654136039357,-0.623230668835181,0.0925602907641694
-0.447385239157444,-0.207683104300317,-0.629189091431825,1.2594018261893,0.424895609170171,-0.05662654055619,0.476126473034817,1.51986602122104,-1.19406959665817,0.196253339531742
1.03179503465213,0.899083679416521,-0.234256054319642,0.412377829570321,0.302779133190007,-0.425510499828066,-0.180251609055901,0.570664884453313,1.18746522488282,-1.38473585668981
0.51801555089886,0.0726253967658836,0.408627747833693,1.05971527251841,1.17818176991217,0.597286050501646,-0.195217898638001,0.163845409240579,0.820048576341867,0.270007772657319
-2.35799027492309,-1.67133767972755,-0.258509782294647,-1.55270488843492,-1.23436399460999,-1.52195457351452,-1.65928083225536,-1.0946561852365,-1.80049685037861,-1.51286371290574
-1.83904673452963,-1.87057026192119,-1.32791979043305,-1.23848644301926,-0.867529907086176,-2.2463612549509,-1.23529549624527,-1.00412910409147,-2.28611629682357,-0.903580238886678
-0.417674757668361,-2.09871395932548,-0.345330536626282,0.0782947802164151,-1.37903552334267,-1.94492249706404,-2.24438976732174,-2.61413164392829,-1.02372250823991,-1.4282473168123
-2.56203884707921,-1.5573706331899,-1.61160599258294,-1.33398892774475,-0.842638060543399,-1.98699290970241,-2.2528586577056,-0.638504442844908,-1.57803980399462,-1.54329648469261
0.992140135055636,-0.70297936538632,-0.318658217734708,1.42899413185068,1.37838470642589,0.136847614998246,0.11827518721341,0.868481953701027,0.842736932891541,0.820027745639298
-0.48474088110859,1.09591284044006,-0.000888199126117151,-0.203573231144011,1.13526484470798,0.795722973547391,-1.29183313943539,0.665305157315286,1.70911559738387,1.03609505778902
-2.71039319411139,-2.64515436983863,-1.51407157232951,-0.877085247214987,-1.77468706424333,-1.73634036449522,-1.61843239254006,-1.27084318659502,-1.40023041093768,-1.59290592821237
0.380307648595068,0.597501628766018,1.05963922291084,0.949072199353932,1.25975878524574,0.457406649479805,0.664212426075977,0.874465790901033,1.15150382650861,0.908500851980891
-2.66863318293482,-1.67218580128143,-1.22836091889665,-0.744119480069178,-0.859685306184191,-3.17164932263325,-1.40306386564246,-3.05485766629514,-2.08792175098151,-1.43198882555959
-2.05128811597548,-1.15519310776896,-1.49812502004191,-2.32715397313729,-1.99318441545484,-2.85172708747441,-2.28341544157494,-2.04490395881303,-2.48372869073709,-1.25938360706651
0.966518478125661,0.760006212456338,1.30010384548407,1.19422610598124,1.64109904447033,1.10044964345641,0.934317980897879,1.19165731433443,0.964984095608937,1.31005642300009
0.354390221404185,1.00146724674327,1.9643855215084,0.704966310756537,0.498789930097649,1.04869715527382,1.14108621739681,1.19883678640953,1.85335713354294,1.15838226025658
1.32467154331337,1.10741449842542,0.988907982855447,1.07232214787039,1.55408144294179,1.04142530382311,0.928360430822681,1.26941930893213,1.09868488438994,1.57237423339482
-1.99443703895311,-1.89558850457758,-3.13106564931331,-3.28687575971462,-2.00593018158596,-1.57937731697951,-3.38845638599414,-1.08075695428762,-2.0711516187799,-1.44893976352893
-2.52916124415485,-2.21725355154928,-1.81953201082776,-1.46271991869302,-2.15324723505439,-1.99497254711409,-2.87502039795238,-3.24476227455892,-2.32309880761621,-2.48813072963689
-3.45916333273552,-2.24492875732246,-2.33582241496066,-1.42300886323816,-1.86389489314027,-2.22888635795461,-3.21546860082032,-2.04205194120019,-2.45353882579706,-2.01110847847403
-2.37386524927177,-2.55776278253063,-2.23339210308174,-2.19295727654344,-2.52693225350526,-2.66894450288737,-2.47941667182292,-2.54362038825198,-2.51211195268365,-2.18941858244708
1.85783287826799,1.72652103411827,0.900602003546368,2.36285142362663,2.15888520713472,1.70188768626305,0.354016068705539,1.25804420945135,1.44576128934995,2.15896586220938
2.11480171337547,1.24402284880497,2.79625365130025,3.00145696526996,3.7629317632772,2.44680024024693,1.8527280523993,1.73283615492772,1.71679877847703,2.82979455820819
