-0.778735745852436,-0.751369329667867,-0.463211833683308,-0.274952728816254,-0.221866927433823,-0.796965343749749,-0.758280961701064,-0.586905341510171,-0.510827754534464,-0.244792742143196
-0.87319421417176,-0.897323163389327,-0.407109043483329,0.607013014217982,0.316828855846188,-0.11670253572365,-0.451911441219024,-0.66429450463983,0.486544001740737,-0.572967024065665
0.3129633424351,0.282412393563963,-0.466292888304529,0.17370844807756,0.0413065932772846,-1.71041519879612,-0.511449771647219,0.352225004484934,-0.89734473850116,-0.380302512405356
-0.870961592388628,-1.31955114784969,-1.21057000943414,-1.07786009866074,0.443026689587453,-1.05116516691509,-0.582965393678624,-0.357020284038907,0.542812092208831,0.489925126195362
0.117788507029076,0.224212203312656,0.430460320437223,-0.284667403985156,0.647664814642983,-0.171686310028459,-0.398528870522512,0.0290975253220043,0.245566435800244,0.629669548890446
-0.910148697912991,-1.42341234042056,-1.29854997856436,0.240414587525575,0.0636473667011603,-2.05493011136594,-0.0290872878612923,-0.095652806013214,-0.934705853799008,-0.445873421899012
-1.41314518802845,-0.547893476962146,1.40482998405222,-0.506410306736819,0.679584744503958,-0.399740147566892,-0.616240682298967,-0.0482016162437631,-0.979539456331726,-0.775814292863496
0.200769144985268,0.0766544553715934,1.12574883151615,0.056214965197806,0.0917051794222772,0.233164286491875,0.859801554265771,0.298554700636761,0.888965064625539,0.182906242565621
0.284389871814875,0.415145037145508,0.310566264764284,0.964779340971827,0.910356613784807,-0.662782820721887,0.0188526507674236,0.229051457746218,0.133410642275482,0.952073079474336
-1.2241162206806,-1.01126655442005,-0.531978679072355,-0.717501854470143,-0.451890097235558,-1.89172127302754,-2.70728412648477,-1.98827074547178,-1.09170969623714,-0.301688863488869
0.281127430596449,-0.00675465434878642,0.919484755412059,0.405711209103801,0.558865804101241,0.811807007241205,-0.101880865329076,0.343274282207626,-0.562201873504827,1.28316494522204
-1.35613783208239,-1.47393762833897,-0.949597099161191,-2.15714737828469,-0.658474867473596,-1.015357411885,-2.22219199655491,0.151973106806595,-1.26036689237414,-1.8512084780773
-0.0578515446699046,0.169018987391298,0.3616844736089,1.38485172208818,-0.125958037333499,-0.278585147671352,0.155778565760024,0.762283749425061,-0.0563719259700725,1.41603967584898
-1.19823069867746,-2.48257470194661,-2.04587659505137,0.537688462971548,-1.58003215699822,-1.71187413749655,0.0596798880156209,-0.141061525517332,-1.01992783282093,-0.506977518690687
-1.05682250892251,-1.86611368162982,-1.810194592304,-1.31988480823109,-0.969579805688574,-1.51535614834745,-1.25089179913949,-1.80816970932626,-2.51905659465986,-1.10686170766044
-1.67892939904904,-1.91888450193855,-1.74518659476429,-1.44134997960978,-1.21940305635583,-1.69334170531634,-2.18537246628425,-1.41391375029598,-1.53080665517219,-1.62957701711254
-0.633606378272609,-0.147404666909235,1.36085363716828,0.508032837322681,1.3554642169692,-1.10788657991812,0.805823767401113,0.33852045180013,0.637104935609711,0.957933953014967
-1.29323556345955,-1.56356625063666,-1.54698148302438,-2.52025706916382,-2.18897031372376,-1.52890037478637,-1.96745253949406,-0.943321097790868,-1.37975251716997,-1.24119235623724
0.34686238941741,-0.613670577231472,-0.469281935903193,1.27711503523637,1.58328115750422,-0.1730010689109,0.872194560144295,1.30961855475068,0.136184539161129,0.792113131915603
0.0224278325023189,0.185637872939047,0.149857507532984,1.32809760846588,1.36242452500966,0.349464970796519,-0.305966359395935,1.91617633423778,0.820424337767768,0.659789476114325
-2.70921281501017,-2.20864916432681,-1.80181392301297,-1.1551577875772,-1.14683950057001,-1.9063072620504,-1.57953596695278,-1.62580896662069,-2.29118757462442,-1.0576675547369
-1.69953039678284,-1.59733759518194,-2.30166085377346,-1.39171173483568,-1.99702620448674,-2.45974214438395,-0.794591302841543,-1.95918982004807,-1.327180778676,-2.43793324986002
0.0356010446301892,1.07254532398096,0.37461773098463,0.981457578154077,1.1788735823031,0.572706442076798,1.12392858932443,0.351055160732015,1.91706097531797,0.86811003414273
-1.75305284768546,-1.92246346660932,-2.00197118328526,-1.94566466768042,-1.15751677165633,-1.58853052240667,-2.31626131246814,-2.24806397723408,-2.2920113108914,-1.95755613512449
0.850301346878282,1.36716629708466,0.436512530866278,1.38051456240373,0.93611366074815,1.44594475037954,1.3316195479306,-0.541319386516252,0.921175930631662,0.0639487327176451
-2.2345958398438,-1.10547000255704,-0.902615558067565,-2.65678431028827,-1.04118644250273,-1.62273960833989,-2.85882219985662,-2.30383966082086,-1.59927732074361,-1.86719952771391
1.65122390504248,-0.226726801172788,1.69535407733211,-0.141070789149602,1.55465846683835,0.271280705205406,0.14896571782301,1.07071192931673,-0.216834837713594,1.72860522401286
0.936440307538418,1.16351039339431,0.833589633922051,1.29358599670342,0.950057636374071,0.792256230592104,0.433027228780209,-0.196677194809671,1.28467881006942,1.69939082232007
0.897899694438762,0.540892971877404,1.31576707111242,0.725693958337739,1.93671726770024,0.141130544307037,0.688745131613449,-0.814697868044949,1.7715907963737,0.909312778547255
-1.45175199869995,-1.8619563660995,-1.31014696187538,-2.85469869527308,-2.74184539322086,-1.42333698117388,-2.58028907830128,-1.33580384628784,-1.08627983433588,-2.15901864436403
0.674411388820922,1.57586242359452,0.242360388607637,0.528655769106429,2.12457881779762,0.622132115750205,0.856529121335174,0.751461580121241,0.893888712676194,1.0351193673902
-1.74086754945182,-1.7019855592885,-2.60767806758699,-2.24613514246711,-1.94520170320225,-1.74123145403059,-2.16934882679364,-1.93800864541865,-2.39829084911498,-1.87642406501
-0.728871365145101,-2.14610053391925,-1.85514135357058,-1.02390609111126,-2.83715448089688,-2.02770715798993,-1.28390320931072,-2.71830168809411,-2.01446524853635,-2.6333974796812
-1.97975823838187,-1.88449435027949,-2.08456007652982,-1.60844329706891,-2.11337649026919,-3.01623659221935,-1.84197255867776,-2.12652545378318,-2.25516092432804,-1.97587013847463
1.29795073613953,1.44264133504993,1.56341625651542,0.626733665469625,1.07115195425924,1.05511129468819,0.756752078539659,1.4659202916432,1.38817738150065,0.948439254593469
-2.79378620891673,-2.67888741654959,-2.10451537665754,-1.60844329706891,-1.59988323689588,-2.93266351389365,-1.84035698715318,-2.16891672864143,-1.6727512363149,-2.27289710576022
1.45625778055707,1.21375685759167,1.83394026458628,1.80113628559854,1.53506191811862,0.747956331959277,1.68385697302053,1.31347940089701,0.981932521816608,1.45528143312107
1.37643666794067,1.40380308412524,1.6919605801098,1.88021968497685,1.93330548635928,1.35820707004335,1.39689145209204,1.56826707228293,1.64434465925864,1.91037967164991
1.49120801295778,1.13841125464456,2.08974473453047,2.36529064572788,2.14455747209827,1.7909695080902,1.83116963710207,1.63546633293614,2.38317745990526,2.31219209591686
-3.83410181284215,-4.07405691573166,-3.9003590085574,-3.59652239340288,-3.37457547014893,-3.84851411910945,-4.34054488007735,-3.56908616408909,-3.6859790689653,-3.78474943090565
