-0.778735745852436,-0.751369329667867,-0.463211833683308,-0.274952728816254,-0.221866927433823,-0.796965343749749,-0.758280961701064,-0.586905341510171,-0.510827754534464,-0.244792742143196
-0.669083147037482,-0.980699505191417,-0.756695053703941,-1.13448149510857,-1.33347488761839,-0.89224617462632,-1.65983416785723,-0.753496095139385,-0.620956694794039,-0.619130027868609
0.23349057564433,-1.39808109277838,-1.01044507214104,0.292208400134803,-0.0415886843444029,-0.16237819906198,0.710540383323161,-1.10450801168382,-0.727042955126117,-0.376511943068769
-1.00602259464344,-0.968252799808931,-0.650106550408508,-1.2736089285576,0.00410736455255378,-0.924304121134519,-1.68201670088176,-1.59983757704582,-1.34546034951284,-0.201490282091604
0.600697255339693,-1.29815859376197,0.20397236471158,0.132472675519417,-0.398179805928714,-0.646202226469804,-1.70029272489826,-0.968867953559339,-0.682212192350936,0.239409842249125
0.939891817688452,-0.672800107289716,-0.424253588121761,-0.903753050346022,-1.48630362839164,0.53159016558391,0.0299473284557235,-1.04925104520948,-0.210188953166954,0.0407510699089981
-0.0846453059669996,-2.02599473796867,-0.312087170668028,-0.668035278533167,0.513593895435183,-0.477086999399563,0.00892717868020865,-0.893396981438632,-0.972954488134536,-1.58332029665164
-0.976454615844756,-0.867412830099626,-1.56060360608495,-0.39328700741989,-0.358970560258352,-1.28512968527024,-1.88419799779428,-1.49389126134752,-0.851460727329988,-1.03318437306559
-2.31478419485266,-1.29135626314714,-0.999069490361284,-0.768495048780028,-0.296631152501625,-1.51056704725083,-1.54864581147996,-0.750889109677817,-0.734928059165067,-0.54516210930079
-0.673132462714243,0.702081172985307,0.151325078816228,0.939255410793962,0.377845838725024,-0.371803257300262,-0.453073939728966,0.189132783706582,-0.521473053593407,0.968572287162003
-0.892430416682293,-1.88001319982664,-0.533779238081125,-0.792301132659239,-0.398274769256171,-1.28892362436902,-1.42537840353572,-1.04149290455255,-1.95235238413508,-1.7531253178593
-1.39402869771959,-1.76081717607867,-1.4422131050033,-0.621249899784354,-0.696509456485085,-1.10851502234471,-0.870895513922106,-2.25815600755327,-1.57715058728933,-0.767082822484187
-1.97067034925477,-0.618900576203356,-0.660002461441288,-1.26896893545869,-0.144970161480853,-1.99035661331072,-1.24264137701253,-0.770665935178711,-1.53218781502975,-1.76085394153133
-1.8492400372103,-1.59402224520024,-0.972238541110321,-0.318461958011454,-1.45118516905148,-1.21310286156666,-1.81518215860929,-0.95265103387132,-2.115761111661,-0.01542847292704
-0.122087385669484,0.0185989401767256,0.175287098067141,0.966234643960417,1.03732337247116,0.843285738093084,-0.0516928647747158,0.84111004276191,0.452807169410431,-0.0105673243487381
0.137868087849355,-0.50973708112554,-0.184828832806149,1.66447787088282,0.181555464511101,0.737613038110871,-1.2900739663003,0.475042210556538,1.28645954566356,-0.210183871631831
-2.12160155611116,-1.82955985612489,0.424299034604942,0.731375061737003,-1.56878936593733,-1.77151825132351,0.163681137145354,-1.25484469892476,-1.36093700518756,-1.62562180141489
-0.464522217769958,0.166825883615984,0.407710283854003,0.481759151965585,2.35231303011079,0.52974801395077,0.613574863623673,0.253337959329129,0.602786504900317,0.120252422832109
-1.44235441524201,-2.29430688119772,-0.00956946248613455,-0.914426879308258,-0.85251433732642,-2.70874250625806,-1.00141282191564,-2.60691050155313,-1.52257372306144,-1.11795618833011
1.12403569361976,1.5760209675855,-0.307061393207608,0.54490606208105,1.00040434168447,-0.0917901970805449,0.400877725202081,1.42138290797925,0.401863501542625,0.39970391014024
-1.95587166772153,-1.95686976672693,-2.72842894053443,-1.11932709818038,-0.555103759392694,-1.20164915670208,-1.94025398160722,-0.71878971857729,-1.67319067797334,-2.27944152887714
-2.28857933043792,-1.44838174093137,-1.96417331075676,-0.851003890448043,-2.44404741910447,-1.37784901065692,-2.45481259470582,-1.21634367641198,-1.47717767669749,-1.34533164978158
0.118330077048548,-0.222793505983021,1.58116929511586,0.544951925145034,0.931703398588701,0.844574637868297,0.702804873284532,-0.0473755187291911,0.789927072913903,1.50611660351633
1.03750357038688,-0.0391186174171549,0.231232610761137,1.22077376691024,1.17524023890411,1.10236988891882,0.0557198522997499,0.182325427720598,0.751798508091799,1.55809187324142
-1.6317716730532,-1.85860204716241,-1.7793590654125,-0.786409021600528,-1.12025698670502,-2.22438798991786,-1.60195801615578,-2.76579907048608,-1.42653916971513,-2.11807290429387
0.677001445553406,0.0462114706079698,0.0689640850430545,2.09545587646687,1.7977551387412,-0.659932905973457,0.216268511381699,0.969334654747402,0.840497803295465,0.419413992414556
-2.69799390844942,-1.6672191490836,-1.72841199940653,-1.59760310360928,-1.11540030884719,-2.08801419283367,-1.99079163559261,-2.19425057105625,-1.97443342806592,-1.27747253153584
1.58810609891683,0.255315892151334,1.31884563186698,0.243431171902054,0.892749783776353,0.664269423934242,0.754545327889645,1.36245211583641,0.686409122752298,1.6780665930831
0.139404833348027,0.48004923164815,0.509702883206807,2.27765316352028,0.869661918374127,0.566065714312261,0.777370453247858,0.885892368436105,0.954603578734318,1.69814227130453
-1.62570107021323,-2.43032997679163,-2.95760902874628,-0.547044951347772,-1.94758961027668,-2.66052615973974,-2.09768332678393,-1.13168245223273,-2.19276135666166,-1.03456270584812
0.60256503360165,1.19241816585313,1.26053923254727,1.77816777519638,1.29999822507249,0.679462140833357,0.997703745361511,0.860610904902936,0.902500040858186,1.31705749996006
-2.1878321392069,-2.68869966034619,-1.72914564974439,-1.76187194892015,-1.79026313446133,-2.73891107015982,-2.32540698003462,-2.40926640197305,-2.68072797638181,-1.50532858132311
1.30506770400731,1.16917596089258,1.11931136298285,1.65876143645396,1.52167021969758,0.864102393430579,0.961383788557517,0.939350622078833,1.33206715944422,1.70393808683652
-2.85096211268171,-2.2290848844921,-2.02007518595694,-1.57606741528952,-1.94770802874833,-2.90732503167723,-2.05747304464785,-1.95878304550679,-2.4631677588216,-2.51176980515564
1.34791232847739,0.137307392218511,1.67341514899022,0.940897662101696,2.49456333848306,1.8761240871079,0.745062169268454,0.967280168932037,0.644313418085464,1.12612006233865
1.06097281385678,0.915323687876528,1.85287556848897,1.98454841442095,1.5848447113015,1.15070269487959,0.92194940932602,0.510902748671369,1.51000238084999,1.25537151736206
-2.65052208849235,-2.70196779759023,-2.2542898231616,-2.24153888108838,-2.16343588130219,-2.53152439275415,-2.7309330743602,-2.49111257233286,-2.66042342102919,-1.99955545705402
0.512237411711875,1.58382137184744,1.84328589973772,1.82119898819471,1.59504241848549,1.54184923006298,1.75105392080695,0.976969610413371,2.21792870274865,1.15686647131291
-2.96843656949696,-3.10432831261169,-3.15419291052143,-2.61474283705031,-2.75183405380669,-3.40940188007369,-3.31212048494676,-3.33415365142544,-2.94143711406005,-2.56956618666776
2.03947525261441,2.1782351720641,2.56293436646207,2.64997385637881,2.42225770521334,1.92529110078893,1.80139721027726,2.53156057142272,2.23770468295521,2.93828802684007
