-0.778735745852436,-0.751369329667867,-0.463211833683308,-0.274952728816254,-0.221866927433823,-0.796965343749749,-0.758280961701064,-0.586905341510171,-0.510827754534464,-0.244792742143196
-0.991994727652628,-1.0281775090415,-0.792248641615605,-0.402816802012323,-0.446464442251622,-1.15382100529178,-0.969200225314742,-1.13162877375415,-0.739755608329631,-0.713112782680865
-0.190597863061402,-0.520168054093032,-0.533106698446042,-0.558890970114774,-0.150797906700517,-1.76541500190517,-0.780519676937248,-0.157461011177467,-1.03452501544969,-0.38255945976297
-1.1747867371063,-1.61366224924421,0.0504188154491301,-0.514607521960374,-0.570175433706937,-0.594210844220721,-0.791198719188189,-1.21171819702213,-1.05088571149792,-0.932674403440593
-0.246903112690498,-1.12308982326035,-0.657807512690188,-0.760353678329965,-1.26552749106131,0.245481998837781,-0.313026312638518,-0.581296237092257,-1.71222497611744,0.0796830708836216
-1.28968445890082,-0.86905317328809,-0.0502495209691701,-0.831272620392854,-0.0352483485641375,-0.601734364516681,-1.85065772547588,-1.24597618989693,-0.565888268991602,-0.822978379290242
0.598156373939516,-0.58155872588668,0.547519247216282,0.643195439053067,-0.0513229849709678,-0.967379462820628,-0.121232476992048,-0.953821917379352,-0.88054762679126,-0.414065928567472
-1.58950285827355,-1.66283288671728,-0.536817815169212,-0.214487761578434,-0.567641327063425,-0.908442093841056,-0.844882116165429,-1.29280352152479,-1.50963148805439,-0.951783592754889
-0.26855528986842,-0.294800716342675,0.29423549571599,0.600751440628177,0.461525872518354,0.0114332319963588,0.301986215363224,0.618555456164791,-0.437092170072972,-0.360005438048096
-1.14248165756973,-1.86698050927289,-0.619956838089275,-0.511064939964786,-0.35015313488503,-0.202504949606191,-2.1759159696745,-1.33532067357139,-0.0087502229423122,-0.384888414007426
0.898197436585986,-0.0987682207217181,0.129010326565626,-0.395961218851923,0.634716215959871,0.0120575593140756,0.863206824135628,-0.405062171183878,0.022054774333035,-0.239758535533644
-1.53783604675287,-1.09658143912256,-0.111051452934625,0.213571521409929,-0.38771968899448,-0.128742826062275,-1.83630270222977,-1.81254502767769,-1.4788277038063,-0.0683099022630709
-1.21964247691586,-1.61810028037959,-1.7334426936299,-1.95253604312956,-0.34674246954629,-1.24004666667694,-1.19180461574036,-1.090934384872,-0.912415749484278,-0.287402733852852
0.0311962101571206,-0.0961763807794646,0.0852538024365906,0.248654278672228,0.878837540504117,0.0353905718349748,0.309977364578154,0.547982588968935,0.320396358404248,0.571868340263602
-1.27044113477032,-1.64728972785966,-0.868547665010762,-0.343015944997657,-0.979676424639646,-1.47629546372891,-1.48413404823825,-1.40721356181194,-1.57767032002086,-1.53598627144939
-1.33131390245006,-0.361764525613071,0.97500925552769,-1.0664283939779,0.762771549781304,-0.14343370800819,-0.356326328158697,0.40027096578471,0.312798148016442,0.466655334808584
-0.812206793375227,-1.44770847492069,-0.907563111333608,-1.15851222321913,-1.06043667248127,-1.90008290862794,-1.24013786387206,-0.760864293329745,-2.22290858407076,-0.984441248587489
-0.427082044120829,-1.48698452419226,-0.0986007590963072,-1.12399392290778,0.412398168699913,-1.18669660554178,-2.08671078415062,-1.18806669297205,-1.61569071934466,-1.31164170026869
0.795262018216123,0.586663806699296,-0.0179361984286698,0.719724829680174,-0.129934813860917,-0.261631504556185,0.00610943780027662,0.391086578849551,-0.451553980871997,1.42947356113797
-1.91692834301203,-1.30146061013951,-0.750410941469574,-1.54138733818431,-1.40675349125572,-1.60673219154841,-2.08337228022434,-1.41296291445233,-1.0495267309197,-1.04725361277697
0.810107372044527,-0.435876212133096,1.34510753749642,0.673161223794535,0.0776058295150777,-0.193421500422245,-0.231113257049537,0.273384130638628,-0.00684229184447482,1.05674914180338
0.155262844617775,-0.266308175137736,0.00938842120491579,1.09628950258866,1.6558483323742,0.661350340450273,0.204279358567158,-0.0366971539108435,0.632168917181511,-0.0287486041534419
-1.48869177611697,-1.94288092625396,-1.35123006464715,-1.2279106582949,-1.32075942762011,-1.81408884499233,-2.04859818306293,-1.73721027508503,-1.60848814455115,-1.17855637660768
-2.3195925932149,-1.90466414625197,-0.874088396522769,-1.93029848369026,-1.49915845727198,-1.98516513510664,-1.4746785991379,-1.5998515867567,-1.02832371915557,-0.517578728861435
-1.52391790861339,-2.29528531818289,-1.25194953922771,-2.26203747317306,1.29563037873805,-0.409972800408409,-0.85379226368545,-1.4856740089972,-1.42001526519221,-1.48031994488593
0.47453085243034,-0.539406945873804,1.67868706982943,0.935063439968146,0.182927886669114,-0.357170000386217,0.963107240348895,0.986424589111968,0.474139405904694,0.242324448244691
-1.62498000241587,-2.06284345448113,-1.28950880197308,-1.60485392642504,-1.47152396943115,-2.20818030013786,-1.49166852750836,-2.20910490787443,-1.11721787584634,-1.15337905028231
-0.30259944885426,0.996840675485992,1.30357113891715,-0.0628819831297744,1.6021281366219,0.295047008351534,-0.217294794342489,0.308774095760076,-0.00950917401663798,1.04880569574393
1.58286816980036,0.917131040003987,1.1270151947267,0.154875456186043,0.366252133654608,-0.815678005996343,0.15820261771725,0.714083700753664,1.28846273126687,1.07909970535627
-0.27487589073241,-2.10289259720358,0.754880508980775,-2.19592970108524,0.406662928576034,-3.10679253421393,-1.9359444683648,-1.16564593679714,-0.0703623663392803,-1.89632326567973
-0.251805851870532,1.05803451325899,0.969033043210664,0.35375224823339,0.772740343337345,0.354945075383576,1.09967154481113,0.896205157328371,1.86880368473646,1.05267421598625
1.51539457931331,-0.32429480336852,0.267769871006288,1.30992742554528,1.79937492131019,1.30522703630124,0.779910248677098,0.0137662172790008,0.956441406110035,2.18870268865778
-1.38147620002233,-2.78370738486928,-2.25777300880584,-1.83970232100477,-2.76600831808378,-2.26547530655931,-3.13772304067328,-2.88718863523681,-1.61000040583742,-1.61611902340387
-2.14196921422297,-2.93689077130618,-1.87256499647919,-1.75394011736083,-3.04849419379,-2.14777285834839,-2.30560532278868,-3.51315165526762,-1.79832432297489,-1.39882219593755
2.44054282373191,1.41646787114645,1.46920315048689,1.80047302151585,1.2712534191631,1.57232339407663,0.933883580854024,1.08829244330302,1.73800169225406,2.06686677124878
1.73974363218961,1.31913267787023,2.31735835886904,2.16563180701356,2.68245323492596,1.43871297020913,1.39537633454319,1.58299597456133,1.87973311112551,1.62316732814344
-2.87025311252806,-3.74051438322904,-3.22079303962248,-3.22777946887151,-3.47222300734932,-3.20709489224669,-3.27665052052879,-3.76995699681873,-2.78702488794664,-3.02854840193494
2.25399144593469,2.59159042048324,2.93911552377618,2.46774341245181,2.72450475673774,2.39620727412389,2.01609049255428,2.87605208589495,2.7533537724291,3.18568318073658
2.25399144593469,2.59159042048324,2.93911552377618,2.46774341245181,2.72450475673774,2.39620727412389,2.01609049255428,2.87605208589495,2.7533537724291,3.18568318073658
-4.22895330147651,-4.21816569042585,-3.55801231181538,-3.05736676416929,-3.24005637694204,-4.16508383200847,-3.86661666725565,-3.19627297242177,-3.69782761643961,-3.74071805644266
