-0.778735745852436,-0.751369329667867,-0.463211833683308,-0.274952728816254,-0.221866927433823,-0.796965343749749,-0.758280961701064,-0.586905341510171,-0.510827754534464,-0.244792742143196
-0.89040718835213,-0.73091757876905,-0.777018935285465,-0.926947287584664,-0.0524805876028271,-1.27161184576847,-0.782134756758404,-0.931649016440278,-1.10177810170618,-0.71684317621217
-0.569447891616582,-0.591417659198631,-0.823061103712919,-0.45444026131493,-1.22869518720043,-1.31042395919941,-0.0180043344234,-0.237870129958266,0.129050055925748,-0.400615833015377
-0.355966613183671,-0.426437556783724,-0.0278542024834378,0.199885805646749,0.3645403795374,-0.162070993978265,-0.317146623290589,-0.142688594815873,-0.111958420763389,0.0360372347524553
-1.20354790327856,-0.982488222018854,-1.09638910759681,-0.268394901119719,-0.924427426683287,-0.923817095068151,-1.14621557427059,-0.238187530190932,-0.61136115946632,0.174573874479074
-0.0547785901778677,-0.317159283692835,-0.0775273965197043,0.414684145268877,0.200392452691657,-0.496803034448721,-0.15477283346608,0.069253756300002,-0.345565520078268,0.158813917112903
0.338570324215053,-1.00592309467681,-0.268132315374444,0.402452815918659,0.231430725371249,-0.85240117963401,0.16893757370622,-0.961547849540491,0.30328427209935,-0.380248788934032
-0.251213643792298,-0.473366894112864,-0.46246354903536,-0.191434455694401,-1.0953826791694,0.0519422161312763,-0.606474162389764,0.752933586022838,0.598267781794127,0.180640112318809
-0.312165099947564,-0.640743201262762,-0.510288691843607,-0.816457816421625,0.35272421538626,-0.920432862722176,-1.93940026064523,-0.0798991854361859,-0.0166896501565017,0.505616951883884
-1.10515978976274,-0.877456860409919,-0.53080906228477,-1.69174221485606,-1.34131485328879,-0.53255113624264,-1.75346963637709,-1.23766323750836,-1.32815530157609,-0.861125488136409
-0.133479519103622,-0.413327264332209,-0.994801764448515,0.0255388114539337,-1.96941801587648,-1.37945585898238,0.022814814343929,0.568738187195737,0.109672599571364,-1.28258040686253
0.414283224176516,-0.253758128777775,-0.143196393217109,0.578765061309229,-0.351492097791333,-0.249157635315088,0.473211171107581,0.141327519219694,-0.825168617412798,1.08694165057948
0.505642367478238,-1.57847236396021,0.835698309919379,-1.34421062328895,-0.704363141580993,-1.00327751220142,-0.461951770529604,-1.21751273763596,-1.48244027419868,-0.640796974106758
-0.943542719603446,0.718825885939803,-0.724693077762011,0.146569188426229,1.24900289310912,-0.537472308191749,-0.66416963622061,-0.650703709730641,0.0557485849610081,0.522491036421105
-0.342585034240273,-0.963657709571846,0.474661779124489,-2.01896754142452,0.493315202385462,0.301119645281672,-0.839240737030189,-1.5587661131217,-1.38978919541572,-0.28913527428879
-0.27192326900512,-0.818890447216632,0.590785329951373,0.770903085553045,1.10258790632337,0.296631869748361,0.290936046551129,-0.967919345226472,0.145142018815176,0.405950156397716
-1.23689219661869,-0.796396910719479,-1.60957183526452,0.0855932047497325,-1.77464549329017,-1.06517802834694,-2.20505748381383,-0.015727145116925,-1.15955483934532,-1.3215355786098
-2.0421064452834,-0.785104390494155,-0.0658395621794157,0.525325319530034,0.856792969269478,0.370165159381518,-0.999394670477981,0.635427763122824,-0.656467357911513,0.307224817358646
-2.23125503950778,-2.05664140354391,-1.1170946782925,-1.06011442642117,-0.730089835155317,-1.53676696620935,-1.43812946359089,-0.568584011673901,-0.548365078272107,-1.46685677939358
-1.12257989695334,-0.936867996787486,-1.85718086362044,-0.566413651482585,-0.0611396778743702,-2.30974056468493,-2.12946422825552,-0.731089252293457,-1.45309168032518,-0.199003962208648
-0.504721754833438,0.904473671858267,-0.694985919933254,-1.05242990169703,-1.75590862575672,-1.1410997312795,-1.67772105571409,-2.09786955001115,-1.73376284826667,-1.36166741610616
-0.179381204589181,0.150669277584523,-0.223824664835558,0.601026985337734,1.27190900617614,-0.393553633284096,0.437302412657189,-0.135886037883976,1.56386104214603,0.182349068938083
0.678259950601417,0.906994629136606,1.07337918067282,0.244248000864004,0.605347567442209,-0.623271596805814,0.384877691374376,0.267060066086232,0.83760490388646,1.17743789901785
-0.147308720775763,0.464827551144839,1.46839497701923,1.56034889901649,0.766080118604509,0.28548098495312,-0.0469590885534648,0.374535808171035,0.915520793183378,0.253132569060123
0.714980336152306,-0.571788391186667,0.884514516900097,1.41158358103532,0.318595296212558,0.381710252454396,0.338285336761445,0.249809508200605,0.578373137170211,1.53852439608598
-2.02005887928124,-1.85764285720867,-1.73112692388516,-1.44206760396497,-1.46265789003045,-1.97840582273554,-2.05214983209851,-1.83531384797916,-1.65953981505334,-1.41465227364455
0.150795060384648,1.08012510812731,0.34506694984423,2.01645400284435,0.942833829469592,1.32040144128814,0.441780584041364,0.904445033969252,0.549603343347767,0.293974757722352
1.05114015739557,1.10674835342164,0.498678103715225,1.56881370413097,1.60606523886502,-0.142107932711551,-0.309355342510874,1.30128029945976,0.885548377346864,0.733204287333385
0.349406593501067,0.89973454999604,0.812860266306902,1.28230959480214,1.93173948918125,-0.534803656163718,1.00070493028654,0.899586696726958,1.15097977026595,0.64232114320977
-2.03628179530121,-2.34037438316973,-0.973861468561569,-1.21407827336009,-2.51848700407434,-2.47283004806615,-1.81648475203996,-1.84068688514381,-2.21145037554919,-1.7434018951479
-2.85391622720914,-1.28056923437948,-2.3075821733081,-2.10936516853918,-1.71792700826633,-2.590461317628,-1.65400848156403,-2.1673303492956,-1.3713536053946,-1.59804447575902
-2.29856628464465,-2.07428946519362,-2.04853679571777,-1.63236348121759,-1.54414897074984,-2.53412700747006,-2.31210686200726,-1.95200239686408,-2.41579679956025,-2.00197553454827
0.271009649913017,0.426094138323277,1.6353620313108,2.53582804546728,1.02096455317864,1.13252328633661,-0.0969981263374942,0.478724875931682,0.942260296776352,1.37556268039326
1.07514907851618,1.34662864875519,1.31594025895531,1.36757617488419,1.34053328119797,1.07957487695614,0.406240889416793,1.53747976964151,0.816467810410524,0.907790384376054
-2.43065540986417,-2.50112635346422,-2.10254299916394,-1.87480299103375,-1.7101484171431,-2.23675979065876,-2.39183541997109,-2.21737739149637,-2.18664721744389,-2.03865156192804
-2.43065540986417,-2.50112635346422,-2.10254299916394,-1.87480299103375,-1.7101484171431,-2.23675979065876,-2.39183541997109,-2.21737739149637,-2.18664721744389,-2.03865156192804
1.39519806294666,1.04692145814403,1.50538759893642,0.835029855806304,1.56046007084685,1.13362737228521,0.449680775663263,1.53605544662665,2.01562319620925,1.17870872220607
2.11525670554303,1.76810979837131,1.94019707161453,1.37657241644875,2.50249603220028,-0.0209972336656834,0.935784392069095,1.70995458472253,1.09342731869214,2.30225767516373
2.0094449244743,1.13100096208737,1.79987089770761,1.76635614990679,1.47815239627702,1.24395271461204,1.1953477082335,2.24651653291494,1.51876969163912,2.79123359229152
-2.96509598503263,-2.80560637544955,-2.85170773196596,-3.00163608426516,-2.12716938428333,-3.34630064244897,-2.8568235534389,-3.00633781312078,-3.17646689838668,-2.79153197289267
