-0.778735745852436,-0.751369329667867,-0.463211833683308,-0.274952728816254,-0.221866927433823,-0.796965343749749,-0.758280961701064,-0.586905341510171,-0.510827754534464,-0.244792742143196
-0.404265414521743,-0.140523553611381,-0.959182383878131,-0.340136811144404,-0.891611260083343,-0.578248433228746,-0.139684572194639,-0.195239022662975,-0.416598554229273,-0.322813647295244
-0.334138412518657,0.186069282310373,-0.883672971220991,-0.41188502239611,-0.444019983681887,-0.28671938394187,-0.430700645692082,-0.0207489021819083,-0.417082699047513,-0.0376029412980476
-0.861949318779354,-0.0485340167510337,-1.13861634563357,-0.00973832107628314,-0.160666376309646,-1.13298652700869,-1.15093485171789,-0.94202410734396,-0.27105309050642,-0.334877536577241
-0.731297659117892,-1.53165322461814,-0.223718045926781,-0.517283338392803,-0.453036348349349,-1.31237800684499,-0.7581790666376,-0.386548583917002,-1.24383123189689,-0.708863474380139
-0.273002061991407,-0.310670228638946,0.638191609499152,-0.305057156763608,0.101843471855678,-1.19228532669019,-0.688817105949006,-0.730701898831275,0.0637134501558493,-0.129007102588011
-1.15746979425168,0.434454776597507,-1.06528928790502,-0.672569798405191,-0.632516013841252,-0.918549985034766,-1.62230864199199,-0.465231843154574,-0.34957366971484,0.0549406864121587
-1.07780416638111,0.226175637432784,-1.29982598147979,-0.298294293597508,-1.09298110183557,-1.53519788273045,-0.557461400281306,0.122926298503414,-0.305672382251332,0.030883752585664
0.32452669286776,0.041122840020799,-0.298192877544176,0.50847959037947,-0.0804557319632195,0.200827143340937,-0.313966282471001,0.484227678614345,-0.358534689679832,-0.690454003985176
-0.805015486503169,-1.35536495983986,-0.47798956210603,-0.495432783500008,-1.96239668770757,-0.46181479773122,-1.31802643538443,-0.927408905026966,-0.849975225848561,-0.126286817016277
-1.39717997718773,-0.745556229686678,0.357183040392703,-0.525114849364965,-0.934094192165978,-0.0212906742990457,-1.21680662654607,0.255989245271828,-0.853849428988033,0.447260042879197
-0.684992156109092,0.606249892473291,0.0562235055296908,-0.0426674838524232,0.647559173333557,-0.159272819033597,-0.123544793951308,-0.283821145334519,-0.443521602911242,0.413179265279085
-1.28145717114882,-0.723544055510805,-0.677207353547138,-0.486521510175749,-0.145706689028949,-1.81770607949177,-1.76748084773512,-0.310043318304019,-0.616016660000337,-1.2383464585583
0.341308185545058,0.729672496768762,-0.212012086810753,-1.26929339478391,-0.191982869936288,-0.783394213886336,-1.23894316690141,0.65504769264626,-1.2413728755801,-0.377246240129301
-2.49445117359451,-0.871645849250157,-0.991962748964875,-0.386811017881452,-0.952205477111817,-1.19122657653232,-1.27756503582099,-1.02921532356471,-0.945577187526419,-0.200174355008248
-0.443664809440416,-1.48848699083973,0.365742562253439,-1.00932942769903,0.253246174759445,-1.4336827153671,-0.763369133908042,0.437269485986268,0.757310180849478,0.189085835455446
-1.79051763795816,-0.591222204136901,-0.703591298900717,-1.16154509100374,-0.300497780280343,-2.25435127992923,0.385216407598996,-0.2572049924044,-1.0197721899336,0.664208064949998
0.286966506926245,0.0371719788553764,0.16592860454227,0.356886600801436,0.981614090928272,-1.11640145997253,-1.09706959798926,-0.659494847527658,0.773639653495865,0.566590521151712
0.372830275210374,-0.958733097698035,0.292321936695641,1.04217052885715,-0.322162084734587,-1.12436166735015,-2.02303281961288,-0.380016823489496,0.598636763214106,-0.00271085341084076
-2.5225264570192,-1.24934218563914,-0.766493813494811,-0.202335390419718,-0.172510344760712,-1.62813535348868,-0.97500727231284,-1.26591612971242,-1.39078064680059,0.195729105254375
0.483975984855505,0.274105351928392,-0.238196681707832,1.16856190196584,0.0712593604847499,-0.0998294824523964,0.182697838003021,-0.00342381554633231,0.920310339500302,0.703785455599308
-1.29285369574282,-1.95813014035359,-0.888201518528198,-1.18893383006522,-1.08670550600675,-0.469666041614502,-0.968074831496361,-1.67514034284136,-1.95052280277556,-1.82569015333059
-0.223598544652865,0.81617471662677,-0.558312109086548,0.827298386039335,0.546839835724582,0.726200820419966,-0.262407503015872,1.08192177432936,0.216240375083212,-0.59507113319946
-1.36181468307754,-2.96646829289823,0.506302445876498,-0.426208657154188,-0.844178137247825,-1.12716363105684,-0.852394254125824,0.296511525372615,-1.27141635169512,-0.38867904815063
-2.33242198513162,-0.962070448077288,-1.04227498811505,0.431561434600377,-0.503666950695881,-2.11274560731521,-1.42356738797589,0.204486753529228,-1.52155545344898,-1.13489111598702
-0.00719149473124403,-0.25642360511458,0.824289587619778,0.24429709352697,0.193517208671965,-0.620401685163961,0.394157171440865,-0.139319907092421,1.28010573123835,1.37126758348493
-0.744587018864659,-0.343200765800051,1.04727614099115,-0.148644982922026,0.38303524001028,-2.0224322839273,0.19919731519046,1.57658745412866,-1.1467584259809,-0.929488251673141
0.807724461559336,0.252254703014026,0.586987879065748,0.514091572253385,0.14840188376112,0.968004202025109,-0.776596675013461,0.183844848404485,1.49258894756184,0.821158883230959
-0.76042474185756,-1.2309998020398,-1.9926936144358,0.954946075243323,-1.83502793302696,-2.29515479427579,-1.73076923130961,0.597880064446073,-1.08678860663553,-1.98579881780305
0.752840774890004,-0.443049826537214,0.482584833497136,1.18639510589113,1.49471606704453,-0.427106432267783,0.304985191674749,1.24295506257945,1.05073593004928,0.341315514617085
-1.39742487506332,-2.39600894744823,-1.26758199707968,-2.53578902870616,-0.307340027751915,-2.81595203645202,-1.6607153240054,-0.845988084675458,-1.82805998592632,-0.692445938198599
-2.7144342685311,-2.30682951149542,-0.433774327826026,-1.77713821089186,-1.76763702062477,-1.67106877973395,-1.90395207437956,-2.19941277703637,-1.90991071917644,-0.869196629331112
-1.72482516412734,-3.21757632388157,-1.40562823332265,-0.671021517784159,-1.04188565450455,-2.29854192840552,-2.08680201132785,-2.70991033240019,-0.917196693675525,-1.06029082657285
-2.39171510191198,-2.70621224599943,-2.06028132755458,-1.17842900729967,-0.931171219443292,-2.39975454810458,-1.5860092463341,-2.07633804447575,-2.14897900890902,-1.31588717530358
1.09484677005477,0.661828593520838,1.38142324650148,0.852404704170525,1.49508710072672,0.0290318621015788,1.17031793876691,0.148911256339438,1.4306585815697,1.93674391508074
-2.47936701713539,-2.60539586116408,-2.44429709090699,-1.50378078758597,-2.07254567514079,-2.7679750553283,-2.59182255803109,-2.36392403280654,-2.17629493077497,-1.5427912869339
1.01406741831834,1.00981822435406,1.03839662421477,1.87074994768034,1.19788682518717,0.878249915912619,0.962290230838821,1.49623662349622,1.49587028971643,1.97272606328043
1.01406741831834,1.00981822435406,1.03839662421477,1.87074994768034,1.19788682518717,0.878249915912619,0.962290230838821,1.49623662349622,1.49587028971643,1.97272606328043
1.25934151431939,1.13343903780888,1.33443008154036,2.32679426119606,1.62580995404043,0.955808868267922,1.27559401286641,1.3139063952265,1.22768738868063,1.20223472454038
1.50148311498743,1.53101474223392,2.12016960110905,1.95802167344766,2.1009083373448,1.7658034069697,1.4427255542317,1.76748260797831,1.89691781281494,1.87859736243234
