-0.778735745852436,-0.751369329667867,-0.463211833683308,-0.274952728816254,-0.221866927433823,-0.796965343749749,-0.758280961701064,-0.586905341510171,-0.510827754534464,-0.244792742143196
-0.0490163235547709,-0.20267217867526,-0.395917585794611,0.065264036322819,-0.0406030585846316,0.125544644502862,-0.74226277792134,-0.39573138290649,-0.318299105756805,-0.489268246707227
-1.06533789415991,-0.327068730501235,-0.0768278848180426,0.229428061945614,-0.176947061377631,-0.204660774764235,-0.300327909747755,-0.165529302456944,-0.0365635339055772,-0.208364253481402
-0.533381587207796,0.29128419216117,0.256278982120928,-0.591843137257677,-0.0423262750978144,-0.0809654749901414,-0.282270047101773,-0.205318883206865,-0.395237499064323,-0.445073267956745
-0.791497932166379,-0.419927621960921,-0.843513942671968,-0.267556649398038,-0.509626387834722,-0.434380362105265,-0.356963323328532,-0.437516825433494,0.303724632968182,0.646736040250403
-0.306645120242474,0.18753422708025,-0.100786270369818,0.142747252402716,0.419554691578251,-0.358268031425662,-0.011958478812274,-0.0732169919062504,-0.351889856312463,0.339897045580777
-0.469343360164608,0.125114923877369,-0.231221089834356,0.512187231735484,0.49513432538662,0.318606476521687,-0.118016191101923,-0.560639334625023,-0.47687653134403,-0.402227714217314
-0.764149432374295,-0.442328287963196,-0.632933247173597,0.262525858228566,0.683303587820215,-0.789152243664472,-0.310526350108038,-0.657810072995443,-0.0873272805722136,0.599222107138505
-1.33200456082657,-0.549290952723458,-1.18793899592915,-0.867346131602773,-1.39916928359985,-1.23914353338493,-1.2807200666105,-0.965529302456944,-0.491108988451032,-1.16074520586235
-0.782298266579301,-0.34253180946644,-0.333018767109936,0.47062992778573,-1.07610816268192,-1.51892247156922,-1.48971766066405,-0.462626770541253,-1.03358177545852,0.0756024340858648
-0.519508360119027,-0.630668496987039,-0.107194880495061,0.715965900656592,0.714606237955005,-0.834191170132202,-0.257858218095061,0.0134521323412783,0.124768980230683,0.221775726087092
-0.911648865570325,0.0559980587840365,-0.602221043957895,0.37827190808463,0.414693112388393,-0.525433986010295,0.122301231839638,-0.261486387893862,-0.123422804721425,0.865165312896543
-0.184833989752401,-0.582940265120165,0.465878502622278,-0.113664809159837,0.104650439186166,-1.28336107089038,0.340632124034307,0.516853427307657,0.138851700425807,-0.00274062669563802
-1.31356184221666,-0.410267058126033,-0.0434827326247778,0.0424149079654388,0.0194146614178149,-1.14397493746647,-0.0508654632339495,-0.499913592091751,0.463070923889064,0.989106753511277
-1.96732082961583,0.0408665158277187,-1.6129575943847,-1.32009461545086,-0.165342251545285,0.175551737212524,-0.425555025591768,-0.215625273373921,0.065064246992924,-0.833499889052928
-0.592205116619561,0.606561124601827,0.325451914451755,-0.580414565829106,0.239725006953468,0.797822403797737,0.479634714802988,-0.638652216540198,-0.286578755431046,0.108702475750349
-1.81969451502564,-1.53030777368274,-1.0017548746856,-0.634048861793231,-0.448851447147046,-1.16724633481394,-1.41154020163199,-1.50861855250801,-0.661237545446571,-1.31337262838661
-0.501290980004798,0.137161746623004,0.349124339800223,-0.465074788262064,0.303242917813166,0.239706248692909,0.7014978432773,-0.0352647013594212,-0.0768552862519153,1.08955436194649
-1.59990262533127,-0.44994259180755,0.791443817285763,-0.682276427690968,-0.922471672484591,-1.34763214165681,0.365349000517274,-1.24817602606401,-1.12379500393762,-1.7250787468459
-0.225299108646744,-0.0632783918145479,-0.485248066675169,0.372532112659741,0.31993124074083,0.485478508744127,-0.613524950403798,1.12258677912385,0.553953135881813,0.418465922912884
-0.701772699793679,-0.0544146449799398,-0.213139173859226,0.263256176145402,1.10094805889827,-0.420080508725203,1.11327984725168,0.647317241419738,0.0585976390462327,0.030960789901423
-0.762879309353753,0.654595729341346,0.116424141594281,0.684185705477641,0.367283006692792,1.09134543313718,-0.230083839498889,0.0404452627156756,-0.138429373468487,0.58898755358901
0.300544638605014,-0.574164505117315,0.737050761204905,1.25631926483931,0.0208603563608373,1.01919449500038,-0.174692632913176,0.0686964611123795,0.133763548243684,-0.111269667824909
-2.77523024138506,-0.952025299884275,-0.288451286083897,-0.895333026598927,0.0473051279492549,-1.64888701134406,0.622333189964704,-1.19444207014964,-0.784480472789779,-0.206713697224428
0.00175205902561237,0.400145821847284,0.108216737745264,1.43236434435448,0.533688628121732,0.338169791385386,0.483098348643763,0.0797613251564951,0.104556860850151,0.921873924523471
-1.23778246822636,-0.920897024555709,-1.07674954511891,-1.81415939887078,0.197154527406823,-2.25503859712339,-2.07091474182656,-1.70632698031267,-1.616573501041,-1.81694281655919
-0.38948766940608,-0.831203886049321,-1.20456452952288,-1.68187785633644,-2.10458271741541,-1.89441276429501,-1.4664385830364,-0.357605447151217,-2.71468365310955,-1.56814943172708
1.84363516025851,0.576511437224004,-0.610950151956257,1.18205961751503,0.431225856532386,0.871343078876336,0.452390541441249,-0.800285735001143,0.720072004419556,0.408132793534048
-2.6090331555076,-1.20621013146451,-1.92167109650096,-1.41105238976045,-1.4620630858112,-1.55576341040023,-2.10508383949889,-2.15463922269139,-1.74320390927751,-0.953142812070768
-2.624948274871,-2.15107228685299,-1.27616845099831,-1.52620390491197,-1.23682256515472,-1.84279435180906,-2.1333096459505,-1.62107339880299,-1.78593895201255,-1.80020163560018
-2.74896493324597,-1.59222577141847,-1.06524383104856,-0.957508600352798,-0.415486917975362,-2.08904182365789,-2.58495575590215,-2.56068104601488,-0.86381433359805,-1.5917792332958
-2.22309351847839,-2.79854739576142,-1.79388771062456,-0.873444339054958,-1.62975133205605,-1.72543398601029,-1.53960353006512,-2.16815305456053,-1.86470187448887,-1.68081169859771
-1.78464012352611,-1.56676202357064,-1.50334871306864,-2.46010412185286,-1.48995589355609,-2.63935581917649,-2.40902613101782,-2.29695555931361,-1.36858411547912,-1.15179690776603
-1.20281108709212,-1.87828637747907,-2.02330834717759,-1.59603673888094,-1.23762130532714,-3.20080652954024,-3.02651419746059,-2.09771808305192,-1.75511868142414,-1.33781097932755
-2.79141706185271,-1.50837886161139,-2.29680562176397,-1.45037880510304,-1.77586904133331,-2.43804516675094,-2.98928240588022,-1.7358938254396,-1.71300015142604,-0.936073960028971
-2.47200024739584,-2.29999735142824,-1.74690677960749,-1.68103853392539,-1.80781662626592,-3.10291629620345,-2.16954791076252,-1.97385163836945,-1.91122252969843,-0.676738672957155
-2.73583367444225,-2.0802721693468,-1.83530640535699,-1.46449896045593,-1.64429237208353,-2.63540596528652,-2.54512842184885,-2.0674451529835,-2.36145071448599,-1.61065874031897
-2.47002299612383,-2.94129613191015,-1.9617849625462,-1.97055297093222,-1.40817514111741,-2.63594893391602,-1.80585248378166,-1.24737969252296,-2.00181520251856,-2.56599453461967
-2.44992113902145,-2.44937823509377,-1.70985068985634,-2.709855383331,-1.41444165011347,-3.68246884082449,-3.2610922246931,-3.32391605889554,-1.87097097784769,-1.39247034592432
-1.64251373161404,-2.70652109223662,-2.39584102802059,-2.45182659041848,-2.12032400305464,-3.29626194427276,-3.47537793897882,-3.14365040424658,-1.67454240641912,-1.92695310454501
