-0.778735745852436,-0.751369329667867,-0.463211833683308,-0.274952728816254,-0.221866927433823,-0.796965343749749,-0.758280961701064,-0.586905341510171,-0.510827754534464,-0.244792742143196
-1.37302828773413,-0.355251406920074,-1.038084714034,-0.797523672133556,-0.193604589489554,-0.310706803268613,-0.591917993646416,-0.401265307442046,-0.22288175377077,-0.539146315598062
-0.516325109406757,-0.61492070249195,-0.795216596668177,-0.94665456373941,-0.17162888150418,0.25257895180757,-0.175530277067731,0.010404285290039,-0.801071858300819,-0.546272051181494
-1.10364536334772,-0.558125002471788,-0.803236295659039,-0.0868234778795264,-0.374545817828815,-1.06459332108328,-0.630040629134598,-0.837704740493152,0.0566315040262545,-0.0985780943665463
-0.221760847515586,-1.04332971018437,-0.312764365557217,0.333612703097176,-0.670589847019976,-0.968100152448911,-0.722222193277808,-0.589308159339425,-0.766233638915272,-1.28192958730512
-0.592408200851726,-0.855015522230674,0.0246106525450215,-0.238280862616642,-0.198017650324319,-0.932965047586954,-0.0346244361442288,-1.77838153743259,0.169791350060213,0.0102347314111688
0.302599875759581,-0.431447608415263,-0.796911237060212,-0.258332553977055,0.210843953878785,-0.988872798292138,-0.121177347247478,-1.20766827954855,0.566109508740687,-0.230253013853694
-0.940596123166202,-1.547092298914,0.0484648745141147,0.86401314529492,-0.330646741300501,-1.02388940979671,-0.494959058612169,-0.33018297198858,-0.62253502846707,-0.455229112743877
-0.852804326731368,-0.897065346052962,-0.805101934326307,-1.79877542741182,-0.225964049383612,-1.3295975980373,-1.02589813027387,-0.813860145700147,0.228600663152741,-0.937563765362397
-1.69388445068002,-0.978789730566191,-1.19244146509213,-0.843002559288354,-0.841965006622509,-1.17636437707499,-1.43168240059998,-1.37077228210078,-1.12701583190599,-0.598967777106982
-1.39019948840831,-0.744988825898553,-1.01022212914631,-0.483539591455206,-2.01000311012679,-1.55162609590256,-1.32897210294235,-0.825980552877017,-0.645698268620634,-0.17398119959001
-1.04835138822645,-0.915748892102382,0.0582396909284422,-0.183191031175811,-0.433845271609076,0.717311737680949,0.225538870359987,0.738397468366202,0.532654255301831,0.0757207087213881
-0.700402097135366,-0.955824237310026,-0.741032880323813,1.08727062683387,-0.295616374091637,0.725806875863015,-0.60495263046368,0.169446343128366,-0.473482629539937,0.657697400485463
-0.0826348119752081,-0.157982211291051,0.419504693405069,0.345674472440166,0.755851948380766,-0.509333213515681,0.886160037076561,-0.348388720212815,0.465692199668679,-0.0258092873601229
-0.0898405071639433,-0.231483776212168,0.433117196335743,0.715670213804175,0.541999169222934,0.282394379993117,0.0509635740953764,-0.442305245361198,-0.637876174354125,0.907795847129661
0.0172623933966279,0.302380754352579,0.502445833533743,-0.39407993043085,0.0683194852963791,0.159055304279457,-0.429268848226905,0.169997817458673,1.42116764584142,0.435534953145773
-1.62437937098813,-1.84633273078901,-1.21249839811476,-1.12275284987424,-0.815021034275614,-1.71645713883288,-1.28206672274136,-0.917142517016564,-1.25632147852651,-1.40539363838143
-1.07426419582509,0.471037784747465,0.146817758779482,0.340304391361264,1.12049507396667,0.077914044416815,-0.691177261041408,0.674771464382422,-0.390931063453889,0.613673769987855
-0.394308542385602,-0.324505356987161,0.498458725459432,0.389057895353733,1.60416228903364,-0.167902647167656,0.353550781095193,-0.0266463773667451,0.173933201640834,0.585220538069287
-1.93021015456402,-1.17106582170477,-1.96058986669025,-1.17574319530482,-1.59195020097176,-0.944981674360232,-2.03286756249804,-0.334404533372264,-1.07114137079438,-0.136712842919115
-1.14579549197241,-1.93481144353672,-1.81995294896819,-1.46699579864719,-1.36765776034466,-1.73304385862788,-1.1574110247905,-1.52904986148373,-0.764319861008833,-1.20515541521054
0.0643734396967353,0.313115980105496,-0.0229687372098732,0.771708290503799,1.67320923057185,0.266826714822396,-0.202056711975141,0.402741962151882,-0.148442740418291,0.258094020508192
-1.23470581527847,-0.796051996066528,-1.34488528943244,-1.58323866769756,-0.889799598093657,-2.31637728445002,-1.48891892814891,-1.75419399845165,-1.66859942990394,-0.818801253757325
-1.719657082889,-1.378632623075,-1.79596691449335,-0.592822703008228,-1.28624620995929,-0.799438397757457,-1.23496132540548,-1.8414289842103,-1.68907126644522,-1.7913231868718
0.470926027745823,0.298678837762328,0.0724773299162697,0.53610291759894,0.6243741121653,-0.0441472710650832,0.37218487731536,0.496182542234732,0.417657994918387,1.53625987600555
-1.73263433340666,-1.43374273886478,-1.87666506301775,-1.69196642240925,-0.0861351582546099,-2.37972991579798,-1.8130042262658,-1.81062678508141,-1.91742857314914,-1.66831797855438
0.550877546396361,-0.0708866752389099,-0.245522858538246,0.946862619212816,1.85324060428768,0.188289822766508,2.02197339880305,0.729164501712664,0.418365842185577,0.316920592498254
0.859993001946056,0.902606584680515,0.992703881879469,0.944881812287427,1.93193508584594,-0.181749933869624,0.750055803266123,-0.0603593463446784,0.376122576422384,1.48251539635442
1.42093100680126,0.801962400629438,0.852007828251554,1.39184054367079,0.833261654702551,1.10713051188029,0.302367609626549,0.919853198633529,0.354749316630054,1.66644275104369
-2.61435161878208,-2.16152673413425,-1.86489639176795,-1.52566470245387,-1.8931441231853,-1.40539396933316,-2.23685332513409,-2.1553163106443,-1.82898961983272,-2.30924629054307
-2.53472230555741,-2.27394942380377,-2.27403092453652,-2.05813461071673,-1.89318799043775,-2.56964856009767,-2.37715159276663,-2.32209303921817,-2.42339067793342,-1.94447972079117
-3.16946361550221,-1.93791618770062,-2.24379162002794,-1.17500787137335,-1.5192558432759,-2.62511482980951,-1.86743937271153,-2.82648788124267,-2.77559393329354,-1.82738743182146
-2.69796642772149,-2.70478254936672,-2.05472815247922,-2.11474576495482,-1.15441652448201,-2.18702955165685,-3.59131467290308,-1.65918055933183,-2.22368671899091,-1.45194465504949
-2.64115392549569,-2.68305078583741,-2.27723522959914,-1.77152528658979,-1.74566221724937,-2.80761012945094,-2.50010146240802,-2.27875847709441,-2.18506125966185,-2.00354038053801
-2.52209042845405,-2.1851272876062,-1.43154528586926,-2.33926800256575,-1.89708756811045,-2.97990640820437,-2.97301973941675,-2.68387671731965,-2.16559111795944,-1.57583937568001
-1.82496935446472,-2.02048486473167,-2.02260125033769,-2.39200195976825,-2.00919302089546,-3.02064295964271,-2.54278000349387,-3.02650125809027,-2.67820647828821,-1.16913872209333
0.802712686918107,1.39137591177225,2.15614786431119,1.51341729425635,1.41986257255075,0.919733129806682,1.79556589191807,1.07449118872287,1.17472049327392,1.00709612801541
-2.77714871151937,-2.57768034832435,-2.6453947606876,-2.26328656161711,-2.35777853014423,-2.60770472543747,-2.54965401502476,-2.50424295598179,-2.0955834332931,-1.79106022345636
1.06999505250379,1.45281284242541,1.72201201325928,1.96926953907464,1.79262487810423,1.49121881325297,1.46272743678555,1.6158145505264,1.71833622828994,1.76545337469766
-3.68591632318998,-2.97082160307615,-3.18447333760209,-2.83503443179831,-2.83399687913247,-3.16839624958495,-3.42371427310994,-3.36280415461074,-3.11904770441595,-2.59099964961694
