-0.778735745852436,-0.751369329667867,-0.463211833683308,-0.274952728816254,-0.221866927433823,-0.796965343749749,-0.758280961701064,-0.586905341510171,-0.510827754534464,-0.244792742143196
-0.872645813704673,-0.943360657951666,-0.306639906770158,-0.531448135496303,-0.0517079116822831,-0.605515090069188,-1.36294125058384,-0.715607607220761,-1.14156852471685,-0.700052675199587
-1.04096747793893,-1.56687164374743,-0.582547107002486,-0.733336088237537,-0.766578068379813,-0.940947492020594,-0.95727498485143,-1.23652979166384,-0.609693295062152,-0.719281087618122
-0.497085891638229,0.0928437676219637,0.217844371663463,0.270184342861103,0.0198895922497746,-1.13625987907287,-0.433472273448855,-0.957876020589752,-0.972428395225526,-0.720640123083327
-1.21773238577868,-1.13201435320184,-0.915916606396611,-0.720748199291373,-0.639697193184804,-1.24013614783673,-1.16299861946746,-1.02070226593717,-0.988968485384204,-0.66971448680519
0.0876770583889042,-1.41084817976413,0.116469703470594,0.258555218489944,-0.0280273433669922,-0.753786975042879,-0.67043098424999,0.102763366400748,-0.272802731509194,-0.513869828327421
-0.51744011125939,-0.407854124037697,-0.0928714030311016,0.301946002665123,0.59556117303111,-0.298810276008504,-0.453161444320457,-0.307051072036123,0.289108714966702,0.067492381146904
-1.55711644685467,-1.41486792822254,-0.863354926031265,-0.628841334348168,-0.835542384336372,-1.22796060053487,-0.984499143441983,-0.834997942276822,-0.579812275290845,-0.76321782553365
-0.200481145681279,-0.964179369252103,-0.30029495305931,0.141769521556277,-1.04718593479085,0.0701791774567591,-1.45631346924908,0.37690680337362,-0.701433728950865,-0.182566106350094
-0.248650326400904,-1.83189699216975,-0.0632549639744281,-0.0939614694003299,-0.0229906636329722,0.0523964823664161,-0.64153829557638,0.175553872675217,-0.651482118074279,0.0258164618335603
0.0179715725940126,-0.290236259839145,-0.559615959779904,0.223135256016164,-1.14057219396518,-1.17901735623654,-0.472817632759474,0.274676854404858,0.609370420362168,-0.446080986909702
0.00758011957858351,-0.106715906773883,0.211277844051686,0.519835293866455,0.340456446754992,-1.05499919470789,0.0422272265273557,-0.318459887284526,-0.18261259826444,0.0901036594000996
-1.33119330895642,-1.26522756003816,-1.12977241004205,-0.769045957207613,-0.797404374900296,-1.4079071563115,-1.24062417074052,-1.24484328649401,-0.841374126591186,-1.01429066750062
-1.20718101067405,0.453835592475881,0.0472242894841733,-0.432267378358413,0.577260198292248,-0.493359841750727,-1.21347139468339,0.571632427738304,-0.356781267144944,0.0525751478264934
0.0977457206911419,-0.118167806023607,-1.41256415853643,-1.0796883571778,-1.65670714041845,-1.04553707912273,0.311695298056642,-0.930949755450017,0.372792784883177,-0.455350342131081
-1.67012709270953,-0.274654784445235,-0.75563846381563,-0.96159038297847,-0.139448757244075,-1.95752022798253,-1.02128640230326,-1.12775446362855,-0.841656408092146,0.118998733345219
0.113720410534316,-0.0630087652183349,0.181823980412216,0.411257596642758,0.475906457255213,-0.0467638795525354,0.126157615443321,0.161779621413185,0.410020311763689,0.499337682506713
-0.375827630375416,-0.580626448871439,-0.702796877313469,0.943556032110322,-1.78616235515311,-1.48436737390965,-0.973114765152274,0.260636648212744,-0.458675800208597,-0.828584318463207
-0.0628908827340788,-1.5249202099561,-0.762684873870105,-0.396951136036979,0.690238505963811,-0.126499875093057,-1.30380357179989,-0.723877633353638,-0.754620523121138,1.21170702925988
-1.46746540444225,-1.59852865084689,-1.5505262688729,-0.589323883807266,-0.608437271207697,-2.20953425738165,-1.25338876477319,-0.815790367400793,-0.704658757112742,-0.363266799666334
-0.346145493987495,-0.184949726023589,0.375790144468779,1.18188196348554,0.285596231521458,-1.21955299040179,0.034933974970626,-0.436927968078036,-1.26747758080113,0.735847788076966
-1.38920916482819,-1.25632962049194,-0.746192262957863,-0.775330718052481,-0.309000212877358,-1.51783465263857,0.143488889928985,0.675004952286532,0.273263118424842,1.03211898371413
0.486619206069638,-0.321395757329454,0.708173500837888,0.944025013841635,0.776852083464808,-0.563961046528775,0.098261788342433,-0.588073462886878,0.469514282191789,-0.480960936711164
-1.9392772057091,-1.04900849055229,-1.50724546951883,-1.62100384852243,-0.699351507256036,-0.964958323721385,-1.4800210399404,-1.74276599496384,-1.25391484398333,-1.40723648782761
-1.51487561242709,-0.804292737388061,-0.236055065398966,1.21609084044093,-0.894540014614957,0.756646244799728,0.325823930220664,0.152665222304847,0.970642094925304,-0.659655840554226
-0.603633893066428,-0.119134216163376,-0.273256565089671,-0.0943142005665946,0.18817050036068,-0.866273207601871,0.121274082227241,0.438307790252291,1.53892828082092,1.3070004661684
-1.72235952971771,-1.95991075775382,-1.52062790868984,-2.06333166334361,-1.0750534310781,-1.43682977097091,-2.29838942777091,-0.192766776605177,-1.91765699963366,-1.31645246077325
0.53026602409909,0.229150616000204,0.247142973748416,0.955176876923674,0.345903486420189,-0.0498566355363295,0.392345824183408,1.08221942432912,1.58940094377388,0.740201912093155
-1.51984246522003,-0.939586909189794,-1.70544785852803,-0.783140193525458,-2.01848927741586,-2.08915141854452,-1.86692841181193,-1.94986022770344,-2.4871123395147,-0.97674999583958
-1.01309295088591,-2.57925141288772,-1.8044480682864,-1.5401975084959,-1.47638364787848,-2.22457957057841,-2.50270456343616,-0.527875901884435,-2.36766487477147,-1.4044237207672
0.326526738092218,0.460489749327666,1.01099943674174,1.19121381034017,0.942229007254346,0.402656796394846,0.162242263638962,1.71224148438934,1.18704710474667,0.983051938416706
-2.60338475655009,-2.27125791504731,-2.66778867753496,-1.22172670984224,-1.92769965498335,-2.58015531657398,-1.31387990760536,-1.11732431155971,-1.6297134610616,-1.4219793538604
-2.34612837965792,-2.16831524241613,-2.1441978929183,-2.12851424997224,-1.37848436616466,-2.37312772469803,-1.84725704698455,-2.30443658815594,-2.76719466920291,-1.75222982799003
0.444554086012923,1.28516359628564,0.535382885750025,1.98205018958683,0.695052624519506,1.66552912245677,0.629769290048419,1.11380501518494,1.72243194628976,1.36501324291481
0.898639030876869,1.01966054354423,1.2938223076174,1.53993228514137,1.86469780845065,0.764257371483891,1.20445043335985,1.05100853688761,1.30694233881289,1.31118863750499
-2.79311453989939,-2.25977447849812,-2.34314705388895,-2.00009624432197,-3.01663995011413,-2.45741374731452,-1.7864321149326,-2.36469962904389,-2.96675765725422,-1.52078115361067
1.54939906709548,1.4777621535254,1.32419917206963,1.51062104856089,1.66110478054774,1.09499537864831,1.63111710534158,1.50855397758866,2.02010675780209,1.30941207910596
-3.47348700150238,-2.83501014112797,-2.5111229296675,-2.19915495194454,-2.96672767452813,-3.03469822577406,-3.33513414905273,-2.81467412811892,-3.34938841156487,-2.34294664323533
-3.19401697075892,-3.10829893818208,-2.89220119137685,-2.69703278427161,-2.61598177816504,-3.21642073281697,-3.13928320444769,-2.99698685091741,-2.96525307036444,-2.64599907178543
-3.61353466026091,-3.29507266377273,-3.57448550762294,-2.96373588710656,-2.8974828903401,-3.8775578517874,-3.23320876883752,-3.31554885881179,-3.51336571877155,-3.21699959884784
