-0.665139964577125,-0.527560538787991,-0.627916833477935,-0.278002853135018,-0.142426826103835,-0.553902434295892,-0.485540817878646,-0.83184350915327,-0.399497376378561,-0.33207982404238
-0.79948728507933,-0.734049009166632,-0.551319551015677,-0.204252896800596,-0.195714772674004,-0.693301611855401,-0.756210053815047,-0.463507795750248,-0.457886261995264,-0.307573949635087
-0.747629864135933,-0.797831831811032,-0.407711502338046,-0.342241305051152,-0.302902453408411,-0.859170336571293,-0.758683813083146,-0.620355434602412,-0.5418813684388,-0.232412809286126
-0.143356552032191,-0.346388307468533,-0.386798888761201,-0.467000139741752,-0.0539257064624262,-1.13255413966349,-0.465337205141049,-0.336879436968766,-0.23604117845348,-0.437219947342238
-1.1660065565218,-0.731011845198932,-0.530805648235801,-0.223457552439178,-0.527850020588462,-1.00937045328479,-0.629799957581662,-0.633403398627918,-0.596500847466441,-0.525926258144431
-0.497939668736904,-0.221103654153115,-0.505726388110274,-0.0777628517021734,0.0407279358656276,-0.416377815532087,-0.242894133880073,-0.644730890746066,-0.113795176205738,-0.164087776328663
-1.05252511977048,-0.738808229221149,-0.687618268393096,-0.363661817419649,-0.201307762405703,-0.777260329039819,-0.910470517667416,-0.569696289476972,-0.664522933165457,-0.0968379678118475
-0.347224970092881,-0.55273570945297,-0.0403905144898802,-0.450559014554314,0.0762248992230944,-0.451759178025147,-0.817038847263746,0.0205634989461846,-0.612407851608463,-0.453087705973435
-1.12906587523768,-0.669383507708952,-0.667324493553425,-0.242858857401977,-0.25319584738556,-0.819740490804275,-0.836873637410496,-0.559637594030603,-0.727636316358363,-0.144883030767447
-0.914808627296893,-0.536902727709902,-1.04571706960487,-0.625327139179921,-0.599302271722344,-0.61405762449684,-0.578169992486536,-1.09870363123897,-0.6639610147166,-0.176951768844158
-0.87747257538559,-0.670000586744828,-0.679788265605461,-0.409340891656766,-0.464182717731408,-0.654488593901034,-1.13421510948542,-0.866674093807493,-0.93884943208787,-0.261404168962599
-1.29896313772863,-0.51681531741893,-0.272379085716312,-0.67786501469015,-0.780119732844652,-0.78852154248587,-0.815059438192955,-0.669885699189404,-0.325096757003468,-0.621209253027914
-0.638793861623853,-0.560147543322212,-0.756094710548472,-0.199252772979953,-0.366281836150351,-1.23088118602141,-0.965118428026782,-0.870604442203157,-0.502607716261932,-0.417536104241719
-0.693991569975575,-0.468107254998262,-0.297142231824592,-0.360003539659927,0.187793293979183,-0.654239700603754,-0.778999727505867,-0.146910127982792,-0.251112162166604,0.157860514597191
-1.06382167729271,-0.26043281953213,-0.352244880609178,0.0207165373114419,-0.429027537668358,-1.01140868618831,-0.79580661214045,-0.143325328568211,-0.148597770227968,-0.242370434488256
-0.439466975484653,-0.165029840624033,-0.392122298363043,0.0282676320619088,0.165403610630597,-0.333945579678913,-0.20721079799793,-0.500498247390513,-0.0757257205989534,-0.0298929453147463
-0.943965745847136,-0.260875838760092,-0.0610223692114171,-0.171018526874199,0.0913125833570881,-0.814509688239663,-0.266576027554022,-0.368141578517799,-0.135974703885928,0.115426065468802
-0.777605684947412,-0.486808098811962,-0.105195521699074,0.216024143579515,-0.200538216215749,-0.552194334683312,-0.493453670442417,-0.0441234729886386,-0.797083015770589,0.349168088089579
-1.17038572600034,-0.279460204995805,-1.16287554605989,-0.773846375022784,-0.616540446113798,-0.809750705292976,-0.185516969182367,-1.12002119435751,-0.875443419360548,-0.155646353135939
-1.36481371357946,-0.929819002256586,-0.729612805293455,-0.422264709496832,-0.726657177646116,-1.20817761034244,-0.828607114639316,-0.832210555685572,-0.795308004524095,-0.724733415202085
-0.5647669178881,-0.322315339822649,-0.112535585985342,-0.203367597735715,0.240110966889092,-0.48194016448712,-0.622794104103425,0.0121355976633311,-0.0957940707153114,0.301001667678702
-0.935063839447048,-0.437863091745115,-0.62745338497886,-0.617277167515731,-0.707885401848922,-1.30966481656764,-0.497410482721942,-0.796276640901067,-1.4661807956033,-0.440272864423185
-0.789839539508497,-0.737317343594909,-0.97582893677009,-0.269959353893584,-0.358728118838377,-1.41433220405117,-1.11999464186835,-1.09987398622932,-0.543113345587582,-0.405439118137711
-0.680686229071402,-1.47832840007034,-0.677804411633797,-0.391593639613408,-0.572333965371697,-0.895276454043248,-0.834861374920856,-1.08296557139573,-1.14194940251587,-0.633589795838588
-1.00669530745995,-0.528657276226816,-0.612517776374965,-0.487893898927763,-0.844691294602997,-1.3239898036368,-0.505225959201047,-0.785709413634039,-1.53769593699331,-0.525168435582758
-0.5818877619092,-0.297760565828047,0.0739053118958479,0.258130479920444,-0.0719762546517994,-0.335106059735299,-0.252166351620307,0.0397010651625711,-0.672432659051675,0.424314703765486
-0.732476415529949,0.0308427826686194,-0.0131032597461208,0.378569420015219,-0.125846623155435,-0.661782306535196,-0.596999455082796,0.193117552606281,0.12800349176529,0.0769259086649459
-1.18400642940998,-1.26504790958138,-0.0981242108139962,-0.172317957256938,-0.676943775425033,-0.499138586438456,-0.740807841633453,0.272815361999838,-0.397953630528946,0.363746718878212
-0.42674302678251,-0.56433049769438,-0.298974776650451,0.221945335064294,-0.43747342946386,-0.796880881683609,-0.304343335975352,0.44088324436476,0.417541036549192,0.112107636835528
-0.744981373085485,-1.37975145300734,-0.627836311301088,-0.896955589752848,-0.735645174738303,-1.54470555938267,-0.666768764204115,-1.19080583188131,-0.595458642328536,-1.00612336354189
-0.346060465262752,-0.609554426144778,-0.751312947634343,0.274204495566779,-0.361181368535527,-1.4325186771399,-0.10414899015991,0.245396617093332,0.248373080466726,-0.859973824132398
-0.498168757154912,-0.0358202872633613,0.0371376994028738,0.0084841489251114,0.750273741585564,-0.852264239150654,-0.0879171528078949,-0.730732948887065,-0.611206495233044,0.126462558812322
-0.296727758784269,0.00657438831936297,0.625459140329041,0.137565149673839,0.0754577280980197,-0.171840601293946,-0.851291105305479,-0.509619099321792,0.0234481595876468,0.272607276049784
-1.47013558879377,-0.978145105360025,-1.35650302521157,-1.02055428716048,-0.616442333711506,-1.91187323435496,-1.34356963414894,-0.771791976560501,-0.502957304748025,-1.00349386967749
0.161018622942914,0.0839623666795255,0.464796332936933,0.659004488821073,0.684557948733596,0.0137451932079637,0.130371881859464,0.194533643122831,0.393299999861408,0.507271233340899
-1.64294695358391,-1.87395228957002,-1.20692770169276,-1.20565962520953,-0.62077758192194,-1.46063352754232,-1.68349113133934,-1.26506320007945,-1.37029411778901,-0.941172256442923
-1.43412997277616,-1.55774398274046,-1.58000698015789,-1.48925994371539,-0.850634742426087,-2.26934965307639,-1.64823351584716,-1.70673755709549,-1.28966972853396,-1.1580061143666
-1.40433536853193,-1.69422133142251,-1.61626702909681,-1.46589488971288,-1.42576885954099,-1.60544439872073,-1.80455565093942,-1.71016283270809,-1.55934065567367,-1.48769578436223
-1.42064775064949,-1.66213631512512,-1.70259232525732,-1.46882330937494,-1.52949433278846,-1.66572785924789,-1.70335128294449,-1.72330975761029,-1.56431083460011,-1.54001345727214
0.490857769879476,0.338435527713323,0.811105574263169,0.969959272936891,0.956099431544051,0.355693503347129,0.460593939345059,0.461353774963367,0.656585153802626,0.801800354907794
