-0.538567522832038,-0.589065974066364,-0.348574467160887,-0.308467042982754,-0.35864409292805,-0.67463740456318,-0.484768268251078,-0.553021005000064,-0.464967708778654,-0.295262763714235
-0.653838935047058,-0.569767952104516,-0.455914458044202,-0.307020466722333,-0.328303851774751,-0.683467416392503,-0.512643053579557,-0.653780045068432,-0.552809506610226,-0.370876141892271
-0.700138086389399,-0.558863191377034,-0.502614439072023,-0.317684099466552,-0.371992605448655,-0.731954281757556,-0.536563738950222,-0.61961726125845,-0.570109330120106,-0.39585024847379
-0.628374809962303,-0.579787004954925,-0.477009962497732,-0.315885488078671,-0.235502499352966,-0.670859185614076,-0.514049828601661,-0.638087825576238,-0.520230086926527,-0.378621791950459
-0.667501769441534,-0.565829688117523,-0.425930455262551,-0.28996320051357,-0.304886682956885,-0.70265636053599,-0.53048144871216,-0.694171719559163,-0.566189250936618,-0.383216466608638
-0.70014882400637,-0.550810872033598,-0.476245867829158,-0.333235792821706,-0.319981158794451,-0.720614139160992,-0.517375308298083,-0.702922874039769,-0.570624549289868,-0.355336415689196
-0.621984767770154,-0.543168056106584,-0.37439685165558,-0.230481439725864,-0.294709525706819,-0.632037971468394,-0.436685985349163,-0.61868219623853,-0.456969674354393,-0.291724286634683
-0.720862043283569,-0.600523658569416,-0.46721101271115,-0.265712355125108,-0.238806642475458,-0.677950585408938,-0.545269383690271,-0.535339836555493,-0.561884573034052,-0.415192608241681
-0.674913667610218,-0.650271363428933,-0.546984419122157,-0.353212834391764,-0.314979782172592,-0.696912712536359,-0.539582162015333,-0.760567004042871,-0.57828516829013,-0.407719059877058
-0.570399229184331,-0.469505383445117,-0.37116896542777,-0.202470610302778,-0.201921833138022,-0.604429152003624,-0.420112607419071,-0.52730737769974,-0.481884367769073,-0.303260412101812
-0.553934996369311,-0.563356930892255,-0.37545525008381,-0.209831820312302,-0.241129246369321,-0.644730482075118,-0.500745636015266,-0.591626507952443,-0.501268472108018,-0.261834738746145
-0.671658637784265,-0.563299085431915,-0.333770121919224,-0.242815469094203,-0.260410927392405,-0.70783968283552,-0.494539522976675,-0.577331466896044,-0.474337691233356,-0.320517747633727
-0.598346930491151,-0.497082094900565,-0.301540682828846,-0.318908118919564,-0.176473328258481,-0.632385831447802,-0.397319282152548,-0.625553434968203,-0.504577467155604,-0.303260831698718
-0.689356397342601,-0.658026313533008,-0.584276816872701,-0.337710148952524,-0.289612124596547,-0.765033905871602,-0.595572821406169,-0.6888160232831,-0.545457829241653,-0.376713983345155
-0.735145784312598,-0.642345753646706,-0.453470684480848,-0.357277105670896,-0.393606295373705,-0.792045327763789,-0.675904263620219,-0.742997775800939,-0.652895801996708,-0.401575768096989
-0.7448712085131,-0.612518142729675,-0.444351750279591,-0.338319099933299,-0.376369316881702,-0.812263065887377,-0.661733175708568,-0.713514079327054,-0.673646805202683,-0.539797474253475
-0.606961865219099,-0.531384661698281,-0.340562583428737,-0.210215000965734,-0.167245472392148,-0.621160821128754,-0.386324709190757,-0.545225849168013,-0.380320925041192,-0.253356258132878
-0.572997602531432,-0.629938590039443,-0.530397287715759,-0.183712248399152,-0.211402400153581,-0.775234977862485,-0.556864909217543,-0.599840126968164,-0.621626344694547,-0.333656357775337
-0.5438265173639,-0.40672383805675,-0.395497514110996,-0.15930632171524,-0.191011083514048,-0.526333602711655,-0.375175639210634,-0.507124073469044,-0.375990372705852,-0.200297092934188
-0.829263050707827,-0.656641135182891,-0.602149333805406,-0.465325322063183,-0.424716994237936,-0.837882695484972,-0.622448676280475,-0.783859644363505,-0.591005893007941,-0.491778224745268
-0.835419016492042,-0.609531438594972,-0.478793485194218,-0.345372562906643,-0.408352604918961,-0.798256921628133,-0.585289219432128,-0.818385702073752,-0.559921111275577,-0.37068417546515
-0.504990935686158,-0.456699317783981,-0.346385671540982,-0.194602210785476,-0.197238795697567,-0.618131727452849,-0.334301406267061,-0.405493650579013,-0.49891181845203,-0.152362616156898
-0.675970051478682,-0.462018461179453,-0.244516877628497,-0.143157447186621,-0.258214131506812,-0.610870583955004,-0.492407575404663,-0.618335452719277,-0.487274623574784,-0.22275393372842
-0.479613904334712,-0.444205553899332,-0.36823550173988,-0.106848200244621,-0.259568351419753,-0.537971717328011,-0.339516587189325,-0.532903288587807,-0.358928098624976,-0.158920438601807
-0.845622874361522,-0.568394835458954,-0.527973711193098,-0.258445335052525,-0.216821906699029,-0.79602347984651,-0.469579515821439,-0.67529093151421,-0.606148373451288,-0.40335882614741
-0.850436211972152,-0.564089805529452,-0.559367511628068,-0.250284362824175,-0.390093857196983,-0.863070964804569,-0.691025412918947,-0.660737622781021,-0.622364120366409,-0.50620742414516
-0.802748981387803,-0.716650078380178,-0.591167440383442,-0.403259148403822,-0.556671877224162,-0.868589034268366,-0.642240757109264,-0.754050873669197,-0.708102320053611,-0.500567634498895
-0.805980580616846,-0.75353438205019,-0.633928870138048,-0.453774722606648,-0.505310159937485,-0.853608191231225,-0.628896129536439,-0.812272755995941,-0.60491216473649,-0.441956995040092
-0.792421176275834,-0.720568566260656,-0.557810180952721,-0.386674999353028,-0.351308346399825,-0.792920706119485,-0.637939002978225,-0.849985173244957,-0.690532992301636,-0.467033358936169
-0.828644485441666,-0.667213973969181,-0.696609623964475,-0.498646619587798,-0.474680489854587,-0.848970485560169,-0.647347768859332,-0.833127373685409,-0.659190279048513,-0.438442996649605
-0.775986899833839,-0.700303185597114,-0.609939898628626,-0.431593678312464,-0.482496637555065,-0.897667229994288,-0.659250088240608,-0.833463235460377,-0.720843639565873,-0.581460880548532
-0.851419585772085,-0.736091895169125,-0.715207083793085,-0.528125721701686,-0.512019213679202,-0.854179784531205,-0.654379857224142,-0.782012030765282,-0.699477097893481,-0.538566880544494
-0.449241900831242,-0.299024327121176,-0.273601320716815,-0.117341055731627,-0.0699371310952714,-0.433985564646715,-0.415951589108331,-0.400493787957194,-0.374957017033526,-0.165389590250781
-0.448950786954692,-0.403764472654489,-0.17041362054311,-0.045641663445951,-0.123929462779256,-0.609654475147049,-0.354781079092586,-0.466971139516273,-0.433165540410745,-0.161458801249778
-0.848733146915434,-0.804158850364051,-0.657640536864836,-0.419324948007295,-0.552935743957434,-0.963407227926358,-0.675903686138788,-0.807874440025658,-0.669798344810473,-0.566198823070054
-0.873429904482804,-0.757337239167383,-0.653622687495785,-0.518437753811341,-0.538925611019524,-0.891351865303496,-0.718559880466322,-0.876829750615654,-0.749077237250815,-0.547453817965971
-0.408279136846699,-0.345480749118603,-0.180594016387625,-0.101472330421553,-0.110815486096349,-0.506766625758927,-0.290341497703671,-0.361973341101257,-0.327806328197603,-0.119204285126227
-0.886573746316395,-0.798170596899171,-0.702196022260018,-0.546766836875358,-0.553666059357214,-0.918082723790864,-0.719160475119934,-0.878212618841026,-0.741446468980432,-0.556252757304907
-0.903148822543686,-0.74903127787561,-0.692145011123364,-0.52893164728576,-0.563456274845832,-0.895912154161003,-0.759955465301147,-0.897057250228126,-0.794455251046745,-0.592477261921712
-0.957246424542165,-0.856352578802951,-0.758016160785604,-0.589317805660611,-0.588769028495856,-0.991276347361457,-0.806959802776905,-0.914154573057573,-0.868731563126907,-0.690107607459645
