-0.605233739822932,-0.531330715932246,-0.388080695445832,-0.356666525270395,-0.424441358451771,-0.606383268679894,-0.448833506280125,-0.581870183370602,-0.492965570335174,-0.372126844501101
-0.560671898005361,-0.661721502465176,-0.47057004326703,-0.40831160964752,-0.379971380443912,-0.52467462811705,-0.453351030744469,-0.635994530966354,-0.511459098778526,-0.358105977013365
-0.514793626493237,-0.577182806346297,-0.40163966832215,-0.320953358758019,-0.405285214770934,-0.601520999055864,-0.51076284726695,-0.622982780316565,-0.48660007564899,-0.350006388072641
-0.51482256952649,-0.538224803891474,-0.438752207797514,-0.344609939710061,-0.351489114793436,-0.647514079651624,-0.594510927600084,-0.618278125167978,-0.495232240228361,-0.405909263961738
-0.592005861024884,-0.590673599858318,-0.444691955544685,-0.323141450437954,-0.38756848051718,-0.635385275087246,-0.53088869222616,-0.601639985463609,-0.50998302123664,-0.356085555781563
-0.682579464984425,-0.642926273253079,-0.366279306418797,-0.405915286565124,-0.371102829938428,-0.511198031820521,-0.559240412750917,-0.562326480272714,-0.519089528175455,-0.387922846211553
-0.554930876133306,-0.625663168515072,-0.427231870791655,-0.389213581369664,-0.508084508167907,-0.751134103756847,-0.524581422438998,-0.638546615662333,-0.468210594111264,-0.505977488846818
-0.570259734362305,-0.548372174306952,-0.327825269121778,-0.406054184272272,-0.420643193993302,-0.601885551657773,-0.492105534705727,-0.619333311430918,-0.442871652215868,-0.261582201212785
-0.666647116881805,-0.647152790004694,-0.50763725352262,-0.376656834532998,-0.453872053955452,-0.678107683886573,-0.597030402030835,-0.662356139471856,-0.550599105071204,-0.428088268642607
-0.557938166089069,-0.57343556092214,-0.301435451607219,-0.31101488959838,-0.407466290419612,-0.615990736280149,-0.568853943808598,-0.528760521646824,-0.384566220327018,-0.36784513445133
-0.651793328942574,-0.606072696750135,-0.481459671575616,-0.325030982400455,-0.345505599371165,-0.661130832773225,-0.594109736728998,-0.56191199627969,-0.469794992461175,-0.367797948903594
-0.562223339406637,-0.627181536366254,-0.327220576749264,-0.335613105766752,-0.343021629518716,-0.604062523764494,-0.58815443723384,-0.62853074176613,-0.446437603069373,-0.399315751085491
-0.613760109410834,-0.720933202876628,-0.533068647468148,-0.394793057262965,-0.444810003362622,-0.61724929455686,-0.655797141887736,-0.670673835578999,-0.5807342333814,-0.522673922384363
-0.568874164436625,-0.558149751864374,-0.403244359821668,-0.263260577153771,-0.334204499772588,-0.58353478371676,-0.499820709723574,-0.525260899521984,-0.437231330053123,-0.303328550821596
-0.573611812433532,-0.609600033610805,-0.541301790241264,-0.389381046750519,-0.4024808821529,-0.682362741735688,-0.50619764881691,-0.604542381767218,-0.509055785345156,-0.228298559404205
-0.654552861925613,-0.670269627225464,-0.440778865333864,-0.347673169474088,-0.275444532917523,-0.574909685627421,-0.541417104975261,-0.495280377990008,-0.454480498506712,-0.346172903255759
-0.507916958151646,-0.574903200513725,-0.418001399180883,-0.218700969260059,-0.353031717820999,-0.625562527893141,-0.549411354411787,-0.617004665548954,-0.426375502586732,-0.382736794719705
-0.628759951772623,-0.771203564663714,-0.506169445105846,-0.418750995479579,-0.530141816871669,-0.695737577413011,-0.587715268242609,-0.590984546903532,-0.548094254326281,-0.367157063501128
-0.676370901907244,-0.704382988608814,-0.563827753943699,-0.485431984906721,-0.430539612976608,-0.736435373194045,-0.648531505436481,-0.636446157770373,-0.499099021765204,-0.485325811112308
-0.644832485310796,-0.750287975088543,-0.567143538685897,-0.425714516755854,-0.386860897794469,-0.644530400547644,-0.629684762537341,-0.704175408251078,-0.599781852429019,-0.547075941256428
-0.783567887364181,-0.65543755633518,-0.466388186666243,-0.399608909736275,-0.526565158846062,-0.699479481223817,-0.597205591432354,-0.653486796665223,-0.652160245969754,-0.509438116861674
-0.691577613189454,-0.586234181308007,-0.356549529246516,-0.22274229995643,-0.356242023381222,-0.525426786600021,-0.578863199734898,-0.540510954124037,-0.644754029654103,-0.346257134912422
-0.68072118703801,-0.691663957330627,-0.575895064940371,-0.399031708417544,-0.505684126131305,-0.728322160459705,-0.660192372591874,-0.723368437154842,-0.610672355668476,-0.501147359199833
-0.734235442534646,-0.701079815360291,-0.473103765330595,-0.292651950528114,-0.430996236961988,-0.66790360225392,-0.625325778152298,-0.694646388904963,-0.481504800682782,-0.46742574276269
-0.711598756489937,-0.735365626043065,-0.397650147766093,-0.376728077575811,-0.240407560155479,-0.649067340709733,-0.54868367156609,-0.512171670041668,-0.568175808202105,-0.430546794261135
-0.426883846975931,-0.53106879792438,-0.335577908274895,-0.26347033980625,-0.22749422796676,-0.433144356386556,-0.449867195738894,-0.519761220316294,-0.467599834642765,-0.23412038277567
-0.788361675509635,-0.788833407904008,-0.506994541319525,-0.460713400604751,-0.541769536965418,-0.695095110958205,-0.662883113394797,-0.610583360666526,-0.554692928564977,-0.493295153346604
-0.490049758881719,-0.455336085662891,-0.3584608022221,-0.195077848141478,-0.284149477168749,-0.439633405970181,-0.360430888941393,-0.417794821455341,-0.448998329051998,-0.256198038061692
-0.774678998475292,-0.625181074465794,-0.50493693950071,-0.346265833375295,-0.527925703063749,-0.768940884018553,-0.711624041739306,-0.691582034760461,-0.552625213101388,-0.487504494928052
-0.746537743851208,-0.761120891464613,-0.60623459511604,-0.49242078528999,-0.544730084826263,-0.763056074043161,-0.769167915551141,-0.714224180794694,-0.550338226099024,-0.591447618923379
-0.795709930299123,-0.721806906408436,-0.578556885922023,-0.547142715746586,-0.614917548927962,-0.796859459156084,-0.639309696756316,-0.772346373846793,-0.683441760811365,-0.562603034977292
-0.42526751466096,-0.375227314835884,-0.259182369179715,-0.16974387824996,-0.218907538691734,-0.464089945007913,-0.409896689576426,-0.427790557047328,-0.282071979529206,-0.203128472464881
-0.782482051501074,-0.781149790334508,-0.635168146020875,-0.513617640914144,-0.57804467099337,-0.825861465563436,-0.72136488270235,-0.7921161759398,-0.70045921171283,-0.546561746257753
-0.425254303709276,-0.395332269996714,-0.204860122462612,-0.156175047575689,-0.244194595408195,-0.389289950561123,-0.405782566155081,-0.424024037686808,-0.341289798955861,-0.116983769858931
-0.442534721336044,-0.403790621830203,-0.253204878241032,-0.14750825502346,-0.164788795212605,-0.412232722950458,-0.326893295451452,-0.414857097566728,-0.308429095489365,-0.121834278917135
-0.442534721336044,-0.403790621830203,-0.253204878241032,-0.14750825502346,-0.164788795212605,-0.412232722950458,-0.326893295451452,-0.414857097566728,-0.308429095489365,-0.121834278917135
-0.380627266480503,-0.391844022170828,-0.230435821738103,-0.116260114151331,-0.182959000978273,-0.371061977398752,-0.350907079417583,-0.342964889482552,-0.273174153227822,-0.137971437076471
-0.412231832323916,-0.379808293722699,-0.225524998221985,-0.0908512921872022,-0.158711159183691,-0.328054044399692,-0.336771957643656,-0.393853230001524,-0.281658791558864,-0.165548954204241
-0.848333041288086,-0.815520971456746,-0.656515166356945,-0.53943778079614,-0.497865073011116,-0.897715484790539,-0.811260506724935,-0.788736059390266,-0.736718746905713,-0.535311720224496
-0.863970398986617,-0.835458885250978,-0.684419789491152,-0.558862568877656,-0.600528535570532,-0.863352480039908,-0.760829128596821,-0.819291532418096,-0.711232715649553,-0.567506158956115
