-0.627760545014963,-0.542038932050333,-0.439001616445818,-0.380579712285093,-0.44884469469696,-0.497379502829149,-0.51284647056442,-0.621226953202755,-0.477110831682804,-0.378706789360556
-0.547960111539054,-0.613136746135358,-0.468434355823293,-0.288046339870227,-0.503740584682761,-0.508998569660691,-0.456500854784236,-0.539673559693178,-0.517374721987539,-0.364603326387699
-0.598619800423908,-0.561002157895282,-0.416386325495259,-0.339903987854174,-0.406004919484475,-0.62088427188357,-0.489861099253142,-0.591755084417106,-0.501474295785907,-0.364106200141332
-0.569746159645347,-0.545063303232391,-0.469167001110117,-0.382824449048448,-0.328325891253265,-0.654461954669616,-0.587879601906283,-0.597045762923173,-0.523026035709261,-0.388035440587875
-0.587746737092619,-0.539851445119599,-0.357952982283805,-0.381360354771333,-0.422542276222536,-0.604134410168833,-0.470469520492926,-0.60060174740076,-0.467918611275521,-0.316854522856943
-0.640849013484185,-0.50244941638807,-0.381561727497334,-0.416444939663159,-0.42181312625797,-0.614000800519146,-0.674003511770022,-0.59656020388627,-0.536724651232321,-0.379982181817938
-0.647602402303995,-0.575192418454629,-0.359280259925418,-0.38835925000724,-0.437302922026464,-0.472845451678632,-0.430701864280515,-0.467194513954048,-0.409977257040208,-0.290396008411519
-0.669734591178789,-0.616205265646268,-0.430592230388214,-0.324659237899254,-0.42771879770688,-0.637143435466907,-0.537079642216212,-0.638258286137783,-0.487235185508978,-0.419776293631896
-0.536968825674739,-0.609388331940526,-0.355120297210292,-0.379378312688065,-0.357895923073319,-0.563257513979186,-0.313791669363769,-0.638093389498932,-0.426100114475411,-0.408552705167949
-0.540404791121981,-0.465491750565026,-0.3000927144048,-0.370749054768698,-0.307413370060285,-0.423252564047985,-0.492177376972827,-0.497685264887104,-0.337357930870326,-0.368165262813633
-0.660928295517291,-0.500276758654175,-0.327419691153543,-0.420277833479686,-0.354537178100539,-0.568605908528648,-0.570588820782859,-0.661009343911332,-0.548283248999134,-0.330472022809687
-0.623107278416309,-0.449713216197429,-0.354232805810467,-0.265824209723421,-0.36962373247665,-0.610963521248107,-0.449435897774358,-0.606467836051746,-0.613981718730016,-0.482380067035944
-0.565909413306171,-0.562446436999502,-0.447125070275839,-0.27385676796512,-0.375116722678506,-0.475107343867567,-0.483773783500801,-0.586427365137067,-0.496810747245339,-0.246081652160949
-0.540688492634048,-0.454480621055585,-0.337964395023478,-0.288480934859442,-0.467626596952066,-0.608239551164837,-0.355443517254463,-0.6471485693321,-0.412334654789647,-0.377339847816571
-0.637861199335772,-0.617507868033642,-0.460544023658914,-0.381504439167907,-0.539388903309645,-0.683526107057571,-0.54922012336492,-0.716278474253451,-0.620802972987564,-0.400133476427512
-0.641691557848248,-0.474788310706768,-0.356076945799871,-0.241515326611494,-0.338234899005814,-0.607752012884448,-0.459768441961869,-0.494896929575899,-0.437024821950241,-0.360886345656919
-0.568658749789732,-0.418687167382948,-0.36217109101437,-0.188875834657412,-0.347115957893165,-0.481731836715954,-0.449610394865816,-0.528503977522735,-0.467589774235351,-0.329605596380766
-0.533550947137533,-0.443415049953324,-0.318539791280117,-0.308470827893981,-0.250394079127347,-0.518518205203981,-0.424362821717996,-0.51468515996189,-0.340836607806946,-0.353878550401214
-0.647286609053388,-0.693231508218099,-0.483557611391989,-0.438623895094953,-0.492435805128199,-0.794934188677418,-0.618959778775064,-0.653334154217175,-0.556489410496464,-0.479000234186194
-0.577568692561278,-0.526322113743741,-0.296831692857495,-0.254380230238843,-0.329781599934951,-0.514361875024893,-0.425844936988181,-0.592102072998647,-0.343638077965001,-0.339880158607428
-0.545442463302074,-0.483381930906061,-0.265184100336834,-0.22117467327879,-0.321077164094135,-0.499567402078191,-0.451917728839428,-0.453140487525499,-0.291179979244231,-0.355389580192899
-0.708498657147202,-0.780306532459465,-0.530853679117402,-0.445004813103372,-0.509171628318419,-0.724482315773975,-0.617230933791311,-0.684657646608066,-0.613776923756846,-0.536347252512941
-0.668097214827844,-0.672413257132025,-0.573240705612588,-0.404605296588023,-0.54448286656584,-0.727318302903749,-0.701817940379716,-0.77137748999718,-0.598240682079294,-0.488428128455297
-0.511796417666959,-0.434927288569303,-0.392715845343058,-0.224779004226776,-0.299609127892468,-0.544752511849157,-0.377645408767932,-0.511150792543781,-0.396319190566724,-0.189523264887504
-0.627211055989339,-0.724464035273917,-0.417217511773175,-0.238333679351729,-0.454275416548167,-0.629091955699652,-0.538284374199745,-0.759794070077371,-0.618483984939791,-0.386266776189639
-0.576483236689127,-0.367932023121788,-0.31332938729794,-0.332182225827413,-0.305845533024826,-0.498856386959463,-0.290705739044199,-0.410480087269727,-0.343873675512729,-0.259460810345504
-0.759640381734224,-0.713232825920334,-0.404844253034708,-0.337142742784191,-0.468860306371577,-0.638192006947809,-0.651255930053903,-0.669621037709098,-0.717362398790117,-0.502944505375786
-0.661975516389422,-0.71709294075393,-0.556296294207809,-0.473171371926544,-0.523318305960979,-0.817626037135849,-0.626829665954901,-0.741451064352592,-0.567982438081263,-0.399214434482972
-0.56333478704439,-0.432293821641651,-0.294856076020847,-0.237857289352501,-0.247070614696677,-0.450746502479162,-0.395263224383886,-0.467314032044879,-0.328476059302308,-0.278838736070038
-0.722970579484644,-0.778677887345072,-0.585540033424942,-0.465212228672968,-0.524613986608025,-0.695918551886457,-0.654860042367781,-0.764896390403553,-0.612024454838001,-0.601380617308841
-0.763211369905373,-0.786584275706868,-0.566685052299982,-0.478599081083983,-0.528284809776002,-0.796216735676102,-0.676610422999442,-0.708353734240403,-0.55257975258388,-0.480149329094631
-0.419743603933771,-0.436378638721325,-0.270821350773878,-0.185976470583568,-0.244872360224085,-0.422062960935265,-0.362562003400819,-0.436518688791688,-0.347096581175175,-0.25764706275962
-0.794987060506044,-0.721084036615358,-0.577834016128944,-0.546419845953507,-0.614194679134883,-0.796136589363005,-0.638586826963237,-0.771623504053714,-0.682718891018286,-0.561880165184213
-0.390328987295007,-0.388743621540547,-0.217902962435632,-0.183186732636917,-0.276509612626727,-0.489005365535258,-0.29695414367645,-0.420455078833355,-0.290834761540107,-0.249298845990848
-0.479981270495677,-0.426451944963156,-0.240838909705102,-0.134905917216143,-0.237965477023768,-0.447390114783795,-0.3473263215331,-0.448504965454671,-0.297481864825866,-0.230022972948784
-0.806750166480889,-0.841020460981092,-0.636878390958951,-0.577462081058099,-0.667044908344832,-0.840813743729564,-0.708027707944479,-0.776180685820179,-0.71028323301384,-0.559395274684227
-0.799250245299995,-0.815885280087549,-0.650327992140102,-0.565483111949792,-0.624379001590309,-0.801569602301489,-0.742068644767042,-0.816025330157912,-0.726603222541399,-0.637153704125844
-0.397993416409507,-0.350098124436487,-0.168199661600693,-0.191607034088221,-0.232788955539425,-0.414381089485721,-0.280716199809814,-0.410848426717648,-0.278165290592409,-0.127101202173831
-0.471607136374554,-0.341717512417605,-0.247768480399163,-0.112524203500768,-0.236486585071021,-0.346466543377813,-0.280136697806293,-0.322332214175263,-0.25685677297738,-0.098546457713981
-0.325490701082992,-0.273578172281368,-0.10671708827111,-0.0666674657399301,-0.144564656246871,-0.308083288937396,-0.237554715534491,-0.313193789845593,-0.227374363962405,-0.0548019864969043
