-0.524413986091845,-0.553783291138134,-0.436850108758259,-0.38598073848007,-0.553714619982764,-0.536855594118412,-0.514106710009915,-0.643365100544719,-0.537456912822836,-0.453930384169151
-0.598338141985278,-0.485854921281551,-0.489172767239671,-0.358166247142709,-0.472512694223394,-0.537286453336554,-0.534374840948936,-0.61771301618557,-0.646728036990304,-0.454453879680255
-0.559834192983997,-0.540925618796581,-0.378025151655761,-0.429104413702565,-0.419364217893924,-0.564308522430182,-0.465296873664463,-0.620362628985474,-0.50252344560284,-0.34353854678626
-0.582364685344851,-0.575713631995429,-0.397060956828055,-0.379979012486579,-0.403370308885139,-0.530318508404167,-0.413319069964094,-0.629660171350844,-0.451605473079108,-0.393629747264252
-0.656479420329654,-0.583726743797927,-0.425799952418922,-0.425055029052478,-0.438952948477439,-0.600399123472307,-0.495869134466987,-0.619610061072836,-0.557031242660874,-0.39045536484581
-0.622310763850802,-0.549744381560906,-0.359011658528403,-0.378498608353674,-0.391346280726894,-0.484767333403314,-0.531716474507199,-0.551368793627061,-0.436623533447468,-0.373417417205609
-0.632810872175367,-0.579773400041987,-0.449772820052366,-0.3810420757265,-0.494116799003302,-0.59045280494336,-0.53103329696467,-0.668752713728103,-0.548956902335184,-0.389420132894034
-0.637523577034175,-0.617635220134216,-0.461279613918903,-0.409601803690023,-0.47064024991258,-0.646156845753284,-0.565903124669742,-0.637280553709965,-0.516800121089634,-0.428853511773375
-0.644344420266127,-0.521157845352254,-0.383210653799681,-0.400428772882389,-0.40169093639875,-0.532992705678899,-0.54171764567364,-0.641118148557044,-0.512697040340969,-0.354589406085122
-0.646297056839844,-0.578873002366666,-0.435268661793973,-0.410781795586707,-0.547619741546601,-0.626747824584375,-0.509387230676809,-0.638002876003699,-0.390896688207239,-0.401418351472036
-0.468386177770421,-0.551472649245747,-0.422360454572745,-0.24920769244525,-0.463888967168858,-0.534959247621403,-0.481162886093378,-0.603524139991358,-0.448059787699017,-0.381594532567326
-0.54998215306596,-0.621074204443706,-0.423768968809076,-0.302137091870312,-0.362250683469215,-0.549951581293756,-0.437311731350706,-0.570752770851412,-0.485505660190202,-0.379688702244432
-0.646407369319447,-0.566026632219374,-0.454385070592646,-0.377884549529101,-0.485405749701366,-0.633972798566029,-0.475123126031698,-0.693980001131787,-0.429977710503119,-0.437181138689959
-0.633650443456985,-0.588999926482248,-0.419771429267419,-0.37649155951162,-0.497738038864529,-0.51494658234835,-0.519350817306656,-0.56004806458953,-0.444006779124513,-0.251999298461301
-0.486344177482326,-0.526670078703365,-0.383951540126464,-0.279884646717126,-0.52623903633973,-0.612596591104617,-0.612641058523026,-0.648499000326419,-0.477776582594491,-0.389883689628497
-0.625712237575747,-0.393510037313835,-0.447275797629645,-0.372857451547985,-0.60607102889932,-0.681575608372459,-0.574685002559944,-0.621554588787621,-0.545606958792738,-0.392865988756195
-0.523752074474367,-0.489208785385829,-0.354911483609848,-0.28327809143433,-0.346858527460522,-0.459721231882207,-0.437704236982619,-0.528872820997222,-0.41210370642899,-0.318176926060088
-0.567363283792357,-0.451442706654115,-0.328879741721527,-0.335037061159741,-0.348659841747303,-0.45546702974309,-0.402334971334202,-0.438936456170302,-0.46228743275947,-0.299128055965222
-0.664989567602281,-0.63421376760018,-0.485941919480857,-0.294157817926763,-0.356402366314163,-0.509814190528726,-0.527175851403308,-0.677983603639041,-0.550252377242368,-0.453342729812915
-0.584224518824505,-0.586026452221336,-0.474408422472919,-0.354428841132709,-0.596861984828924,-0.647327485409091,-0.497156966184174,-0.773289662326742,-0.501433518283485,-0.438171110305353
-0.671031791115877,-0.632818078363899,-0.475088299536212,-0.505302487821052,-0.470500856932265,-0.679440397486442,-0.652982533939915,-0.680839636858349,-0.598695868560831,-0.486481615060141
-0.661949436979645,-0.637166529461523,-0.499367048314693,-0.389728221711015,-0.31251688587601,-0.667061177705309,-0.548909990399145,-0.637546919431048,-0.438169642832214,-0.425348561925525
-0.685058924539675,-0.608344993452685,-0.418746532633459,-0.51624401693005,-0.421296315741558,-0.641788878483918,-0.543305727716045,-0.764970680218617,-0.584375029287709,-0.393505332204623
-0.717390340219277,-0.713194298776663,-0.479764170438641,-0.477545937299067,-0.537938249675246,-0.572326489920656,-0.514588311119914,-0.76618611127943,-0.525576049227706,-0.51691404084525
-0.717255355747926,-0.691529696515712,-0.537940003702385,-0.479020896671596,-0.557944801520896,-0.669096623279356,-0.61043708925445,-0.698703819511467,-0.593697032348322,-0.469051032022391
-0.546148991737936,-0.606630558324941,-0.394794728734027,-0.3107808975484,-0.394161607977993,-0.478426326852492,-0.455427752259349,-0.505539162854694,-0.357569204190678,-0.194352689260968
-0.752247612191873,-0.580815530373245,-0.555331411414555,-0.472397157599702,-0.556865218596501,-0.686415419653345,-0.665294790583933,-0.718168449010036,-0.563965171845273,-0.485553177130754
-0.575278201837568,-0.557961563485349,-0.315618298435195,-0.246016420852074,-0.346432488984399,-0.540706511042255,-0.524732099737197,-0.534852272644297,-0.413238808204992,-0.277398848850066
-0.538292913763269,-0.483155042554065,-0.275278127599262,-0.258168729790772,-0.392682892414709,-0.504527388205089,-0.348298577367947,-0.593138346998424,-0.526272592316281,-0.280581271692224
-0.578174932509587,-0.318654902101197,-0.375613220369898,-0.231943242537403,-0.32101745240218,-0.498160870016643,-0.323611253482558,-0.54663462420087,-0.468213400141966,-0.359654959389176
-0.744518023053437,-0.696704682179221,-0.5373002931944,-0.4199621949568,-0.559658852835282,-0.648608236288506,-0.633142053998,-0.772455686662113,-0.509150817585211,-0.419579420025247
-0.601804422112612,-0.45500344345919,-0.283195661033624,-0.209780410909739,-0.306614715882241,-0.446150988139087,-0.451293407828726,-0.531144181016665,-0.425823527884419,-0.256834747873313
-0.479093684256886,-0.472136815430702,-0.295891730957414,-0.223756345870036,-0.289972244683493,-0.421894992477365,-0.376002785353669,-0.463906383081214,-0.356407960895628,-0.268491104112552
-0.791700535612317,-0.723216439721234,-0.556952571475853,-0.506515888086164,-0.578349064140152,-0.694906605751218,-0.658381620600497,-0.795700429924898,-0.5994103716481,-0.548329390808188
-0.771400602169048,-0.764749548819626,-0.586096873652252,-0.569014929310775,-0.592406225709336,-0.719354425228364,-0.602354986788291,-0.81869608817504,-0.640641389903304,-0.582665664088449
-0.764323640755308,-0.726110032940901,-0.671769879755796,-0.489058541367499,-0.636654378133752,-0.703284672745811,-0.648125468186327,-0.817427406555915,-0.67689278503734,-0.604610925652393
-0.398824411452812,-0.388551922268649,-0.264682069310359,-0.145277109253463,-0.287256722865664,-0.314153119420723,-0.295637745850131,-0.39141433962377,-0.308206860010975,-0.182619141049931
-0.472887999484929,-0.329356843171947,-0.225237600407367,-0.0845211720436187,-0.252648536634373,-0.354845762294895,-0.330907694674921,-0.330002646070862,-0.239256831502932,-0.194147584284516
-0.826559493858372,-0.806671136958412,-0.6503155307431,-0.598637720514219,-0.659676166736776,-0.83519276257748,-0.754939041493939,-0.826316470534162,-0.705836037913831,-0.617889428597571
-0.502424861488709,-0.320895235466483,-0.196357113114782,-0.109071291111696,-0.293656328114755,-0.337907060070504,-0.31331578078271,-0.334298916907775,-0.254743726715725,-0.111027379680936
