-0.449007337238969,-0.571754225569064,-0.508939374016365,-0.492062371473535,-0.484286895208283,-0.516483669195129,-0.505859222897234,-0.554298411694691,-0.462903756586729,-0.481701785591831
-0.53759090804102,-0.446325789649765,-0.430779552762056,-0.474299902450053,-0.52669219345655,-0.452579420868636,-0.50505640653797,-0.562509967821934,-0.44869767925615,-0.505004330485868
-0.54486363668638,-0.519254010812774,-0.536589712026628,-0.499914922506386,-0.481116277945184,-0.599771261630365,-0.500705833467722,-0.484092165255964,-0.572579560944332,-0.450868146479008
-0.586239232738043,-0.444039913245176,-0.452257052071976,-0.470878416290108,-0.452121145516151,-0.551920910177628,-0.423917299413482,-0.496271668651916,-0.548381146122282,-0.425595493733688
-0.575814972947048,-0.576488053029615,-0.471330300653297,-0.499455534114928,-0.528252135627003,-0.591173463771448,-0.555385016160647,-0.60666535749326,-0.48720031641488,-0.455363052134772
-0.613883775129153,-0.42358947098743,-0.468642962037153,-0.413231553536438,-0.518449409169799,-0.572089545757655,-0.516615159906645,-0.567085897867324,-0.519742712932905,-0.453218512315204
-0.499627999469183,-0.522683179877758,-0.366271024159266,-0.427112472167674,-0.503706761053692,-0.545253229590247,-0.385303817724279,-0.52352649958107,-0.481199258422817,-0.42634583016841
-0.492213590732397,-0.436271086540228,-0.406376242843422,-0.480139779260823,-0.39909680088027,-0.539034845380196,-0.370374645893656,-0.44903442007564,-0.486737545844164,-0.464575035511459
-0.504875944676706,-0.635114547400374,-0.524964053143727,-0.460862326572625,-0.534197724657026,-0.53299038185072,-0.564975458962067,-0.510737591285489,-0.579343615120069,-0.388113675335352
-0.478717628563902,-0.51100061075438,-0.404521046731252,-0.397531100709605,-0.495831193116875,-0.617399530998623,-0.386042558720984,-0.535450244556283,-0.461774246967072,-0.447169702933297
-0.455007080261525,-0.463378297017024,-0.451222640004437,-0.43375982334141,-0.487538113892855,-0.461316913436646,-0.541298072393137,-0.364640451749027,-0.403939938008655,-0.389675153382307
-0.491854400484449,-0.401648148716605,-0.374250022151118,-0.433284205751752,-0.446079515906286,-0.545445971285984,-0.502166646561227,-0.432882532672573,-0.40350871830607,-0.426794379052195
-0.53322995560716,-0.624288340572884,-0.482912338318674,-0.519873762357999,-0.548996701962128,-0.628115528096301,-0.537109369847059,-0.60734557384355,-0.567844284303892,-0.530187832525083
-0.486140308102758,-0.381606742284451,-0.452002727758598,-0.446059598435658,-0.470856061916364,-0.454409579258939,-0.427729531992263,-0.399169646608168,-0.376344199853536,-0.440001057754667
-0.581635762677475,-0.545117658369965,-0.511905208340457,-0.516095408614775,-0.536284261751746,-0.638629984044682,-0.638514077252809,-0.560227030306918,-0.571772125445294,-0.499189877527075
-0.471050071912981,-0.538727043286728,-0.377410757144068,-0.37281948526188,-0.513160213449592,-0.564444542738644,-0.483415149161967,-0.553934532911181,-0.434995726658053,-0.376708227665907
-0.534218560773279,-0.439982879775149,-0.381169205880612,-0.414917563738424,-0.469510666218873,-0.531636050719252,-0.430557957587042,-0.528579078475382,-0.374850985010946,-0.389506469559016
-0.43747394504276,-0.468746958814686,-0.369758953098316,-0.418071405828568,-0.467775347190547,-0.482980723893527,-0.41839010208663,-0.45447977585545,-0.388973216741976,-0.393990383278188
-0.611141906822734,-0.628404824675783,-0.470007638334871,-0.488855718080851,-0.560626152807581,-0.586340565422676,-0.567047846580095,-0.631797780201902,-0.539246128706703,-0.461682963208797
-0.573905584492436,-0.582665190558481,-0.431531405669827,-0.292689780610255,-0.473056436497316,-0.438545175569194,-0.456234601461782,-0.493472875256956,-0.52862204048753,-0.444297172613177
-0.483959513117216,-0.371578319276151,-0.424532753082112,-0.475631226641652,-0.437771353738972,-0.40514003091413,-0.410272901302023,-0.389778930433458,-0.492246485509076,-0.375078287794913
-0.632100803900372,-0.571391621797347,-0.49078030736343,-0.521072817963707,-0.563533826894102,-0.625265907969276,-0.608556782332802,-0.6355667855529,-0.563656264070832,-0.534379075903857
-0.609740105628187,-0.608392715387879,-0.51859919036031,-0.558359635247877,-0.607254980237782,-0.580355659068171,-0.580728053568032,-0.656100581443386,-0.577081918945304,-0.55923111918279
-0.668009349736769,-0.5974409084751,-0.521587454621594,-0.553619903771335,-0.544961096968128,-0.642136488610652,-0.609396977258024,-0.566975262563469,-0.585121889257165,-0.528327671978146
-0.498038009225221,-0.431036288101715,-0.312514614314833,-0.405358014266956,-0.398947447461857,-0.541839194074163,-0.408147690716542,-0.389049881758769,-0.379756588144978,-0.452032553644407
-0.428472826090359,-0.396561492368534,-0.281376250078645,-0.451010387657682,-0.442175009673809,-0.446401201510391,-0.470173365361638,-0.411574019554935,-0.441392912708826,-0.380604200820386
-0.387393042722641,-0.485494213246206,-0.377760553433215,-0.349469289878605,-0.397641793544697,-0.446543118663082,-0.422381791617048,-0.452148397101832,-0.390286909478199,-0.337935098387066
-0.624611374245906,-0.62468121372446,-0.570261368083446,-0.486483502046788,-0.633973919304682,-0.697555320215427,-0.525463796942076,-0.596794852785596,-0.53789863424253,-0.6030229857235
-0.483040474562675,-0.409562166934201,-0.403768712442528,-0.382596165644653,-0.378853080420841,-0.375276669426,-0.32393162696842,-0.438385073285426,-0.420467129768669,-0.379311169672559
-0.609715875794223,-0.570824176179695,-0.466879317497012,-0.569940210856361,-0.634816515768525,-0.749766334375929,-0.586961193517619,-0.582202029512106,-0.535942510613974,-0.53503778069431
-0.6795525005123,-0.636943471626671,-0.635795756450455,-0.55815337583969,-0.558867228387982,-0.608529252336038,-0.597436015851876,-0.641217692460433,-0.519747042260077,-0.558276570262515
-0.406979223363237,-0.503987347619999,-0.242858846500878,-0.413023016720703,-0.396881663289607,-0.441959717021895,-0.425017554672702,-0.48194819908683,-0.477011227693375,-0.309020876778513
-0.65210386253573,-0.615059649438994,-0.594868229948893,-0.626257019728454,-0.650304615065005,-0.660202721970692,-0.680567586899678,-0.593048660476121,-0.658968944345667,-0.460206052857158
-0.612260646406286,-0.617596729539735,-0.543329311960243,-0.483195220186683,-0.6644155396048,-0.710703677068192,-0.700743197349831,-0.671006980086726,-0.613400480863072,-0.554124817582521
-0.331789384309736,-0.407901490597,-0.343787942136962,-0.40836462218744,-0.322173851276311,-0.476601660694942,-0.375689551322297,-0.446846694501206,-0.41947866515076,-0.231322231587761
-0.328530841222343,-0.422171591018869,-0.366312464529645,-0.25350734028626,-0.332402122342816,-0.483185588501829,-0.421597591343107,-0.407664854214182,-0.366763251001766,-0.324713543827352
-0.665202795269528,-0.763774128377083,-0.568468473264133,-0.672637569833602,-0.607776077127537,-0.651309968914427,-0.650719034956991,-0.658281214399059,-0.632007144896868,-0.550568397329767
-0.690780303242437,-0.758236547413683,-0.570188210228509,-0.64388945363406,-0.674043231659039,-0.703278747093994,-0.655796859400227,-0.692996309084539,-0.641262400918577,-0.573481876199998
-0.697822718051122,-0.716268476470875,-0.622810938469847,-0.632838282435185,-0.681161116425274,-0.724288881299089,-0.664009647397497,-0.712208956780527,-0.659059042676759,-0.607546050641996
-0.271390197035885,-0.285966878474516,-0.201489006933006,-0.205779147275028,-0.249231612519009,-0.29533524585917,-0.240100087875975,-0.278193318433543,-0.237664345529524,-0.184149114177854
