-0.456365901668901,-0.484779814672669,-0.512906735516367,-0.508784032287133,-0.50909924567172,-0.509127301027575,-0.481005582712443,-0.541639175614284,-0.477533513937745,-0.466565167155965
-0.466368113821609,-0.496652924976083,-0.520179222688625,-0.53024724404051,-0.515040683242633,-0.525971194084673,-0.498554239468089,-0.549216607214028,-0.479537538299658,-0.489790775339188
-0.452581291314541,-0.495605253401559,-0.500717341598684,-0.500572815774062,-0.493140763558437,-0.51495512824902,-0.473938955085619,-0.550572432139918,-0.484075616774383,-0.453315910181172
-0.446338575369938,-0.477431707251815,-0.496586822726063,-0.476324741597542,-0.46818891460056,-0.47557705985041,-0.462607510910432,-0.524423485600897,-0.452661662502732,-0.443372054037403
-0.446338575369938,-0.477431707251815,-0.496586822726063,-0.476324741597542,-0.46818891460056,-0.47557705985041,-0.462607510910432,-0.524423485600897,-0.452661662502732,-0.443372054037403
-0.46462653935724,-0.505053317711134,-0.466181418042745,-0.514423206435347,-0.542948434674073,-0.481973277061339,-0.492051356469732,-0.510485595476082,-0.44879569526361,-0.422697654610658
-0.416321314302604,-0.462724124208954,-0.488413089982898,-0.492956022499551,-0.470008700028247,-0.466301976945997,-0.447843460248201,-0.515720103230212,-0.464685523349387,-0.458321959291318
-0.494304897482877,-0.521571661089243,-0.549757590141395,-0.557816515668648,-0.490062379802381,-0.547808690546038,-0.565854741319283,-0.557801816697345,-0.449787439443188,-0.511609600287526
-0.546441620256244,-0.511534607836426,-0.529181610569282,-0.480156319244867,-0.513635037217267,-0.534981329195258,-0.494724222488084,-0.521758569691336,-0.520241982054672,-0.377551188242719
-0.443451426769208,-0.523873046565595,-0.60643972273814,-0.430903058024447,-0.499251850835147,-0.479073939748066,-0.533083449244124,-0.502888330404455,-0.507395208482855,-0.431500954183005
-0.571209255231465,-0.523074378815678,-0.553809013600257,-0.525229950448596,-0.531797855015755,-0.598998170287139,-0.565340873344245,-0.547500329348758,-0.539718234136719,-0.50899420533858
-0.473970368059877,-0.394370445644467,-0.41183213432644,-0.463459597647476,-0.443842914589519,-0.558285809923789,-0.528292768113853,-0.460623457530159,-0.476812823550134,-0.483910213755315
-0.454114500288025,-0.456924637818471,-0.565188804038206,-0.469218032114079,-0.541685267957232,-0.531835906461613,-0.504975824014457,-0.588409926737425,-0.528994633937006,-0.393580994031964
-0.557479407062566,-0.482998241539149,-0.455283345215321,-0.533038542296858,-0.541402635277981,-0.568019738275656,-0.375963182921625,-0.533177404441681,-0.423992515687478,-0.515813927376058
-0.375470054182682,-0.446852828961595,-0.549270724555226,-0.560598165124981,-0.571732500575529,-0.457267726392936,-0.448233559343271,-0.48952891325629,-0.462818139394321,-0.464979441419191
-0.385761551442815,-0.455191384721986,-0.454101112345568,-0.45456786278332,-0.44659447763254,-0.454687711377754,-0.449810485028178,-0.498276099262857,-0.391918177118189,-0.45618612298021
-0.477419045532686,-0.570430932258273,-0.602958485315149,-0.512491106877832,-0.51985515071526,-0.53016779989613,-0.516857058830866,-0.637016886945194,-0.57149400556654,-0.453804659406717
-0.452385049125034,-0.596146692694351,-0.564370201568243,-0.552339916794684,-0.556208930111933,-0.528482199299961,-0.553284191600296,-0.626380519401623,-0.562555494514976,-0.486436926944156
-0.584115205009135,-0.54698240971391,-0.532753188006352,-0.564895432079883,-0.54288032115768,-0.591826091108483,-0.517405034062385,-0.621147485769113,-0.615993634736297,-0.50511950695497
-0.508648074539599,-0.493582204050247,-0.644717271234525,-0.474806412405506,-0.396767677258472,-0.517411207479238,-0.551156777132927,-0.616505429443266,-0.364022786682233,-0.417379578362053
-0.403895799591074,-0.46977213534421,-0.49119987705124,-0.410156902573339,-0.340129218141828,-0.420922578520268,-0.468105670362992,-0.496992631724674,-0.414524914312288,-0.332761359246874
-0.350461399208999,-0.352795289781226,-0.448828198661518,-0.50849874483189,-0.345396918681224,-0.46342050489203,-0.470120244989105,-0.453686522708633,-0.423194523795917,-0.413659027653409
-0.541758708580695,-0.600311259318038,-0.52898067564094,-0.651546000498801,-0.642757552142355,-0.547485567233942,-0.497444839658029,-0.642904998399094,-0.609679848615725,-0.471201880653438
-0.545279750212993,-0.666929380055563,-0.521738059257261,-0.538915352084683,-0.710755464857844,-0.48500597647571,-0.564751685581108,-0.603068436442255,-0.477218599015209,-0.543777225913178
-0.502157697831617,-0.555687099547018,-0.609675744158784,-0.571580785930208,-0.625256240310914,-0.69020753859501,-0.555389414930835,-0.695321398138319,-0.515421958335428,-0.503357207703292
-0.414229260028947,-0.413389621304935,-0.413742583262548,-0.354717331454761,-0.383613519348864,-0.462055337292771,-0.402934647436161,-0.442141159711398,-0.32204387053796,-0.348058327576054
-0.513384114136082,-0.524013647736101,-0.656177326449385,-0.589964077208076,-0.642791364695169,-0.593975644757192,-0.592302219688349,-0.670499458633695,-0.610007425393027,-0.621383742873985
-0.336897378043208,-0.380733898319682,-0.334470819578519,-0.428212240410994,-0.474941722210255,-0.388116089253976,-0.409950754120491,-0.373739151095951,-0.415890708968911,-0.3768478706606
-0.356110825593807,-0.441325816097546,-0.347000347939314,-0.357277454626355,-0.437873354753959,-0.446915341889849,-0.361065036149807,-0.440444028421081,-0.349532389884154,-0.333218967855743
-0.286352830049745,-0.384916931782471,-0.514839983345805,-0.436362133073731,-0.42620131653039,-0.458330212702755,-0.345319837850652,-0.429073326388711,-0.277046359836833,-0.357116554312551
-0.444220069370749,-0.331729154247494,-0.378930280655402,-0.369793980507928,-0.33510289823747,-0.352265276935075,-0.303747940362062,-0.463133036155199,-0.367940491878181,-0.305494552129035
-0.344479841274104,-0.364841175300606,-0.340548748766725,-0.433077789562054,-0.405995722767609,-0.516852860444725,-0.344268469654309,-0.440112597556253,-0.293690448279894,-0.252418383834845
-0.348798540811507,-0.412063264421665,-0.283900499289391,-0.363481032690613,-0.38843578207567,-0.31815564358168,-0.287797872252853,-0.513773484600581,-0.302891775632244,-0.354623074551939
-0.598884841589965,-0.657088210920556,-0.667691345432539,-0.601933586337096,-0.643160484346001,-0.711462318682719,-0.629585874132065,-0.725584386769603,-0.627877376080164,-0.658410673339541
-0.31347307108143,-0.340739834687797,-0.368925763739949,-0.376984689267201,-0.309230553400934,-0.366976864144592,-0.385022914917836,-0.376969990295898,-0.268955613041742,-0.33077777388608
-0.276512180288179,-0.354020622941469,-0.377710742992304,-0.30731460032109,-0.333177686914272,-0.410882754816474,-0.334037330302714,-0.361311811064833,-0.418955559866446,-0.250694290647295
-0.286304530950813,-0.340713596439895,-0.344172127325326,-0.357158155135576,-0.283617277457989,-0.409983075748023,-0.393490139185511,-0.386050501954854,-0.274795012648777,-0.259248780133746
-0.290821866257379,-0.305951739428474,-0.321303573854113,-0.350799403580356,-0.319485978098643,-0.33277411773288,-0.31409940983997,-0.379159293875809,-0.29007419406739,-0.308405581794558
-0.235489487901157,-0.281892297807508,-0.307581263581451,-0.312124196098105,-0.2891768736268,-0.285470150544551,-0.267011633846754,-0.334888276828765,-0.28385369694794,-0.277490132889872
-0.25605038833133,-0.302245660515032,-0.27728095067951,-0.262441031919486,-0.300675058206114,-0.278927137950507,-0.255507670095846,-0.306153498292892,-0.293168219762374,-0.259113934346433
