-0.461367007745255,-0.490716369824376,-0.516542979102496,-0.519515638163821,-0.512069964457177,-0.517549247556124,-0.489779911090266,-0.545427891414156,-0.478535526118701,-0.478177971247576
-0.513787578450183,-0.503927096744173,-0.533357874558312,-0.517006991367864,-0.520448550343738,-0.554062735657357,-0.523173228028344,-0.544569752481521,-0.508625874037232,-0.487779686247272
-0.465168134864389,-0.439575130158568,-0.462369434921404,-0.486121814967304,-0.47647108013062,-0.533706555475682,-0.504649175413148,-0.501131316572221,-0.477173168743939,-0.47523769045564
-0.465168134864389,-0.439575130158568,-0.462369434921404,-0.486121814967305,-0.476471080130619,-0.533706555475682,-0.504649175413148,-0.501131316572221,-0.477173168743939,-0.47523769045564
-0.47674878570932,-0.488581084893262,-0.458479897411295,-0.453679649023425,-0.503057760482677,-0.462583925248429,-0.437867374709055,-0.539490963207935,-0.415093442666889,-0.438838811791073
-0.462858881134854,-0.57954124276743,-0.516477874222641,-0.475243998747099,-0.555420076306276,-0.521997313897588,-0.523047624754485,-0.59162019111254,-0.572567122484867,-0.463152663743461
-0.391354492810172,-0.536633698554107,-0.566258983666544,-0.469252192023047,-0.480288654870609,-0.54280800129549,-0.52601047084362,-0.582585758867846,-0.49467033708943,-0.431431503281055
-0.449622363954196,-0.419606058178418,-0.45841590485675,-0.369193874567424,-0.532702061940201,-0.532585138136575,-0.403187101066929,-0.460924171978844,-0.47825040414532,-0.520344267450361
-0.513785934285071,-0.599333516420819,-0.538089342319839,-0.549560557520326,-0.434910242202784,-0.573971095231705,-0.489264212674875,-0.609405993759569,-0.591559359655162,-0.506133369671526
-0.367377614402914,-0.448066831506227,-0.391860053603351,-0.421544324718261,-0.471502863273358,-0.542811378852117,-0.467092905380766,-0.485650837149447,-0.484398052900865,-0.426252083544673
-0.455628597646722,-0.478389686413371,-0.595490578848969,-0.422095841448015,-0.44401484453509,-0.476215915655104,-0.403060194486957,-0.484329742101039,-0.532869617421116,-0.625875704603734
-0.454893701919001,-0.498066831506227,-0.570957557179033,-0.636905245636928,-0.453941442203165,-0.533689739849323,-0.547634985922846,-0.626362977861587,-0.572629141131953,-0.471447780914284
-0.413776229055312,-0.524787841219082,-0.494483679118627,-0.559017107921115,-0.479898302876941,-0.502764408588733,-0.55359302727719,-0.688368183102785,-0.564079443062238,-0.500627426616346
-0.418544189565682,-0.530980086305606,-0.527718457622294,-0.537745882586886,-0.479557513056121,-0.532318263677281,-0.401636521648004,-0.610096540261313,-0.44080737235765,-0.357150927699941
-0.506407293574475,-0.515376007998446,-0.621113145487581,-0.527071662838924,-0.56872416021622,-0.578482266569079,-0.434773466300096,-0.564711362287622,-0.43191958262844,-0.347718503346577
-0.341549739562408,-0.501237542219591,-0.547636600119748,-0.406322728425536,-0.435648369364661,-0.422252858472566,-0.425524580698247,-0.427916619868328,-0.485555882956428,-0.383744836841264
-0.499299677256872,-0.523980403088409,-0.504009987846101,-0.627859275919224,-0.586291436628323,-0.452311596111576,-0.454379805101925,-0.697216043202308,-0.481616378620403,-0.432615167064082
-0.380968735323561,-0.452492930419069,-0.652394858160763,-0.496314101773271,-0.507769868634206,-0.499994731353749,-0.539326159337642,-0.642568406066512,-0.40962639380825,-0.429954500503514
-0.554573696591821,-0.527730071574652,-0.580010236755724,-0.572245991598165,-0.667075433728402,-0.623328972984879,-0.518158116036491,-0.602412110183407,-0.586562497200952,-0.533650612378642
-0.55377406414332,-0.575545957230752,-0.59728533486542,-0.609971898113925,-0.594472792065362,-0.601130889560407,-0.577732676456386,-0.640579414925227,-0.563984034182748,-0.567665554655441
-0.34384590585372,-0.421869936407332,-0.484590619021556,-0.491447855462814,-0.480355813063565,-0.429143459656201,-0.380535486943773,-0.436755215606458,-0.333238889729096,-0.409465997981271
-0.620178767621847,-0.548569092785974,-0.571611127881931,-0.574965341346049,-0.645371060594971,-0.64307802415612,-0.511644465977117,-0.627498380118073,-0.522835086884683,-0.579277635354099
-0.387175168847534,-0.423792302900309,-0.388673173813336,-0.514055632703816,-0.384200159168017,-0.424352602635341,-0.394948237311224,-0.495377841364106,-0.324095371678547,-0.411795799602247
-0.602105071801326,-0.557083943319555,-0.522429494981464,-0.576211905057395,-0.551028396067246,-0.686859708628835,-0.594739265503238,-0.627257442698347,-0.519215210785982,-0.642991651313049
-0.630796528239608,-0.580414124631006,-0.618182616313885,-0.627381393762102,-0.581020996244906,-0.622378254619141,-0.446502400835052,-0.648288400908093,-0.520833084882681,-0.558757114833579
-0.372122697240818,-0.462407817250669,-0.409214289278706,-0.433759602095818,-0.515742261079688,-0.376946518631522,-0.485341096609238,-0.410191643866107,-0.303008140173077,-0.376471067834443
-0.388554018377021,-0.338461855990647,-0.370675902421389,-0.467823387175561,-0.453425251037972,-0.401161103758187,-0.364859656286418,-0.425985683756981,-0.412736497287996,-0.403884482612512
-0.569475115853363,-0.550776429884436,-0.582925150747826,-0.659655778303961,-0.61135292088299,-0.686809416816293,-0.545697898042736,-0.585467931454196,-0.587173575933222,-0.589058082127687
-0.345927694785029,-0.383336056240088,-0.410243999548909,-0.410454114192619,-0.39913805964926,-0.397298725786063,-0.374008608279598,-0.438263726221525,-0.380693605442843,-0.372027650022918
-0.437492224659406,-0.338021500230922,-0.411550134200432,-0.444859633365231,-0.390831982324042,-0.341390407855599,-0.421356096360987,-0.471255268831529,-0.318108493862723,-0.364878520506594
-0.294173783468624,-0.360985640842122,-0.401006675381111,-0.430778325166276,-0.45958276075224,-0.344347032433845,-0.379621338347159,-0.46328416408623,-0.385017508140158,-0.378392034020107
-0.632238960040584,-0.618221212671029,-0.581003765638714,-0.695480331708282,-0.673852409874527,-0.597198855964357,-0.538365260325285,-0.655192149926752,-0.55862169629175,-0.558973613994791
-0.370154970368543,-0.33706355689033,-0.404134816224536,-0.500870027393342,-0.334226231315345,-0.409798885395357,-0.300624357680158,-0.402553513296122,-0.413451860985908,-0.404528505308584
-0.444378114074369,-0.267228870855787,-0.362959680339235,-0.317953646799136,-0.42055309317815,-0.4518064735756,-0.478909149673122,-0.401721561990053,-0.336407402978174,-0.386577601795551
-0.290477077644259,-0.366097135315319,-0.38000665438109,-0.378440272828223,-0.443599035091095,-0.411271099357912,-0.313247988252879,-0.41097378919521,-0.319790991300738,-0.327524092908264
-0.637468787225539,-0.629908349393431,-0.676606555152891,-0.652795021721283,-0.639249815063389,-0.634317454461327,-0.605852721611997,-0.761381809088168,-0.520185654581347,-0.575051277519718
-0.529920052947537,-0.632266536493545,-0.622762069202914,-0.684509189882739,-0.720089449327589,-0.604545643533613,-0.614993109974387,-0.690153401208074,-0.631550557445474,-0.692818951685558
-0.286712293420614,-0.347425193285291,-0.377752430235578,-0.330457389402302,-0.33429701801331,-0.339467370281672,-0.318751140591474,-0.409147851099559,-0.344333579571962,-0.280004733101161
-0.321223580782392,-0.317977031074367,-0.340863992862645,-0.314289995585819,-0.331186961264313,-0.341874134931236,-0.307684722420083,-0.35151869247263,-0.318707567816028,-0.241877997519162
-0.271172058339239,-0.300925580782062,-0.324566598941035,-0.312374206762157,-0.30846389995596,-0.312172000258813,-0.291626366631257,-0.35285115042741,-0.284917408040058,-0.274788430416504
