-0.475422432201271,-0.481233741637873,-0.507203316921177,-0.510540020665703,-0.505264889847178,-0.530716946561322,-0.501845556405506,-0.534139212970513,-0.485717523754643,-0.479843329799516
-0.443011143936692,-0.475324562304942,-0.483437234131195,-0.564888361559461,-0.510891008319844,-0.538278493219177,-0.511281332360744,-0.531765328390657,-0.469918276639898,-0.517199555544805
-0.477040145451805,-0.468408219903031,-0.397486785178763,-0.483573051665657,-0.507486471613412,-0.478373002354503,-0.503598843246704,-0.53365606883561,-0.461623510023569,-0.531902924251139
-0.508276753328819,-0.495052989715175,-0.418419376038243,-0.483722188461785,-0.520449358745214,-0.412652023710273,-0.432967725340214,-0.546681691578351,-0.481419777528157,-0.529137200268676
-0.505640770342722,-0.533617194100285,-0.566955485155148,-0.536679555680457,-0.574189685048269,-0.565864691670489,-0.531776160149023,-0.547287196933442,-0.554081381016546,-0.504353844671954
-0.462900315186957,-0.45840695500636,-0.409181200261595,-0.455933261782711,-0.486854417305593,-0.471935717806515,-0.505082427079321,-0.537113542929141,-0.420758734984147,-0.434260007168483
-0.567608968489187,-0.562604405195569,-0.524411090225286,-0.552968428623419,-0.531201932115364,-0.548831484432842,-0.567725666404878,-0.590501935404033,-0.550613486030278,-0.537799069425475
-0.412549009823424,-0.451810994501241,-0.488728801588976,-0.434768529339839,-0.391250890899816,-0.456215544301466,-0.496176780859409,-0.549109507707312,-0.450897316827213,-0.503435260889414
-0.472665505187616,-0.547085546801091,-0.517786451780263,-0.59311488313097,-0.520270057066664,-0.449428724934824,-0.496687123007429,-0.550008690527059,-0.386864302518073,-0.437883951317104
-0.458533924859169,-0.533517726894231,-0.393521037869265,-0.423197094663604,-0.438488145029849,-0.40921542858642,-0.428109610558456,-0.534205138691766,-0.4799744101556,-0.474337225858919
-0.501674405119813,-0.455556666752043,-0.554803717331478,-0.521250969798878,-0.544357194482794,-0.627635611115699,-0.563719565783528,-0.541661943111014,-0.536421612047876,-0.400978755442302
-0.472197943426148,-0.555934948613967,-0.456418291049126,-0.583576023289139,-0.581395873851817,-0.435151439079852,-0.490066666167606,-0.574722599026088,-0.413836907876209,-0.436693808902484
-0.508973059873283,-0.603326321326792,-0.533203445810857,-0.493149894056551,-0.540189349478584,-0.544612633245376,-0.578791622097351,-0.590505271566783,-0.526488783807122,-0.601215691970439
-0.510362008258749,-0.552295559883434,-0.580027003414303,-0.568659639496823,-0.471995413348257,-0.565659072406291,-0.601789465361156,-0.56098132807873,-0.56763454921055,-0.427098130561219
-0.424649799151904,-0.4711241920195,-0.44283140961258,-0.44914180375051,-0.529010842307249,-0.433226756326891,-0.380280239074265,-0.599984183798818,-0.494280582401476,-0.453719598673064
-0.468477191504823,-0.396745062880626,-0.425643864737971,-0.435691967262135,-0.462561896061337,-0.457622838715607,-0.446660514420686,-0.454751720369495,-0.413890678189192,-0.409646123580417
-0.59960017418006,-0.508381308052456,-0.54792466654305,-0.545444034627309,-0.608684190474157,-0.643919154004367,-0.572946325586554,-0.548289488900894,-0.552840627526962,-0.500997277655035
-0.483933583498611,-0.473450690711855,-0.36783808132513,-0.557667267334798,-0.572945760364797,-0.609568337698876,-0.471212409074801,-0.532298971775578,-0.434211047384102,-0.383307437682685
-0.406915057774163,-0.396558432896157,-0.434537838864427,-0.439070748684716,-0.415917465480304,-0.451263067758604,-0.418627889122696,-0.452467563202543,-0.409307982319236,-0.404976939739205
-0.518465142839663,-0.553701437039949,-0.519740990595071,-0.517291553503653,-0.585185132223465,-0.408346288412961,-0.362788468313275,-0.458916309928075,-0.482534926024129,-0.332774728958759
-0.485511219398217,-0.512523151974657,-0.566992468091838,-0.547083844436348,-0.552535125603787,-0.600901132206481,-0.700092340310314,-0.565585411847773,-0.575165159474655,-0.55105309118678
-0.353517897951607,-0.444285729916025,-0.511994929320982,-0.344146047887681,-0.38926861659292,-0.445482982346082,-0.472994501510342,-0.545996797573605,-0.418133299663933,-0.445969640480878
-0.431686474085833,-0.470649581117794,-0.318378512631227,-0.472258077126674,-0.426973489669111,-0.420815879946912,-0.542988056325522,-0.573004112498038,-0.394499559321633,-0.366389012260478
-0.513954457246245,-0.574276924413423,-0.510735260992314,-0.630791476853061,-0.608988466411381,-0.569532698034209,-0.539790949084965,-0.652443410017888,-0.634929384738677,-0.577710687078503
-0.416799988381334,-0.345194045155162,-0.426738278115749,-0.37366031040171,-0.372280060879289,-0.494876661324805,-0.472307250261021,-0.43160666385306,-0.40754476998568,-0.399337492556449
-0.544029433467386,-0.620886224800958,-0.586476661762968,-0.516540666929378,-0.592693711944926,-0.663186516569757,-0.544022973650201,-0.612137457644262,-0.572787311170025,-0.634164175092547
-0.345939799763056,-0.39397370673386,-0.487066385789482,-0.36743356342312,-0.394735512302093,-0.510771795726119,-0.376409256230986,-0.484276335882506,-0.39360970913374,-0.352145717744862
-0.627321316675384,-0.52181737919773,-0.636224196691043,-0.595686739828362,-0.522581454662899,-0.559576460521312,-0.62564290123163,-0.628086449616877,-0.519133707149822,-0.686345106398382
-0.579075233020593,-0.580793393903742,-0.643166809149208,-0.524044684358608,-0.517892985990163,-0.664596737813762,-0.596938857376318,-0.679155998858807,-0.494521917999773,-0.615669305516925
-0.508383344963181,-0.566027664721311,-0.629792467993282,-0.658001772097295,-0.630839681158589,-0.622657596277084,-0.665899439554274,-0.596609021272787,-0.594712181188902,-0.542551947921156
-0.616967185907003,-0.613903358237808,-0.518350320937442,-0.627743777960785,-0.639716619971566,-0.675826254264202,-0.570633427416517,-0.644513859302231,-0.566234515314942,-0.603224265839531
-0.642153117956206,-0.55966553516642,-0.637706671176922,-0.624078683728278,-0.630395020902746,-0.616141317935651,-0.65720665525471,-0.567460697507862,-0.576436219838681,-0.628479722448755
-0.346828831822981,-0.457402917956568,-0.449589521889321,-0.40455396969908,-0.319572860640103,-0.460472317083223,-0.403269985498123,-0.383984852714974,-0.39806667796251,-0.281423359099837
-0.602004069092616,-0.633145364811102,-0.60696275087829,-0.621671973796012,-0.665164941143379,-0.630425574497666,-0.616529940121118,-0.649562631446047,-0.577104655310664,-0.621304688504974
-0.639787035947387,-0.630892422827747,-0.665310874992381,-0.648801543682979,-0.618567493057315,-0.664288502406128,-0.697037475244005,-0.67021198370847,-0.648777187578643,-0.703797113379185
-0.350259818332708,-0.221587077868314,-0.349137007353545,-0.381626025173708,-0.359219674021265,-0.322364957399489,-0.339339578026333,-0.335987832693014,-0.34127442514179,-0.326582220306683
-0.288458819209539,-0.31997481961376,-0.289292729314406,-0.376434877437225,-0.350171958699156,-0.388103977013129,-0.323751377444185,-0.367688920986049,-0.285633618760858,-0.314594919618561
-0.319328859722123,-0.325770798577292,-0.324143158773993,-0.346122958610943,-0.339214279652976,-0.326144866914763,-0.311655270478723,-0.380254194291089,-0.289733747123833,-0.305669510338918
-0.649942502009298,-0.655753811445901,-0.681723386729205,-0.685060090473731,-0.679784959655206,-0.70523701636935,-0.676365626213534,-0.708659282778541,-0.660237593562671,-0.654363399607544
-0.700044580844211,-0.670880295519726,-0.726139554174246,-0.713281985752182,-0.694033223515535,-0.703864762807817,-0.714566333175237,-0.749510381047267,-0.664185497681972,-0.675611053430157
