-7.11760517984698,12.3400674636879,-1.97768682978531,-3.90161761554243,6.90368013450157,12.5319707194422,1.41301828417639,-2.61616256917902,-9.63439298245396,-4.34376043103714
-24.6413638409754,24.9803586776247,-11.175922079864,-14.0214650735097,-11.3526037831581,-11.1866899917257,8.78805306078782,-10.7164636740918,-30.4328406403496,-25.9597439775853
-10.226118256127,33.2818626769477,-14.9696743836129,3.86972359676609,75.5052594780902,44.7440206516804,-58.9712285785298,-42.8672612895501,11.2811748864553,10.8863768596083
-51.9008529951113,-65.5209720027455,-22.0122426105536,-55.9020187927329,33.1805654658866,-69.0967660499537,-1.19357670126157,3.19646047312457,-21.441087253911,16.2071968322289
23.0040116990822,-62.4097074654616,63.6686772394717,22.019426395521,38.4956292458595,71.2885390011914,-36.9913292451625,1.39079124163965,-10.6562125926917,-16.9909204696712
-7.11760517984698,12.3400674636879,-1.97768682978531,-3.90161761554243,6.90368013450156,12.5319707194422,1.4130182841764,-2.61616256917902,-9.63439298245397,-4.34376043103714
-13.8477806192168,4.74154065437325,1.22716902057664,-1.90241996992342,5.36681275314522,15.1835880897413,9.72255558602775,7.25469755051586,-9.98770826529474,-4.71997561792882
-0.526338041903372,7.41583890158391,11.3779696288518,0.878207061824654,12.8788771261451,26.9354727016994,23.285618515489,7.09750549124712,2.32553089670292,-0.463601532968902
41.6924911671611,5.51471091806993,-55.5311760790784,6.71270802435521,-86.8485208504261,9.63144052363013,79.7015178243105,-7.48907807038636,1.77883348248213,37.6780252323378
-15.5660095510476,-73.8728266337797,28.8280767383842,-89.1690358509992,-6.44099921359172,-70.3895666543783,14.3244512500026,30.1462205086113,-11.4872443504893,-4.57120794166319
-1.22287494933382,-38.4803486793089,-0.78847691964517,-0.982442282574006,-24.2060092068743,16.7978649559247,32.2028733566402,100,-86.3448340827563,23.8495562920279
5.2127429155794,-1.97568644562389,17.4356086846153,25.9624484285625,1.062421124513,41.4216000547822,27.8610282063416,33.7194233741366,-3.34469886959609,-4.40659902682387
35.2011324242615,19.8930558058884,-37.2172754238678,3.93803587053242,-73.844656780905,2.89044388170348,-34.7218888584167,-33.0230802272619,34.3774115715232,-26.7299423953375
-61.0439415763992,12.712660437845,16.9911642401709,8.507902974017,-5.68361062151874,44.2665502681535,5.26040901129512,78.7833025843573,-27.0626475875448,-10.8203298307986
28.3274779079215,71.1165616347881,6.32844479909936,57.7105168198027,48.3476934949801,25.2112073005729,73.3455647128798,28.3342247556257,62.3715092945346,41.6060057296698
14.2475250479135,40.9803586776247,80.7595617911038,-1.82634312229024,66.9082657820593,31.1210023159667,33.3494565695597,32.1406791830511,66.7893815818726,60.5267425089012
-62.4219760858734,-3.69214916765151,-16.9862038584793,-73.8547273473227,-96.001582255666,19.70829851743,-57.8687914387986,-22.3267077717308,-38.7257926833016,-18.6305073370543
-17.563276813588,9.44258558222559,86.258300730798,-2.40700581794338,13.1422356019084,2.38855636123185,-0.0253319005660302,61.0541501608192,24.2471478905851,42.8047580958584
-40.5605354094189,4.93935437245199,19.9069313102841,-1.72058538336619,-27.2673885020203,-27.7518482928716,3.16946845522578,-72.0286602382604,-72.2981361310131,48.930580126482
26.6189087081061,-19.6834037108094,-95.5328418288148,-66.8892727456218,-72.2825335943178,-22.5665759588594,6.2933120220456,-58.2904572132837,0.980502344372432,-48.6371173551138
3.48845542621363,-6.59932647570607,20.7495858974874,-19.3056580195828,-27.0744527502756,56.8028040527756,-51.8020593211451,-45.4733054263219,-80.4036237516847,41.8846878448249
-30.491494077505,4.39524333976141,-35.1234656509684,-10.5811574131476,80.3649033378079,10.2894039172518,-85.6712649149201,-45.8683600099211,-13.391492538753,11.6742188568946
-7.11760517984698,12.3400674636879,-1.97768682978531,-3.90161761554243,6.90368013450156,12.5319707194422,1.4130182841764,-2.61616256917902,-9.63439298245397,-4.34376043103714
-20.5779560585866,-2.85698615494137,4.43202487093859,0.0967776756955985,3.82994537178887,17.8352054600403,18.0320928878791,17.1255576702108,-10.3410235481355,-5.09619080482049
-2.29309519480137,-62.3912432838859,72.8013250692801,-58.846763354505,-50.1468703988032,13.1167660924399,24.309791754439,-33.0425960869394,11.1184354894023,55.1052020373889
-3.9897348138612,55.9867030207723,70.338312648512,31.2201509471934,100,70.5015964092561,-37.7812972284153,52.4244053771166,-0.0843713320320489,43.6652292129287
5.39589309872958,34.6152226452852,65.8483070973137,64.3637023470577,-33.7361136740218,-12.5853685863328,10.0808557925484,49.3513524206998,-79.1168996417969,-18.0970752173001
-22.2528963070721,-10.0857207312473,-1.74182106910771,-4.43645408645588,-6.70324128569936,17.8559440267211,12.443584317146,14.7802613404122,-15.4180177964467,-10.2687409223747
91.819541399985,32.7832283014548,56.0781945488491,47.6372567465426,10.1192552665419,16.802116391482,12.9751943425095,79.7994262208271,97.2199941430195,25.0881485868127
-67.6466757109532,-21.9790301061307,-30.0379636664644,46.2292774416674,-83.3010577322097,-18.0187688701893,-72.366067836457,0.559736008531672,-6.06270688177876,-20.6876013350086
70.1115201570348,9.16269033208457,-50.1991079389553,9.25350690690763,15.8781914523731,-20.1651226371611,76.2898848296823,25.4291875365511,78.2620643378655,-36.9304742791904
-42.3994666745872,71.5865568472229,-23.4936570953754,-51.3024002237533,-22.7891479485837,30.1339372263384,-18.8365603517617,10.002491843139,-92.3840605850087,-53.3143187836744
-22.2528963070721,-10.0857207312473,-1.74182106910771,-4.43645408645588,-6.70324128569936,17.8559440267211,12.443584317146,14.7802613404122,-15.4180177964467,-10.2687409223747
-31.7541485442838,4.44395470937043,-1.61608141481382,-28.3273405648419,-14.8240544834263,3.37373563161508,15.6293224279088,19.911486942247,-4.53358613549283,-31.8530619819237
-39.9764940862742,-6.37513360971789,-10.1210963240033,-13.576486684437,-3.87044045777834,17.4976672555467,-1.46368208530846,40.1743780011739,2.23125286618828,-17.0076741412528
6.06492909604023,2.49161033947995,24.7336260874888,5.65803173919174,18.8540741177886,41.3389746839565,45.1582187468016,16.8111735516733,14.2854547758598,3.41655736509934
26.3382866950618,50.2562640115164,34.5208598629473,78.0650262339379,56.0712330158694,39.6735388221184,85.7108552404661,75.6639187527823,1.76100533217735,79.4229203272372
69.9301338719251,4.69860193764887,62.1402460505535,-0.943229399386254,84.7156040397857,100,45.5646649370248,18.5820493856166,3.26326829476019,82.8576837495236
-4.87715529671166,-3.88343836521186,-100,-17.3730952203311,-65.1778053963724,-11.7332371438716,-94.0129258531579,-40.4002665595108,-68.1840462610209,-82.203518079854
-24.6818015071656,-15.7219592132228,25.1353350978475,-4.37669200570372,14.5469081065343,51.8542069991741,-0.534802009977568,31.0411029350797,-26.563513347335,-1.59178179993791
