-0.475422432201271,-0.481233741637873,-0.507203316921177,-0.510540020665703,-0.505264889847178,-0.530716946561322,-0.501845556405506,-0.534139212970513,-0.485717523754643,-0.479843329799516
-0.485795145928517,-0.471922076893629,-0.508115671952715,-0.499556250073024,-0.521764497723304,-0.532164705866456,-0.488428902915793,-0.498630145772158,-0.469236315839857,-0.516876748499194
-0.497038085671927,-0.570487636916176,-0.469161348173378,-0.443239076360451,-0.587029163328632,-0.486264942692097,-0.528188716347422,-0.49570890591565,-0.460281901927508,-0.584767686024912
-0.480706979107042,-0.52198425041847,-0.480449673859781,-0.532504630883326,-0.556718881762069,-0.572905039729006,-0.453953905931707,-0.579241944546759,-0.448861161863551,-0.575810242837495
-0.489743925669524,-0.381847923659091,-0.409520854575643,-0.559028074972324,-0.454183891459989,-0.534842665467841,-0.427125551150473,-0.562965515023414,-0.520614229505621,-0.499204895492953
-0.427409091938548,-0.435410789443224,-0.471565563816809,-0.45053356970238,-0.456041540914035,-0.441367411098603,-0.462595297479816,-0.515709576073923,-0.36000339457317,-0.463599003276687
-0.607581396465809,-0.568079823610065,-0.503591877289956,-0.619777078958921,-0.51820855004752,-0.506543982966236,-0.591314224951582,-0.529044257087963,-0.515809962740288,-0.529329732765043
-0.46012448111223,-0.435029888317257,-0.408099914839098,-0.497293319461514,-0.442631967686873,-0.439561330065905,-0.418902932153366,-0.420139552746717,-0.404954459923327,-0.485119733407818
-0.547055108094634,-0.508832237528782,-0.536176592746997,-0.520462351222608,-0.577453068248471,-0.653820956019091,-0.569459679082627,-0.508741679352056,-0.563888172800886,-0.52749127672674
-0.499372231179491,-0.406831285188682,-0.536068101754774,-0.558850631412682,-0.53362437876577,-0.612643875258892,-0.592394461542028,-0.487172496866264,-0.444452806008032,-0.569430198845933
-0.406792688047288,-0.383291143111175,-0.436477094856834,-0.502933191098035,-0.460180025435936,-0.484451710354205,-0.36694976166635,-0.498090635722925,-0.416375199987283,-0.470087306315089
-0.55789485136269,-0.47700461746856,-0.516272182399105,-0.524123702180708,-0.584243825042259,-0.63576810299278,-0.57645298830622,-0.548996092671753,-0.594189968439771,-0.583497894628014
-0.572803675143758,-0.442366261217871,-0.439020783925715,-0.490719402671555,-0.566467206718571,-0.446106143685728,-0.365275976342933,-0.453416568171056,-0.544852880668956,-0.387507753399603
-0.406477759022875,-0.350315964776848,-0.597230098831549,-0.471186700324877,-0.584242429709223,-0.504986324103162,-0.499009452884518,-0.557578448318986,-0.555454421132999,-0.523694844684124
-0.362878891441743,-0.460061147435735,-0.470962227310912,-0.48402046972512,-0.468886429479986,-0.473418422508364,-0.391389568223225,-0.450384266005377,-0.374953766214669,-0.44685983031052
-0.480350327398159,-0.504126263662286,-0.418018225941574,-0.438882678057547,-0.48784056865678,-0.398511167417976,-0.411670604001725,-0.407413736951625,-0.416814411188844,-0.391570209460692
-0.445607451519824,-0.469436153879301,-0.485226589456268,-0.483215332184197,-0.425373960479117,-0.476119783709786,-0.39290449948745,-0.406146573929617,-0.381199320590298,-0.389872254181621
-0.360331225016769,-0.361627858126009,-0.517789166069704,-0.465590123142073,-0.638419199805141,-0.495074492896846,-0.453212880903042,-0.486399681280387,-0.433282134157032,-0.537186379889439
-0.48677897997931,-0.509666976005217,-0.672319065572886,-0.57854429862733,-0.53158882640433,-0.583066454916126,-0.542267440835112,-0.575593606078066,-0.607509054989607,-0.578912599024503
-0.545310588214353,-0.50794366017312,-0.570153120547725,-0.580299869292969,-0.52502185400833,-0.680553442893824,-0.558024151524826,-0.588854712914457,-0.610065907631558,-0.48382089115036
-0.556306966962685,-0.49181266791945,-0.717496756572948,-0.611162345415793,-0.542585774698363,-0.504180583429089,-0.588808686060694,-0.535650851518097,-0.539106323726291,-0.585508649504345
-0.594480687657306,-0.511702489397095,-0.606403591684315,-0.536120151589892,-0.619377259628624,-0.594152774144419,-0.583484779141351,-0.610541222783147,-0.597554853842854,-0.59980362255118
-0.582960885355669,-0.536437828921177,-0.624081784974087,-0.606626259615225,-0.610591948999331,-0.56537075235774,-0.569129589917712,-0.599540344584694,-0.564337232371426,-0.620718361468757
-0.479240760049441,-0.476395783338801,-0.427131964887685,-0.606335604873431,-0.394618225087476,-0.500725827882574,-0.411423291657673,-0.543353521453695,-0.42052848392502,-0.283375561926755
-0.586915701356432,-0.569884714272071,-0.602927157997155,-0.613529712284286,-0.580061240141797,-0.60219052142985,-0.588218356883718,-0.648672209800625,-0.533225509082331,-0.602860828994618
-0.588744054219656,-0.544334149431541,-0.647227091322199,-0.626418745736313,-0.590854504779531,-0.617879944438372,-0.610341338785388,-0.652227438871025,-0.497421713259475,-0.553680027908058
-0.394132541698755,-0.344995940780998,-0.346772100897045,-0.392383450064246,-0.493205274160157,-0.396930101642123,-0.417717672000709,-0.427555133521494,-0.452046165620598,-0.347402013365651
-0.665601982499061,-0.620448616165543,-0.651067530435056,-0.614954854798027,-0.693312372118533,-0.618768297222845,-0.543144688574637,-0.574917924556315,-0.568856673783871,-0.546384685883208
-0.64253076963172,-0.623846375955507,-0.630565062024813,-0.694437743654183,-0.583458223106104,-0.577921678336696,-0.614997465489879,-0.626147337915931,-0.659973443703469,-0.569073106164582
-0.562633358069429,-0.649228558428138,-0.578911265995498,-0.642768943908519,-0.63725500406266,-0.57388371837131,-0.624712829030857,-0.66913131497126,-0.625316415108634,-0.680337078928281
-0.343267827014839,-0.425897511889824,-0.428570081149858,-0.303998438539833,-0.366960484382451,-0.379863338905453,-0.352800033914178,-0.355715636400617,-0.384175724660142,-0.401562632931711
-0.549436713318865,-0.621456223939169,-0.6555912888454,-0.690727336233065,-0.594749098288865,-0.69947257658867,-0.61938534940785,-0.617174654569179,-0.624359398691891,-0.677512445817495
-0.561531356835188,-0.583394580847929,-0.618966615205315,-0.670686308509301,-0.588137234765044,-0.649103075344262,-0.659609534781834,-0.714596737321104,-0.631173204885022,-0.687037246432469
-0.66753026360854,-0.610896997224865,-0.618966615205315,-0.660706579345416,-0.629758662671744,-0.733939268987987,-0.593510521117727,-0.639436524317046,-0.63900087320088,-0.643485338665085
-0.667058861634178,-0.640340766682595,-0.714055960935877,-0.628968747776546,-0.711884650027389,-0.63844358595859,-0.667653003540047,-0.676324151466031,-0.581892719473142,-0.727032595766267
-0.338269559421853,-0.284448076552032,-0.376270847158788,-0.368427682928719,-0.284609419481796,-0.311655819039525,-0.286354454520094,-0.380388992977975,-0.295382716465934,-0.255635570596178
-0.292272347364714,-0.251760785013006,-0.304938156840299,-0.336657414595238,-0.300566242618046,-0.370360502885139,-0.304820147006108,-0.342166727533004,-0.354821431281555,-0.282815866024732
-0.639744735580774,-0.627342121199989,-0.688737016134111,-0.689872723031,-0.696761547034982,-0.74662973965053,-0.689445761411279,-0.695951472861991,-0.710550891137342,-0.680362686818774
-0.255979399933027,-0.309265868563532,-0.275197710254134,-0.336668845979257,-0.311279973967648,-0.361448487787205,-0.33472434433747,-0.316578794591027,-0.278614897873199,-0.254565790454508
-0.20737998838563,-0.210774454190055,-0.245059579912343,-0.23557262807389,-0.229119431094187,-0.252240273945974,-0.209255176570116,-0.28241783756595,-0.205015156056707,-0.203744320843156
