-0.475422432201271,-0.481233741637873,-0.507203316921177,-0.510540020665703,-0.505264889847178,-0.530716946561322,-0.501845556405506,-0.534139212970513,-0.485717523754643,-0.479843329799516
-0.46777345665675,-0.458131814977565,-0.457651615880138,-0.503916670063608,-0.473948428767025,-0.485139138313614,-0.460374244279436,-0.477139382858615,-0.445335991838985,-0.482481531603667
-0.46777345665675,-0.458131814977565,-0.457651615880138,-0.503916670063608,-0.473948428767025,-0.485139138313614,-0.460374244279436,-0.477139382858615,-0.445335991838985,-0.482481531603667
-0.449166274623503,-0.471479540094103,-0.46693002538664,-0.488429873493378,-0.5229314936303,-0.593062813493539,-0.58165729307318,-0.449839681293496,-0.481625239402376,-0.50662887598672
-0.431934762971516,-0.458167686747329,-0.393932582071532,-0.459126391326746,-0.449598467923243,-0.449516534308094,-0.437433021002843,-0.513168837731773,-0.455591141585491,-0.502600189479439
-0.504684692006751,-0.520239148218014,-0.633256416366804,-0.558454235328208,-0.564429455046548,-0.558718731197605,-0.495874145008181,-0.535544082188607,-0.518540708085854,-0.524984677354633
-0.535337792347609,-0.529936475779528,-0.577678371700009,-0.49258706277988,-0.608054301796416,-0.476502487665256,-0.579323180741497,-0.512789851108602,-0.46893795054051,-0.438923441002487
-0.532083243210463,-0.512783945534707,-0.577215204121688,-0.568479383201008,-0.548059697313354,-0.574298445499847,-0.556093447595447,-0.593183325920769,-0.491569618507059,-0.516761678853787
-0.413055016456506,-0.589757525542515,-0.577042985153406,-0.452389475056903,-0.558110889246572,-0.515997382071679,-0.462735351440512,-0.500575727412332,-0.515540717811676,-0.55379469335872
-0.528567327950067,-0.56627035468666,-0.554053450136861,-0.617235641867738,-0.58935743029003,-0.554161156605031,-0.461559502554462,-0.507933257295419,-0.469404738455215,-0.486863116310441
-0.550665609874186,-0.484261959567898,-0.508432507653287,-0.585354560714614,-0.49781231424581,-0.583437669193141,-0.50063085666964,-0.636546165265937,-0.545069783742357,-0.47501756803859
-0.553262113071825,-0.586631553212121,-0.551863255915489,-0.596001215657003,-0.545162642118943,-0.55684073575325,-0.590470663529593,-0.585486648192818,-0.512955997496424,-0.534122331989666
-0.480656680624775,-0.500108310686269,-0.597959886146675,-0.583844271659271,-0.588254391894067,-0.551169128117284,-0.545989531469306,-0.591192055446642,-0.515749318937368,-0.587367797560384
-0.332891209589915,-0.480895207462088,-0.567198943225877,-0.531605867848816,-0.502182708192224,-0.561793701692624,-0.54204037338355,-0.556880958237974,-0.57305437215763,-0.5271737471823
-0.558666174080505,-0.558681477977175,-0.501136519472983,-0.593957712347554,-0.54425127444635,-0.490973779333907,-0.623702988383916,-0.600024145810334,-0.56998234662218,-0.471480678525883
-0.502623115911657,-0.55745879679056,-0.568580347439997,-0.588341104202848,-0.570548113753732,-0.613364289988377,-0.461134510851783,-0.599583466175281,-0.445512454819229,-0.543732461771459
-0.458377723039483,-0.459189040468121,-0.564587377100283,-0.629490214837973,-0.579374772903836,-0.565882550361996,-0.558536180503331,-0.620455491959407,-0.528556497811817,-0.505318937726448
-0.602461155185419,-0.513970568267315,-0.648909574852391,-0.518795003308694,-0.564125669470757,-0.516395798499108,-0.605232464549198,-0.559704583726447,-0.460557696494942,-0.520189043106576
-0.424228988054591,-0.297955718755515,-0.45586953338816,-0.499549029580182,-0.461877424589129,-0.46397401853572,-0.50896117281827,-0.38165297132452,-0.397070572659734,-0.441164310232574
-0.334340895498064,-0.374927484686642,-0.572823498463135,-0.470090494427371,-0.439682232848933,-0.42812847116437,-0.41671953747812,-0.417898249075421,-0.418252133389363,-0.451473620603052
-0.413830825792774,-0.359716473539541,-0.429751870619473,-0.39375152991583,-0.449519145649459,-0.390855640377847,-0.461748248024589,-0.385732142534579,-0.417853738304286,-0.388247440136816
-0.54150191433354,-0.5450990162787,-0.510962427378243,-0.632979918760559,-0.646576838092976,-0.636110214964731,-0.621417263311092,-0.602222273105519,-0.578671367064939,-0.567654607705949
-0.5209445307818,-0.476060514494691,-0.62480145056345,-0.617741490712318,-0.684987382649653,-0.590622492744168,-0.580808386361453,-0.563745785092639,-0.563514663118756,-0.659689946331293
-0.558937315342324,-0.56848874918266,-0.56097110970004,-0.656360952221284,-0.651605616525381,-0.684088650789372,-0.576461373077029,-0.545289718758471,-0.611366874741624,-0.528399882252802
-0.626127411915419,-0.58435848183728,-0.621290853674399,-0.609950804195941,-0.646617901894039,-0.635689926254189,-0.638834421082748,-0.591881515004649,-0.595319970981056,-0.590889066542858
-0.626815444772641,-0.642216231342083,-0.597059446577909,-0.610445475057317,-0.612924989860025,-0.581946704226042,-0.638029173983001,-0.665969452558592,-0.563626948710381,-0.594909848479827
-0.601722395130313,-0.580059749389736,-0.593932617089412,-0.618406643545275,-0.666179990183968,-0.630768432282023,-0.626726522383408,-0.647792081426304,-0.635826752867921,-0.580567579762884
-0.351300264903052,-0.328285775281776,-0.435876193074011,-0.41116949885233,-0.340392502222785,-0.423020102711641,-0.432550092916053,-0.353476487910244,-0.380412971991091,-0.338723416226186
-0.641898862107442,-0.588077849486465,-0.67855097964227,-0.618712831497517,-0.541854557236602,-0.713923783817498,-0.593103197600955,-0.653604498490237,-0.618379565813672,-0.631386924053124
-0.34140121029345,-0.346004097913964,-0.37613144841676,-0.373056324369797,-0.367192160470682,-0.391478610253648,-0.355550366487811,-0.408278525268232,-0.345366339905675,-0.341793825321336
-0.628585491128672,-0.680005774406962,-0.654353896911871,-0.657742009117543,-0.605708896261965,-0.641955931303885,-0.620846402435526,-0.628707411243368,-0.660630430137754,-0.614630530194306
-0.60805246830458,-0.599207350554825,-0.638785114069306,-0.67368151406217,-0.649667365821857,-0.674529236638064,-0.601342567216228,-0.68305983252702,-0.617991270051264,-0.641910226237603
-0.374557006153239,-0.357711874443669,-0.338452688925266,-0.398213641632011,-0.344791811767048,-0.351685556583478,-0.379634982498243,-0.364646826848938,-0.333818835067165,-0.337641623101979
-0.649421710073231,-0.567295455000047,-0.701142032116929,-0.722023736814449,-0.709607973174788,-0.655491018358413,-0.562302119559815,-0.697137486566426,-0.606123831680766,-0.614390476725948
-0.624759670316207,-0.652042502286762,-0.624389426212843,-0.68289215112912,-0.676698836331951,-0.693160098743444,-0.691151888345646,-0.692063755901883,-0.659857537044326,-0.702245015227533
-0.571595728939234,-0.580012706437273,-0.682331329049175,-0.746044630824333,-0.641061227799324,-0.711324489629374,-0.636375848320437,-0.751564095664133,-0.612106227663501,-0.739002588920363
-0.70844682251384,-0.69160169080427,-0.672342505285867,-0.732103457992612,-0.678681628127649,-0.685575372944079,-0.713524798858844,-0.698536643209539,-0.667708651427766,-0.67153143946258
-0.70844682251384,-0.69160169080427,-0.672342505285867,-0.732103457992612,-0.678681628127649,-0.685575372944079,-0.713524798858844,-0.698536643209539,-0.667708651427766,-0.67153143946258
-0.293570033680247,-0.308390039578287,-0.329270045008422,-0.329932768244649,-0.298374516982847,-0.336473456955253,-0.280430119766177,-0.303197985269765,-0.26651351399217,-0.267912883810268
-0.701896468109589,-0.663413023697785,-0.723748362483047,-0.690274994308098,-0.729265982918202,-0.729379768533171,-0.709610075953729,-0.739285126057131,-0.708581096979049,-0.706768384355648
