-0.475422432201271,-0.481233741637873,-0.507203316921177,-0.510540020665703,-0.505264889847178,-0.530716946561322,-0.501845556405506,-0.534139212970513,-0.485717523754643,-0.479843329799516
-0.491384231099906,-0.488009099263367,-0.531158992209231,-0.49085050992245,-0.502951098034963,-0.540104533865435,-0.522868072761997,-0.544271378815326,-0.521939449684486,-0.499837810068749
-0.49228211603391,-0.499277978893872,-0.537329999095442,-0.554457398484552,-0.471759117012536,-0.484926916002953,-0.449913396985274,-0.528492381759324,-0.526268276054471,-0.529870509486218
-0.54923871292341,-0.459303986365643,-0.465948754036582,-0.550453652767776,-0.497806831592098,-0.545863512140984,-0.495319320012781,-0.525553262744234,-0.52143601754972,-0.508700309264164
-0.495786780738023,-0.518994964759652,-0.472535308052603,-0.524012006147459,-0.461951890594001,-0.569687850409782,-0.544688628196712,-0.492018304336398,-0.510206526722015,-0.53482123835649
-0.518440323916065,-0.490102375372987,-0.511499509033527,-0.515987895193423,-0.563993754122305,-0.538782070622987,-0.496778300768825,-0.441151423700968,-0.486816745782853,-0.556593029570678
-0.450483854238648,-0.450631053388707,-0.465293438471584,-0.482736204456665,-0.46542439887653,-0.486236877616246,-0.471570691478075,-0.492043894989504,-0.448020630132159,-0.444570681674517
-0.481128143111442,-0.530543153597442,-0.462643377622599,-0.534040444436016,-0.559172336485409,-0.477201008396162,-0.536108465364378,-0.544835175922619,-0.440556710547055,-0.517489820731207
-0.441075271169875,-0.446520981523835,-0.547630290482885,-0.530283498096558,-0.523183573034841,-0.54771598472957,-0.488783214255728,-0.485142878778463,-0.55340338953674,-0.505765802486526
-0.403856612294088,-0.469467783175456,-0.486330794894299,-0.494461969930113,-0.470441653440887,-0.529401303987048,-0.489563792081068,-0.464259819265395,-0.440063329880042,-0.480472164353266
-0.427349424724522,-0.499784830267472,-0.500741318865948,-0.497995046994225,-0.491001384205662,-0.593569507547497,-0.467562101468442,-0.575988845884072,-0.48499465235344,-0.54159345279802
-0.481961647050456,-0.504592847190399,-0.624942297275881,-0.537837795715706,-0.511842900864056,-0.521481073626523,-0.488121172343455,-0.571450299029072,-0.520041995688258,-0.501860218352533
-0.401967922571597,-0.496568127349246,-0.400459107371982,-0.458358610587617,-0.456656853568129,-0.491398950199899,-0.45144113460002,-0.515036527910446,-0.499382442090901,-0.4954299137396
-0.429797731675077,-0.416297601810474,-0.485964894262963,-0.487315193060166,-0.455838436806757,-0.495552587202033,-0.444454650894425,-0.469378202435646,-0.429721630132548,-0.413154809574696
-0.507909101408971,-0.513181729774583,-0.530481756319982,-0.626388797010805,-0.512194244239615,-0.583109315673409,-0.537518236652829,-0.561882747508111,-0.588487247309786,-0.490585700795235
-0.577065640401551,-0.521972386550316,-0.56954580584364,-0.568816384935076,-0.565043867337654,-0.544735533217853,-0.569289621211812,-0.599955323902901,-0.531809399687607,-0.503348254181243
-0.577065640401551,-0.521972386550316,-0.56954580584364,-0.568816384935076,-0.565043867337654,-0.544735533217853,-0.569289621211812,-0.599955323902901,-0.531809399687607,-0.503348254181243
-0.418181275781071,-0.338945974969378,-0.501950515841843,-0.504088282450012,-0.444305999385238,-0.510289256635378,-0.526137821280485,-0.500278497893163,-0.500952547607188,-0.55744264262113
-0.405273957263749,-0.460444139829372,-0.515723521665325,-0.483104581090574,-0.478176766923189,-0.50487796083891,-0.403075257351106,-0.49319357892968,-0.510700835649656,-0.35423761333473
-0.446282417986629,-0.422917265410949,-0.520295749495149,-0.509509974210608,-0.490382039143431,-0.638142515988219,-0.625730101931843,-0.509230816874577,-0.454357231200321,-0.525303165125809
-0.398716207291787,-0.407233056670892,-0.449289031823797,-0.539746542721818,-0.516188256383114,-0.54667810995667,-0.495269611264317,-0.604553575739383,-0.384696133374742,-0.530966516440382
-0.332487703795445,-0.471782711002994,-0.394525187212641,-0.528028072964583,-0.471410043619601,-0.468696522279736,-0.444012964154494,-0.433020511869149,-0.490100657479062,-0.401102062552404
-0.596576257926073,-0.569965615788722,-0.642605705487677,-0.599190475863791,-0.531842976847462,-0.551689333973953,-0.558770957674876,-0.524409049114712,-0.591310882464895,-0.461866453655899
-0.464590283826135,-0.518163024746692,-0.637337942277563,-0.559013665180754,-0.646210750706354,-0.588295829663353,-0.495619335863919,-0.5706612001784,-0.571718800642938,-0.533260898508945
-0.400173617501232,-0.369553756927428,-0.402174286110097,-0.453997736751269,-0.377651669252947,-0.463908935281777,-0.430736139834044,-0.420956330127143,-0.480480079866907,-0.440136317531435
-0.421963124561514,-0.417600379547665,-0.378963450426798,-0.388703590368161,-0.497087600269911,-0.451040699416186,-0.482630832147797,-0.426250445474737,-0.42925736372615,-0.367180045188792
-0.365955037830943,-0.513600839940601,-0.554407166539805,-0.667845992299753,-0.525780955340254,-0.524983085428841,-0.596468716165968,-0.608375144093552,-0.497171027560478,-0.504135376853331
-0.566094690445065,-0.554358032348954,-0.586340175310119,-0.668123312499202,-0.517756853989682,-0.579816445510154,-0.527486314660137,-0.613095133888168,-0.609390120762052,-0.485611708102537
-0.558341171836428,-0.540935234175187,-0.580171807800116,-0.588581187381145,-0.585814522635616,-0.674733704875017,-0.544269097614191,-0.60047420467864,-0.605274776251847,-0.532609800476435
-0.60021507687105,-0.564708933425888,-0.653734520365551,-0.537492300967226,-0.585869837670121,-0.584002690142871,-0.584289361380632,-0.615883017591144,-0.611236553906963,-0.570911015470312
-0.537488042194111,-0.480960712487987,-0.540333149602828,-0.607679842471668,-0.58521965556009,-0.647754442511714,-0.640700561203044,-0.649064643598935,-0.633937941055549,-0.559344962208378
-0.50346768206143,-0.603895717466953,-0.58686295673203,-0.585536816454049,-0.639827543953359,-0.547768149039806,-0.610911023069718,-0.647745294166959,-0.581918717001287,-0.640382398031579
-0.545656699698221,-0.612007979683574,-0.598592314967064,-0.674573037356156,-0.562206586506801,-0.648371358054361,-0.592397706625522,-0.663252551012725,-0.587421963195866,-0.543803443904446
-0.627167347920626,-0.55288941633637,-0.603581645224437,-0.621328982200341,-0.622206261608839,-0.61640453064192,-0.549480708168395,-0.618833133874231,-0.592820201543817,-0.686222016780428
-0.32093787265893,-0.394840917503814,-0.43693239681378,-0.419081297534515,-0.334218009754557,-0.473230544879361,-0.444915239969829,-0.413232902566837,-0.345299056011291,-0.347802180937014
-0.590612695670481,-0.633935656604471,-0.65689341889364,-0.62339690827453,-0.628079182284026,-0.703882935963288,-0.634420264815517,-0.681970029255526,-0.623990974104667,-0.582373828203947
-0.569694091564403,-0.635305262445771,-0.652168274164614,-0.660299449200428,-0.636279132711202,-0.695238783257363,-0.655401271351383,-0.63009729853571,-0.605900809150357,-0.646309643623581
-0.278061173817676,-0.33615082278275,-0.373860904995027,-0.41936709359373,-0.337704733639054,-0.372519596422261,-0.330060744100238,-0.364338914982696,-0.338813180899959,-0.302005927481831
-0.284646374968333,-0.284793574118392,-0.299455959201269,-0.31689872518635,-0.299586919606215,-0.320399398345931,-0.30573321220776,-0.326206415719189,-0.282183150861844,-0.278733202404202
-0.717890547617909,-0.727827346063011,-0.746167148848623,-0.754044638683702,-0.758713695604039,-0.795335568105457,-0.770830645383505,-0.762096484862339,-0.733726607477657,-0.735571871157398
