-7.11760517984698,12.3400674636879,-1.97768682978531,-3.90161761554243,6.90368013450157,12.5319707194422,1.41301828417639,-2.61616256917902,-9.63439298245396,-4.34376043103714
1.24636778888022,21.819116600645,7.14694984339785,16.5900433468277,19.1955683548435,19.3173627451113,22.4874775232488,16.9538577613113,-6.78554340379613,16.5979097585314
-29.5092290874791,-26.5904522695288,-11.9949647201694,-29.9018182041377,20.0421228001941,-28.2823976652557,0.109720791457413,0.290148951972775,-15.5377401181825,5.9317182005959
-50.2762818551485,-16.946620974349,-5.53442014884308,9.66078209015994,-2.33355014555539,6.83066888003443,-22.9608526844053,7.17032652473021,-32.0358735001252,-4.76157667077618
23.3771139293949,-26.4704304981586,-12.6537345852307,-6.06335584087454,-39.1756554087133,-0.867938818573272,5.40720287115023,21.1563405107442,-17.1549211191728,57.2042352950358
53.2874503971283,-14.8277662049176,-5.56880739562961,6.60816993925483,34.4711431597822,32.65311560662,6.20551112724639,-22.8377248522235,36.5011542037117,-7.36764378185546
-3.81480943322923,-51.9333177191662,27.2419557518093,6.46068604835271,-16.098488359523,-1.58160599944569,14.6397890316597,27.9372544459275,-59.7310927737641,-32.4364569121134
-33.7536322111198,-19.3446765028033,38.8314418220075,-25.0228598789788,63.640012799288,6.68295414296075,-14.7046407033522,37.3320090218155,-72.7298158496166,17.7473350458878
-23.7452239249266,-43.064800595102,-33.7255845271305,71.3161296922243,0.411622058078716,26.6445594734909,59.9243795670981,10.3135351643836,-23.989545926025,43.1343988151308
-26.9122803817509,-2.25924714424644,-44.6225707325613,-61.4950923858065,-31.1564202228433,-25.0317987591799,-56.206406613285,-8.40342158496184,43.2700304572067,58.1710540534391
37.7099810270496,37.8719823573049,41.5005740397799,40.542826828902,20.7925690233905,22.7883809758525,90.5434530667851,25.508837430821,6.58182323376225,22.126827804257
-7.11760517984698,12.3400674636879,-1.97768682978531,-3.90161761554243,6.90368013450157,12.5319707194422,1.41301828417639,-2.61616256917902,-9.63439298245396,-4.34376043103714
-23.5470496330606,2.98246692698499,-6.04939157689431,-8.73905214998971,1.51661983836161,15.0148189874945,-0.0253319005660373,18.7791077159974,-3.70157005813284,-10.675717286145
15.2762217026407,43.7059243524317,8.46309763224099,8.06056003029799,0.0382787886064193,22.2151700728866,-18.9071691327259,44.3610579382315,-22.5099856622446,-49.3180150015287
46.9170726232867,37.4988177623075,41.5158388158384,16.7901605890218,28.4486322736167,29.5027582531151,67.5842950812705,69.9473796802173,40.0722202500141,66.6671324006503
9.61034075760741,31.2981657376021,16.271586516581,37.0817043091978,31.4874565751855,26.1027547707803,43.5619367623213,36.5238780918017,-3.93669382513831,37.5395799481
-23.1852507434595,9.2224114614584,-14.9366770263696,-9.37736918433249,19.2668860910678,-53.9397684469352,-71.3184519460921,-19.0286400514485,-59.9288027920477,-7.7526792481345
-45.7848104571892,52.0139411058808,-12.0267054704166,-41.7236528506151,13.1610135635014,0.94936840594108,61.3098534677561,-41.6433328164313,-8.57954521094945,30.3807208031759
-93.43495853045,-46.233309412386,-9.09115346790084,23.2231817958623,-11.5707804256124,1.12936704062663,-47.334723652987,16.9568156186394,-54.4373540177964,-5.17939291051521
-68.3381006431332,4.16366746835018,-2.19641032460471,-54.6367052768589,-57.8506568535476,-0.720823743974641,-12.6506816001673,-31.0926618722993,-15.2823380196197,-72.7740513523734
22.6955157172196,-79.3463566218745,-94.3808856053831,-22.432736480713,-54.0150173502311,6.67347934167647,-53.6148658000973,-47.570359474777,-28.2520268354842,24.7488097871052
-34.5282782809912,-51.4308133295807,-52.94630600783,-68.397037543824,-38.027368104252,-74.6587098860189,-63.5792051436261,-28.4259130557234,-58.2885542365152,-7.87631777386571
62.711222937583,-30.1887159136724,-36.953183424079,-100,4.72442801805861,-16.816996725232,25.3578494260155,-19.7766376969505,-1.39415199980496,29.4997350649867
54.0194716026326,10.2769151701417,-37.4122959416414,21.1289889592051,-11.2829675261147,100,-36.7238797315646,-46.5268863554854,10.5178967445467,-9.60286193929028
-7.11760517984698,12.3400674636879,-1.97768682978531,-3.90161761554243,6.90368013450157,12.5319707194422,1.41301828417639,-2.61616256917902,-9.63439298245396,-4.34376043103714
-24.6413638409754,24.9803586776247,-11.175922079864,-14.0214650735097,-11.3526037831581,-11.1866899917257,8.78805306078782,-10.7164636740918,-30.4328406403496,-25.9597439775853
-10.226118256127,33.2818626769477,-14.9696743836129,3.86972359676609,75.5052594780902,44.7440206516804,-58.9712285785298,-42.8672612895501,11.2811748864553,10.8863768596083
85.0189491245988,9.5105045534798,43.0613625697292,29.8160345670708,34.8270963333789,35.3545730100973,36.0387150511775,100,-21.519025297311,59.7528979304954
-11.679114468018,6.93152461120732,-68.2883643475932,-75.3753416404953,40.8436595827043,61.5519035287526,56.17758315833,-31.6217624013998,73.2374608490164,-71.0288278680195
63.8343392602129,55.280314814384,34.0816988918983,73.6796651172339,69.594765371047,30.440061520135,52.6938431918052,60.2553856168875,26.6653518130399,60.4902611414089
74.7308588365085,20.7480412103713,-24.879322476219,20.1472557652275,55.6545204591538,26.6214395768139,-1.97608321770424,52.3030298265216,-24.6474384662922,79.9283365269866
53.168317276603,26.0492979969081,-23.2934319315223,-15.7852471854863,100,81.3059861731281,69.3023345690332,46.5469272613827,-9.87894689482683,-57.7027224424531
-37.6965271397112,-42.9794719006271,-32.4863537573033,-36.3407333341745,40.1185067339175,10.5644026119682,-100,-28.4292119293646,-63.1927154905763,-6.14571722195743
-78.3897527628886,4.98666950375398,-14.9302598223807,-100,-6.76828824038531,8.42055054507115,17.7372799213467,-100,-72.1750257601593,30.9480107711314
-55.0399135700854,-100,15.677823251774,-41.7811634725834,21.0683935497184,-48.6404779458531,-66.3712395938293,-97.3056683561057,-40.1983778305669,-7.16504864858096
50.4718691045588,100,5.24270180908274,62.4814824139801,74.0323468490015,39.2988090975754,77.5152820298124,47.5672220041645,-2.21041737256377,27.912097207346
30.8259045321186,32.9273891908789,21.0967590217586,-41.4174213027706,1.78196560695003,79.3091303707001,69.6170971140725,-31.7313862000005,-6.7156585378647,77.7782435117614
-41.8794845104112,-76.9919608423872,-36.8798347578549,-45.9985783815631,-68.8911284909949,-25.9940263028084,-86.7913562194098,-33.5893900447123,-27.928353653507,-91.3422283947874
-51.9008529951113,-65.5209720027455,-22.0122426105536,-55.9020187927329,33.1805654658866,-69.0967660499537,-1.19357670126157,3.19646047312457,-21.441087253911,16.2071968322289
6.12868713058535,-60.9171729420634,100,63.9290342601192,35.2331069649352,11.9262038236342,-37.0126403289779,2.29054014268193,-54.9728889944694,-1.09744797723591
