-0.475422432201271,-0.481233741637873,-0.507203316921177,-0.510540020665703,-0.505264889847178,-0.530716946561322,-0.501845556405506,-0.534139212970513,-0.485717523754643,-0.479843329799516
-0.492252539463642,-0.501355787391082,-0.523920765243992,-0.527012683116162,-0.541875093240127,-0.571922396024254,-0.538395841309776,-0.553399496051535,-0.510880215102678,-0.513302032406428
-0.494838667079259,-0.405745315073092,-0.548236488139722,-0.494168756513952,-0.460240751521529,-0.516025974612151,-0.466118205050893,-0.518107409448815,-0.523609473500401,-0.499735356356987
-0.501092076558373,-0.48691597172223,-0.558572498962217,-0.434072478174137,-0.446953195720632,-0.592147418073201,-0.480219806372452,-0.507758289371004,-0.50817420068075,-0.475843206607589
-0.450838818140352,-0.410886568090187,-0.469511969308878,-0.477519446444789,-0.471862148832772,-0.53080356054934,-0.466046340060352,-0.562872019773926,-0.498935935480845,-0.435758493902832
-0.498861626391171,-0.459311233263217,-0.483527750763167,-0.505045281484874,-0.57161981154608,-0.533714768230928,-0.458628131653258,-0.597666711640689,-0.546859183983738,-0.462312244940005
-0.454358254642362,-0.391468433736235,-0.510986132295936,-0.55278935641225,-0.479299120776805,-0.463855068480497,-0.484977456396382,-0.559348736734128,-0.50472461584687,-0.466340069829918
-0.463161630372733,-0.421355787391082,-0.479920765243992,-0.473679349782829,-0.456160807525841,-0.459195123296982,-0.424618063531998,-0.473399496051535,-0.478059702282165,-0.430102032406428
-0.493365034689537,-0.527298923384022,-0.567295680986636,-0.522923573656453,-0.529760022978,-0.607155675303281,-0.5455245448531,-0.571490451668113,-0.507712714349333,-0.490169862155519
-0.546730553365548,-0.461678403704369,-0.566644334915051,-0.508896025948928,-0.519095797608154,-0.484537359190952,-0.514694008706676,-0.582623186675073,-0.590046578307071,-0.54270611004258
-0.531452043822945,-0.520290664277174,-0.564080228228421,-0.588971035758463,-0.51123200104284,-0.585991280606121,-0.49862076472226,-0.52119265833551,-0.568349659868982,-0.459944357611352
-0.449162166588805,-0.38768711545816,-0.518907054382191,-0.521588715678455,-0.45787003314256,-0.46876012314956,-0.553018424925024,-0.553353780772137,-0.44098692579938,-0.496599753118626
-0.563190857787452,-0.53142341442089,-0.560822717977764,-0.444313296128057,-0.527795885831604,-0.598923416074636,-0.530594908965472,-0.584391880246198,-0.508316593865125,-0.47212594269434
-0.422719168866807,-0.447583828937766,-0.486118602831322,-0.472160444531444,-0.557354936846487,-0.439581527929218,-0.485061250675521,-0.460145867718332,-0.39288612318404,-0.459856849660516
-0.551232788803853,-0.475152368848742,-0.52405240540016,-0.528027451650345,-0.504423394876689,-0.628622542721655,-0.499429345970223,-0.554586831972224,-0.597307588429842,-0.485718515945206
-0.548783351731047,-0.466544258315303,-0.556792726689967,-0.517328131301592,-0.433170976508412,-0.484053690401022,-0.555407635966987,-0.624950037866784,-0.414879699692153,-0.498370438697822
-0.507442271056064,-0.558690594513066,-0.52570798515943,-0.527046138032271,-0.505884781533207,-0.58047117608347,-0.601923351228856,-0.621025112085343,-0.557625856006428,-0.457127243288486
-0.443607947633785,-0.455971429998912,-0.388526556087405,-0.560068392810098,-0.395639136278277,-0.465311310814527,-0.423749311295679,-0.496968443169687,-0.515496643504425,-0.443335549846135
-0.48215708057032,-0.348130168765003,-0.455528731995742,-0.427732804924094,-0.440037871993388,-0.537229519292692,-0.428937774660709,-0.56746160131163,-0.508252184590998,-0.453575265440372
-0.569204699617939,-0.484431109203875,-0.571502770550426,-0.565955027146316,-0.614647262602778,-0.537109861173034,-0.565140804367575,-0.589982823722496,-0.525762525120206,-0.587402140319878
-0.443715554143728,-0.421378969976445,-0.409298703640846,-0.483370535185296,-0.387647737683456,-0.468499173650393,-0.382785385155949,-0.456876728731047,-0.438827978710216,-0.465127450989966
-0.52583274817015,-0.49518213459265,-0.63883178497708,-0.61546138192866,-0.54255402869929,-0.530259492908499,-0.61448456849858,-0.53732647422838,-0.518804350479694,-0.460816169146842
-0.510899273139865,-0.590559854842488,-0.60341147489118,-0.630160569578936,-0.605695296976074,-0.577187135773312,-0.578214708333836,-0.574529255023203,-0.564334111181561,-0.537396175070438
-0.348086851616397,-0.411403187286206,-0.433001434973693,-0.381997662437255,-0.468197866853841,-0.473423859140019,-0.456501054429406,-0.447740785714764,-0.488177125301679,-0.373292637096868
-0.400642660362951,-0.422637439426932,-0.436532717754369,-0.426137815307598,-0.41548252209875,-0.48283094066346,-0.392477634134759,-0.485915427762175,-0.412843888610879,-0.333615399327204
-0.585254015682189,-0.516626028799975,-0.644137413318266,-0.595758785504581,-0.531082081117799,-0.663260344682751,-0.523093077463641,-0.589240365094683,-0.545008323188433,-0.614147058833104
-0.387887334258398,-0.315597637865439,-0.386298394704973,-0.42231316593606,-0.438918168395853,-0.477765399864512,-0.398204856174304,-0.45125349863889,-0.440680447454875,-0.354011952238643
-0.634804822525113,-0.608049204132814,-0.54744180866346,-0.577801680853817,-0.620237766853995,-0.618622245011286,-0.568477634134759,-0.685395947242695,-0.551702747469738,-0.518474156389351
-0.345121495362088,-0.392912796018959,-0.48181147489118,-0.455894835313202,-0.384685195965973,-0.42504954363572,-0.329770948703636,-0.477211247360367,-0.363413395069029,-0.411812651042978
-0.375490413903653,-0.329948350583185,-0.411084287551298,-0.381510582701871,-0.389752157707673,-0.467229519292692,-0.373285600747665,-0.432724759206367,-0.400144076482889,-0.404344496209603
-0.559029380352029,-0.589599265717578,-0.653001434973693,-0.569532546158185,-0.626700790830449,-0.608229053945214,-0.561693066718193,-0.679807691330056,-0.598877405413724,-0.583341417584673
-0.566253587054674,-0.541647007255757,-0.605392906349076,-0.614004131669001,-0.60950762416008,-0.650940717676349,-0.625075526833203,-0.677741002924792,-0.593345552762047,-0.578657113915914
-0.507992064876226,-0.490324108223444,-0.683435488308561,-0.7191562503554,-0.582052301870461,-0.60963477584921,-0.621837540245191,-0.620319659470669,-0.568113430421875,-0.540780628704125
-0.348626822706194,-0.328098714576246,-0.431353005137777,-0.344384979802581,-0.446698103591267,-0.494200675477331,-0.388387102022333,-0.378182866882445,-0.398984116414422,-0.373901231609035
-0.54183821872238,-0.56722769724526,-0.58248310735618,-0.717929835261061,-0.550763412981572,-0.653601162403832,-0.634259192666844,-0.67091795006896,-0.591855365905746,-0.55616524408874
-0.403560433363381,-0.37863133166927,-0.429032071106505,-0.351640832324474,-0.318194587851653,-0.305690434163768,-0.413944740091752,-0.395409367005247,-0.476020445990321,-0.339429186637945
-0.309958095574555,-0.313520560107001,-0.40823635410765,-0.443081863642774,-0.440760578256477,-0.407500231687288,-0.302683462943218,-0.390847160995977,-0.342147464621539,-0.412250013617183
-0.617717731797103,-0.576987603465135,-0.626908560693333,-0.64231601428534,-0.647628336149406,-0.69298855426521,-0.633092984375274,-0.667912596612175,-0.646256843687149,-0.610091707799511
-0.333635069234751,-0.325844267279821,-0.358935865156127,-0.354074322036147,-0.346497853384477,-0.361683338411499,-0.356277074392494,-0.393166993207247,-0.325692504256722,-0.325749360494277
-0.665254015682189,-0.638978969976445,-0.700911606866653,-0.673000164814925,-0.676536626572345,-0.701226446377666,-0.670785385155949,-0.712876728731047,-0.666913085093195,-0.667480392166437
