-0.475422432201271,-0.481233741637873,-0.507203316921177,-0.510540020665703,-0.505264889847178,-0.530716946561322,-0.501845556405506,-0.534139212970513,-0.485717523754643,-0.479843329799516
-0.467232547058052,-0.529799799743442,-0.602270661564181,-0.543026040429644,-0.513327742838223,-0.591418238205325,-0.482262266377006,-0.5606716553978,-0.483324797949568,-0.530556858044851
-0.416796859162756,-0.417907507292948,-0.54147000535507,-0.505190075001135,-0.595854150507142,-0.497577961007027,-0.530555635554614,-0.533061733864581,-0.546829777459491,-0.449944029497348
-0.450557802026457,-0.378511796994668,-0.50396353889827,-0.412364868637344,-0.480712848686509,-0.463058108294383,-0.480935775041138,-0.451735091950446,-0.439387254727572,-0.490067750153898
-0.596274393035794,-0.474646302125283,-0.55343030749766,-0.581390966076358,-0.529825894742553,-0.560104127861453,-0.551058402490166,-0.542187863487027,-0.520268981477464,-0.578811812510637
-0.610732252061245,-0.467829406750025,-0.485482774932131,-0.553380547481046,-0.465635723966399,-0.557288101157427,-0.451922326563022,-0.609182257577698,-0.510397129032059,-0.480843244193068
-0.516728040776595,-0.550735621351995,-0.535641772574799,-0.602219223335058,-0.564734357194078,-0.581374547080105,-0.5334601674751,-0.470249667710428,-0.551247463280944,-0.403801484379992
-0.333855878195663,-0.503068979107248,-0.498649983780824,-0.431209938911025,-0.42585494068398,-0.439686148077895,-0.48028278511421,-0.547228084785446,-0.507854490069288,-0.512149096216037
-0.543775132132918,-0.519007602126415,-0.524291491904089,-0.595848429107526,-0.551271514801171,-0.585541507964831,-0.625087545676203,-0.596795854574524,-0.541192178771633,-0.546297343621951
-0.420882773598789,-0.365523604904613,-0.428962398405012,-0.453007850832462,-0.514795765949014,-0.422832717342566,-0.464107073657212,-0.505061760296785,-0.395934515001273,-0.428358793374799
-0.510386812777876,-0.605549788037874,-0.568102459701949,-0.523027848677763,-0.630964977530907,-0.574619902678138,-0.534982630848559,-0.617376139788198,-0.534297685716124,-0.561000086257779
-0.388090713273167,-0.478993681072194,-0.461749198566976,-0.42433085321396,-0.443744990001361,-0.477371420741654,-0.374244968183909,-0.476037948994793,-0.362807622174818,-0.460000848948759
-0.588784077429466,-0.519521566240733,-0.566218396709632,-0.601505243086638,-0.548720991252277,-0.548278857995306,-0.615151288910879,-0.650072918987221,-0.523160837217203,-0.562270299718356
-0.519530274442467,-0.481987026018135,-0.655311609069525,-0.582099205176749,-0.562497637271275,-0.560176760549931,-0.570372098697365,-0.650603024906323,-0.533143790265709,-0.489789343078252
-0.577521434064841,-0.470156610218427,-0.630223015420714,-0.490884999136786,-0.548199101897366,-0.628485608141137,-0.518554876591055,-0.652873772372332,-0.543502663848525,-0.552588330867398
-0.574154109880317,-0.523764310484232,-0.596916235581464,-0.552146011928445,-0.549921987135854,-0.645350120405022,-0.592982489647702,-0.649631705958469,-0.522931771495207,-0.50642493532849
-0.439996648793008,-0.467177725084864,-0.395877680781726,-0.420088207519058,-0.392333552224088,-0.513676525752268,-0.535564359478543,-0.421211884177073,-0.385869328535322,-0.361066082703561
-0.604169358251333,-0.610421537701289,-0.556210571941762,-0.519430151979321,-0.47659187197105,-0.515341332681235,-0.572075324961634,-0.652364578654756,-0.60345568244149,-0.60694665399317
-0.630286674830047,-0.557937871830229,-0.580605119120383,-0.54866340542689,-0.567389096547754,-0.591061861296763,-0.538914963149587,-0.574536736855609,-0.626241423715847,-0.626321592728821
-0.57033822394173,-0.56010635580716,-0.604057461893915,-0.591770092740314,-0.590900758209761,-0.615971696469494,-0.586315470780727,-0.62350797085078,-0.576315304423919,-0.573661860982977
-0.375931617685675,-0.396564189673459,-0.470657469837402,-0.495921242782598,-0.394942061593951,-0.571361589387047,-0.332480954273702,-0.539836692280979,-0.49799182567428,-0.370274591266481
-0.402552990858334,-0.368715005383513,-0.465791998616796,-0.404355887231023,-0.409794002357237,-0.438631427569565,-0.375312934522851,-0.497142540344423,-0.335448108844513,-0.405057426253142
-0.351876399505454,-0.361181407900575,-0.446925337750334,-0.448910838414671,-0.407956861568479,-0.412019236609827,-0.371739729709846,-0.434097374064308,-0.4092879423452,-0.394727618564059
-0.36060157527334,-0.325629207365413,-0.488357643115027,-0.44366458623719,-0.420780425241091,-0.425952780326805,-0.356354241693854,-0.487163449766895,-0.443996537746882,-0.373173759554849
-0.580372406772632,-0.545168521391634,-0.689976615276614,-0.563000701297181,-0.612926928951658,-0.607816526728289,-0.596442574413766,-0.539929939209285,-0.63107948698835,-0.590833027871195
-0.352714725281227,-0.352242723585299,-0.415862355308735,-0.481270562901339,-0.344508366795858,-0.451015436968409,-0.349638888718113,-0.490509386127186,-0.423974029686097,-0.415671574786385
-0.44058389731571,-0.329332103852127,-0.42163534376889,-0.405369709287614,-0.39934058686312,-0.359389846731385,-0.448395565022348,-0.420227165705677,-0.398156555602136,-0.370243813479368
-0.580372406772632,-0.565380341263896,-0.628013976181489,-0.662681722030834,-0.605699014747,-0.626181999639216,-0.664491484567939,-0.588896054657395,-0.578018512874745,-0.520170259840006
-0.590720155561299,-0.568062185780485,-0.60503259305279,-0.613264996187352,-0.669752560805803,-0.611249887080464,-0.670243091924186,-0.5812951239575,-0.628059522842213,-0.558106011182196
-0.445408205256386,-0.297410166103024,-0.454136087087316,-0.367334519279679,-0.334427032169618,-0.402837312317402,-0.379181053006705,-0.542621451593695,-0.417240037585899,-0.396237134124525
-0.557985208422775,-0.571137093404773,-0.618947065836091,-0.598323375070562,-0.651733772754779,-0.603320932780443,-0.617189532040667,-0.66357648978852,-0.668373569082184,-0.599563623999426
-0.362823932735761,-0.32334279224703,-0.379863410561958,-0.378757890732166,-0.400466443051134,-0.374423770693334,-0.374003547212697,-0.402571385172661,-0.346250391263581,-0.374133101885854
-0.301980578014647,-0.312984162332168,-0.392261052840755,-0.38222944841425,-0.375480947505367,-0.472391627398033,-0.43242075170001,-0.454433870965923,-0.324452786903911,-0.357032775311843
-0.569304153843619,-0.574211279314607,-0.597344498452715,-0.562034853504888,-0.718827072130414,-0.630815166858593,-0.655373777271578,-0.672219211175948,-0.669889171123258,-0.579439263644248
-0.637222336538615,-0.623083117668506,-0.646266622656269,-0.642016892754274,-0.592057916389247,-0.595519703682772,-0.66978696373525,-0.675052282322985,-0.679689094683844,-0.597602921789362
-0.625231224069034,-0.617766796562711,-0.609461322693075,-0.655631861439846,-0.659459622234889,-0.666948884315443,-0.655287906173992,-0.685684924534575,-0.607007921524202,-0.608995038444637
-0.343947604838264,-0.34127256978368,-0.376152139400955,-0.390265895038239,-0.348758812271165,-0.398864480409878,-0.340743527390039,-0.368176302479168,-0.367543958637969,-0.310404210531591
-0.286796118743865,-0.34137948892411,-0.44893892928508,-0.354596756075062,-0.374611969447527,-0.337157098180424,-0.348331869288714,-0.481751785189364,-0.31823903729594,-0.314075684755898
-0.315932799027427,-0.32174410846403,-0.347713683747333,-0.351050387491859,-0.345775256673334,-0.371227313387478,-0.342355923231662,-0.37464957979667,-0.3262278905808,-0.320353696625672
-0.300079359998655,-0.291816722633316,-0.298761377107168,-0.337465644751656,-0.286966680591473,-0.340118426932014,-0.282825837606884,-0.336018337676936,-0.302783118058586,-0.312995757220898
