-0.475422432201271,-0.481233741637873,-0.507203316921177,-0.510540020665703,-0.505264889847178,-0.530716946561322,-0.501845556405506,-0.534139212970513,-0.485717523754643,-0.479843329799516
-0.466091060179593,-0.45618129034303,-0.476458374869466,-0.508896145309231,-0.493392636945605,-0.480530993724861,-0.490950769643947,-0.48329871632308,-0.475535330700019,-0.466677306513838
-0.507768209901862,-0.537229108272493,-0.573669644123245,-0.503341363110233,-0.493308652523035,-0.503867357603781,-0.543692987017468,-0.548611026438224,-0.524220642366593,-0.477546327960896
-0.524599696693344,-0.50915717767543,-0.548039328803361,-0.529596993215962,-0.541394908365065,-0.516170172962656,-0.508831669877788,-0.565259278070965,-0.535497890662579,-0.465639113434123
-0.463794030749297,-0.453053281272523,-0.457418405217969,-0.449751678889753,-0.461177499550939,-0.545803175245182,-0.452135524635964,-0.493894131832619,-0.507599956084637,-0.509649359306541
-0.528047209149621,-0.486938978149634,-0.43656658029212,-0.583132674399353,-0.498544340633363,-0.548931588862932,-0.480402829806298,-0.49984548739578,-0.53572099482348,-0.510280109350064
-0.505815687045718,-0.438112235637272,-0.479772135078272,-0.459634946180902,-0.474994282560629,-0.496035404791801,-0.501191617986273,-0.427773092501615,-0.513755687811969,-0.415909273810857
-0.537801591396164,-0.543390507519967,-0.487167765436473,-0.469237884711327,-0.450822119687135,-0.565728860401782,-0.533638537042669,-0.583208214618828,-0.50911922891902,-0.501016384107561
-0.554759136463411,-0.473930346841857,-0.597822188881834,-0.479402154591407,-0.483782967085254,-0.487866295444167,-0.541164196732829,-0.56021529500712,-0.478118916319399,-0.49971845787708
-0.451097327727668,-0.546322052345609,-0.489867007689286,-0.54534878036215,-0.571184014842881,-0.491586884904918,-0.580961504575421,-0.515581057458073,-0.520703122870798,-0.535497043655914
-0.515712695504519,-0.420732335491902,-0.47588139719829,-0.578451970219006,-0.504328108634316,-0.501405752643807,-0.489158025239102,-0.538944319419042,-0.560833199663359,-0.404867297644928
-0.44791954303029,-0.46907391135691,-0.421307097436224,-0.526899924078919,-0.490095950120101,-0.524139057368006,-0.441177468369993,-0.40478254410258,-0.465236931994202,-0.430926817883414
-0.424755607079433,-0.423449596711682,-0.452169379992236,-0.456730008584271,-0.46689555162499,-0.471358925729263,-0.464453684323332,-0.466436934755416,-0.441811767564691,-0.419917744183342
-0.529966368444745,-0.506405422961169,-0.485693809092712,-0.520886817152226,-0.533096665600508,-0.609982164432099,-0.551193929931393,-0.612740465732938,-0.509647709199979,-0.502243910070468
-0.415882954625352,-0.427606673362779,-0.450782196811505,-0.536767043323548,-0.43775984286026,-0.470791051300314,-0.43098230119573,-0.503717165642392,-0.478973075021644,-0.401452399869897
-0.462204901672705,-0.465831095030659,-0.405344148933967,-0.455429017702999,-0.514250987272114,-0.536062549739106,-0.400801139358665,-0.482982860517883,-0.389043928911774,-0.545890223095101
-0.501853147039721,-0.476180062096041,-0.546214105999279,-0.558005952342029,-0.535453071771352,-0.506327068137494,-0.609829970303339,-0.466762742204686,-0.590671717629713,-0.607251820218819
-0.453631000493015,-0.55963016428487,-0.590171090762467,-0.599618254507405,-0.578435162478297,-0.464064593480207,-0.472276725664212,-0.549270589138697,-0.499559428689847,-0.608062187984557
-0.543606208147669,-0.575748741557608,-0.523015443341713,-0.494848619059201,-0.63046725922602,-0.56173099755775,-0.538592657381076,-0.586472766563489,-0.599953223702536,-0.501248233758452
-0.410652233486267,-0.446090552356743,-0.498655577835562,-0.44324918032049,-0.472256571967311,-0.438699566465729,-0.501258237342911,-0.519286632521872,-0.392992555811177,-0.364504773959452
-0.386086471114196,-0.394914351897243,-0.442220707919866,-0.431947367799941,-0.464572035961829,-0.463103510546204,-0.416324929090362,-0.482631667923347,-0.437463334549606,-0.4435255157276
-0.45327347444377,-0.437084546565647,-0.403450946076156,-0.522203123122131,-0.518096142358642,-0.46860060580546,-0.485849547061049,-0.664968229114408,-0.53526517133326,-0.44204694986883
-0.47491084492493,-0.512485104729225,-0.561186634316953,-0.54888921629888,-0.571479786429371,-0.655644245195245,-0.572552358535706,-0.537261468743094,-0.608704743327819,-0.534998307128177
-0.526015871255982,-0.462525553359764,-0.487546848904676,-0.645333684817489,-0.581141108518667,-0.626223977202529,-0.418268935005737,-0.545699700021583,-0.406629760183242,-0.531499778995203
-0.464061800079587,-0.395237342416749,-0.409488626706864,-0.48839870304763,-0.469756345575969,-0.547430632728967,-0.350814546848818,-0.509317739489293,-0.372644460540392,-0.452778176250198
-0.521655586325925,-0.54241261840694,-0.565643528492842,-0.653645471421491,-0.514533170344924,-0.541476359372062,-0.600124920022534,-0.627826500218814,-0.609556810400759,-0.520222472995575
-0.333608852226563,-0.386462096017775,-0.474195483585157,-0.372792106212476,-0.530086636543599,-0.41202837209103,-0.449535064132518,-0.47226395490714,-0.482014703706186,-0.41208884925393
-0.378912684415973,-0.389635081755209,-0.444962397272773,-0.390555860411685,-0.461401741981426,-0.438007986207701,-0.439591799262829,-0.408389029595796,-0.451744839273119,-0.358772645654347
-0.339913721037163,-0.456201021808031,-0.398284029535395,-0.380102441884308,-0.433662347953795,-0.442772303932156,-0.438373925154119,-0.516236923604438,-0.431157515456999,-0.345371006390398
-0.572207197005573,-0.667018058497854,-0.604497380406726,-0.568138998270937,-0.646744498843299,-0.560710118237119,-0.56017570040204,-0.620525798628702,-0.573932294831384,-0.549851297075108
-0.567906298989826,-0.580858744179374,-0.648640445866482,-0.602752502712502,-0.591584051729822,-0.624189854119479,-0.562181301436842,-0.652990000482168,-0.583074938233137,-0.573742873003716
-0.361696784507475,-0.336964540436456,-0.401586951082182,-0.373517068658556,-0.420136013562228,-0.425957502853242,-0.382813140388099,-0.477497062639058,-0.397789117289016,-0.511126773527564
-0.418676501077479,-0.370881536025815,-0.358466084924454,-0.374833653970735,-0.425289629052489,-0.419246992157739,-0.327287850196713,-0.3947993181547,-0.432203080856174,-0.353408238454115
-0.44535409006038,-0.416101017174636,-0.386682859411325,-0.454678669013789,-0.345666491288654,-0.464291985490985,-0.339578244982004,-0.429682306796115,-0.293032308720979,-0.369892271563139
-0.608162745930094,-0.555342295121125,-0.66626700770168,-0.567002310495283,-0.646765560265958,-0.612488988353724,-0.571589506817071,-0.696103570473249,-0.648237587620813,-0.589793667382952
-0.357393802897334,-0.358217480257259,-0.383490537966678,-0.384930633299573,-0.368484541094422,-0.388439030453412,-0.385352302849669,-0.410888874920359,-0.375731811098671,-0.350804622408705
-0.601032330748791,-0.604722054062598,-0.632919127929394,-0.63895009464711,-0.624616975841447,-0.656232435411733,-0.620048654539912,-0.65112709073595,-0.614652737863747,-0.595962155370807
-0.606540269949626,-0.580066848258496,-0.666103553180538,-0.668217026566615,-0.595538751892523,-0.703655770714988,-0.621985869777965,-0.645188256194426,-0.563645994156343,-0.547747704418658
-0.292362093520788,-0.303768301368316,-0.370236763084692,-0.354623057958145,-0.409125006454227,-0.347669583850286,-0.394161987937096,-0.413869355852422,-0.348892283519932,-0.32089006243755
-0.617912466771096,-0.686660432835709,-0.7626869296074,-0.623825188215533,-0.701396281754163,-0.70348464005149,-0.652388048943328,-0.682639853630111,-0.578007762003915,-0.64237985314758
