-0.475422432201271,-0.481233741637873,-0.507203316921177,-0.510540020665703,-0.505264889847178,-0.530716946561322,-0.501845556405506,-0.534139212970513,-0.485717523754643,-0.479843329799516
-0.501734820675446,-0.484086359893754,-0.471884948606648,-0.546836347532528,-0.50190461524027,-0.539824267712127,-0.491124193105902,-0.516992350183147,-0.510719259289062,-0.49506171957479
-0.515090784332341,-0.477582044239865,-0.552512752901506,-0.494971087628555,-0.494523928466216,-0.509291621002744,-0.521504876569167,-0.547177253988817,-0.481918220037021,-0.489780893838298
-0.506612011798717,-0.51231212457892,-0.497185541178825,-0.489888952688515,-0.478043504767157,-0.548222903481552,-0.517742046724087,-0.558673713794671,-0.497418376336832,-0.490429856953538
-0.46167098761578,-0.475153826497392,-0.4642552071787,-0.518719972372311,-0.497680419983639,-0.527428001964664,-0.47151151238775,-0.469460878536547,-0.475477227874423,-0.455385073841465
-0.428679308386099,-0.411060681161673,-0.510268931261646,-0.50957453520324,-0.460871125720811,-0.520938626510271,-0.547128025570529,-0.518657486212065,-0.521616897906706,-0.504242333477666
-0.404515642213917,-0.433847918827824,-0.490699400253167,-0.441666063439089,-0.517675763195388,-0.471372659326176,-0.475690310269012,-0.503201583938827,-0.483866113730415,-0.445966089526723
-0.447824312642575,-0.487713335214812,-0.550912211925559,-0.458456509511165,-0.524831376730014,-0.578266599921634,-0.423857330576344,-0.492412615827573,-0.452403170096974,-0.521682710687824
-0.411770712819212,-0.502606818812684,-0.497574545470208,-0.50841092319818,-0.518630791577067,-0.547520956471884,-0.459287906678184,-0.594204847636964,-0.466332522529264,-0.523238382971263
-0.460327370984672,-0.525138054257369,-0.478361708324994,-0.55649085271319,-0.537168425941786,-0.533711022924037,-0.508242333251349,-0.616025351067887,-0.472376744584912,-0.445292247356274
-0.422626484471468,-0.405071020428704,-0.450930865123546,-0.430886191182285,-0.511156065219954,-0.494789312446766,-0.456040591885392,-0.491619953638146,-0.479644220490043,-0.468755728938106
-0.489471796538994,-0.55607128485685,-0.444680727225767,-0.504233313224683,-0.489116858642237,-0.504501910721907,-0.414605872438029,-0.46743484799344,-0.471042441164133,-0.384343844792488
-0.390979599495859,-0.465746297452633,-0.435155548927288,-0.507053251572823,-0.504047997388778,-0.448331162357599,-0.434825030054927,-0.499445884673958,-0.488395460916564,-0.423969476202999
-0.469742116140429,-0.457427228592726,-0.39741164547685,-0.57897910961286,-0.462468197724446,-0.56750980860249,-0.475478726368254,-0.525898699852012,-0.432781627659686,-0.438997360782555
-0.561138543639418,-0.521230709067166,-0.548886215980325,-0.569272894963148,-0.55560564378564,-0.577518550263512,-0.546343141222871,-0.604870492619147,-0.485669349364511,-0.569129149670849
-0.53458385673718,-0.55853104257603,-0.57576900701143,-0.535646174132636,-0.552155552085835,-0.53958014681823,-0.55690496271011,-0.552838094615185,-0.610886841957023,-0.571235521445467
-0.576662840899561,-0.434594794848052,-0.392141946256109,-0.481729587954133,-0.49391142738979,-0.612207155118572,-0.429503141137601,-0.493705230289176,-0.488195639039478,-0.489682950864043
-0.391724968385306,-0.415240802690025,-0.480404429743508,-0.579379186198542,-0.509960598413441,-0.521318880596853,-0.413949906614942,-0.567992880904265,-0.479847779899363,-0.442260082519248
-0.487236794339323,-0.403295254519986,-0.506992854272321,-0.510001495962612,-0.515982746034728,-0.551285041329237,-0.525869357162012,-0.666004735360773,-0.496771183999602,-0.542327685671695
-0.549936575567878,-0.587170868820376,-0.467985788017093,-0.616573404605071,-0.476846566077543,-0.53643218189657,-0.412939540013608,-0.565228628412445,-0.56209278441268,-0.464923582735989
-0.451273463934968,-0.433618965374061,-0.469036881166374,-0.383392359012611,-0.554308315797444,-0.429787304805221,-0.449360663086284,-0.580671507380314,-0.409578894893433,-0.449972774967573
-0.478375269402573,-0.503154557045074,-0.5063693257555,-0.591325992889875,-0.634914377808276,-0.526980340104568,-0.554313228139379,-0.42850908874163,-0.572541736583611,-0.407368159169481
-0.438575221020943,-0.395419954543157,-0.474962028496814,-0.464562764231298,-0.462395572768951,-0.375549371331348,-0.423424155239827,-0.524755369242366,-0.434778323322355,-0.340243642245673
-0.425671395480899,-0.427214321979062,-0.389461705252022,-0.481012229575708,-0.476286580143562,-0.404414653629527,-0.366058368987945,-0.418937112399195,-0.396975183459678,-0.440756822260414
-0.42447169344775,-0.318458445011559,-0.455158412412385,-0.472623093439806,-0.385165956915107,-0.44565233632952,-0.445394963901462,-0.499655046665533,-0.455085612789017,-0.389427755822118
-0.568030156775003,-0.573841466211606,-0.638851552834816,-0.617964981171232,-0.575477282334452,-0.552065309141912,-0.597760699714014,-0.650299421129606,-0.531794406324417,-0.609610876628674
-0.593249435907145,-0.585059268773521,-0.588181674615913,-0.646036100581432,-0.592402948753575,-0.633153013306704,-0.56189276986998,-0.620693842602788,-0.546582143621004,-0.576358478501548
-0.623645929479246,-0.620261283774609,-0.563651366375476,-0.57171512256849,-0.591547621352279,-0.665623654548719,-0.518503436733011,-0.635270598864605,-0.591990253046133,-0.492488457003865
-0.432810808297665,-0.565782004415836,-0.557690823149857,-0.693634114168885,-0.568305980954105,-0.686048512808366,-0.549619897560097,-0.577376565897197,-0.435384512142374,-0.526960340700451
-0.596913909782477,-0.5656520974896,-0.622149178675504,-0.646863959773321,-0.529863135655371,-0.541596441789685,-0.604917770921598,-0.620364061252552,-0.623452495382893,-0.624520567123006
-0.592672005318103,-0.531366196232413,-0.583756280356138,-0.596506698026677,-0.617184134965103,-0.657692999600969,-0.659130994609739,-0.520704552343544,-0.622963240890229,-0.603950883251896
-0.374351296714914,-0.314977080553669,-0.425695815642368,-0.444488880883585,-0.482909698199971,-0.371866911444692,-0.451901705043922,-0.478840836959415,-0.401741258093299,-0.315538980789437
-0.392972459586996,-0.371500222894419,-0.385038866186986,-0.39266193690955,-0.453260759095731,-0.41852690300058,-0.36708068658653,-0.461996915048929,-0.333371695487864,-0.336777784208701
-0.366292715538569,-0.34476136668715,-0.380984598276847,-0.363659618234096,-0.430297970265388,-0.449105853592554,-0.395111374798048,-0.511788230433368,-0.416874824227586,-0.311994564343313
-0.585145441404988,-0.593412294792908,-0.634060740193341,-0.60852582363506,-0.641311199010668,-0.642340349480878,-0.628696560930534,-0.629242004379521,-0.626709064610248,-0.577285870823298
-0.520329062104476,-0.55435568700989,-0.60553874656167,-0.666347617028326,-0.599190877063562,-0.629713176283057,-0.586091434457657,-0.676897999903172,-0.677404713906859,-0.576996485470134
-0.323391864407675,-0.358293279086084,-0.372215987930892,-0.352374216471578,-0.433175965260122,-0.357277521534356,-0.367362619002932,-0.404999116068112,-0.470128906504644,-0.353239940752769
-0.631084436033194,-0.580883028662965,-0.606482397698474,-0.649104925203352,-0.673589799910206,-0.664210692031255,-0.620542530805279,-0.633349609002231,-0.614849641474506,-0.627746665118509
-0.317444549104904,-0.323255858541507,-0.349225433824811,-0.352562137569336,-0.347287006750811,-0.372739063464955,-0.343867673309139,-0.376161329874147,-0.327739640658277,-0.32186544670315
-0.258430234452936,-0.2617477278512,-0.287369044347561,-0.289757443886272,-0.278896832374434,-0.301600105411,-0.285621046531221,-0.31453616084907,-0.272746784330291,-0.257346093007744
