-7.11760517984698,12.3400674636879,-1.97768682978531,-3.90161761554243,6.90368013450157,12.5319707194422,1.41301828417639,-2.61616256917902,-9.63439298245396,-4.34376043103714
8.12975437477394,-7.06518151723535,-7.315710707508,-4.98248672820849,-16.1359876371059,5.83201595043449,3.41011057766331,9.27008897078258,-13.3946570508134,26.4302374319993
23.4509332113928,11.3084913169148,-19.6949913857134,8.61368567183131,-2.18964369580657,56.2659853597211,-17.6554307236941,-24.5715244623322,0.441751881046372,-6.97331118516371
-34.141632959817,-4.6513473225025,-1.72577174672129,3.77791263973463,-20.3714669023981,2.43839707216959,-6.27990259534255,-34.0375313332886,-69.609520584707,0.800523082458632
6.85734538046944,49.5292566528771,70.2809056415731,47.1282827166835,15.8687427581008,-35.2069570194855,-6.92031504915694,-8.92246887548532,-30.5115859649101,5.65623956896286
-71.0903806002453,20.1015700541445,-5.18479205209098,-18.6878795605448,59.4365706316189,9.02811500813884,26.362012609595,28.7721084656314,-50.2734602566171,29.2496043080159
64.4711759166397,70.1982168106433,62.2815933247821,2.73956130920568,-8.15443657746782,6.43663041671167,-4.89261723924866,11.751689460276,27.9432882952773,18.8899608975486
-70.9666198913386,-75.8611624066306,-12.5810440378553,-27.2050460547565,-10.36703879007,-29.0420929875436,-26.3692887159201,-18.7801793068868,-20.5893805862287,-63.1933724357848
0.478030898938435,-46.2211678349073,-81.7999758727566,-52.1671770481277,-23.1768807290769,-27.5514251670691,-16.4418328488695,-67.2781349715578,18.2278427226099,30.7580802335896
-7.11760517984698,12.3400674636879,-1.97768682978531,-3.90161761554243,6.90368013450157,12.5319707194422,1.41301828417639,-2.61616256917902,-9.63439298245396,-4.34376043103714
1.24636778888022,21.819116600645,7.14694984339785,16.5900433468277,19.1955683548435,19.3173627451113,22.4874775232488,16.9538577613113,-6.78554340379613,16.5979097585314
34.3391027602361,20.9844135084096,32.700873968804,82.831513797477,5.99978318777794,27.5203240524482,-8.67513839869103,68.7087880631917,1.29745983320817,67.9656960564965
-29.5092290874791,-26.5904522695288,-11.9949647201694,-29.9018182041377,20.0421228001941,-28.2823976652557,0.109720791457413,0.290148951972775,-15.5377401181825,5.9317182005959
-44.8708764497431,39.303379025651,42.4655798511569,55.4941154234933,68.1209953089901,10.0564753316473,-7.05176177531442,83.1703265247302,3.96412649987484,49.4050899958905
-50.2762818551485,-16.946620974349,-5.53442014884308,9.66078209015994,-2.33355014555539,6.83066888003443,-22.9608526844053,7.17032652473021,-32.0358735001252,-4.76157667077618
-12.0869655444531,6.194116600645,0.695336940172041,-71.4099566531723,-18.7354661279151,-56.6826372548887,-64.3546277399091,-68.5006876932341,-9.56332118157391,-79.2354235748019
23.3771139293949,-26.4704304981586,-12.6537345852307,-6.06335584087454,-39.1756554087133,-0.867938818573272,5.40720287115023,21.1563405107442,-17.1549211191728,57.2042352950358
53.2874503971283,-14.8277662049176,-5.56880739562961,6.60816993925483,34.4711431597822,32.65311560662,6.20551112724639,-22.8377248522235,36.5011542037117,-7.36764378185546
-3.81480943322923,-51.9333177191662,27.2419557518093,6.46068604835271,-16.098488359523,-1.58160599944569,14.6397890316597,27.9372544459275,-59.7310927737641,-32.4364569121134
-33.7536322111198,-19.3446765028033,38.8314418220075,-25.0228598789788,63.640012799288,6.68295414296075,-14.7046407033522,37.3320090218155,-72.7298158496166,17.7473350458878
-89.7088482794025,54.0603596083058,68.3868036535429,-15.2238660385533,13.0402137358919,18.5702086886272,-33.9111721020752,37.5043547050483,-78.1267999079562,-8.12409712233523
12.668255941974,-69.1009922277577,-93.2469313232338,-15.8881031484886,-9.86814390841367,-64.5042310305172,-76.1907352942886,-33.3151790048189,1.528618705867,-36.9668132175574
-23.7452239249266,-43.064800595102,-33.7255845271305,71.3161296922243,0.411622058078716,26.6445594734909,59.9243795670981,10.3135351643836,-23.989545926025,43.1343988151308
-26.9122803817509,-2.25924714424644,-44.6225707325613,-61.4950923858065,-31.1564202228433,-25.0317987591799,-56.206406613285,-8.40342158496184,43.2700304572067,58.1710540534391
16.9979660869015,-93.2561381570972,-48.4965418360022,69.4567244377183,22.6055702149168,-29.2158634840852,-31.7020989306522,-87.6304186141762,-6.04647660507738,30.1442978935537
79.7245000833109,54.8400674636879,44.1761593240608,28.3564469005866,22.5286801345016,100,51.4130182841764,19.7718971323135,-5.4677263157873,31.6562395689629
37.7099810270496,37.8719823573049,41.5005740397799,40.542826828902,20.7925690233905,22.7883809758525,90.5434530667851,25.508837430821,6.58182323376225,22.126827804257
-7.11760517984698,12.3400674636879,-1.97768682978531,-3.90161761554243,6.90368013450157,12.5319707194422,1.41301828417639,-2.61616256917902,-9.63439298245396,-4.34376043103714
-23.5470496330606,2.98246692698499,-6.04939157689431,-8.73905214998971,1.51661983836161,15.0148189874945,-0.0253319005660373,18.7791077159974,-3.70157005813284,-10.675717286145
50.4260495111935,17.22713492069,-27.4198295541998,93.632060570921,50.7530792809822,37.4315059004201,8.02806844742932,100,1.07749949236592,38.9780631560225
-23.3338213960632,-59.6599325363121,-74.4776868297853,-21.7587604726853,-67.0093633437593,-16.8797939864401,-72.1163934805295,-73.2043978632967,-52.0586354066964,-27.2604270977038
65.7436779088562,33.6118387311493,67.4406119595674,57.8676827351746,37.8736299558291,4.00649623654142,52.6033058354457,13.7209771536988,80.7067076262653,61.913646811201
15.2762217026407,43.7059243524317,8.46309763224099,8.06056003029799,0.0382787886064193,22.2151700728866,-18.9071691327259,44.3610579382315,-22.5099856622446,-49.3180150015287
-5.58536686335236,100,7.96865009062991,74.3717919888072,10.5414956224802,31.107422972554,49.9281218793787,71.1114646561424,69.5186219945684,44.107507054948
46.9170726232867,37.4988177623075,41.5158388158384,16.7901605890218,28.4486322736167,29.5027582531151,67.5842950812705,69.9473796802173,40.0722202500141,66.6671324006503
44.3821255148152,52.6315497393298,22.6274334795287,27.1873647669212,54.0323468490015,78.1692409912631,100,20.7273951643377,56.4102722826086,54.397790530897
-100,-9.48966238188233,-100,-50.9376352330788,-34.0853002098221,-61.1164732944512,25.4790829347898,-65.8797476928052,-31.687614257992,-0.139414550772742
9.61034075760741,31.2981657376021,16.271586516581,37.0817043091978,31.4874565751855,26.1027547707803,43.5619367623213,36.5238780918017,-3.93669382513831,37.5395799481
-23.1852507434595,9.2224114614584,-14.9366770263696,-9.37736918433249,19.2668860910678,-53.9397684469352,-71.3184519460921,-19.0286400514485,-59.9288027920477,-7.7526792481345
-45.7848104571892,52.0139411058808,-12.0267054704166,-41.7236528506151,13.1610135635014,0.94936840594108,61.3098534677561,-41.6433328164313,-8.57954521094945,30.3807208031759
