-0.475422432201271,-0.481233741637873,-0.507203316921177,-0.510540020665703,-0.505264889847178,-0.530716946561322,-0.501845556405506,-0.534139212970513,-0.485717523754643,-0.479843329799516
-0.500541269670838,-0.484363532799324,-0.487302066985849,-0.448432161527182,-0.543430973227004,-0.497505597864319,-0.454397711595807,-0.51654095617525,-0.456494708010805,-0.443261587576491
-0.442154040488397,-0.467433475613898,-0.500365309434079,-0.526584094600639,-0.462076446657977,-0.521620714597305,-0.492586863358142,-0.54055676397975,-0.458592717991147,-0.454963699992824
-0.471684117476434,-0.505236674090574,-0.490242900385701,-0.466738553626814,-0.489607151642435,-0.456019327787824,-0.468995468323611,-0.53288607213214,-0.477535887861408,-0.40201148555737
-0.460206746509495,-0.489019805924975,-0.557804655682167,-0.518418348409587,-0.526536325113893,-0.529325006197569,-0.528976640231608,-0.599846494109614,-0.490479661204375,-0.509737552635086
-0.458393805951609,-0.456380979655624,-0.483180387891783,-0.498296939559187,-0.402842215226187,-0.528102748679438,-0.492166280190529,-0.509291416664511,-0.435159061566217,-0.475687707536568
-0.442929209890581,-0.405354546333604,-0.483537078500729,-0.507191482488647,-0.491210399898442,-0.47599659635108,-0.418736453078673,-0.515764917768847,-0.501049026131578,-0.498851451451495
-0.44080753836429,-0.40766181196926,-0.494810988172138,-0.480047121572196,-0.413811310174897,-0.438170424417887,-0.546629713704656,-0.53953359953676,-0.525818816687376,-0.48936682926376
-0.476434578239087,-0.409717069374843,-0.497517419470306,-0.435796353358548,-0.449150280298676,-0.46843464672111,-0.521816028254252,-0.435116487039158,-0.453432796868605,-0.428977994577352
-0.402203667667872,-0.475922160135498,-0.448516721038375,-0.557180400280073,-0.538328274389091,-0.473213110608553,-0.481969286422304,-0.51108662506898,-0.401818796088426,-0.467615659687317
-0.518107225064732,-0.490808245395888,-0.592607498593914,-0.58905234692471,-0.524364705815648,-0.519674860696044,-0.457930693313495,-0.560416130637455,-0.58220277436293,-0.502736635871183
-0.504756717957226,-0.457227256783809,-0.546623316572638,-0.499322635763607,-0.644803979317799,-0.566306957727091,-0.499784940159842,-0.501386835738616,-0.518812628853338,-0.532923652542324
-0.423582100423147,-0.403473243970688,-0.409282690229166,-0.432779522998518,-0.4447845027727,-0.432220316182887,-0.485474925317678,-0.491236869429998,-0.451908611725433,-0.423855771479143
-0.533192476776063,-0.45658973662138,-0.596086746841397,-0.519282353939223,-0.404612729553614,-0.532616455834275,-0.509536515814812,-0.590984084449016,-0.458809931245376,-0.606685705570797
-0.534075342594115,-0.621818658072831,-0.49391014063153,-0.553645028714335,-0.592610558007827,-0.507806786850894,-0.587799194416258,-0.616491481141368,-0.559305449177846,-0.511495667082972
-0.430320734171088,-0.343950910884229,-0.499655488373537,-0.438141292459337,-0.479625338788574,-0.414419921602747,-0.484360159528524,-0.392941328515618,-0.476441753415043,-0.504134657335058
-0.43974163250239,-0.424173796271117,-0.448370879784641,-0.560332778284875,-0.545032373967682,-0.493769688248291,-0.451855502094952,-0.49802536128973,-0.457715347356845,-0.32119529340716
-0.600501123505207,-0.566542679606468,-0.570342762422456,-0.539469692243819,-0.61035855061085,-0.578967185923634,-0.577537629437194,-0.588448314906654,-0.502145216552204,-0.548784260938782
-0.4128742696686,-0.416813629519732,-0.496707121800808,-0.413212969212807,-0.444201680525108,-0.409693471324976,-0.390000431634937,-0.571569949503365,-0.39025501976667,-0.488802034032382
-0.396883095231592,-0.428104200503443,-0.373509453392441,-0.416465441947695,-0.434439730365849,-0.472575521212914,-0.482897289448987,-0.501073268798776,-0.425068348160742,-0.383264892373617
-0.486359950263052,-0.378796968485464,-0.342809030010749,-0.56489712252741,-0.460646865226363,-0.549833875809658,-0.411903020611019,-0.485192907936715,-0.396171555685567,-0.539350866734783
-0.407381996742484,-0.354361350707203,-0.472643095735761,-0.495728497300525,-0.35650567691865,-0.512265303047075,-0.412976416214437,-0.501588306970296,-0.449828063292866,-0.402082832132331
-0.559021852143007,-0.564164974650759,-0.587427979536975,-0.589991796970435,-0.591573559543687,-0.613046421025749,-0.582728384198938,-0.616430442634667,-0.569597776657105,-0.563345551043384
-0.418998577894342,-0.552174851131171,-0.637418104308373,-0.619339149654066,-0.562929657261848,-0.575326480654631,-0.622747583307113,-0.498137771682094,-0.538440726141027,-0.578574380565651
-0.371741768645024,-0.395429054556842,-0.46018534158753,-0.481117129656498,-0.42043525602843,-0.387159104714211,-0.37742876013801,-0.413735861743904,-0.436605630491158,-0.340985298250971
-0.582568300105439,-0.521518348715307,-0.594012915037299,-0.605056560421332,-0.616941259960209,-0.601041690791549,-0.63882759979193,-0.650594956003815,-0.550081481239501,-0.587349321159435
-0.495687510151635,-0.581047187960082,-0.559202753523478,-0.593575230042656,-0.589404129791856,-0.680880046650315,-0.709056900342637,-0.549350783543077,-0.584098568762874,-0.496498807434752
-0.340884555154389,-0.389672977946713,-0.377244521461036,-0.511031995067202,-0.395424591514676,-0.44386021693012,-0.449894825423217,-0.422476008262913,-0.3549120544349,-0.348554597921939
-0.56062929690327,-0.601337865257104,-0.634808681921199,-0.543866586287869,-0.566786149548271,-0.693852554152447,-0.632389460597592,-0.64794667604092,-0.517854649681664,-0.588705763004429
-0.344256004153391,-0.338176952050445,-0.469420182949572,-0.433226968282162,-0.352375890030406,-0.471295655532291,-0.456642618742001,-0.394937748336579,-0.432396697070868,-0.310599472822099
-0.599004607440323,-0.559125023666347,-0.538604989294489,-0.639744627679934,-0.581124964720944,-0.652127409062737,-0.673598290577298,-0.673866841929982,-0.582151677377506,-0.554145541819014
-0.281489834503718,-0.327076397293109,-0.435536891333802,-0.428796997586336,-0.392514364664265,-0.404819683799331,-0.338035987346407,-0.372258603988339,-0.44808310735849,-0.417051290405847
-0.356419641953696,-0.331205918203716,-0.338334430409261,-0.384754316295753,-0.386678264230037,-0.350595948786494,-0.369266741243118,-0.348490562240129,-0.364444428123339,-0.36942127542151
-0.301829644851326,-0.334274418359102,-0.393370677141337,-0.331214138732818,-0.412583783796445,-0.427528242684447,-0.324474700616622,-0.409176034717006,-0.328242336341518,-0.34990105591528
-0.266229627596169,-0.38469517957936,-0.345577233962398,-0.350055292580298,-0.306757256610239,-0.345548991334062,-0.366067037829903,-0.444369415284055,-0.380370181703483,-0.387737843151746
-0.309160933286506,-0.304760140159469,-0.316022441404058,-0.41993711738694,-0.366014419691255,-0.354789180762771,-0.333072440182069,-0.400291423019372,-0.359852904853961,-0.366052099477282
-0.301306925564557,-0.324525087958438,-0.338958482688931,-0.360666424895893,-0.354164405774549,-0.36525179463944,-0.379625940901313,-0.379873223384726,-0.334744718468835,-0.327020698534511
-0.301306925564557,-0.324525087958438,-0.338958482688931,-0.360666424895893,-0.354164405774549,-0.36525179463944,-0.379625940901313,-0.379873223384726,-0.334744718468835,-0.327020698534511
-0.283529432744311,-0.279449840584786,-0.332568069681139,-0.296288890601796,-0.345793495152221,-0.329567297640072,-0.315578266284279,-0.351835625675422,-0.30981793022514,-0.286676610949131
-0.296179565246321,-0.241010823496242,-0.279186804646688,-0.356142458434318,-0.306228366978989,-0.305443740284219,-0.282302191165711,-0.285557784118077,-0.313426410732024,-0.298456457877699
