-0.475422432201271,-0.481233741637873,-0.507203316921177,-0.510540020665703,-0.505264889847178,-0.530716946561322,-0.501845556405506,-0.534139212970513,-0.485717523754643,-0.479843329799516
-0.45811498528278,-0.444447776803567,-0.501007152546657,-0.49529357111895,-0.459538100011037,-0.484443685489604,-0.524237635055081,-0.536836406253637,-0.50576817022101,-0.484605079531638
-0.526430855302717,-0.509065243123793,-0.49328958207721,-0.454528468758118,-0.406568536560861,-0.529414099841238,-0.46278173639645,-0.4604958021178,-0.480465533250242,-0.510112801929453
-0.565952655549855,-0.520262292477933,-0.479116075079289,-0.483725178222776,-0.500860062044498,-0.520553399702962,-0.529285413329609,-0.592624995573317,-0.54483837424034,-0.509073490931528
-0.555987041051974,-0.497048402925205,-0.492409533351482,-0.565040386268871,-0.501793275159513,-0.502033677178247,-0.507603278876733,-0.516050020802788,-0.492985494093027,-0.599371894913095
-0.415908527073176,-0.440148680825278,-0.537214142490785,-0.470627981205667,-0.491445253403075,-0.528025572980292,-0.528013670236002,-0.495428822981787,-0.417746460282046,-0.516108437731141
-0.441402214471877,-0.417797546172538,-0.489923206328469,-0.503134258983114,-0.430885283382914,-0.521491124804198,-0.457410986309972,-0.517863759970405,-0.467772793523755,-0.440963080965924
-0.397835978313734,-0.509034230432203,-0.494338809266737,-0.568329538019606,-0.558485991864115,-0.517780818306108,-0.499042179881019,-0.534088696143734,-0.544419695401528,-0.511431806226713
-0.481291132402609,-0.473548575488655,-0.501881648648119,-0.448136728811621,-0.416400232526433,-0.475440042190648,-0.506730933097724,-0.499343828673211,-0.406271595520328,-0.428169968890328
-0.437796095747518,-0.422053889056165,-0.451947087085651,-0.452919129576805,-0.499087571027724,-0.430845560236826,-0.557833452317273,-0.545855456580187,-0.481723791902757,-0.438850416780079
-0.435395372453242,-0.40710945704704,-0.391645906809789,-0.47143747031542,-0.523843788654377,-0.55187197149628,-0.504338993793688,-0.510737246318811,-0.465140604398294,-0.441659440710157
-0.42989371525026,-0.486730012234975,-0.608044942641266,-0.518151799269123,-0.488907888203573,-0.531254036981798,-0.422671439735839,-0.562094895923534,-0.573854268930218,-0.557064002097741
-0.490416329607904,-0.512254796098343,-0.560386392658684,-0.536715478938051,-0.575410614576248,-0.564810173020049,-0.504774523702441,-0.62613337266759,-0.582746202845843,-0.545249201525843
-0.490456737050403,-0.498130952296871,-0.552648056517174,-0.597079674650375,-0.591106143211463,-0.542068567736138,-0.504177055087724,-0.472399628439633,-0.518502787475514,-0.630070388916125
-0.378456133352494,-0.404155069465491,-0.471370104127489,-0.469668509126019,-0.448889627255721,-0.467768315180326,-0.419940771875957,-0.453198908479426,-0.466900315556567,-0.448447310102682
-0.537530045850793,-0.489119782593484,-0.552047729958404,-0.483903435364478,-0.359729358610047,-0.507839691813873,-0.580339327812714,-0.606166299872555,-0.474109427020128,-0.545719882657622
-0.413321767786779,-0.382091650001526,-0.500382170275805,-0.537665619095869,-0.361068149612292,-0.52823194044289,-0.542840506955439,-0.527681029102503,-0.459557424464098,-0.489771579386825
-0.554427033660307,-0.536465900188187,-0.587391505726724,-0.562968500160247,-0.618719350478783,-0.584247853977309,-0.520757292915385,-0.553528949971049,-0.502908938383221,-0.58868424163374
-0.560878570352687,-0.501197713594353,-0.431262216819452,-0.595246425053221,-0.548937723927502,-0.506341970065281,-0.639521725924186,-0.575315347055941,-0.432395207396477,-0.506856383969287
-0.469087707273649,-0.475219309020658,-0.595349562917617,-0.521374113064281,-0.47739691128989,-0.671528634181543,-0.602759823519274,-0.585271916357328,-0.543197054994528,-0.465187887167474
-0.538080465354944,-0.538099239293257,-0.582158298740716,-0.622687543811061,-0.542337833403711,-0.535104679634066,-0.624471851714198,-0.546706094521363,-0.631387535228312,-0.531965445337424
-0.533348879013792,-0.508585452762154,-0.516619708902257,-0.667757321114185,-0.591296715772238,-0.652002537962282,-0.585746670699911,-0.537239217103702,-0.48970557020003,-0.535744998619386
-0.589128345044019,-0.601192643572252,-0.609920411508483,-0.571180840304161,-0.608654047117419,-0.552555684750434,-0.584138325340655,-0.620717084288685,-0.56069096969498,-0.535586771318185
-0.624207490535698,-0.602620627884053,-0.492504396305888,-0.588657216053683,-0.585526938858383,-0.547524575504476,-0.675543878980274,-0.564320487767708,-0.564865978730813,-0.458780648645999
-0.379475932472791,-0.38034179111133,-0.419885693301158,-0.40341445563375,-0.425529192499699,-0.430142122100697,-0.408711911344893,-0.442987419322968,-0.397767726989892,-0.383259970374323
-0.503982203723098,-0.526244994451077,-0.549486615018429,-0.588059400510664,-0.62154395961462,-0.641940404599744,-0.543586760937408,-0.674755762456722,-0.626661850745482,-0.517266478690187
-0.334283486851266,-0.329055057898428,-0.443690611147646,-0.4248864234118,-0.434812697726932,-0.408333015517216,-0.435149584251832,-0.449647524948861,-0.398783353776378,-0.384142517978772
-0.460879132547126,-0.493437857328928,-0.612789598529821,-0.610577157197924,-0.447284866866907,-0.668356094047137,-0.672311693490351,-0.57764258341654,-0.567823967546773,-0.388041869650726
-0.555335026738083,-0.559233741148233,-0.608044942641266,-0.660538155002294,-0.663890528302492,-0.597870322233334,-0.539789463830607,-0.587031199929606,-0.615170927943984,-0.591419181801758
-0.390215353437936,-0.399297985467114,-0.380726092968377,-0.382291952421502,-0.409184969358283,-0.461892705761497,-0.420020001738616,-0.461228510088309,-0.371413607792318,-0.304704216794812
-0.400993104703383,-0.327859794707107,-0.450680781632434,-0.362918402343736,-0.441031874478612,-0.380592562460578,-0.413911575683612,-0.420473880477971,-0.333916245582942,-0.413066992937788
-0.380946441508418,-0.304243822149317,-0.419094846050219,-0.370604961565394,-0.334389386337583,-0.431252532835994,-0.338060039854223,-0.35648393153151,-0.416864788640066,-0.383054532903493
-0.648036095660511,-0.618107825645807,-0.606945940417508,-0.644637327759761,-0.573731675257052,-0.653481030998758,-0.655982060741499,-0.722372881867388,-0.585797185089595,-0.591731022185939
-0.315524783063504,-0.360812018252396,-0.374935796337542,-0.37286680023461,-0.363889162497428,-0.443036614387518,-0.383823204783386,-0.322197474681966,-0.391661443468798,-0.347250374892312
-0.335050815389326,-0.314191739520919,-0.371874557056985,-0.349892568524732,-0.419995674892566,-0.393473192454284,-0.345776488592752,-0.362724264664642,-0.347226316614068,-0.351344731480998
-0.341773421240292,-0.29486182114792,-0.452533574622316,-0.397235202771377,-0.279523806533681,-0.36319407021132,-0.387189824007862,-0.40741893760989,-0.436908716171338,-0.305462119385063
-0.320889745530256,-0.290436645816436,-0.347321608505819,-0.318129427322203,-0.322168825383004,-0.344537036951293,-0.356792032639956,-0.329589090314913,-0.314536400621702,-0.299371902498512
-0.297832823496257,-0.257553566571129,-0.348390642957434,-0.319301896872597,-0.337406354627953,-0.317529674392112,-0.338064098277092,-0.308501511053143,-0.326040878894921,-0.336950233877365
-0.359961205442142,-0.274300577140701,-0.278351535087694,-0.355821859705049,-0.328227248568122,-0.310023026063127,-0.293112963345232,-0.3606898674231,-0.26357305523463,-0.334676816109716
-0.602249264737729,-0.671743056074445,-0.727349470304698,-0.719978344849807,-0.689136033244436,-0.708060473297899,-0.717335329546232,-0.671177252016226,-0.667117884637758,-0.684247614872506
