-0.475422432201271,-0.481233741637873,-0.507203316921177,-0.510540020665703,-0.505264889847178,-0.530716946561322,-0.501845556405506,-0.534139212970513,-0.485717523754643,-0.479843329799516
-0.468810668975448,-0.484493630347219,-0.494590185313932,-0.502258274814656,-0.507858814338273,-0.513690332121832,-0.490416623086619,-0.525064324977947,-0.464729348779845,-0.46967402100063
-0.489402893098367,-0.49170990782779,-0.522455505756791,-0.512802792933979,-0.51595895353546,-0.547336433503343,-0.521180169208243,-0.531476580776885,-0.48953695548461,-0.485365516717452
-0.489402893098367,-0.49170990782779,-0.522455505756791,-0.512802792933979,-0.51595895353546,-0.547336433503343,-0.521180169208243,-0.531476580776885,-0.48953695548461,-0.485365516717452
-0.515774092123405,-0.500262331710293,-0.516697004161478,-0.511911354912136,-0.558856539581679,-0.566395537283968,-0.517003666740073,-0.556625798942759,-0.500532693855908,-0.477986923562568
-0.475861047114516,-0.430312091625963,-0.48256335633506,-0.503994906679737,-0.491377029779483,-0.48936049851229,-0.484942471347832,-0.494361477119577,-0.437420716501971,-0.446410758422251
-0.485130403712117,-0.460984896403678,-0.489237915375047,-0.502788015330131,-0.531902833664065,-0.553113539364568,-0.52311041027913,-0.433499088012914,-0.479223697236249,-0.446410758422251
-0.466325154910517,-0.436153782718632,-0.528178284036859,-0.553946399666526,-0.513628016822085,-0.558801259412926,-0.495082590134627,-0.566856984261115,-0.511929164041173,-0.463815083763317
-0.483414118240586,-0.457674342255146,-0.452936834868808,-0.483751051018179,-0.476706748941248,-0.464729537777845,-0.490833359131651,-0.39680627931513,-0.468453506324172,-0.451486929371984
-0.57855364738279,-0.525253160308677,-0.513137703554074,-0.486657784352653,-0.529622048127281,-0.567217136275129,-0.56155603517112,-0.56215164555859,-0.491387565667158,-0.471323125689275
-0.411814030452017,-0.502718638196014,-0.509880933289108,-0.471376171222955,-0.55302261782306,-0.475502723370961,-0.439848764318711,-0.538419807087314,-0.423488482416899,-0.473498547208154
-0.522317034735283,-0.438556125652211,-0.441439537427401,-0.430517668274697,-0.505680176588229,-0.499464711401344,-0.489854841460459,-0.48961877643885,-0.485171276934223,-0.395000349292203
-0.439895563724465,-0.550651391161468,-0.544110639414538,-0.413354276710176,-0.53732178474138,-0.486181907666842,-0.440889178521007,-0.472760112368391,-0.467677493028331,-0.550670405090626
-0.505427002236339,-0.45860182071668,-0.560288292445829,-0.548925513396798,-0.516571622103464,-0.449157887387123,-0.475738088095748,-0.555607481919455,-0.399699890917891,-0.578165600064131
-0.529860221134081,-0.526716497596752,-0.536392785493571,-0.564085126847715,-0.569135959052189,-0.563245983759097,-0.570699837553379,-0.61149402798661,-0.501871058403366,-0.494859637530422
-0.546107418875599,-0.569771340744196,-0.559765858722293,-0.523618636306048,-0.568879481605579,-0.576159629573899,-0.529370727344822,-0.6021013950808,-0.54342347992922,-0.523030479624237
-0.437621035383445,-0.449824058309776,-0.423706489601168,-0.442641684793586,-0.416520748421711,-0.436019520654772,-0.510425104920269,-0.467182868408275,-0.386564788985041,-0.475428686801761
-0.427732114592504,-0.339901680890711,-0.432147506313122,-0.498929142259841,-0.500948618494319,-0.464790626109286,-0.467251722952781,-0.529354251771932,-0.491305190637254,-0.411366777612089
-0.522199327231402,-0.522739333120957,-0.410391620471126,-0.377016092216941,-0.475070200935994,-0.526359123995514,-0.512457268736751,-0.560914553748586,-0.393280520698808,-0.418892431668063
-0.443746340029212,-0.465253870894236,-0.437999987547394,-0.389138508568752,-0.448251712565876,-0.45028631779565,-0.461676349289961,-0.446366684965047,-0.404969983247167,-0.397463788167677
-0.588973850622328,-0.571564100529107,-0.546073065269042,-0.530183577434724,-0.61104329197075,-0.571561614304914,-0.513609203013925,-0.597276221009443,-0.5658297219224,-0.585028611999049
-0.386668411022381,-0.367258488251242,-0.466361854011763,-0.469019695447022,-0.427441939969838,-0.4450090408799,-0.449018907062142,-0.472445989245047,-0.395249077097335,-0.42620187258713
-0.579686070257498,-0.550931717077635,-0.51992596323161,-0.602143074100817,-0.594633722466802,-0.587968854958268,-0.544254377440281,-0.651823691342015,-0.526821457988349,-0.51942489609864
-0.549814382545336,-0.582415635975529,-0.589904120098536,-0.597258670094224,-0.592519981827448,-0.618294016625547,-0.584278857493117,-0.624201905912138,-0.565303513659943,-0.56233964031591
-0.331862034326253,-0.413616910366955,-0.458774399662304,-0.467111275758871,-0.399324967592848,-0.494456100624268,-0.497607311483913,-0.389556427171035,-0.361622041535605,-0.39756185266649
-0.371076856946789,-0.440589352841077,-0.418436365230967,-0.425096037874719,-0.360346622442497,-0.387927047271274,-0.429400928521085,-0.410982683656282,-0.367861359981738,-0.418149339226604
-0.423326664217841,-0.389106665505296,-0.412337282367804,-0.453010818845215,-0.464140856897636,-0.467066634308849,-0.331683697775224,-0.447242473899691,-0.34705920696889,-0.371085481057355
-0.46241165386572,-0.382784516092855,-0.425644940060515,-0.425609730184809,-0.437514466865156,-0.392434335798086,-0.429226646494373,-0.469883270870498,-0.326418149236305,-0.331426885319676
-0.376037206832661,-0.399777740480925,-0.452877181610717,-0.387673568984354,-0.401570114647018,-0.470276529046642,-0.354080966440526,-0.451300212684267,-0.371989964048317,-0.35245890874521
-0.655391303358055,-0.550710399098856,-0.544814292834981,-0.617611173740251,-0.695685247706702,-0.638016032242921,-0.572561114200828,-0.581303842802969,-0.574605267386268,-0.534119412537546
-0.330345914697718,-0.342902504099458,-0.392745119039352,-0.40366470783925,-0.399421459911426,-0.437870232119064,-0.393208161670575,-0.469821583762879,-0.381845580934333,-0.429807121939442
-0.3455590408299,-0.425178191120118,-0.364438695648164,-0.388220728782722,-0.416877984238972,-0.463876888156669,-0.353024691224519,-0.524784936722414,-0.378776732129239,-0.364661553232643
-0.355366839245264,-0.379476613712975,-0.41858568983064,-0.409039340769681,-0.380843088369616,-0.393482718439423,-0.427658839521227,-0.391151769843826,-0.378238377941104,-0.366391196672698
-0.385593642142478,-0.330918793092938,-0.403523171226795,-0.338778830972933,-0.462194110050688,-0.42911940196447,-0.4006092827861,-0.409115532372897,-0.419630477213934,-0.363406251689977
-0.445326695969478,-0.347280084126298,-0.391914501373228,-0.376768443575412,-0.434125121382536,-0.399991665892666,-0.373908467184057,-0.374699830740374,-0.380168808105024,-0.377971695510958
-0.322673424201985,-0.388647396385192,-0.37912069506601,-0.478852509923834,-0.397388658559795,-0.40432478614941,-0.410897361667385,-0.425591861173985,-0.360531220156512,-0.36365752817399
-0.400336442934932,-0.304042011294881,-0.438525349908231,-0.367665410478321,-0.328012428786067,-0.402513389763566,-0.385585474865169,-0.373171489976493,-0.334228507609951,-0.333726052972433
-0.336731137373177,-0.339038152102599,-0.3697837500316,-0.360131037208788,-0.36328719781027,-0.394664677778152,-0.368508413483052,-0.378804825051694,-0.336865199759419,-0.332693760992261
-0.603808599211749,-0.604456605023444,-0.689406200864189,-0.674744863545131,-0.668509379003053,-0.676208190773305,-0.666349778338072,-0.675200357237521,-0.614833733957873,-0.621798493887864
-0.618996910635708,-0.588825538443823,-0.68085003976205,-0.706618155391717,-0.666299772547276,-0.711473015138117,-0.647754345859818,-0.719528739986306,-0.664600919766363,-0.616486839488507
