-0.490758233291441,-0.49899300988215,-0.502709536553499,-0.496229124921315,-0.506530582771374,-0.512031954897162,-0.517123465564035,-0.544235409771318,-0.485106746505546,-0.477042435952136
-0.49836763187991,-0.507003285442279,-0.534478671677456,-0.524830974900758,-0.520246519789278,-0.498609070639962,-0.518905126002355,-0.573899039975851,-0.534184097901991,-0.461828985927213
-0.516626054793448,-0.453409375294732,-0.46644789478405,-0.542623187633301,-0.453869832203069,-0.556616235049471,-0.512819506200924,-0.541810568247265,-0.496576448887338,-0.516111625374591
-0.468405827716455,-0.446360262027054,-0.467788350477612,-0.491386279546123,-0.531028791711138,-0.509582313472899,-0.463483089287124,-0.528431291521675,-0.45207757210886,-0.432196520872217
-0.474400520764635,-0.519131251422881,-0.546286089376343,-0.444688335600088,-0.503785763266541,-0.563610998969051,-0.502947101776826,-0.548463751129956,-0.451327928610224,-0.462886162313063
-0.545369132542184,-0.556451925041927,-0.501728239392307,-0.525164983048146,-0.540756749281174,-0.477472928734571,-0.576320372995426,-0.471518581283858,-0.455561705218628,-0.457064786759127
-0.429089803345035,-0.468102447762264,-0.514221865177571,-0.467180191059185,-0.486215113566843,-0.549316451365358,-0.425138998869679,-0.457662796984568,-0.55246002960168,-0.511001769060355
-0.559291623606909,-0.549080360150322,-0.517611454802908,-0.458016114443975,-0.539072559263048,-0.455575085833215,-0.561213882157873,-0.578594282389079,-0.478209369330207,-0.430044859457046
-0.433852342607487,-0.540499602001297,-0.553671664704577,-0.541802685574649,-0.501167031312374,-0.54565233068459,-0.576312333087506,-0.600671590703027,-0.529934236742924,-0.463579657267034
-0.555606791921397,-0.624005741024121,-0.545260939716363,-0.50281483482345,-0.483555717082964,-0.512260859707786,-0.57574811604851,-0.587933104573683,-0.461162326516443,-0.461171268906463
-0.53611907829768,-0.58569269379859,-0.54660005666572,-0.591398049083223,-0.539605271256752,-0.582444184303146,-0.501672986583655,-0.582742965609734,-0.476187401574794,-0.584526923624578
-0.535959229068234,-0.65113129311837,-0.496449948539709,-0.458285827186232,-0.509206925621928,-0.588279985418641,-0.499163474893497,-0.590769681079784,-0.515478940126974,-0.522584025317877
-0.58255212775429,-0.544819740329948,-0.54031127732567,-0.49857257786777,-0.603803827017776,-0.532798412422812,-0.452396994769238,-0.645561131114014,-0.50264590235978,-0.52000899453218
-0.416465352264752,-0.424700128855461,-0.428416655526809,-0.421936243894625,-0.432237701744684,-0.437739073870473,-0.442830584537346,-0.469942528744628,-0.410813865478857,-0.402749554925446
-0.484093687651196,-0.553239532899349,-0.514728677684984,-0.539734825267418,-0.556171058233718,-0.620881927113988,-0.566272371902682,-0.655707428514179,-0.553865287484992,-0.495668522947873
-0.512590161663575,-0.46403772063518,-0.457170658640203,-0.402020304145802,-0.406687562714983,-0.453452709274476,-0.427649736733052,-0.479992006359466,-0.390970367882172,-0.383221801657351
-0.418135858916125,-0.458521864411189,-0.515489542341397,-0.41783538048843,-0.451570175792248,-0.495832678265983,-0.429095837557742,-0.44242095983513,-0.413674634668744,-0.348048426601385
-0.475163762521586,-0.422158408029247,-0.438671164559232,-0.383985774440576,-0.460373070949498,-0.429228694432171,-0.550277312634338,-0.415778545508511,-0.407236528414631,-0.410505912869638
-0.416067078475375,-0.380055001274037,-0.463493240068325,-0.383711671781205,-0.481884127538376,-0.427322252964389,-0.454811279788778,-0.546736695728213,-0.380702457681771,-0.457718178026494
-0.415213676630394,-0.487831352737071,-0.440973894055257,-0.44531791343954,-0.482086107947524,-0.42803727412236,-0.361869763560463,-0.433479082040793,-0.391890826197998,-0.402693235344555
-0.541090295386265,-0.607899830764695,-0.547804789470212,-0.560268662500116,-0.623864416179309,-0.651998073828107,-0.557681200425665,-0.540224219152257,-0.587598467881686,-0.527748462646899
-0.516775845449003,-0.568144321354508,-0.51245768130575,-0.50636532285042,-0.575887376843423,-0.705390779338141,-0.471268980672328,-0.545853214694683,-0.574825412170483,-0.597826799281454
-0.520787259865348,-0.510807100208334,-0.513911098388023,-0.550797891306747,-0.623803818519665,-0.603921855379217,-0.611245690271641,-0.646814836764477,-0.583554686505818,-0.541086476049253
-0.531711338939922,-0.613485568673208,-0.557513966555954,-0.563239053200342,-0.495499216287863,-0.614066193594545,-0.609118419468695,-0.65975578173213,-0.53362959010762,-0.528209556507
-0.343620210629985,-0.393253799143123,-0.406087022357655,-0.441378005599123,-0.436503275479446,-0.447525982135658,-0.480724536727425,-0.45424068335638,-0.437493029388778,-0.38406432327302
-0.435084252424466,-0.372021524259196,-0.37326512838028,-0.426286785409452,-0.383887437769572,-0.466431516921128,-0.476232822759523,-0.441001874746432,-0.440289732440184,-0.371770397491412
-0.585113890777661,-0.552589343930402,-0.629020148663478,-0.603787112731441,-0.554393383976333,-0.563535700102629,-0.632957316363644,-0.608551237014886,-0.603388012647891,-0.548332498880755
-0.55788109456855,-0.598907809467686,-0.594027173545267,-0.659249820736877,-0.599687525301955,-0.545537250635675,-0.592922615191904,-0.650885018049824,-0.485891313958796,-0.49796834852061
-0.592180359273272,-0.61429552137197,-0.569436470281736,-0.596297873906895,-0.511548740534109,-0.510392248152959,-0.676262627279217,-0.64660596144634,-0.549277876247709,-0.514357288556371
-0.409300992121747,-0.416859893101528,-0.399792364063843,-0.387145731043891,-0.434116240670281,-0.350613376075673,-0.402071533084508,-0.479410441836054,-0.372882657472448,-0.407218691893699
-0.559509701426194,-0.522008038477562,-0.599878080071717,-0.599839309667412,-0.580617361517512,-0.630596558215551,-0.630062440469831,-0.651127281345663,-0.60238405693092,-0.548071647028503
-0.645062425283379,-0.532526782098481,-0.615967538748559,-0.569848340826298,-0.652416527651452,-0.628075238591491,-0.562635705544883,-0.650939670074729,-0.496396211012933,-0.509484427919977
-0.414512587534699,-0.348931963026206,-0.378415533452008,-0.395119484170034,-0.385244267006582,-0.455885567527825,-0.400410359101447,-0.476711368116399,-0.388525844790334,-0.361106177565868
-0.375230364377529,-0.399420958891511,-0.393123514852502,-0.365882432235433,-0.40646583431517,-0.395973488712643,-0.381090154304032,-0.423949657639649,-0.37522414379048,-0.368049576279279
-0.33063082221283,-0.444960275659765,-0.327889739857753,-0.4473344899112,-0.412873615151403,-0.382932936689657,-0.448394807873966,-0.409153915997107,-0.366133382477676,-0.357401429911466
-0.600255630235504,-0.633940298324643,-0.584123244609183,-0.638483294707153,-0.616202340039,-0.649281272886361,-0.665886146307378,-0.590636453814644,-0.598620641106216,-0.528113339991512
-0.307982239592255,-0.299606140654867,-0.424577197175648,-0.380817779926254,-0.334262663415572,-0.426998977111128,-0.401924164307072,-0.395597090307654,-0.367751677387824,-0.292990484220663
-0.367594758221167,-0.291603967587685,-0.384835518089707,-0.333526389767755,-0.390894556113039,-0.351055825984257,-0.348304438556199,-0.397569563350523,-0.369806535613421,-0.31958683868587
-0.3250833891736,-0.340072886784455,-0.331824124021211,-0.359562122992286,-0.363866296544478,-0.348853381419714,-0.335215917294283,-0.358865833586602,-0.391436279433251,-0.347418421514586
-0.642032158526971,-0.590069012293181,-0.670217733234864,-0.635261898831578,-0.66826177730478,-0.664323621408102,-0.587298350877063,-0.743360780455848,-0.65117867187736,-0.69184666342634
