-0.490758233291441,-0.49899300988215,-0.502709536553499,-0.496229124921315,-0.506530582771374,-0.512031954897162,-0.517123465564035,-0.544235409771318,-0.485106746505546,-0.477042435952136
-0.55708748100471,-0.529275370376831,-0.536674000451268,-0.566162676726956,-0.549400334187739,-0.491794975260519,-0.523729758515714,-0.524559537637993,-0.462729157245909,-0.478561286656182
-0.460604465530112,-0.560236849211667,-0.570993827832264,-0.490602228716127,-0.493937218177841,-0.566226659929946,-0.461932174785276,-0.50195844871239,-0.514863836579615,-0.466350620110826
-0.52572799393767,-0.50115103153386,-0.51073282620245,-0.493487513780535,-0.46217630656607,-0.551011197068257,-0.439518230897232,-0.566656497871588,-0.388683333712845,-0.486466832096016
-0.453369243526662,-0.394718010755506,-0.443093188853422,-0.496834370879958,-0.449548768617376,-0.493538241250531,-0.551392795051529,-0.43493170518331,-0.497775155109938,-0.479052066342934
-0.404978953857146,-0.485197297626614,-0.459775366098173,-0.469925745322005,-0.486190900696889,-0.474807957906282,-0.521206702200476,-0.547150285944562,-0.427372504097749,-0.408997694204021
-0.501801953817392,-0.466419534541162,-0.469066498117139,-0.344225566401282,-0.520760236624867,-0.498602981820854,-0.464790913397569,-0.504837592029829,-0.496170321579722,-0.409999333562334
-0.446815225111113,-0.491566587797258,-0.46246257456117,-0.413024456006494,-0.46024732440667,-0.435663151076789,-0.432205233351227,-0.533139033141268,-0.496008837724714,-0.383008189646651
-0.504386420175544,-0.506640862146415,-0.562314337339477,-0.603351450725887,-0.555033248385806,-0.545117391729623,-0.472484648283873,-0.590707628136224,-0.499314992067217,-0.609341700638009
-0.402341586115449,-0.453236893141558,-0.458916314502246,-0.520170267040338,-0.55271721275426,-0.413442316987029,-0.442433765844007,-0.478764056665342,-0.550206469174119,-0.397327790009791
-0.483804209136878,-0.477295776910155,-0.440730412694458,-0.439586432221329,-0.37304508892093,-0.480251382059149,-0.439122908673138,-0.466727130375349,-0.405332057479432,-0.439479508675833
-0.443432305618722,-0.467544107784349,-0.428682616930413,-0.54591148699841,-0.443750270207521,-0.520745704104292,-0.386932521987653,-0.513613659879843,-0.618297316278606,-0.461333971371877
-0.484544986301256,-0.523030444835322,-0.569448367631295,-0.525143132204736,-0.548896773177165,-0.610258436252111,-0.525083007215074,-0.583694513612064,-0.548406793736338,-0.613962105500986
-0.459389102011408,-0.490057582709269,-0.588332513609143,-0.477717966988715,-0.583779735754131,-0.475794804290543,-0.518392135553868,-0.641005831355719,-0.525833039803796,-0.420972869388854
-0.555516388359654,-0.503159037797442,-0.489277590620836,-0.627382026566063,-0.556641519711706,-0.444452485690044,-0.594502943903056,-0.599588904017956,-0.536176993826989,-0.485576025139498
-0.585475914172664,-0.506698125030039,-0.520721245551901,-0.543334565928543,-0.583702581184499,-0.489871053874897,-0.573471154818804,-0.579720781444024,-0.637713669918222,-0.523946050717085
-0.528679929888116,-0.581984188234153,-0.574585905030671,-0.512619283064051,-0.549813811210736,-0.584878513093694,-0.554331401600094,-0.61488105787401,-0.552165095574952,-0.586300915976448
-0.537308975132912,-0.571393951058225,-0.583196127680924,-0.567833943569994,-0.518258873220307,-0.535912888896424,-0.586780415962903,-0.619399024731955,-0.54949499378761,-0.6002259595869
-0.344919348482905,-0.45214411471062,-0.453796709354061,-0.402639070563383,-0.492201965748048,-0.437260729343408,-0.514242622077092,-0.516101525955518,-0.395104228013903,-0.474474900033699
-0.543043031740063,-0.538902515135179,-0.630934794291473,-0.593807226937884,-0.533808975786806,-0.542371743186537,-0.499342989991797,-0.614953467087839,-0.598382919763284,-0.544065027491269
-0.410090087029101,-0.41654627330906,-0.425928935815533,-0.445342354295443,-0.424481079884757,-0.440667713177819,-0.474201431022217,-0.479618450560095,-0.356006726665954,-0.398590693257281
-0.488025365835063,-0.553610087443702,-0.593290803302033,-0.552063553040155,-0.602279868018197,-0.623782809755389,-0.630298075478594,-0.542461302004571,-0.56142585487012,-0.551776483596274
-0.568158061685155,-0.565319837836112,-0.575874351306949,-0.583876651887458,-0.549443453862962,-0.606224901617979,-0.653769654834321,-0.566238792816004,-0.543656803213442,-0.53210471631561
-0.432257817384301,-0.393750456251432,-0.401857720760541,-0.394957521613037,-0.421297714493143,-0.407071056589651,-0.461880126654961,-0.52984516109279,-0.396746845740794,-0.449537341212921
-0.405060724956995,-0.402986907403943,-0.439212079728585,-0.434013756615376,-0.427095088979697,-0.387525354071447,-0.442524202005088,-0.415250078734898,-0.41047588694115,-0.428496030945877
-0.601400525762501,-0.469123035858557,-0.525530117219943,-0.495377646597486,-0.514019102224443,-0.644690856317616,-0.603610797859358,-0.659590346838231,-0.530118657774815,-0.504352674684186
-0.417391999281413,-0.406683237916227,-0.377014320510379,-0.424576618034303,-0.490068947754083,-0.495989890871437,-0.399562393682304,-0.456609042766039,-0.437387101261747,-0.36044949745336
-0.518419329378962,-0.598005524739796,-0.64747548592876,-0.515675800917549,-0.59139320555977,-0.574092766617093,-0.583301024657893,-0.58020579559965,-0.595579728178783,-0.579434276162719
-0.436049408665737,-0.491182383546552,-0.534926581043939,-0.613965684134959,-0.604155346606588,-0.495999822701169,-0.621624421174896,-0.672139122322119,-0.511083381608954,-0.579706032151763
-0.57364220619137,-0.517532529070657,-0.651359583361252,-0.578233581177756,-0.549642294020257,-0.598178427373016,-0.590442891967271,-0.559300242094263,-0.643090391053411,-0.579570747585276
-0.517163386467683,-0.586507671680204,-0.618644657338017,-0.487662158708167,-0.674979405112736,-0.540978752276551,-0.552769293170962,-0.621589281002685,-0.592448449887843,-0.603972443380336
-0.633769944320167,-0.622311627621608,-0.531770155584962,-0.596943521677797,-0.511916440636626,-0.597230885113026,-0.624953378565211,-0.644006442489916,-0.544481018933005,-0.536029686842566
-0.395745464574832,-0.431540501745734,-0.392573826599699,-0.422863833802468,-0.370560817663229,-0.431577323438551,-0.404875441924773,-0.441702335461059,-0.395866775111618,-0.366260308211678
-0.532328673185213,-0.63519628358004,-0.648069338368306,-0.543903586877294,-0.507235831269848,-0.644572763181509,-0.627675295836288,-0.578842134442174,-0.562665906605167,-0.615025832372832
-0.63680818616927,-0.541132026293327,-0.563441126111935,-0.570633251571378,-0.538291070357128,-0.639542734110761,-0.575994757679841,-0.685505370088668,-0.576678855346731,-0.619164575845398
-0.637454163253601,-0.582439404427535,-0.597047038421465,-0.625867543067781,-0.56850705996855,-0.604418761521477,-0.669365670129669,-0.63955700424342,-0.578857140549812,-0.609196336268819
-0.618389992162895,-0.676101572414106,-0.589350498556056,-0.586650549098746,-0.583825385348723,-0.639059981219861,-0.605881143321619,-0.654571426829501,-0.579865219977855,-0.587336505262475
-0.596662105444003,-0.629869331575181,-0.598454783217163,-0.642958706559301,-0.561985085331817,-0.668444606244105,-0.519190176361766,-0.678324719564068,-0.663954475013813,-0.549920315321663
-0.369741288193583,-0.374814767459795,-0.379417285495938,-0.31204964412765,-0.407367703812282,-0.361522006942902,-0.390958907291401,-0.391803040972059,-0.34399809294462,-0.335848631930361
-0.667898465396083,-0.648135246718697,-0.657135089439972,-0.640416529958643,-0.64493814431914,-0.659543179459418,-0.661135086370806,-0.706575647101627,-0.659454324943118,-0.626267827221758
