-0.490758233291441,-0.49899300988215,-0.502709536553499,-0.496229124921315,-0.506530582771374,-0.512031954897162,-0.517123465564035,-0.544235409771318,-0.485106746505546,-0.477042435952136
-0.457620436697193,-0.494967806311489,-0.479778741937542,-0.481342075804491,-0.495438818244934,-0.505628086015454,-0.488027374965931,-0.520168561042155,-0.466799951046743,-0.468907677577509
-0.469644799061906,-0.471737714493201,-0.502647579896359,-0.480950492116476,-0.488792839381202,-0.48835609899594,-0.504687175278887,-0.51301448348,-0.45168538747437,-0.473000650682823
-0.502373807975738,-0.517699008641098,-0.531130170093248,-0.516607422302228,-0.53680486751105,-0.534280629860878,-0.537632566960802,-0.566184345153515,-0.515859278228594,-0.495637845377949
-0.508848032350472,-0.529726735011531,-0.551874607132723,-0.475607992032651,-0.453423354137562,-0.533861911551149,-0.477168491332023,-0.526937550138278,-0.453080327582873,-0.525675096007293
-0.463134297643818,-0.448241005266604,-0.431930754626334,-0.436576758021213,-0.450289106770849,-0.448058094199061,-0.49090567114894,-0.553274498335192,-0.496819648154037,-0.435522008405388
-0.472233584444064,-0.480059801343128,-0.59527478520088,-0.451632938421242,-0.554012198159043,-0.5436986337106,-0.481821670996519,-0.556794391116129,-0.459927815346751,-0.554621748988102
-0.373776395471643,-0.491621030821066,-0.436911463449524,-0.458300635889978,-0.47800833224633,-0.503920719004528,-0.494259646603183,-0.473847668454186,-0.453931316727599,-0.470280425810901
-0.528565223115698,-0.518298223489135,-0.481417747265516,-0.47816528421074,-0.524385441704279,-0.437470460286761,-0.640959439249823,-0.563602624631981,-0.488369746757566,-0.507208645596219
-0.440969095203721,-0.438908461533329,-0.477014691680164,-0.396864392425041,-0.511066347324525,-0.405954775718704,-0.527707950124479,-0.465047851571762,-0.471961137677128,-0.550784378101588
-0.504643537844841,-0.512775812354126,-0.486642774695444,-0.423225141692752,-0.413405541780422,-0.509482541345074,-0.517299319033948,-0.430607463897791,-0.382353283154576,-0.500905755951486
-0.589470093409042,-0.534632782883967,-0.569956245790182,-0.547401454387235,-0.554480896132869,-0.558313276605079,-0.550154955095306,-0.56957080912459,-0.551460687183071,-0.534450399459786
-0.602758292627487,-0.451753826780514,-0.516721982371675,-0.496112373508679,-0.51227893166256,-0.55523128301449,-0.601026019953446,-0.499499290758616,-0.555253867651444,-0.569649224525328
-0.576700760132466,-0.537179446182101,-0.602751855183116,-0.58201730851176,-0.565103390144308,-0.496943475552402,-0.517958575411601,-0.53896744373953,-0.57212334367875,-0.550287039690982
-0.442440057204361,-0.605224336660253,-0.576975443254351,-0.479483371077133,-0.604695800518178,-0.483033568980176,-0.532349768493259,-0.549760081867477,-0.437344524743361,-0.468776363810369
-0.411647988740452,-0.574162608656488,-0.495597169884854,-0.433965214207653,-0.469544469032457,-0.591146720289568,-0.564205487219791,-0.581242301043744,-0.419088020981215,-0.464424676269478
-0.503309360434393,-0.502280086143121,-0.488373163784631,-0.55181183285622,-0.555090271764888,-0.538219526476499,-0.626997706483865,-0.649004345016756,-0.609085425155205,-0.520005619196225
-0.383621869580943,-0.52029251034736,-0.440125752967195,-0.426987232826992,-0.405341737809424,-0.45209046671198,-0.383889756176096,-0.399851054553315,-0.484658681915131,-0.43148774097784
-0.588970009161292,-0.600691499313068,-0.58116342880596,-0.553802648010592,-0.59415967928612,-0.519292532886738,-0.617556506569821,-0.590345549185125,-0.534871559161359,-0.586418169655472
-0.384331736331003,-0.429526393145486,-0.431021000169638,-0.372314766517592,-0.489076238924778,-0.390620252040443,-0.396176902140071,-0.505035930598545,-0.41815976992907,-0.454865057990535
-0.546884127659352,-0.613053166372169,-0.518978977879855,-0.530814142263466,-0.618214092026665,-0.589147538336419,-0.606133245712883,-0.655454020916349,-0.513091479104849,-0.509322611237458
-0.422875023193454,-0.418838994908336,-0.412114787451608,-0.403740176780238,-0.465451805392659,-0.437884203131478,-0.445442355094985,-0.47856244178158,-0.35626063237525,-0.375874779550039
-0.606188550724814,-0.547654810368768,-0.58786768740508,-0.586066295050456,-0.632788227277194,-0.567181995448663,-0.555766660068114,-0.637815795322506,-0.595582185448138,-0.520443501251012
-0.426115814378742,-0.389885181279712,-0.371974036131738,-0.410553013123658,-0.445012365534038,-0.408855834401242,-0.483934445579077,-0.526167651505306,-0.348723517086045,-0.403922454872436
-0.357450690050732,-0.407260842378762,-0.380350930870233,-0.437739077062723,-0.381983169664355,-0.455829725652397,-0.396780554608367,-0.406125875914357,-0.368900061073073,-0.461823684659528
-0.615004702090054,-0.595840095615668,-0.569834249862076,-0.593984195192586,-0.57263871288115,-0.610483487505115,-0.63121056847975,-0.63308444780825,-0.604565036961766,-0.563308494661675
-0.574059207052609,-0.58040093734831,-0.602989584519426,-0.630960037544762,-0.628247847596377,-0.568482031367119,-0.669214540382621,-0.600944581836009,-0.503702275005819,-0.60142057713504
-0.628452109236521,-0.640138377607427,-0.574531235392123,-0.640473823540892,-0.60316186817462,-0.634165378228147,-0.615491447739391,-0.58008771672112,-0.523345709072689,-0.614809601671707
-0.317027014025466,-0.426810926135767,-0.390115584447482,-0.349371285467933,-0.400728240088179,-0.398579881191839,-0.416482018530973,-0.428519394005308,-0.328709971561142,-0.377748831435959
-0.37250146658021,-0.371197439865347,-0.355708250770075,-0.3822180007964,-0.389224700010667,-0.385698816357146,-0.448775758853911,-0.427503378390752,-0.316097262243838,-0.360930236797728
-0.322065610100562,-0.373533180662175,-0.359011526785072,-0.330009171240674,-0.434041515895041,-0.372439937644803,-0.419721172712017,-0.450478019257507,-0.404705764313131,-0.359671075139518
-0.61563020052176,-0.617723115953055,-0.648632981356213,-0.62693589357633,-0.634778240841056,-0.634341500455794,-0.650672576738741,-0.658999884939854,-0.597670788934225,-0.618986052142678
-0.35223692571288,-0.363465221940805,-0.357891638337948,-0.344556905918135,-0.366057489505098,-0.35613237831396,-0.37592549725696,-0.402650033022455,-0.33414163215406,-0.320400326995294
-0.655071972048006,-0.610439817549431,-0.639895216836458,-0.630499664669101,-0.683237907696211,-0.634661355416287,-0.641412395181593,-0.6821638482766,-0.687120415637559,-0.573802151433618
-0.620346731921511,-0.569405830607008,-0.667022066091676,-0.702499412908634,-0.64835532250847,-0.588892648457229,-0.708284594164154,-0.607357736434365,-0.697988324684536,-0.585294999498133
-0.636743634751295,-0.644978411342004,-0.648694938013353,-0.642214526381169,-0.652515984231228,-0.658017356357016,-0.663108867023889,-0.690220811231172,-0.6310921479654,-0.62302783741199
-0.644207728632588,-0.655436024860513,-0.649862441257656,-0.636527708837843,-0.658028292424807,-0.648103181233668,-0.667896300176668,-0.694620835942164,-0.626112435073768,-0.612371129915002
-0.311635035237339,-0.348982404851635,-0.333793340477688,-0.335356674344637,-0.34945341678508,-0.3596426845556,-0.342041973506077,-0.374183159582301,-0.320814549586889,-0.322922276117655
-0.658611083370362,-0.640145869496605,-0.64830354603789,-0.636166815379796,-0.682238642906301,-0.670413012016814,-0.699871185238444,-0.698695853230588,-0.633010877823655,-0.634130203328359
-0.312222775122134,-0.325904611552138,-0.27278238374296,-0.356898838674744,-0.362121725864219,-0.361266134477178,-0.356396657929939,-0.358598281758329,-0.35691903831563,-0.323941629944112
