-0.490758233291441,-0.49899300988215,-0.502709536553499,-0.496229124921315,-0.506530582771374,-0.512031954897162,-0.517123465564035,-0.544235409771318,-0.485106746505546,-0.477042435952136
-0.526684372784609,-0.530963668642756,-0.50926266015157,-0.546784379850168,-0.525446640260342,-0.480815964504186,-0.570296410115525,-0.529444773510245,-0.509680435107961,-0.479027396614977
-0.525326494395795,-0.459803669382766,-0.577663581550273,-0.524268656063581,-0.466125312842193,-0.463843694115039,-0.490144596919755,-0.487924864170756,-0.483489408643667,-0.482864852254902
-0.441818507320928,-0.502426916894499,-0.481490238649856,-0.442231229594823,-0.547615015854314,-0.515016150055553,-0.515515392175101,-0.549342574360534,-0.523854273073957,-0.468549999535186
-0.45477945908283,-0.495886325822951,-0.524828741868864,-0.490285370704057,-0.582408366373493,-0.564670380059777,-0.473270990963144,-0.535478657430672,-0.507801823205188,-0.524648431190777
-0.437544984811222,-0.464259701513818,-0.466865268361568,-0.434271945719453,-0.497803410848076,-0.451326103468803,-0.456650183852053,-0.524635670184931,-0.451633258217308,-0.465953746971335
-0.551137317493427,-0.546323391663822,-0.464264682545189,-0.540266292241371,-0.486330426240129,-0.467673029890748,-0.535002376207427,-0.5644179761276,-0.442492668458319,-0.456179437093113
-0.491334655737737,-0.474262781833756,-0.475695495645731,-0.582035648966268,-0.437947562052828,-0.457832951405924,-0.481699663051867,-0.490886335354176,-0.504211291053556,-0.426365224275353
-0.462427754994554,-0.441091536229683,-0.437614237877559,-0.52078269665388,-0.421828807614734,-0.501951622719209,-0.534944839945672,-0.510206963988317,-0.423972055480292,-0.495563384272846
-0.459408769222686,-0.515868492935672,-0.456259104378249,-0.456717572101994,-0.459623814409037,-0.42928940697584,-0.490623278775464,-0.544632146955539,-0.421770146284091,-0.449514401324055
-0.424104461671087,-0.453126926130456,-0.441530233711866,-0.466984100992019,-0.444256876217865,-0.48393084027478,-0.456952010086201,-0.475180642842837,-0.42700340378931,-0.469433060305832
-0.411882375729808,-0.47175848451642,-0.458474998751137,-0.457597462785536,-0.494115637559836,-0.458349067311852,-0.407749128107711,-0.442815222434303,-0.502110338225515,-0.472155554420775
-0.480787450237923,-0.516871525176666,-0.558764082404876,-0.554593846926753,-0.575446833262647,-0.56862650677132,-0.540166389455248,-0.568343927381661,-0.510275945735932,-0.575863419174745
-0.435558247986552,-0.452660844543666,-0.479124939014473,-0.387951472132522,-0.473869324360929,-0.419095757639055,-0.467332302412007,-0.477673089427338,-0.420286756219557,-0.376890218115274
-0.596819542289275,-0.570657279287138,-0.514413218626991,-0.534901956797919,-0.604984112222539,-0.590023999155907,-0.554400863284267,-0.548754954053255,-0.581938452060505,-0.564606246416263
-0.421922573392873,-0.431654109802191,-0.430725581336436,-0.420818009310438,-0.436719030028949,-0.434507160496274,-0.44694947530121,-0.473867715287599,-0.410049183220516,-0.399146375364428
-0.497746117857774,-0.470565322580521,-0.45849158915181,-0.408783847348073,-0.488814521425927,-0.432570625114686,-0.583706331325351,-0.596275827520469,-0.352284374333001,-0.493044134454754
-0.487655944794041,-0.543656287460622,-0.530547946673067,-0.507052149504024,-0.607957232792291,-0.492264968097624,-0.566417048576324,-0.657807957960954,-0.469100507125605,-0.593319103594334
-0.64108802285301,-0.548935334622594,-0.556524853967083,-0.500714263438902,-0.540317601202958,-0.626991101427413,-0.536445062816075,-0.51189742966957,-0.535964175934252,-0.392145700432253
-0.403421988749957,-0.461563190792943,-0.420225305597652,-0.408892880379831,-0.433750378986804,-0.406904993875005,-0.488488631288139,-0.511888652533731,-0.40112958829258,-0.39829664169342
-0.568832153409238,-0.525916507504924,-0.59751229673357,-0.577036320366087,-0.623845938188228,-0.618840549034594,-0.572252772064848,-0.581706416351397,-0.51730509863973,-0.56720635396511
-0.574684658330901,-0.569569439689377,-0.575506541295694,-0.566197970150556,-0.594384612838837,-0.591222483456988,-0.60849732540124,-0.621465631500953,-0.559058812164601,-0.555586319640248
-0.376389341629973,-0.435916833268856,-0.392284399776909,-0.485446872508786,-0.430586022300518,-0.396587493721637,-0.490250774935886,-0.519138787776638,-0.442651627631213,-0.351559325978738
-0.557813158561597,-0.570657279287138,-0.553333113698954,-0.492868470120199,-0.530811591496002,-0.578512359080178,-0.618383460017956,-0.679257388425588,-0.588003469042552,-0.540554037087212
-0.385970906164535,-0.473502923005023,-0.439869877750529,-0.471318351454606,-0.425856748214404,-0.406937735157909,-0.399826897275001,-0.409035486694386,-0.365680312738916,-0.417319606811915
-0.595285497361888,-0.532905684613833,-0.56120483550485,-0.50741392783952,-0.548326491366343,-0.572919854557197,-0.672038379464992,-0.591656900645501,-0.608038586272507,-0.572434731157152
-0.362841511488257,-0.408884186148872,-0.405669264840738,-0.442000737787714,-0.371008824000105,-0.448744821171449,-0.410379166679999,-0.475736394444663,-0.401929370751751,-0.450576907303201
-0.588894170413689,-0.579345138023576,-0.644079212603332,-0.578654980170844,-0.618575062893823,-0.562743700469654,-0.618791833043517,-0.651831999880272,-0.562635425952828,-0.54829904296487
-0.452646473701502,-0.388316389619985,-0.459269569999545,-0.4025426874763,-0.38233584490569,-0.440486706536016,-0.422151534294655,-0.361531354612595,-0.318635739077717,-0.442659420816175
-0.663206589014777,-0.578883041491611,-0.63371166220667,-0.573406883843521,-0.606445028929728,-0.587003768397844,-0.62275742107024,-0.605044726018762,-0.571323152981166,-0.628149323688514
-0.601152713887058,-0.64688252631037,-0.653906026963684,-0.64718265710434,-0.639920766455911,-0.52715385501583,-0.603730087959214,-0.585485530424364,-0.550610661922515,-0.606203069467086
-0.606157425016881,-0.637678926519605,-0.540812576422088,-0.569177083545297,-0.624125237579867,-0.550589746616791,-0.640309657027184,-0.712323212101806,-0.609372148842426,-0.515576432451588
-0.40732608966894,-0.458916002395243,-0.432458949276415,-0.313815237318354,-0.36419575101396,-0.396112858247702,-0.463087859383368,-0.46120568178709,-0.31617878144204,-0.358227166703052
-0.560949976558132,-0.634756831619567,-0.587784058353056,-0.615147225580443,-0.662563327825237,-0.632886343403413,-0.617945242559565,-0.667764108445025,-0.578676325664133,-0.58289962881433
-0.411197121513131,-0.428128931876036,-0.376243532118985,-0.383975961503945,-0.317840389006855,-0.40928100702,-0.321741634943518,-0.35294835324211,-0.365787835290132,-0.438091709846194
-0.401710552814296,-0.360497575859184,-0.346599533123295,-0.436868154598403,-0.316891519594866,-0.406869448032293,-0.359911738373441,-0.432051633192721,-0.328908346514454,-0.335517485342222
-0.337462254952724,-0.381677942433735,-0.366813952338863,-0.380037237269826,-0.352451433681998,-0.313311013852601,-0.421467348954432,-0.404445816066024,-0.375765061813996,-0.348272114864389
-0.310318075935434,-0.384523287010191,-0.34937228878773,-0.370547751195445,-0.414813302744672,-0.321390343080891,-0.338167963265472,-0.354549108240789,-0.307662626599838,-0.354615429909477
-0.596763518585088,-0.68213821683846,-0.644713760788317,-0.610657577133625,-0.633597933471057,-0.697149745162506,-0.686224883961054,-0.708299262976672,-0.597657791312522,-0.616293963679948
-0.331385857898489,-0.328056600005236,-0.321759738020775,-0.320842533902123,-0.33284943720197,-0.33448461697897,-0.358454160787346,-0.403194546484114,-0.34540278976065,-0.310721814609621
