-0.490758233291441,-0.49899300988215,-0.502709536553499,-0.496229124921315,-0.506530582771374,-0.512031954897162,-0.517123465564035,-0.544235409771318,-0.485106746505546,-0.477042435952136
-0.485772841764682,-0.507932267529408,-0.530736809479187,-0.525411485924034,-0.540988708017011,-0.540329230834241,-0.528644927509642,-0.556289668576489,-0.497691346120739,-0.526452927563441
-0.486908075709587,-0.461907053716718,-0.479680756675319,-0.462544512639021,-0.494876953889016,-0.445549533092612,-0.492353002850941,-0.459932820599148,-0.454857613114218,-0.450280330540657
-0.530415801168595,-0.504861148048963,-0.463151941937741,-0.431723243663827,-0.434067111302658,-0.503032648454624,-0.513935247982883,-0.512681463994957,-0.559081177978263,-0.514014953068497
-0.420764961144953,-0.518246695854863,-0.417592857773372,-0.462027357341945,-0.475639797072589,-0.505924494102641,-0.474531120251451,-0.496750602346964,-0.502316815224747,-0.502348322487748
-0.438364569727988,-0.486247966443587,-0.471289707152014,-0.483773738187961,-0.466193665492889,-0.459484845027536,-0.458475181419518,-0.476635448232852,-0.425393529622231,-0.447181021382026
-0.438364569727988,-0.486247966443587,-0.471289707152014,-0.483773738187961,-0.466193665492889,-0.459484845027536,-0.458475181419518,-0.476635448232852,-0.425393529622231,-0.447181021382026
-0.428496620326663,-0.525956046878753,-0.507537619725323,-0.530672423520148,-0.475759845271799,-0.516156294676956,-0.586380955902054,-0.503811851236763,-0.427240953396408,-0.523824350935819
-0.506843892685719,-0.475047903271794,-0.486052475893888,-0.459554318525606,-0.550382822622867,-0.548878151691125,-0.49384910246765,-0.576162134646616,-0.568646730857661,-0.558724287893189
-0.538543854755469,-0.592540673867604,-0.493196810147946,-0.417117004535413,-0.488140578160644,-0.528328996844819,-0.568984945618776,-0.502720545779204,-0.495733099792821,-0.502298565236641
-0.524285695926519,-0.534825144584644,-0.528021325126226,-0.494548797520757,-0.518671087133688,-0.54527215698867,-0.567753462790996,-0.611746399098453,-0.536555107774049,-0.508798236519674
-0.481963257412055,-0.569125933322965,-0.467541838210161,-0.552607726882942,-0.497280362488806,-0.529480779123897,-0.539495407720377,-0.542312862417061,-0.44721735195127,-0.594293320951665
-0.471702353496472,-0.443654699751068,-0.480989553276522,-0.449385906198807,-0.444433213838532,-0.476259330716589,-0.469637499929345,-0.452883382191956,-0.401871242791631,-0.459850928384156
-0.492174730303487,-0.508748907182209,-0.462805396575125,-0.529222223227789,-0.468623216099016,-0.485121802826437,-0.569766615909618,-0.466669308425378,-0.390877466563444,-0.573868708782368
-0.490152616674633,-0.526643640824439,-0.565901665507025,-0.514598125400879,-0.549087659951404,-0.588532447038069,-0.519341295934315,-0.568630596714229,-0.538733678097362,-0.428892222867708
-0.452178542786557,-0.579700116546697,-0.521154296322931,-0.471777592365156,-0.453986213280912,-0.41476559792268,-0.423690551299745,-0.502074379245435,-0.491532066719888,-0.448802386605614
-0.52327767968504,-0.610742210780828,-0.515414699997585,-0.5385426655185,-0.602302118784426,-0.516816354189789,-0.551514801613304,-0.477034447775557,-0.489366551029507,-0.502898990345449
-0.556184439088254,-0.496318861588193,-0.471457720938481,-0.432499930095137,-0.480542445331934,-0.616467901422768,-0.479395494859191,-0.546098701903669,-0.535589024009311,-0.446306949815702
-0.460929380121216,-0.45997607531854,-0.46415515961237,-0.41002058925785,-0.471987690273468,-0.423521011602941,-0.478577386035526,-0.457014697475854,-0.421269454132212,-0.409160312200344
-0.449042161480191,-0.478954506138697,-0.467584242914957,-0.405022181119835,-0.435363166892667,-0.454072406572432,-0.490105662473702,-0.502720545779204,-0.400642763973793,-0.417634801327594
-0.467104108623057,-0.521616123273868,-0.457618769459609,-0.466737736756387,-0.426699273987808,-0.482347417018168,-0.375891185957695,-0.469065877257222,-0.402225229939929,-0.51073970671696
-0.465267071602482,-0.61147307556252,-0.548783897657059,-0.527757883702913,-0.50933519819214,-0.584224243260524,-0.523917237832543,-0.604232440602961,-0.571561602398802,-0.474846411799924
-0.438377239347158,-0.397040048397655,-0.4393224763337,-0.426542565203087,-0.430314211988219,-0.483495525375612,-0.4437504883761,-0.521765219481971,-0.465254055468958,-0.411391729633803
-0.485655617135166,-0.432915085683776,-0.519570247253278,-0.520462593388755,-0.502313869784484,-0.580654795374463,-0.501154077619766,-0.632160185330416,-0.586443221054006,-0.575060662957571
-0.454066389883058,-0.443380406754523,-0.429298684843291,-0.375614673348298,-0.443154928753862,-0.477970179844096,-0.520642756728715,-0.445137178988693,-0.425624432233245,-0.432699927319025
-0.423319480651848,-0.539956978252849,-0.442952803010964,-0.395929114114496,-0.484108789784547,-0.416032620319869,-0.505039659642671,-0.607720869317533,-0.437348606672918,-0.486869821458906
-0.446234393052869,-0.429745292870667,-0.424654534838397,-0.466548639759859,-0.41171105118312,-0.459450701464728,-0.438517601968738,-0.48814352148202,-0.40700754651,-0.406279960647179
-0.549232435836778,-0.560242707899242,-0.531231524373353,-0.551258168497829,-0.587930290120188,-0.559431465425985,-0.609695800927761,-0.628072882550342,-0.581255020906823,-0.553873645535403
-0.631530279257742,-0.537894846786707,-0.589363178919498,-0.609264540889471,-0.545760484538819,-0.545983236135238,-0.585177903836048,-0.574161261037422,-0.517185120032245,-0.569534884731843
-0.473377525841885,-0.507707595887014,-0.64383975277081,-0.548384043606453,-0.649053325925763,-0.505438173423403,-0.547665846385423,-0.599053508510141,-0.495870620015168,-0.446200216900075
-0.393830767251325,-0.418323571841947,-0.485527767116082,-0.379724817183642,-0.464883438062872,-0.370833235842545,-0.483715104675404,-0.579519775571775,-0.419048474420801,-0.468659240987555
-0.483203145161129,-0.446075731301485,-0.409183510303526,-0.480446792491935,-0.429158934750405,-0.374506003531392,-0.653325163196207,-0.540139508341104,-0.372735231440076,-0.471436608860919
-0.38639917280833,-0.417495664099105,-0.484787402457533,-0.346501359967435,-0.409579038249092,-0.477071477405619,-0.415798883000157,-0.442769509881111,-0.359516591621224,-0.385903956520721
-0.40304092231999,-0.37902888810377,-0.434896255868274,-0.360150690467774,-0.386056692020175,-0.415157500397303,-0.358823988543099,-0.51533845037458,-0.373861614742026,-0.451960299790417
-0.345066536394603,-0.37612896798251,-0.430651919136414,-0.420495926225325,-0.388311000902457,-0.457161368558395,-0.383367822834449,-0.486080929402227,-0.3341392551184,-0.440581724906923
-0.346659038728573,-0.39916165059177,-0.409063290638262,-0.410333499271273,-0.461663402115696,-0.360077020788521,-0.448467973858561,-0.411437335751906,-0.409530320880236,-0.357062454529727
-0.379831093002362,-0.379487905207729,-0.433556290116549,-0.440466179234995,-0.447811576111868,-0.394962749503,-0.3762755880785,-0.43874641208364,-0.379086749316591,-0.333548885071279
-0.639258397080852,-0.610066063232453,-0.679904298449447,-0.651186159172341,-0.603254201714388,-0.584904951400618,-0.630654783690788,-0.658773216618801,-0.5904276447075,-0.598641205954479
-0.391433931356363,-0.418205383070675,-0.393032412420422,-0.330442810911388,-0.369036386136241,-0.446496687691563,-0.377100668299253,-0.331365131478803,-0.30669811554489,-0.35660159047347
-0.268972363135145,-0.295197595171005,-0.289623863459243,-0.292995300108633,-0.284353127239749,-0.267533603387944,-0.324157526272296,-0.329202731931733,-0.285298023172834,-0.267519394421325
