-7.11760517984698,12.3400674636879,-1.97768682978531,-3.90161761554243,6.90368013450157,12.5319707194422,1.41301828417639,-2.61616256917902,-9.63439298245396,-4.34376043103714
0.524529417962974,12.0821734269946,-6.40701296876732,-0.772791793698993,4.63034917692453,23.465474379512,-3.35409396779124,-8.10500304246732,-7.11535676657888,-5.00114811956878
8.18162318046399,28.7607995747809,10.577411227968,8.70476570129873,7.60800496626467,22.6133383805583,0.188784330747815,14.2315997503448,9.72389986805608,6.96994161861916
-1.27811880195293,11.2869603606803,12.6776408306606,15.3845700416706,-15.5133153739864,9.80435540557433,2.95183581176215,-12.2496382136829,-32.2257947368405,-8.95660665775354
12.0770997291436,24.8061921249345,35.9308099022408,-12.0648829216649,10.1694459002673,-33.4450407748106,-1.83901423614881,-33.5456497486662,-13.1264564745175,-46.0104270977038
-26.549008534435,32.8464658702854,-31.5567539395011,-6.45378215537224,-4.63701758918107,53.0044179246262,19.6081917208071,35.9245060068683,-1.19007461515943,-9.56892125235936
14.1666640157729,37.5176336550842,-12.9639986822174,21.8560340281444,-5.87510053908706,-30.9039330540454,-17.5151456136983,-18.9663925353635,20.3691966906755,-58.7547149912361
-1.73818068277541,-10.7633808121742,67.9336213742058,8.66592713285338,28.7481561895039,-22.5916681190333,49.3795254612099,11.5189218585883,2.89192280701972,49.5472170125719
-72.7276449273165,59.8040773700993,-26.2099023261401,-15.2615835894732,45.5279173271032,4.1132637538674,31.4343493357967,-6.09384351575563,-29.771145725529,-8.51567866524328
-7.11760517984698,12.3400674636879,-1.97768682978531,-3.90161761554243,6.90368013450157,12.5319707194422,1.41301828417639,-2.61616256917902,-9.63439298245396,-4.34376043103714
-39.0421125355928,-31.7605474714714,-7.2793654338203,-15.5533318351495,-1.73167932778424,-8.2550611340507,-12.4781352158719,-10.6981709380329,-15.1118867843414,-33.7685664334109
-53.5588025899235,3.69627996956326,-15.3766740811184,-8.10030340340256,4.56095010459428,-34.3831994238028,-18.0108690383886,-19.4048344133488,-28.2935866412835,0.472762520522352
-24.539370463518,-18.3960757721134,-84.061514417413,-25.616201119811,-15.7789291635184,-15.3601222406417,-64.3735426582785,-23.544929468664,-79.1547588793358,-29.786882660908
-14.1874510985043,-9.29165834731094,-70.5402001180652,-52.3401641689698,-8.48569826783729,-18.1530915305507,-6.69555988851164,-90.3751726380716,14.8398967068965,-65.1719393748731
-5.33820388488523,22.8329885314404,18.5955468172754,60.6657061571942,22.3989817862146,76.5743856478197,70.7708420647543,13.9895015087361,66.2211953733164,12.3502153304569
24.6684789831636,100,52.2492518232026,8.16181564378311,37.627883721104,-6.56333503115935,23.2245781173758,-35.1022418898576,32.3526199295715,60.7266723857376
-33.7953853460292,22.3201500808117,-56.5567539395011,-32.9243703906664,-92.4418956379616,22.4488623690706,-63.2489511363358,5.15527523763752,-5.95197937706419,-58.217569901008
-37.6436832265283,100,-5.76472037460021,-61.8753227162852,33.5934294048329,-41.5256794412985,-28.0274634124293,-53.1501535821723,-12.739929214464,32.1137919712992
-19.712017926631,12.8775087549887,-44.6771804554518,-34.5723890809011,-41.1426848804521,48.5885556883056,7.74385537155699,-29.3192012827253,-74.0289248768038,95.1233245741544
23.4808515407749,45.1815316858738,23.1325092857213,21.3111490181399,8.31232979802778,32.6947060416743,-1.03544962268076,31.0793620698687,29.0821927185661,18.2836436682755
3.59430989158113,-67.5776107902146,41.5493796627259,15.4297426999194,-65.7272648624133,25.0440623004556,75.451634117331,76.2436298674684,25.3153118132032,2.90926720861508
4.56136757594112,10.2338532576728,27.3329684911066,34.6707576988836,-37.9303108824744,7.07674009170643,4.49065333934792,-21.8831138581867,-54.817196491227,-13.5694528844699
10.8920991644553,-7.02418220472559,9.03343478838647,-37.8946457790401,-29.9314720921595,3.20455849047228,38.4533346531373,10.7845585467047,-23.5820630087099,77.5925129963067
-8.11756947031331,-23.3869425189191,13.7836668024856,-45.4962823904565,-34.1499683854175,-68.0553819716056,35.7602005224639,-37.2541827242237,19.7487629018897,19.6386916311052
53.7526347582124,-13.8198772461573,46.2675680892536,49.5436742007748,-57.137681998353,-50.6205007089369,12.5410396200329,-38.0146777718259,-97.2924386192738,16.331854880708
27.5986794376262,-7.88710522416551,91.8320514735138,-11.6926885831232,43.1656853786203,-24.1575561519509,1.07386367038561,-22.8910889577899,-18.2653915563875,49.9119569079797
18.1498732549304,-0.769953351606333,-85.3292688778423,25.2712231414184,-54.533838998772,-2.27666293127463,68.5161724200738,-70.9852464556816,26.2489148615609,62.9918377132098
-6.19038153729191,57.9819942552775,3.97816462855904,0.990605687506537,6.3791319227761,8.47394343334007,75.5375180583856,-0.654834413348777,3.41373043188721,82.1054155817468
2.34838806233482,31.1424741349367,27.2104443897667,-71.1206309611592,-5.13343485598386,-38.4174629118576,-10.770518326505,-16.693290794425,-37.7159410069369,-93.1606092033153
-59.8252698357104,-6.90926927341818,16.0777215053325,-51.617092063104,58.7504790485278,-22.012070309604,-43.1996177434735,-88.0693220206757,-61.415131771619,-60.2827863505208
-17.6613666924876,36.6122788153145,-6.29697843911634,18.9393102897924,97.4029532143567,11.88163018662,82.4759690818499,6.90392433417247,44.6922876914371,82.2111945687018
-16.7070148680681,-45.5811185279349,-68.1517810432135,9.18388891005275,23.3604905734254,68.7554794794625,-33.2930881920291,71.8708803285696,-43.4244430312284,84.4411217003023
-7.11760517984698,12.3400674636879,-1.97768682978531,-3.90161761554243,6.90368013450157,12.5319707194422,1.41301828417639,-2.61616256917902,-9.63439298245396,-4.34376043103714
8.16666401577292,11.8242793903013,-10.8363391077493,2.35603402814444,2.35701821934749,34.3989780395817,-8.12120621975886,-13.5938435157556,-4.59632055070379,-5.65853580810042
-28.8643256985047,-63.072013998294,-49.8223591693394,-30.7692761121755,-67.5133153739864,-14.51996891875,-15.229982370056,-55.1067810708257,-100,-47.418145119292
-20.4356186954834,-3.5023045195577,18.4268774961111,-14.4622387472606,35.2718464668948,9.6074624312015,-6.64581120958789,17.3579232263182,-41.1821044160353,6.70178730742531
64.112923427608,24.4477024435244,79.7669483881155,-11.1872688303014,-25.2172685054991,62.1719287472079,93.5324537888197,34.8864758194484,36.2653323767667,29.1741802589247
66.5677805865742,62.0359392138278,-18.9157046165999,-83.5764645575194,-32.2716561436466,22.5153266682717,14.9115644309199,5.32696320080178,-47.1420553810061,-42.2462351837294
-72.6458961925775,-65.6660368096902,-61.8021804554518,-43.7787382872503,-64.2676848804521,-46.4094853199222,-19.1097361879169,-36.0104984912639,-88.6609595088384,-31.9354989552574
11.0642130019712,85.6734007970212,68.7540204872879,9.98727127334646,20.4171936480151,25.6898654562843,43.8372607084188,33.383837430821,11.4182385964934,70.6562395689629
