-0.490758233291441,-0.49899300988215,-0.502709536553499,-0.496229124921315,-0.506530582771374,-0.512031954897162,-0.517123465564035,-0.544235409771318,-0.485106746505546,-0.477042435952136
-0.47610363189215,-0.501232626499356,-0.514285643845373,-0.488662276348439,-0.502061461146011,-0.53827623583561,-0.55068213502369,-0.582135124141099,-0.482282687857225,-0.509845744040691
-0.496067075573099,-0.4952113324043,-0.501808601612931,-0.463687600825339,-0.538821338507281,-0.462226352980853,-0.500977815133223,-0.543306313783698,-0.426586507001332,-0.472525030683741
-0.544021008589526,-0.447428434826189,-0.482512683168781,-0.454626040430279,-0.542215191891845,-0.531360520353786,-0.511539401532043,-0.510865514675412,-0.466348215951832,-0.464436919097715
-0.493123024096213,-0.448551944172399,-0.439739742451943,-0.46733701415182,-0.458309749188673,-0.476041943463216,-0.467686802771428,-0.488433129486205,-0.455501604102559,-0.451727446320616
-0.487883164028875,-0.507273305050766,-0.442256396154516,-0.500655962928614,-0.565963462581354,-0.529618750953581,-0.53173161065496,-0.577525574253322,-0.506611778027251,-0.498677300230718
-0.49861778799713,-0.486175798464009,-0.527227343061601,-0.4653149340979,-0.482874118228707,-0.558397768833161,-0.442286405582071,-0.460180215143504,-0.430221764859024,-0.457633426626591
-0.545630123156219,-0.57538519153749,-0.459614847360806,-0.477315018467352,-0.46997728306018,-0.455203326639963,-0.455564757388786,-0.447954918753985,-0.587659091093902,-0.496181191932997
-0.542936217127088,-0.484247183054899,-0.582331839324541,-0.487434179211532,-0.426191919171143,-0.496395710089971,-0.500804631922856,-0.579596184361666,-0.583920339394427,-0.453836573658255
-0.483021125457396,-0.493859683020724,-0.395412755804962,-0.449106773668814,-0.421242985067447,-0.427773551815066,-0.531324560585233,-0.443886696905047,-0.479322695859165,-0.484207374070369
-0.602203532432728,-0.459659406710915,-0.497799529500853,-0.47955487379736,-0.43273425814472,-0.521168603015033,-0.561535850985516,-0.551828433323887,-0.546264649993465,-0.563548234603376
-0.434497940646656,-0.422713509876486,-0.448731650423442,-0.43760973162036,-0.441348998105556,-0.422604373494819,-0.452463473007059,-0.481665241398751,-0.415635813743025,-0.410326595549323
-0.564092324500278,-0.489781143383883,-0.539890388221311,-0.549179325773038,-0.493021261118967,-0.613128313555336,-0.650363126588699,-0.604488549474918,-0.546713631854733,-0.461170142375561
-0.406094460868551,-0.405097549797957,-0.427381869775293,-0.435132761342984,-0.333612556424042,-0.443064466479007,-0.444084223365372,-0.539379769992851,-0.422990963536011,-0.475907048763305
-0.429620593251102,-0.410547081965307,-0.467651348985599,-0.401289642966986,-0.409668856212107,-0.364615130882106,-0.452666393849667,-0.449985099505302,-0.431079539300122,-0.395442659199811
-0.539179160105527,-0.634877215114056,-0.56198574899121,-0.469434073358395,-0.663467805018285,-0.491923942512236,-0.536936137271742,-0.63097548447901,-0.46733293680502,-0.602596444271045
-0.565588767706681,-0.54852900638145,-0.643763453786052,-0.585370260045855,-0.58038400024944,-0.584736734707394,-0.583168937483791,-0.622369938508753,-0.540189648531753,-0.62255229580928
-0.396697291133775,-0.365930925747139,-0.381975047390937,-0.428977257465989,-0.436497643847081,-0.422146555352806,-0.442659856560721,-0.519049031345992,-0.463504168429999,-0.320053687785275
-0.379700638339675,-0.380848080033226,-0.401110883871114,-0.416784889367054,-0.425454021752429,-0.452619122441787,-0.410033583524957,-0.440512072364747,-0.394559237894012,-0.359469185695372
-0.379700638339675,-0.380848080033226,-0.401110883871114,-0.416784889367054,-0.425454021752429,-0.452619122441787,-0.410033583524957,-0.440512072364747,-0.394559237894012,-0.359469185695372
-0.310846358828635,-0.428278035511136,-0.433381057887148,-0.422327383780091,-0.369382288843918,-0.456258532412488,-0.378201387718549,-0.482816118669059,-0.407875270427833,-0.409477647141653
-0.354200354055852,-0.469734061795691,-0.414344753556342,-0.372159480770913,-0.432997540745632,-0.38003933892262,-0.465801509836555,-0.512631794723987,-0.349679146301584,-0.361196732249008
-0.550988809462002,-0.581692620415284,-0.610550310176299,-0.538569497916067,-0.663643358762049,-0.507922783943811,-0.646247835721898,-0.658162721045355,-0.621780548328251,-0.485876575910858
-0.58465351488271,-0.604777507818127,-0.52249858165986,-0.621735689271498,-0.587769676338033,-0.648141408949923,-0.543021095628655,-0.686917930115511,-0.577841034343675,-0.582364639557155
-0.582609303896245,-0.629824196234037,-0.550688325574191,-0.632058208555954,-0.58012763728049,-0.557310538205828,-0.616215909798083,-0.653313181957659,-0.621408537318326,-0.613634555494327
-0.591693137563217,-0.621399213903543,-0.501571152966488,-0.579187568866633,-0.614598739848011,-0.639446296380521,-0.684043509349594,-0.600373149744937,-0.546223007077984,-0.604990769829674
-0.404659223776333,-0.390246211092446,-0.392571182805359,-0.380462217339871,-0.450244254793512,-0.431005942624777,-0.387579979683484,-0.438050589639732,-0.320481906530642,-0.371038549505038
-0.367695666184695,-0.41617847644213,-0.362469933890039,-0.350787203123618,-0.385537366134246,-0.415562153671475,-0.463488370537858,-0.481741218698163,-0.319663666040484,-0.432421280071704
-0.378812999281596,-0.377734799542785,-0.410470762342082,-0.324725044824873,-0.346619829927655,-0.404684840829996,-0.403403082334271,-0.394042200794863,-0.406928489852348,-0.462902085279681
-0.361058457366184,-0.408849779500386,-0.374636721074042,-0.369521801087721,-0.3434234336575,-0.425355637959272,-0.385347977318219,-0.42571660391435,-0.367579888637831,-0.371894097898744
-0.610530482638667,-0.668658885711493,-0.684054603292758,-0.569034720833648,-0.625660810167199,-0.606054038887573,-0.67275726112416,-0.633727356821479,-0.60721408097676,-0.58827464646081
-0.633005743960005,-0.641240520550714,-0.644957047222062,-0.638476635589879,-0.648778093439938,-0.654279465565726,-0.659370976232599,-0.686482920439881,-0.62735425717411,-0.619289946620699
-0.325573535799493,-0.301690114477465,-0.364194108557366,-0.363324560234344,-0.362528938299428,-0.336798048951668,-0.357311350159583,-0.399261653940886,-0.329463244915391,-0.303640513477364
-0.618351142560714,-0.643480137167919,-0.656533154513936,-0.630909787017003,-0.644308971814575,-0.680523746504174,-0.692929645692254,-0.724382634809662,-0.624530198525788,-0.652093254709254
-0.330492435611091,-0.390707666979822,-0.316549589971704,-0.308938364918218,-0.346412099469115,-0.34695852248807,-0.371978683650907,-0.400557998439665,-0.322767455094018,-0.290072976914726
-0.653646750501506,-0.663020905212245,-0.676277170510295,-0.641032329437901,-0.651507755583722,-0.691422367708816,-0.668517443884929,-0.687726902869984,-0.652263444816076,-0.658114173476421
-0.64555347870331,-0.693344800837513,-0.659131742411168,-0.654016822424847,-0.627918454994627,-0.709850659296399,-0.669842998655346,-0.710211625251477,-0.652074909974958,-0.656389119235871
-0.284348621090491,-0.279048897783784,-0.302615214670253,-0.333419445359447,-0.306671179130156,-0.345179545722632,-0.326837164665682,-0.369435337238354,-0.303946158276227,-0.335270703511455
-0.237453127671112,-0.238600569364663,-0.258863373202551,-0.274537378698491,-0.283206511083866,-0.310371611773224,-0.267786072856393,-0.298264561696184,-0.252311727225449,-0.217221675026808
-0.716228752360613,-0.708232447788772,-0.733977926048708,-0.733690674551599,-0.748321501496916,-0.715654151978299,-0.779826163196244,-0.782139734709255,-0.724865987421026,-0.72183736232292
