-0.490758233291441,-0.49899300988215,-0.502709536553499,-0.496229124921315,-0.506530582771374,-0.512031954897162,-0.517123465564035,-0.544235409771318,-0.485106746505546,-0.477042435952136
-0.495927912998287,-0.511866222515552,-0.52352632326894,-0.50047879516695,-0.536271091728586,-0.531900590624383,-0.524500659751602,-0.564002093923344,-0.496847553474404,-0.51603910747327
-0.495927912998287,-0.511866222515552,-0.52352632326894,-0.50047879516695,-0.536271091728586,-0.531900590624383,-0.524500659751602,-0.564002093923344,-0.496847553474404,-0.51603910747327
-0.503657121755175,-0.501658678858102,-0.490931445902704,-0.471175504743087,-0.549743231582275,-0.470576953892266,-0.438856401766337,-0.569175713334986,-0.509102684288579,-0.538706288407221
-0.53564413744249,-0.505780560208875,-0.519580656586794,-0.569025230144189,-0.480193647696601,-0.459515987010483,-0.517278267276148,-0.580520294335028,-0.479589317586402,-0.473340216381963
-0.560178020138712,-0.536282290634007,-0.501228147957313,-0.515719055013864,-0.531747267077197,-0.536988382479438,-0.559100610852143,-0.57090121229925,-0.515324403213555,-0.52157628228796
-0.43861724937335,-0.514436689245999,-0.459082602885903,-0.446294785360451,-0.473104694215286,-0.486036762090368,-0.439262977580313,-0.524254214236341,-0.450078242921697,-0.473422894524537
-0.510327511291827,-0.535789841195028,-0.532553579649156,-0.517362336361483,-0.568527030124342,-0.511842457227522,-0.556316959923068,-0.572653024302842,-0.534043856312513,-0.520821773944711
-0.510327511291827,-0.535789841195028,-0.532553579649156,-0.517362336361483,-0.568527030124342,-0.511842457227522,-0.556316959923068,-0.572653024302842,-0.534043856312513,-0.520821773944711
-0.436070036017505,-0.50862396897769,-0.459049689128628,-0.547493109177856,-0.504535833276725,-0.484298045798815,-0.525712970509291,-0.458508165430286,-0.378169463410042,-0.468873559430342
-0.461560769773041,-0.48060719830393,-0.427527058975273,-0.403762279233376,-0.465403457232258,-0.512794466818197,-0.450657600041418,-0.550888216996462,-0.498210433589939,-0.434165604385237
-0.425391853691966,-0.470389730065069,-0.466126176694088,-0.479246171259521,-0.450321030255063,-0.420680888918749,-0.433331587742606,-0.467462397328759,-0.405250110570224,-0.48268078779665
-0.47669353568244,-0.405228359155474,-0.453483094921994,-0.438527801397207,-0.401045350703864,-0.472781635988321,-0.454202449944819,-0.498620174282665,-0.45228911875121,-0.451926904507491
-0.460984523368184,-0.373415662703377,-0.523792570661707,-0.396929078865658,-0.488011114533994,-0.506416980541583,-0.510270010685124,-0.504268959288224,-0.424948024108187,-0.462709509099751
-0.486281978653887,-0.417203364600151,-0.452708743250956,-0.510367370773998,-0.483051784285931,-0.447078090542497,-0.448578841933844,-0.458110150183061,-0.37359376102937,-0.417774754860223
-0.486399762926876,-0.41517782031748,-0.476874347252732,-0.387737473587127,-0.449123591651395,-0.464628335720557,-0.440956843425346,-0.531597654524822,-0.409461404808232,-0.434222908703406
-0.578309915238153,-0.567884242018245,-0.570377826081342,-0.549736807959096,-0.539741461629431,-0.526994041627936,-0.606579733196818,-0.601915982837277,-0.497603941237403,-0.522793146857728
-0.436298908948031,-0.521623903916142,-0.528636168212409,-0.554904715895643,-0.601679638722485,-0.43567810084967,-0.4567610665063,-0.626854992044925,-0.55651287849345,-0.490504054527322
-0.455872579554226,-0.566599731814143,-0.396167929045002,-0.54572975298412,-0.577771266996473,-0.534376893346017,-0.56301395247001,-0.485354268225756,-0.381466648003029,-0.461528270615073
-0.519598205769063,-0.45782718788758,-0.558606768937513,-0.430628745355891,-0.59388236776732,-0.547522903684793,-0.576625301769111,-0.520345934490089,-0.547624672218803,-0.36903855278373
-0.395118289550232,-0.423260022756758,-0.435582570692356,-0.431315135956693,-0.428393373832477,-0.389416642408432,-0.436144903572815,-0.518189673458352,-0.455219264086418,-0.440746442122455
-0.561880281218595,-0.542832101775773,-0.611370049370028,-0.542495222266039,-0.593239201397381,-0.614079371914509,-0.568846712312372,-0.596017724712901,-0.526061302746107,-0.530753428991664
-0.549783525459349,-0.519292108292769,-0.542449665918615,-0.59388501746055,-0.505670077005348,-0.657236198119853,-0.57922772722094,-0.606653252725205,-0.552293766097161,-0.533454506968095
-0.61265227923612,-0.563906998846772,-0.593125449754222,-0.575725241841758,-0.632372614009808,-0.528260452138318,-0.54726210329761,-0.551837949019427,-0.54477516060434,-0.566545057100327
-0.414041700878706,-0.447175702901619,-0.397224304485988,-0.37902331151297,-0.406716599739751,-0.468755962254081,-0.481961721541532,-0.532514828430483,-0.402658519142435,-0.359410419585942
-0.59761081411638,-0.525755029316588,-0.567900889960756,-0.520167534747775,-0.650861972562024,-0.575650292901602,-0.618350744411172,-0.640890215429235,-0.556717685596227,-0.625788860576364
-0.570692960858101,-0.510546464391141,-0.600215544914699,-0.631288556265926,-0.537060270061184,-0.625795389515547,-0.58113444863817,-0.687913725211471,-0.561688139751257,-0.571909263869126
-0.566251401043294,-0.619804599514865,-0.554292849288631,-0.551111706559355,-0.641756323796097,-0.607130368532995,-0.611052645037765,-0.650112487447843,-0.547991908416227,-0.588493610307519
-0.609708920535748,-0.601032753007856,-0.561517739113356,-0.546822204525916,-0.571656942032847,-0.59929472191818,-0.632874145774774,-0.647631409799083,-0.583494279263047,-0.609027007558137
-0.546058503441127,-0.583138452050503,-0.612773310637022,-0.608966520060672,-0.595405581571052,-0.584879905562088,-0.563553576626918,-0.693592019277216,-0.550944273522158,-0.596143819749252
-0.562041561133841,-0.607675373448026,-0.590961024294933,-0.562760116948448,-0.611133044576584,-0.619121058198088,-0.593112048551593,-0.669666626649507,-0.56076748410953,-0.600704230785065
-0.612252748543204,-0.622950864105834,-0.551197969401845,-0.551187326478283,-0.686989899616452,-0.603352508420291,-0.61817822585012,-0.613838756674884,-0.545651228223412,-0.560789525160507
-0.54848554358073,-0.584386126838398,-0.579285935377495,-0.628401374938565,-0.615420728168477,-0.548439552666039,-0.61227770762953,-0.689922967727042,-0.633089382402317,-0.586202037655571
-0.370826205361765,-0.369899488301127,-0.391756633924142,-0.372679600229448,-0.376320868815453,-0.372630832553521,-0.391261030916651,-0.436758410765017,-0.366345117404015,-0.358125860212305
-0.668230755196978,-0.633965002390028,-0.593618195411445,-0.66428259196753,-0.640535182367434,-0.620365663313327,-0.646362045166306,-0.70275183789878,-0.572355433543552,-0.605163021950107
-0.354196536422486,-0.349286364835847,-0.345892803819844,-0.407092019409678,-0.353842644608853,-0.393729917256003,-0.394502952814994,-0.375820108058684,-0.318101484038265,-0.31236932623214
-0.609085743910848,-0.621006047773618,-0.646039377015094,-0.66588962665063,-0.658687800523283,-0.621182859207926,-0.676939043359314,-0.739761831247644,-0.636574088546318,-0.605569552445278
-0.641557341423544,-0.669242773401612,-0.655865486492088,-0.660884163106266,-0.685222894214,-0.674393448129885,-0.682903519225081,-0.712145777830098,-0.61743458944434,-0.61980354733237
-0.280747608953813,-0.326381421267998,-0.309667072114905,-0.281466164768419,-0.329839092396556,-0.33782710601806,-0.311818096371565,-0.388372674469479,-0.279473531929502,-0.319410278605037
-0.674215450644342,-0.715815276240477,-0.699889097680844,-0.725402810039409,-0.726377598810626,-0.707420778502929,-0.735992251051966,-0.725182680179801,-0.729464946532542,-0.67586315610289
