-0.490758233291441,-0.49899300988215,-0.502709536553499,-0.496229124921315,-0.506530582771374,-0.512031954897162,-0.517123465564035,-0.544235409771318,-0.485106746505546,-0.477042435952136
-0.490758233291441,-0.49899300988215,-0.502709536553499,-0.496229124921315,-0.506530582771374,-0.512031954897162,-0.517123465564035,-0.544235409771318,-0.485106746505546,-0.477042435952136
-0.447636527447624,-0.462051480526431,-0.486673506352189,-0.491903181180337,-0.520713487603729,-0.473338774087428,-0.488536225065228,-0.507394439896934,-0.46164477376051,-0.473742709956674
-0.447636527447624,-0.462051480526431,-0.486673506352189,-0.491903181180337,-0.520713487603729,-0.473338774087428,-0.488536225065228,-0.507394439896934,-0.46164477376051,-0.473742709956674
-0.439677991713224,-0.494170600874291,-0.464755601275701,-0.465747182845389,-0.512558268403243,-0.500560905541676,-0.528590828362892,-0.55006643221046,-0.494857184633998,-0.467557718662764
-0.540617833404091,-0.527031649637121,-0.482279679171652,-0.481913552087579,-0.542296359614373,-0.514656873550698,-0.530563712377299,-0.567638060236777,-0.457132907322774,-0.478916760215593
-0.542727310149769,-0.474830316123678,-0.476172395173753,-0.463593251548699,-0.543679634259116,-0.48261915097789,-0.434382943646019,-0.54629942000052,-0.521211038266907,-0.476975189325176
-0.488815964026248,-0.507206387571486,-0.548198896996538,-0.514341163175272,-0.523143208171103,-0.538587664289576,-0.568935241141182,-0.55169224003906,-0.545374758611501,-0.505199268283806
-0.439584465703798,-0.509314298247277,-0.479695123658132,-0.482833909767789,-0.525004973314585,-0.495095015844635,-0.509419913820937,-0.53842602493391,-0.422874291875907,-0.456825646203877
-0.45981166350929,-0.478917525601108,-0.519907099117093,-0.424761418844277,-0.54484781383137,-0.52273707327916,-0.512814045483367,-0.558320683831518,-0.46448046595089,-0.45665908611288
-0.518977438159254,-0.559852979876286,-0.556875431995527,-0.536922850722853,-0.544770399753554,-0.521478596035787,-0.571811548835544,-0.586965218235497,-0.510533814522606,-0.525114353108105
-0.500560723861898,-0.44329769226706,-0.58157899202727,-0.503638938959548,-0.420270317994965,-0.542405483308523,-0.535423500597294,-0.483455881507088,-0.432132643608352,-0.429128273971888
-0.393904056939357,-0.564369578919807,-0.466887764550269,-0.458410453427849,-0.508170691820403,-0.470962721541227,-0.441048912502035,-0.56724561409254,-0.546887346655238,-0.493313937579286
-0.555188650312806,-0.586738758066746,-0.567002828337445,-0.49939364518237,-0.515833613263395,-0.589353411441533,-0.527845485841121,-0.582611411177064,-0.542499607595292,-0.526367122839574
-0.429315734322005,-0.427908850343705,-0.410081642062327,-0.481778834373034,-0.425738516993752,-0.489210347355955,-0.513610608148522,-0.531439924733186,-0.427190760970971,-0.445708014019954
-0.428668088116533,-0.459061707418034,-0.476386194389684,-0.399662496631935,-0.514473320807455,-0.45359347986402,-0.470693324870333,-0.534063120250975,-0.407746667900542,-0.40024979059665
-0.483263229330832,-0.554339739754877,-0.525437475652716,-0.533472097023078,-0.588017890140707,-0.615912872980006,-0.519435134817248,-0.633234548658868,-0.490396090993138,-0.527478050417963
-0.514060226129071,-0.572532072053286,-0.524332428741227,-0.540243565340639,-0.606570043864553,-0.518955882605221,-0.551313683149393,-0.653794599918435,-0.434157378313534,-0.494605287557198
-0.361537389728455,-0.440913026280004,-0.454971881204858,-0.416885676417774,-0.471262342053936,-0.515203651550701,-0.479876729777042,-0.512459924963005,-0.394156146468678,-0.414676990483667
-0.563672312193227,-0.581195535828909,-0.572208354347218,-0.548138738874317,-0.573562228467518,-0.582962761119911,-0.574344933989397,-0.620307356696852,-0.537247429749325,-0.531758324392035
-0.466413098042877,-0.552723328329299,-0.521834595204884,-0.612960697428706,-0.511737382550169,-0.56373329079535,-0.610489511584089,-0.631241772621092,-0.55896689869245,-0.527985761749924
-0.443752948170057,-0.400079331538484,-0.382034323218901,-0.438846598174815,-0.415942268499428,-0.42155304278038,-0.460857991828682,-0.473878677421824,-0.438787926651688,-0.392126992339882
-0.355839098303964,-0.451837894735403,-0.440771209282793,-0.423717303873929,-0.440567287861424,-0.440284780639528,-0.475337667070346,-0.489540802199506,-0.371317944101901,-0.412569000662801
-0.547988479583283,-0.564671596729098,-0.535136738014451,-0.567590036405482,-0.640112306167157,-0.547044961024488,-0.534533312351945,-0.650153987720175,-0.578044628204893,-0.524540947014447
-0.534441508903847,-0.413198199746159,-0.481231784342176,-0.432096483929041,-0.425951204656642,-0.455469874284938,-0.553130703375536,-0.628706674719601,-0.341128955729153,-0.448073219786428
-0.428649327341624,-0.454496036319746,-0.472538169019229,-0.439172374257212,-0.353675104949893,-0.448849773569829,-0.455436143337086,-0.458218236625421,-0.371549966600851,-0.373886134975786
-0.342381465379253,-0.396557052843683,-0.414335716443165,-0.452729863166163,-0.457850748641494,-0.396360782740635,-0.427898886816264,-0.477850333194202,-0.384664356919796,-0.468066443712545
-0.606284874715508,-0.561182213662862,-0.616530300358738,-0.560527920037452,-0.624243186098298,-0.641895936174754,-0.579382704043314,-0.595160332211603,-0.55567895213913,-0.521818956921338
-0.595043712252332,-0.58225435489763,-0.637094127520535,-0.528470398347177,-0.634869072560127,-0.57327009185213,-0.581023317000946,-0.62525934006942,-0.596270823209331,-0.559594907739094
-0.357755851792889,-0.406997527652615,-0.447751641994886,-0.436115175601536,-0.47334631305569,-0.353793047847141,-0.442046220416227,-0.437659432923433,-0.394941723611944,-0.360838412951959
-0.408597464288498,-0.357102969459118,-0.371035966094918,-0.41673432799636,-0.404220197342333,-0.46580818579858,-0.391307426729646,-0.4999632019984,-0.395980096995554,-0.386511041687989
-0.503201710577948,-0.579821076048943,-0.619700736737035,-0.576168388309448,-0.632264055469065,-0.576969079587597,-0.657825240718207,-0.646740998084248,-0.513014030373163,-0.549209629801249
-0.369982976533193,-0.419752321978534,-0.3798386658748,-0.467851158526272,-0.380352479606316,-0.419063362014565,-0.480748611204507,-0.485573122316037,-0.4059047446645,-0.301546697311261
-0.423160692154599,-0.454992388356092,-0.371536879330336,-0.459792891053778,-0.345300491974133,-0.411043347187318,-0.476759194329593,-0.443602979230134,-0.409778911718583,-0.294036773483346
-0.633597842702092,-0.591402425304968,-0.613779978035968,-0.525497931446016,-0.6666065894367,-0.648548086939819,-0.620223007057514,-0.67018954108016,-0.537878704871038,-0.52872747948238
-0.358914320368124,-0.386753458116917,-0.41889585596269,-0.378154243155399,-0.353675104949893,-0.432113371896189,-0.422403771612796,-0.4545479731005,-0.335940601337787,-0.356758238526154
-0.562567083579063,-0.619616822974583,-0.621702584416839,-0.550527062842879,-0.605251274500515,-0.637593980040777,-0.647556976023014,-0.689789994656447,-0.595098941608467,-0.588585936616976
-0.629495326481697,-0.566581871215547,-0.679909852934231,-0.623365047766921,-0.659850442496893,-0.66340136648867,-0.620164194162446,-0.727572935866428,-0.588081180757452,-0.55964160476842
-0.321362320929261,-0.322975528654927,-0.315441275455433,-0.29496242095455,-0.326159290934135,-0.335370695608353,-0.337688204192646,-0.376332363767884,-0.261803905351826,-0.304618348298084
-0.658447452106255,-0.699322993823287,-0.696345445942529,-0.676392864669854,-0.684240413700556,-0.660948609982788,-0.711281562782545,-0.726435232182498,-0.650003828469608,-0.664584367055106
