-0.490758233291441,-0.49899300988215,-0.502709536553499,-0.496229124921315,-0.506530582771374,-0.512031954897162,-0.517123465564035,-0.544235409771318,-0.485106746505546,-0.477042435952136
-0.463606252506721,-0.450212088539688,-0.473428146683362,-0.486557133179335,-0.517303766588945,-0.46083586152337,-0.484416728116362,-0.531189820828446,-0.498782378292225,-0.479458796181298
-0.511506543476814,-0.513477165869361,-0.529502457014854,-0.521465395859954,-0.547374517832898,-0.544339727647281,-0.523345139750891,-0.591744352676881,-0.482737771511421,-0.521049575756159
-0.401026194318174,-0.535052982355753,-0.503358646453833,-0.502110722835265,-0.476553875657076,-0.505068779176593,-0.425517810496885,-0.514953170390077,-0.468043746917929,-0.508559208877226
-0.509428883030052,-0.524796964338171,-0.557347455269087,-0.509760466892155,-0.563742788041832,-0.542545131041406,-0.553837180176094,-0.570907766540762,-0.523941697961857,-0.490251603114147
-0.516369910052906,-0.55923833586863,-0.532534938047942,-0.545556098603206,-0.547824108090422,-0.544152190365735,-0.552868013800985,-0.576070242916519,-0.53311991841335,-0.517240234548895
-0.445565449557495,-0.492268348150254,-0.439748264171887,-0.451481265722462,-0.419519454901723,-0.441207162864353,-0.537275088112437,-0.488960008130972,-0.437817442006434,-0.48950241567793
-0.534200169604123,-0.474781606068835,-0.5076332654864,-0.418390275069115,-0.494193309145867,-0.524389561602347,-0.477597151167271,-0.605637841770742,-0.408777883462208,-0.468935007043681
-0.48009078562213,-0.508827036135744,-0.489622044155677,-0.524911583368407,-0.590616940839208,-0.536422376042826,-0.555012648458601,-0.625696160584247,-0.493144275948813,-0.465588472769809
-0.49012376814814,-0.42224499429702,-0.590333203845761,-0.531290948509233,-0.463989630902123,-0.541866096766091,-0.508003810558126,-0.485030012119267,-0.614145466715074,-0.48756028599826
-0.417049167367783,-0.485302379741601,-0.504354714024788,-0.486887249248613,-0.465644353115181,-0.430081504061978,-0.469804783707524,-0.534114108324645,-0.392834590321932,-0.427194606382517
-0.551801218481944,-0.527607598843702,-0.534099560066555,-0.562711148084802,-0.606837478307112,-0.572722820596117,-0.575831107303497,-0.556559063010433,-0.502335612339303,-0.470300701727367
-0.469511619526072,-0.432507872063457,-0.465113051426304,-0.447985990750201,-0.455683038695783,-0.444882479726813,-0.531303768163319,-0.450877141236468,-0.423986597715315,-0.391941092037534
-0.447833637498052,-0.476862996050892,-0.462227803935342,-0.46269880093456,-0.474257645934122,-0.427507596513883,-0.427220284374547,-0.52967619014549,-0.426869868002234,-0.375613205892201
-0.584498404061653,-0.533602439921764,-0.58804810396461,-0.542083481559997,-0.544815826975765,-0.553280038316533,-0.594098013960942,-0.59116695324732,-0.550700065871795,-0.519108436907732
-0.460391373500873,-0.642373450210613,-0.459338239807017,-0.526319629684324,-0.553511470213311,-0.54349210317623,-0.582022912407934,-0.506001900652925,-0.565100379539474,-0.413347522445801
-0.418371040263945,-0.410755398190824,-0.453257368341168,-0.481777118607544,-0.475675345518882,-0.461744970265404,-0.417307306662774,-0.522059397683655,-0.364223326278055,-0.408232361926926
-0.494624508408181,-0.56161438419503,-0.646598986524842,-0.575505694231327,-0.597410859272838,-0.583476488363015,-0.531703591108717,-0.558867435338176,-0.49070452483031,-0.541673264397889
-0.446034034374152,-0.630307613052132,-0.573280488357802,-0.436625761761286,-0.411584715812196,-0.539763963324897,-0.558146278274807,-0.601644229695459,-0.519536493675588,-0.452905499650085
-0.59291309959709,-0.591404372840301,-0.558099237584118,-0.568446007918719,-0.581631921434511,-0.555151395251168,-0.617339514047209,-0.55825841579373,-0.558625703538518,-0.488821762627226
-0.485345797744672,-0.504417186940655,-0.491671476331624,-0.486786875042435,-0.536935696501122,-0.59542832896587,-0.531378690345152,-0.674821890231877,-0.58066347908248,-0.582721181872971
-0.431599102246305,-0.397806726924735,-0.416880628964737,-0.407146099781661,-0.468610780763641,-0.424984706279794,-0.428970904515928,-0.541362972602781,-0.467729558990642,-0.376609220189371
-0.564406829857292,-0.615919418618743,-0.570222409733535,-0.552702607974986,-0.620735839663641,-0.511163634752642,-0.58893590736778,-0.60726925725585,-0.553189539300976,-0.478833100095673
-0.435820092757293,-0.473666656813907,-0.438760287106938,-0.389355671872525,-0.399533771998126,-0.419880956008281,-0.458646173652959,-0.483114695685021,-0.400801343640821,-0.370046678636649
-0.450438047844033,-0.43853070084463,-0.421150222730881,-0.439406691425153,-0.498024615430986,-0.420755640665383,-0.485777358858609,-0.471345481663029,-0.358091720559461,-0.344131583418006
-0.587577043803198,-0.520831839320892,-0.603300508513765,-0.527663803658899,-0.625543738549945,-0.555709613774646,-0.618552695623971,-0.645166216096315,-0.546579007147931,-0.542905572354692
-0.559778485105761,-0.576166981978398,-0.528240164216593,-0.575453753796663,-0.600784501595604,-0.644100320715391,-0.597780742936457,-0.642552680015379,-0.531770488074535,-0.498297710472308
-0.555761542799676,-0.555581921203476,-0.571229868544569,-0.552190798979731,-0.571725752772609,-0.567317451115314,-0.653591308506942,-0.640777701049262,-0.593411359259805,-0.573523502321801
-0.534983970558914,-0.628404023277605,-0.570222409733535,-0.534418358742452,-0.630507924575542,-0.574062930017082,-0.617227118231605,-0.653954598058838,-0.499401311238889,-0.577627804699506
-0.387316810180298,-0.516179578121325,-0.41675601199063,-0.356439175327175,-0.43805584514604,-0.400500462544666,-0.379047477180127,-0.490545408509925,-0.342961534763668,-0.375315729548854
-0.419749556034867,-0.420401493883236,-0.424225458799517,-0.402825746410047,-0.354438417936707,-0.379989667446795,-0.402939808322075,-0.50453353778731,-0.354553638994552,-0.362194470544889
-0.627329827835493,-0.661771774379606,-0.658803038270021,-0.61502357607286,-0.618926150497673,-0.629580683844804,-0.614691142975937,-0.663985001036654,-0.594438964664334,-0.57290513875652
-0.355358395950779,-0.369872806208176,-0.367099811631598,-0.363418343528364,-0.380722928962655,-0.374584859415303,-0.383084656316839,-0.419617722094341,-0.340425489036178,-0.340925205957402
-0.317094070267278,-0.377632927547202,-0.355880548145602,-0.363733041143603,-0.360399045048609,-0.360845135436023,-0.358454348165133,-0.412174194318022,-0.344917925062835,-0.343557846419382
-0.60761144153195,-0.628371505769643,-0.645908175704602,-0.636996100632819,-0.672418746166448,-0.651276618074327,-0.662990360241735,-0.681580613059986,-0.615506811999449,-0.611107040975341
-0.586085640280057,-0.654301552412575,-0.623749817407996,-0.695253527807968,-0.6433549445047,-0.680834098128886,-0.652721180914711,-0.638176095734902,-0.630204661966518,-0.633902882143596
-0.645983611236623,-0.647989787700913,-0.6504752194058,-0.614614979449711,-0.682093251146706,-0.660116103236917,-0.639583252057736,-0.695043624208744,-0.652146340917797,-0.625571875791031
-0.659838544651299,-0.685708409053051,-0.683545536918287,-0.656463108383952,-0.645848479427003,-0.653946099855001,-0.654577518090193,-0.658849387753997,-0.619483241574479,-0.588979152811801
-0.715068538313437,-0.74148967544986,-0.700820174214066,-0.692572138908264,-0.698160365668125,-0.675241985748478,-0.720309670382543,-0.728023646070451,-0.703922095235807,-0.650831710018064
-0.701946347945839,-0.714261220177339,-0.717140987529673,-0.708976554692429,-0.718971273940068,-0.720873499085412,-0.731620190018895,-0.757237349875261,-0.6959458440536,-0.690712139642554
