-0.468325223548124,-0.508008003000551,-0.502871814028582,-0.497699524399803,-0.4990364059928,-0.51029116096702,-0.494222051797248,-0.536914849926008,-0.480840996608642,-0.484921629183408
-0.505827421500508,-0.515175041009976,-0.508313305716892,-0.482262723535037,-0.501776670038695,-0.547774438456503,-0.478769398615625,-0.564513863690651,-0.505974798109878,-0.501244644991364
-0.472734263886485,-0.504375988214256,-0.514017343945046,-0.511037451594817,-0.518486068801531,-0.530044952876568,-0.490303848200736,-0.579897158995447,-0.513177034696428,-0.5036411825871
-0.455804628114111,-0.457659350620166,-0.487032307241945,-0.502529097827012,-0.507455103046725,-0.494063248735193,-0.46923777507256,-0.568360295579997,-0.486517157983086,-0.507321889189673
-0.514619308896244,-0.537262569472804,-0.475633803967792,-0.542452701628065,-0.485723143876023,-0.548247281725898,-0.458588480534164,-0.489604885909376,-0.446825382875116,-0.530974240832518
-0.471647390980849,-0.53579579173929,-0.45981858989763,-0.540537318636824,-0.546415595028877,-0.535614221936266,-0.505240896254582,-0.482994591205041,-0.473643845620297,-0.432869937572981
-0.521114368126909,-0.562421919431994,-0.532204553852908,-0.52190373549421,-0.534178394562978,-0.545253690434215,-0.516441302071335,-0.579673590962633,-0.49835223364342,-0.510552276935305
-0.506868940453,-0.540224780871637,-0.474045593685257,-0.509998278468191,-0.554754126946221,-0.46468041280122,-0.466451591526873,-0.593004108316327,-0.501018239733268,-0.447717373462339
-0.523601761082161,-0.541399138319173,-0.480523181974536,-0.520271880328526,-0.525329585806202,-0.449519485206875,-0.428974481657621,-0.49242373247949,-0.486775980251162,-0.599916108181132
-0.436249751404521,-0.477441276443426,-0.492581321332532,-0.477650644579353,-0.499613776634428,-0.562899501176382,-0.48987544309205,-0.622431480495868,-0.484292828306573,-0.545147157727988
-0.453556490348615,-0.553082894803894,-0.54100789964179,-0.495147307666673,-0.516181585021249,-0.528290299276141,-0.541941126650364,-0.613172241791575,-0.582304300782118,-0.51448945771739
-0.414564732733245,-0.459213488953766,-0.503076214023062,-0.487660101412657,-0.475990777148653,-0.461127489693565,-0.413405366495737,-0.570702844624397,-0.537317740279884,-0.427492259688354
-0.459951746691623,-0.485151632696511,-0.567413532405485,-0.490039052820764,-0.520096136574494,-0.596273359789328,-0.560466406006379,-0.604126929954394,-0.545225679174408,-0.487708478253052
-0.562313421174752,-0.523958901238434,-0.494694548760323,-0.599815765698195,-0.601291933328439,-0.542984915164478,-0.575107054427569,-0.593807710402275,-0.562266600612375,-0.539211819481326
-0.502709697177028,-0.597602418658805,-0.600216203179916,-0.389478572288649,-0.48721992709099,-0.495251488575548,-0.511165666453868,-0.557446470274721,-0.556667759879274,-0.408607783644235
-0.466724403125661,-0.468188295144464,-0.445205265081814,-0.423918568636598,-0.40699822752361,-0.427955242413238,-0.477481251264697,-0.603804043490881,-0.407178309804328,-0.409718934651752
-0.575105214369866,-0.48723933593862,-0.483891810967235,-0.623585366383253,-0.548893579053493,-0.515333023512781,-0.578198929640819,-0.580027515505035,-0.501312948543117,-0.63854348604549
-0.503844961542119,-0.56433342957792,-0.636756582021486,-0.550957411869675,-0.580942341802468,-0.558899736423563,-0.569329695146042,-0.590005350036374,-0.552403565268979,-0.572738859347681
-0.412333036611144,-0.478375998372585,-0.467805098349619,-0.422377097886664,-0.383379484978497,-0.423622878378666,-0.476851241817202,-0.472530113391187,-0.446133145415783,-0.365246681665238
-0.40248227167182,-0.449012127060875,-0.43326449439228,-0.414607407861902,-0.42000607259099,-0.444948276591162,-0.420264937983222,-0.46418862445308,-0.394922686510108,-0.419586820831757
-0.573480835549334,-0.574962124050408,-0.535808031161056,-0.621170246879672,-0.526862650299082,-0.485457037096112,-0.462152111038594,-0.63714853768554,-0.397775973574931,-0.549690276517786
-0.561112291883063,-0.542561691603972,-0.553520933261679,-0.600648153134404,-0.632798237766515,-0.527998923387273,-0.596713666595512,-0.6223365738235,-0.557350170869248,-0.520675115540379
-0.511994007720599,-0.632095821766695,-0.587287980568239,-0.610721381835064,-0.534283357448192,-0.553020955158832,-0.549582670621075,-0.611554793210084,-0.48232656075908,-0.597261556316427
-0.428321198358499,-0.412818747024517,-0.442557016321119,-0.423109368729312,-0.402042567036708,-0.481129852388755,-0.378528977272841,-0.408660390722389,-0.430177420496997,-0.401294257135391
-0.5234785128716,-0.576014927957948,-0.568144542862502,-0.588773322380525,-0.588327615791797,-0.616156405699794,-0.586959560553336,-0.623392229554117,-0.638829460754808,-0.553758959362523
-0.623644268316147,-0.609602170114787,-0.533300805570269,-0.62567171132732,-0.612213807961254,-0.664005990865434,-0.516012195517983,-0.598089652792451,-0.583418475915511,-0.49730658460926
-0.385796370833269,-0.427103922138354,-0.396886556559268,-0.38658573820057,-0.398860397269338,-0.409935693140575,-0.381123304777695,-0.444355593668993,-0.36303423634978,-0.375234279641665
-0.579009797174936,-0.561500685673223,-0.667368153360474,-0.598665680146279,-0.551408651916952,-0.656619921102199,-0.600903894514558,-0.61740571374176,-0.544715042695477,-0.613512308532212
-0.344809189998471,-0.367293806279893,-0.419453962271647,-0.436254779305862,-0.438195796697528,-0.442819165215816,-0.32567525595341,-0.446806418943514,-0.364892646145917,-0.36486937318502
-0.329776769735581,-0.376240899209167,-0.474871255000828,-0.442861305411894,-0.292340670376202,-0.359627676586113,-0.439680462890278,-0.374824765717526,-0.409999573921344,-0.430272442262072
-0.352024769456572,-0.37606491160416,-0.403333036689957,-0.359256915703685,-0.363466989009118,-0.410271772183008,-0.366352699205582,-0.410448776704429,-0.366341318990224,-0.373322863336
-0.353131412795177,-0.379362829621142,-0.373492554781324,-0.368249898969208,-0.367765869906154,-0.37475804602263,-0.361335878273851,-0.415280191459262,-0.361559397107257,-0.353647996182926
-0.350617629426289,-0.373414194986922,-0.360209508556479,-0.361851687322098,-0.372063560054379,-0.366906069466274,-0.377405188223061,-0.407870313961882,-0.343964098213892,-0.360430118745279
-0.346397296220778,-0.316734513043761,-0.420158676668936,-0.334606938134995,-0.386457066087788,-0.425521172880245,-0.353479410447736,-0.380342254831606,-0.359574882543475,-0.322740661757205
-0.326563625763048,-0.365571594835042,-0.357745969173683,-0.356246575357981,-0.343162562434331,-0.383225991420421,-0.368909952601864,-0.396686288909417,-0.342833860340364,-0.339889211480177
-0.322805321109943,-0.327849565164342,-0.292846145126562,-0.373308083329383,-0.361204375268514,-0.316815079556362,-0.341445422051937,-0.367437486011168,-0.333718021825848,-0.364594999290368
-0.65081653975663,-0.645245483292325,-0.690139579778532,-0.678572363854033,-0.628868802542283,-0.687192581421271,-0.665772759026069,-0.737703865481397,-0.633851536374067,-0.633233000209663
-0.616196992107976,-0.678945766262307,-0.651775020482567,-0.672608920878859,-0.671280493745884,-0.707993149598855,-0.686316073350921,-0.723685283058692,-0.612265852284144,-0.634301447496727
-0.304110494195565,-0.338321560753655,-0.320193485798884,-0.283445037893562,-0.310582515887703,-0.339792238599303,-0.326210417198715,-0.348199654347595,-0.282834904078393,-0.295208711379021
-0.681325110846867,-0.710621426709073,-0.700236584822157,-0.698611097701271,-0.691150960823731,-0.703800397365811,-0.694310501512136,-0.740905578954141,-0.670209324804638,-0.684435303942985
