-0.469609980409895,-0.513998411599126,-0.485692215618104,-0.486638205692733,-0.497241629571895,-0.508760047584657,-0.499842453136196,-0.517776054989338,-0.480542445332312,-0.48733774593421
-0.468463357305805,-0.506017088643527,-0.499694737601937,-0.504288762033245,-0.499645819629624,-0.509458770531129,-0.494222051797248,-0.533489132735538,-0.482911398839885,-0.486692252804582
-0.485813506246596,-0.516181388127775,-0.519452701343094,-0.520741105894479,-0.501306626325688,-0.509377144943463,-0.49935180535259,-0.537024272530638,-0.496911563559796,-0.505119292989723
-0.47214466009583,-0.525575943530538,-0.496868382864126,-0.49949319010735,-0.500258187041336,-0.520829502524157,-0.505063449028525,-0.527529655213911,-0.488113702448318,-0.495265166625343
-0.471419419720162,-0.516701220817227,-0.50254029301015,-0.497096758911743,-0.498641542248761,-0.503267031426681,-0.497537261981573,-0.532373916869561,-0.474308804689896,-0.484843624237895
-0.469671133318308,-0.502181694236259,-0.500668070822358,-0.485889754042319,-0.508016377994461,-0.508591949095692,-0.489678822586501,-0.537588212655676,-0.482226153817853,-0.496567661622364
-0.474466381584461,-0.528121870537229,-0.498731388497194,-0.496972871936784,-0.510976866260866,-0.526298927113177,-0.503768740843723,-0.5287785816596,-0.491483866313013,-0.501665270910642
-0.463550916819528,-0.506097052285435,-0.496629870351408,-0.502597921188765,-0.493085421747457,-0.503428009141973,-0.491498759128405,-0.516346208044008,-0.475170091895617,-0.471061823157936
-0.462125532699097,-0.517919812460474,-0.490224419239806,-0.503171530703031,-0.484107231297473,-0.500708893282397,-0.476118947484963,-0.519740854609384,-0.49492223382562,-0.487742458174054
-0.464115552577311,-0.510350189196998,-0.504221780030632,-0.498890629396949,-0.500625650835797,-0.512747502298301,-0.495302397757662,-0.535983673019428,-0.480008174033935,-0.489576649082312
-0.462648754664059,-0.498912135918764,-0.489153585782464,-0.50618147418249,-0.491394157257279,-0.497095067094782,-0.49120351620647,-0.516735146487937,-0.475583638854864,-0.468436828253003
-0.462621084278908,-0.511638389956613,-0.509990693978431,-0.508799444787167,-0.511602602418722,-0.505824778432358,-0.498769171359514,-0.536508286698245,-0.48551808120449,-0.48481125494533
-0.482503254758584,-0.524482720896223,-0.511632784670863,-0.508672422043299,-0.512410254239113,-0.52130612216489,-0.519868545600383,-0.538714509158378,-0.493407830237615,-0.498243822029832
-0.471246666239051,-0.510154854256433,-0.521555088014883,-0.511399995658474,-0.508798282976057,-0.514205150556576,-0.506263424573321,-0.538186033495859,-0.486039819421834,-0.486529153781342
-0.464965215363486,-0.506907301422808,-0.511354441293881,-0.505816483769083,-0.496742973214873,-0.504684546950307,-0.505379368524168,-0.536712606747269,-0.475345593020783,-0.484999056773191
-0.46308349762542,-0.514171810146419,-0.492112214759203,-0.471190576344295,-0.503697648303577,-0.490807946886901,-0.492457761380883,-0.529866899997106,-0.489536783834086,-0.482545477463787
-0.453411540216818,-0.510896213695125,-0.499576723848586,-0.505057118805532,-0.488531592609157,-0.50414119721524,-0.490153456444911,-0.5170818169005,-0.474305254456228,-0.479018327600317
-0.472141687885176,-0.512522446005767,-0.520646726713764,-0.512369671139517,-0.513497008238337,-0.512226563615883,-0.50382092021182,-0.544133270122194,-0.490651309876994,-0.491994210344702
-0.457985825501748,-0.49689401351913,-0.50829424727758,-0.498139154921171,-0.495537442238755,-0.500944309819273,-0.493002583836018,-0.524925192758556,-0.472778978684531,-0.473268313044039
-0.470349450777452,-0.499375767294223,-0.497008372971049,-0.502421790421563,-0.470489691977141,-0.475070395465581,-0.505896391631362,-0.508587948569198,-0.476704185094443,-0.466640844999232
-0.457442258564301,-0.508690331613947,-0.496597970799952,-0.502037461452083,-0.489120870273742,-0.504856428730327,-0.49051508107032,-0.520675510592736,-0.473729972945349,-0.468869582962379
-0.48348953873188,-0.525768475721858,-0.529696244756966,-0.511039949692187,-0.51898627434679,-0.513574833420474,-0.500268279987103,-0.545237148052753,-0.499605697165658,-0.510645150429413
-0.487449699287102,-0.523621146397746,-0.523127110524738,-0.495252946262093,-0.516685460254793,-0.508913579715743,-0.506400259785981,-0.558289583780934,-0.479954690542748,-0.497947685969606
-0.467983646568492,-0.490313836322368,-0.495229185988468,-0.491998411307366,-0.468340793379862,-0.467036317916099,-0.496237027140904,-0.509567527248632,-0.46761348228316,-0.462812245168682
-0.471597269301527,-0.545593079021419,-0.506137920079282,-0.495100044691763,-0.514825396646935,-0.497025692070779,-0.491282727490226,-0.542652898522424,-0.480946737482991,-0.479475603959405
-0.454644780792591,-0.503821885668524,-0.480840500132495,-0.467212324123104,-0.50131749740201,-0.48357476103019,-0.483364613446732,-0.526208737035091,-0.480311851147266,-0.4707260324588
-0.443292050874856,-0.487588268698421,-0.486523451986316,-0.4867135688482,-0.483324038666152,-0.501686895202249,-0.482988907875295,-0.518373864708489,-0.47145574131879,-0.474878029352054
-0.465831162274901,-0.490755864346945,-0.49880961298754,-0.487998770633373,-0.465522864723185,-0.465112767391567,-0.505417609189806,-0.504994044107983,-0.469455265718897,-0.458733640639209
-0.501232894570255,-0.521506444143805,-0.522167064185646,-0.508570822873535,-0.517502251169771,-0.513190344369115,-0.510991914533256,-0.567368758079968,-0.480270370380896,-0.499733415126863
-0.449966171206877,-0.480825199212669,-0.477596145327054,-0.473137480826971,-0.495586534194562,-0.494178577191265,-0.466289040751317,-0.514678584937203,-0.468942565870072,-0.485303163529414
-0.458251829899234,-0.531227168222674,-0.491489581426069,-0.477728343325896,-0.505696557008937,-0.483862153099892,-0.475521083040678,-0.521839144147788,-0.465305745844122,-0.468981302257041
-0.477610642139003,-0.525570855974129,-0.53221091344131,-0.525138254285398,-0.526765473517078,-0.518161065027099,-0.520112592562343,-0.554570681700486,-0.501991943434969,-0.498921820631
-0.495984911472186,-0.525525267119,-0.529749876728462,-0.506843903350995,-0.528466716304967,-0.51647813812648,-0.511431342392982,-0.566097973569688,-0.492748476150414,-0.512641371786575
-0.43933604158339,-0.495276323975359,-0.501022282596099,-0.484342613399861,-0.482537958481318,-0.507889561548528,-0.479661774006863,-0.52213943168963,-0.46553828564384,-0.465008348188749
-0.436501746254193,-0.500585702000989,-0.473335054485935,-0.478388486282167,-0.479282272715345,-0.490659517188192,-0.466433688570774,-0.521428437603364,-0.474800082190237,-0.48279287772839
-0.456806331556074,-0.530122098161232,-0.485761506263427,-0.47430463535372,-0.490268284170449,-0.47474747963211,-0.466181850380331,-0.518586928295467,-0.464844288016267,-0.461392639317629
-0.431634952547087,-0.491301855491174,-0.491582525082648,-0.473915805089026,-0.479642922060891,-0.495647083706772,-0.470400921636291,-0.516936500852348,-0.463297166922316,-0.467891242265584
-0.43757724112269,-0.490329630031903,-0.493038504079188,-0.480296833021203,-0.477944274796006,-0.491375059798929,-0.47436906984462,-0.521222763357821,-0.452728149405232,-0.456671967837331
-0.447791641449799,-0.47074651674594,-0.476603274664931,-0.46176577781746,-0.490744441491599,-0.478963028226876,-0.460175453149863,-0.512570398646613,-0.460031842200033,-0.469042846911055
-0.43023029210098,-0.484667037106788,-0.473012090076133,-0.459415095961534,-0.454176643561117,-0.485432921837002,-0.45923494047673,-0.512763010048189,-0.438076791091748,-0.445288094783614
