-0.475159785369729,-0.508632566802995,-0.50008880874519,-0.494214052624537,-0.493874811888493,-0.501995846088623,-0.499021155771295,-0.516842891906255,-0.490719545931799,-0.486202515177734
-0.484630559193887,-0.512302878049763,-0.503907306897961,-0.497792696039022,-0.488577151289616,-0.49846734570465,-0.51193386717338,-0.520154311895517,-0.483719221262888,-0.484447906380395
-0.480651285018579,-0.520910959227877,-0.50700219556331,-0.499327224634911,-0.500576326750634,-0.505711701654348,-0.512128219918019,-0.521822654162881,-0.494582456890768,-0.49101955152631
-0.481114265852827,-0.514097676211566,-0.498097907772422,-0.496634258977708,-0.50543617409308,-0.510140026827649,-0.515068767168282,-0.518490144664837,-0.48343030639316,-0.488115792219501
-0.482883773061156,-0.518488960023813,-0.494564638509038,-0.502207595211491,-0.501170749698385,-0.511821022499184,-0.510720128074887,-0.522307283424595,-0.482478811221176,-0.497370340453076
-0.47637864745361,-0.515533140088665,-0.502102777765546,-0.493606726673213,-0.494826744276866,-0.503225515398862,-0.512238742713015,-0.52122666665791,-0.486296875993785,-0.488176444217915
-0.479074729276846,-0.518893281898263,-0.501045659017877,-0.498569560847698,-0.501765967855767,-0.508420710814659,-0.511504628278019,-0.524282872735766,-0.486801772113739,-0.490990511623687
-0.479074729276846,-0.518893281898263,-0.501045659017877,-0.498569560847698,-0.501765967855767,-0.508420710814659,-0.511504628278019,-0.524282872735766,-0.486801772113739,-0.490990511623687
-0.482500072810792,-0.516552588619479,-0.505157551084731,-0.501870023737666,-0.500286590062117,-0.506575473852504,-0.515176829646867,-0.524380352013591,-0.482724176081797,-0.491018292872028
-0.477125574801896,-0.521371146246962,-0.496844279765696,-0.502088092280144,-0.493882306702082,-0.513363376582918,-0.505897174876998,-0.52697358638371,-0.496474397582553,-0.49631159112575
-0.472596412714732,-0.508628680265055,-0.495972354059227,-0.494185353480028,-0.493728513966099,-0.501340834442905,-0.503558906576937,-0.516731425044157,-0.479734003016749,-0.480187204697271
-0.466169899932078,-0.517019831133773,-0.494139004563204,-0.494325685997683,-0.496360592364757,-0.511156433168361,-0.506219351747738,-0.51150133284493,-0.486400880461251,-0.492448488383162
-0.478351847770008,-0.515940724351395,-0.5135293281168,-0.5007344877887,-0.508087377850133,-0.513208026784837,-0.512328843360315,-0.522111330078322,-0.482976741259837,-0.496051001839701
-0.477693485826436,-0.526708179355018,-0.5054357073653,-0.496756182475856,-0.50591827425591,-0.505019864866322,-0.506063696876797,-0.523853487484689,-0.489622613673234,-0.48992221750418
-0.470083525742388,-0.501436370078881,-0.496859752022808,-0.488755923243174,-0.486173007781129,-0.495331480812626,-0.499593624706909,-0.509380382678206,-0.47422138151639,-0.485638233977037
-0.470260092774445,-0.512688316913707,-0.491271423711762,-0.490954847885949,-0.49480557087865,-0.503752122988741,-0.505559808151907,-0.517772992856202,-0.479541627064602,-0.483586928275064
-0.486232350205682,-0.512419841446068,-0.494439479549519,-0.481711471305361,-0.479189111227972,-0.495585138372438,-0.504029868004333,-0.518269901621712,-0.476977082311764,-0.483552811500338
-0.470631784800466,-0.512103994525056,-0.4984839828929,-0.499570749711884,-0.494138028275104,-0.508098658211769,-0.509439228298151,-0.527269311619634,-0.481526541492941,-0.491155382131473
-0.464565493081838,-0.505213369597887,-0.492026753165953,-0.490148327182448,-0.501240157578426,-0.500771381691937,-0.499278165978628,-0.516704516565875,-0.481375632352399,-0.480734874146472
-0.473820444331377,-0.524230663657885,-0.496461618640723,-0.492966272402434,-0.502684954273666,-0.497606918994309,-0.517021133407463,-0.520070051909979,-0.484092790949924,-0.486880755388223
-0.47127177670332,-0.507212881362672,-0.499098706664772,-0.491663234448152,-0.495450498863885,-0.494066021800981,-0.503241213023757,-0.52218064594844,-0.474560348528804,-0.482132984994779
-0.470553331378984,-0.505442589847751,-0.488033350503942,-0.494402470042318,-0.502159346635057,-0.500932408351851,-0.501916883050417,-0.523333614020149,-0.477772328830288,-0.478832041136654
-0.47917647774415,-0.52247375919969,-0.5041404984929,-0.501790668460829,-0.499308313542206,-0.514441522462582,-0.512184761303909,-0.532633523949434,-0.48660994426391,-0.492886238224861
-0.482650715664372,-0.522050219149887,-0.510964363226251,-0.504879512512545,-0.5073367790525,-0.506513290643883,-0.517641248199415,-0.531664279352556,-0.486131288806553,-0.490817658430575
-0.487015394752935,-0.521799561271212,-0.509929442788493,-0.507798935607782,-0.508559485353275,-0.516039396706828,-0.517430601660781,-0.534208028133673,-0.49486020166945,-0.497285684025566
-0.487015394752935,-0.521799561271212,-0.509929442788493,-0.507798935607782,-0.508559485353275,-0.516039396706828,-0.517430601660781,-0.534208028133673,-0.49486020166945,-0.497285684025566
-0.489724091644719,-0.518754480939515,-0.513750865731228,-0.509313163651835,-0.51321789192942,-0.517169005855095,-0.517582548074407,-0.533786773449597,-0.49690140894783,-0.500564154402757
-0.465143481328286,-0.500135312312428,-0.495677681456289,-0.48916249560729,-0.492729434118623,-0.501880464940837,-0.49778743336526,-0.514538792496551,-0.475941609570965,-0.473106593145115
-0.473034464695492,-0.522630695607976,-0.498098762100331,-0.497682064396164,-0.507804455888715,-0.510132026584147,-0.518052683230888,-0.532343961129264,-0.49147353925088,-0.486291802346193
-0.464354153255128,-0.501726495311117,-0.48608440509304,-0.488299385817976,-0.487948747983535,-0.494819298406156,-0.498217809956119,-0.511783545875396,-0.472206312943057,-0.476817089672169
-0.467784182732807,-0.506305517472297,-0.49666088001669,-0.486018847624001,-0.482598451958142,-0.493356252124784,-0.498738681506269,-0.512159149899451,-0.468394663365952,-0.472163692978382
-0.458050457101013,-0.497671244324107,-0.488848888471966,-0.482683289322064,-0.487689799787971,-0.501302644613566,-0.489437183843897,-0.520096482855445,-0.47770255576,-0.482784168498664
-0.48634644771626,-0.525727251998099,-0.516874210930963,-0.509425280343366,-0.510895401960128,-0.522259976355107,-0.520403414107114,-0.537983484766126,-0.497129805264368,-0.498477589765537
-0.461571893727189,-0.49721431671444,-0.492691195342488,-0.483497932485107,-0.477925939633679,-0.489525636109419,-0.494045757345997,-0.50941523232733,-0.475556090980992,-0.474640712904768
-0.461923650311633,-0.498888192874895,-0.492742174557624,-0.47845817675283,-0.483650280276746,-0.491301048236129,-0.498014439589313,-0.512385106998619,-0.472916825992298,-0.473905617875358
-0.46219264367162,-0.499930447762914,-0.478955734534491,-0.488900577626638,-0.489330895442295,-0.505739099362307,-0.495811310017063,-0.518194811075416,-0.47257391076945,-0.47397021897125
-0.464248428216767,-0.488358391663726,-0.486874536520238,-0.476292900710901,-0.484355875668872,-0.489092692778516,-0.487517321407982,-0.509321822239084,-0.471768016133034,-0.470108057995871
-0.465421504898119,-0.494018756671196,-0.487592793217065,-0.480561771602675,-0.47910263035589,-0.483396768605862,-0.498256335104939,-0.503210846655008,-0.4684208655029,-0.467983752931835
-0.459405540798098,-0.495437808348421,-0.482781482142594,-0.480994481563395,-0.480537642049466,-0.488149962526272,-0.490368034660303,-0.503540553127523,-0.466543131100115,-0.466996332780637
-0.464473888941834,-0.498413996770754,-0.486258378878966,-0.482464748624273,-0.473396818438084,-0.483101766966555,-0.494055296384022,-0.506685320715978,-0.461913313472616,-0.464821410525149
