-7.11760517984698,12.3400674636879,-1.97768682978531,-3.90161761554243,6.90368013450157,12.5319707194422,1.41301828417639,-2.61616256917902,-9.63439298245396,-4.34376043103714
-12.5542853095114,-6.51295290180761,-13.9388549146738,-10.6185322397007,-11.7005687426204,5.76898580989418,-2.74773187938172,-15.7388171945907,-32.2257947368405,-15.1123566031009
-4.18198944711544,32.4642256973936,-3.15910855551186,7.52010464532154,30.1777601008762,10.0458511514107,8.51127990169643,-0.0102558175971765,1.32456117859659,-0.376622995606958
-23.9570715303945,6.21498789390849,-17.3707326502451,-30.5387659987912,1.64784739510731,0.979632348745383,-5.33431533437108,-10.7451294442579,-24.5218753077955,-15.2924210786602
-23.9570715303945,6.21498789390849,-17.3707326502451,-30.5387659987912,1.64784739510731,0.979632348745383,-5.33431533437108,-10.7451294442579,-24.5218753077955,-15.2924210786602
-30.3382038848852,7.85208521323052,-24.223457315274,-17.930315602376,-10.5389070809588,9.72065624971986,-9.40782313148287,-19.3894880880822,-11.9686836950167,-14.9969055337024
-33.1250504108332,-20.6442686455628,-31.3789526070011,4.98346199858649,-35.7345178289487,4.30581464734107,-28.669985587801,4.35260264374877,-7.31210350429346,-15.0182664787009
7.19438747315949,14.4420756632571,-6.11434755468133,-24.8443319228985,66.0365630173845,-3.2595653307145,-31.0860138490021,23.3660174381024,20.4377570896961,29.6014610141843
12.6556560946448,77.8175439219803,26.8097223878324,11.1424384647903,40.5225876870831,30.0722059306172,43.3885244105257,9.01134829373991,34.9017523470927,21.7218210651423
-93.5747588398848,-15.6330936499258,29.8102297760933,6.5765348669353,-8.3168635550378,30.150488151209,-9.8418633810438,-5.57187740318848,51.3519508614519,17.3406134716295
50.3152236472139,54.4711687577125,-0.173147129216623,23.8726873377759,-15.8821668135347,0.411678229269228,60.6238406398171,54.1860863847142,16.8254142846302,26.4137800467499
-55.644186564238,-21.6480492330649,-6.42810648079406,-37.2656739899931,28.1074991154599,8.28550515372983,-44.6063539417674,-61.5162715409994,-77.9518183809778,-24.654507386176
33.9440688842882,86.0834819187343,27.7052397135582,24.2930864104807,53.4518400672508,-1.69311441376333,19.4549396277842,37.3055258233255,49.7170438178544,38.5531683270876
-55.2672755054586,71.4194595920391,-58.2088636444937,-41.7530387961663,20.7445866562826,-59.8548273927453,-14.4626399992228,34.204605945086,-15.7666831343906,15.4419105784653
-7.11760517984698,12.3400674636879,-1.97768682978531,-3.90161761554243,6.90368013450157,12.5319707194422,1.41301828417639,-2.61616256917902,-9.63439298245396,-4.34376043103714
-4.19786199089995,11.8135139121841,5.34997700043766,5.74147621306408,-4.30481761974241,11.1681630625083,2.18242704796927,-7.43290039143094,-20.9300938596472,-6.65018354439534
17.5271821805829,23.2530557558936,-15.6846940050012,-16.0509184183344,35.3909082638208,3.84834660962748,17.930417412089,3.84775052751016,-33.7162002158418,-11.5902139349981
22.0452056934902,44.0821238569071,54.2508088125034,61.1111537765393,-10.1724985570878,73.2560621105538,13.4744144153791,41.4730775329921,1.83810435960861,64.2275906727901
34.1779251473728,82.1377994989448,22.651542684726,43.834390279977,18.0325214904698,77.7206562497199,25.3747855641693,56.3680876694935,-2.66635811362137,13.1280944662976
-76.7017049723603,-33.8264886389737,-57.5679039119856,-21.7629528208149,-44.0282783876926,-8.54895293458469,-48.9876930466784,-61.5351869946003,-47.5437375187442,-27.7273164854433
4.95235354954352,-6.55864948849274,8.38520520751763,1.64699229109426,-30.903307879218,0.269995364764661,7.18931415824857,-14.0116646613925,-32.3000627292221,-52.1718802155186
72.8171220179926,15.9710854548841,25.4864102068978,13.9056784456532,24.9811807284406,67.6462990154121,81.0293210292653,32.7331314253074,-0.71235149827173,66.1890604028212
2.12588706610634,24.5450203802728,-36.2947602864418,0.380042932219851,53.4518400672508,-7.94311441376333,-5.54506037221584,-12.6944741766745,-15.8001975614559,6.12073589465517
-1.24637371438391,52.5883839310992,-4.34053028123841,18.9418269061855,53.4518400672508,7.55973158337914,15.6095415192165,2.59565093398468,12.2835153396471,3.59051443982322
-2.58017504818524,34.3424631851785,-24.1161393323137,-12.1760818813562,53.4518400672508,-20.1879836643361,14.8006908511719,-36.7866334482997,1.85442373761589,3.12755147686025
-2.58017504818524,34.3424631851785,-24.1161393323137,-12.1760818813562,53.4518400672508,-20.1879836643361,14.8006908511719,-36.7866334482997,1.85442373761589,3.12755147686025
-39.6658604148574,-48.6168553836875,-10.8514162478196,-33.6563659429138,-14.2666843435683,-38.2300109175548,-75.2725038820873,-85.7245415318829,-43.3562898852332,-64.0129866319706
6.47771107830117,75.1805051352878,-15.0451512548963,38.4267512425881,63.5526092998692,40.2653466344597,69.6656846656289,3.54058484145642,68.8114580255378,57.6242455880064
-40.796537880942,0.0899083241291123,-32.7637784707049,-57.1759143820401,-3.60798534428694,-10.5727060219515,-12.0816489529185,-18.8740963193367,-39.4093576331371,-26.2410817262834
-53.5588025899235,3.36410296277315,-46.4692278007626,-31.9590135892096,-27.9814942964191,6.90934177999748,-20.2286645471421,-36.1628136069854,-14.3029744075795,-25.6500506363677
-89.490038439375,81.6745986577665,-29.1430091771456,-33.8453013613525,0.2905420557634,1.04232875841961,61.2122676730872,43.4236019912606,-64.1930149254493,35.5030066340227
20.0251944814024,-18.3859584346294,2.07052687283304,-1.71428018217961,-24.6469132575843,-0.129480069514941,-56.674515516013,50.7858257210807,-28.9484172487833,-52.5182977669828
-34.2858047648737,70.0069552583648,-10.3009781370431,-2.12428802608737,-25.3950195185824,32.4390889286298,-44.2159905844298,-24.8020375069781,-6.88165348360587,-23.1108725398495
4.92014114228011,64.3638340701823,20.3714738681972,18.8439538460826,78.3435761609344,21.5828992371402,65.8960129627237,6.85634675990754,19.4450419347842,50.0347456586851
31.5147462496203,100,77.8621778280414,18.0481067732898,68.6392985624146,23.9497713053308,29.5354259962456,28.2986019912606,1.82430109186668,64.6092868272594
90.8032837990274,66.6745986577665,58.8280869189505,54.9241132145136,55.1777601008762,18.3942157497753,76.2886727494923,34.1447558374145,22.5806036128751,4.6550534176484
-0.734626456442726,32.3400674636879,11.8154166184905,80.308908700247,24.1450594448464,43.7819707194422,6.33105107106164,21.7081617551453,0.622017273956303,92.3229062356295
-7.11760517984698,12.3400674636879,-1.97768682978531,-3.90161761554243,6.90368013450157,12.5319707194422,1.41301828417639,-2.61616256917902,-9.63439298245396,-4.34376043103714
-76.8488901140161,-16.6587346755668,-84.475484509621,-63.5944053040049,20.8754345194808,-13.8280064724469,-8.17221519976772,-94.7013980087394,-26.6172573496918,-74.9670788360628
7.61569032990759,19.8962718949778,-7.56942879747731,98.0869102744486,32.1226250281942,98.3058146473411,64.1871572693419,71.794463108865,4.11646792427797,50.3663489059144
