-0.491867039176187,-0.515413527051204,-0.505923052783327,-0.498640697433225,-0.489460394840201,-0.497924123742256,-0.500292823371053,-0.509156277180481,-0.493576158723535,-0.494890559327144
-0.492472155042545,-0.513616857930268,-0.508221011019232,-0.499755524994535,-0.487998078295777,-0.498468058071036,-0.500429459722967,-0.512650921784528,-0.495399578417806,-0.495643604511425
-0.493747317643251,-0.515489248288971,-0.50608141550867,-0.497935991089719,-0.494135126812887,-0.497931522087934,-0.502821440583266,-0.517442522410266,-0.498056321892073,-0.497455240678527
-0.493278904207776,-0.517685187211899,-0.504007251005774,-0.504931046318377,-0.49207573587184,-0.504654201436805,-0.502111487582154,-0.509004774092653,-0.492821364098453,-0.491924401726937
-0.488826796365289,-0.503773119341861,-0.502591113448181,-0.497430678899347,-0.482610848723478,-0.496100942046845,-0.498213436210957,-0.501176427158784,-0.492795750791194,-0.487274158568746
-0.488371985524404,-0.515989091313268,-0.509089757126711,-0.495603035882819,-0.492436440251556,-0.498090011581869,-0.504207361180513,-0.507384340006523,-0.491354591328211,-0.493661365968954
-0.492353209821879,-0.513786134784572,-0.506510122672616,-0.499983724314319,-0.492162745674305,-0.490953029673128,-0.497348018317148,-0.509593895268987,-0.487473437723666,-0.492234852781977
-0.494796976485157,-0.520044153918606,-0.510191511869687,-0.503733471396983,-0.493965025620371,-0.500728141384124,-0.50063969185267,-0.513430999794861,-0.497794989088938,-0.498365338191121
-0.487392284713928,-0.508326545595791,-0.507948975993806,-0.495741959867048,-0.493425294859419,-0.489797543570343,-0.493100942514978,-0.515682034053795,-0.491092128971051,-0.495956256911652
-0.490913306755757,-0.519513394591767,-0.512455621142635,-0.504144129690652,-0.496562780236177,-0.502543557438543,-0.495144506803977,-0.508600413868909,-0.496041998769338,-0.489330724264027
-0.48488767870381,-0.512608364271014,-0.507987248327601,-0.497590077488535,-0.492109684143395,-0.500000682809212,-0.494959819128713,-0.511289197318183,-0.493130615631652,-0.487107289780334
-0.502788724354525,-0.514484739343155,-0.515467241047788,-0.506002602226274,-0.494802978277986,-0.495116443912979,-0.490569005590924,-0.514915638353894,-0.497992248757621,-0.494329994471146
-0.491313033298185,-0.508131636231021,-0.498912747634759,-0.487283576934177,-0.479045084333756,-0.493584411031237,-0.499291351206972,-0.500143027703751,-0.490209140240849,-0.492961798122247
-0.483430652385567,-0.507545165482663,-0.501171419210772,-0.4925895912763,-0.486444156543678,-0.495709649493039,-0.495226081515202,-0.505727695638121,-0.487198597583997,-0.488520963020413
-0.494179183697059,-0.517656619168041,-0.511499604250827,-0.498254472550176,-0.492150006349292,-0.502264146351247,-0.502729694073271,-0.519752025540981,-0.496910492496516,-0.499292813135511
-0.479186679398488,-0.511907453108414,-0.501963765136983,-0.497948259707897,-0.48811668398693,-0.499772277898935,-0.50228807444363,-0.508065182763782,-0.49410121620332,-0.487838902649713
-0.504084368434937,-0.520316106941761,-0.513848670748519,-0.505632846102263,-0.498632337206326,-0.510729444715907,-0.51048008845093,-0.513655786982273,-0.499812347696839,-0.498490272363183
-0.496438889564247,-0.522168933494851,-0.511206643702685,-0.504623228253659,-0.493822129083063,-0.502467180559163,-0.51100932409728,-0.51590464727926,-0.499286831385155,-0.500396300929696
-0.482439387424664,-0.505432187815862,-0.498997979308297,-0.491724280300039,-0.478301133583296,-0.496839195564501,-0.497622230933503,-0.502887803264566,-0.493156186525695,-0.486293015277013
-0.487220514681497,-0.522147636302451,-0.512131686368577,-0.503448083978182,-0.497524022606334,-0.512470103877172,-0.505221238472918,-0.512915314430417,-0.498145669746095,-0.498559062084942
-0.492886558268892,-0.521673454354059,-0.514391612237498,-0.505589476158008,-0.488808402688227,-0.50580586485363,-0.499610836017719,-0.515706404899041,-0.506163315366929,-0.494903726958079
-0.48184494051829,-0.508386465611639,-0.505438755200836,-0.489189547524184,-0.483816237999186,-0.497330461714727,-0.497251774795007,-0.502592777850809,-0.483224616663972,-0.488557907669995
-0.494156160020514,-0.522660135301683,-0.51488239054749,-0.498442607668217,-0.500629941171788,-0.512056395038507,-0.50422938327833,-0.51772221916551,-0.503294242707749,-0.501408699155146
-0.482737328108723,-0.511752977456075,-0.499879004932278,-0.490176642897533,-0.487420214455857,-0.499821275303529,-0.497128699496366,-0.515836254583357,-0.4894028361204,-0.485540957503346
-0.49151278759426,-0.52001592628282,-0.51724533096983,-0.49936761612351,-0.493845188149833,-0.498423441595973,-0.504099779816463,-0.516584886205645,-0.501640141581442,-0.485016193689021
-0.486369352432045,-0.501623358577541,-0.496810705777908,-0.492170996264839,-0.480774890486123,-0.486236408080054,-0.491256721168087,-0.50528593864958,-0.481302858360478,-0.490599247909285
-0.492195822943352,-0.520007520347534,-0.512477835857538,-0.498321102738849,-0.484220215766555,-0.497640010896274,-0.506176620537506,-0.516934131663982,-0.494902874101545,-0.488289907595189
-0.495987064622914,-0.523402598330233,-0.511975406326657,-0.508955372183591,-0.498160020827091,-0.508367386873095,-0.509404158766635,-0.519853631507867,-0.500463147251847,-0.504589880933759
-0.480572084487027,-0.509808388720896,-0.496965511862289,-0.490470112874786,-0.486035459576959,-0.489678979489294,-0.490736694906368,-0.502333563258568,-0.482682434393963,-0.487199833202978
-0.482106797278761,-0.513330360674428,-0.491724627564888,-0.499836894668401,-0.479297448301963,-0.497516809747378,-0.507546225995924,-0.504190410358522,-0.481931046202299,-0.488741557638159
-0.479388058104112,-0.508767493171463,-0.493759621835447,-0.490182378896067,-0.48248885731988,-0.491680882347785,-0.49416503453701,-0.494116826381858,-0.479592642754443,-0.488448047319099
-0.501012741637411,-0.527610423527103,-0.515926861716809,-0.509298881750648,-0.496753285107498,-0.503868231150904,-0.512503667923514,-0.518346874825157,-0.502689443489208,-0.505331771874668
-0.499113312907737,-0.525331229829712,-0.517938890682566,-0.509584759632803,-0.498775148457371,-0.505544352388235,-0.514312175277759,-0.523487399430252,-0.504530924106458,-0.501151468081478
-0.498584025225455,-0.534662456682508,-0.516141462894827,-0.508965057695954,-0.504669737522111,-0.50374252912755,-0.506839497437055,-0.517716916528396,-0.503142349827563,-0.498115449595203
-0.479605940625754,-0.507542294886375,-0.496152359520578,-0.488358427695875,-0.4789803319967,-0.490338303937031,-0.485420361682904,-0.496987455836893,-0.483876505377704,-0.481227966910231
-0.502085260756189,-0.532898844442081,-0.518957032773483,-0.501575081134161,-0.508344216716184,-0.511921303355859,-0.519081898071727,-0.516022388319082,-0.503481768939566,-0.501994839743344
-0.479266636368799,-0.498148385255747,-0.494911742554984,-0.485076312207964,-0.478696781940085,-0.487452803811353,-0.486706010121002,-0.498269532825026,-0.475845297951896,-0.475576589249005
-0.505430057568565,-0.531102622820932,-0.520330821365716,-0.516117000618286,-0.502651284634095,-0.515138909590082,-0.51826314731311,-0.525946318444837,-0.509542776971627,-0.510857177575236
-0.509577964093369,-0.534662456682508,-0.519646615469111,-0.513304770406973,-0.507716769851124,-0.512721245081382,-0.518083298551967,-0.524856443891684,-0.510058766960749,-0.50905152562697
-0.505537732066159,-0.533449271590535,-0.521008336834453,-0.515022081432195,-0.508518184997668,-0.513161562314832,-0.516127038020648,-0.529179673639297,-0.510323011465442,-0.509119375008882
