-0.494864468141509,-0.506026131196509,-0.503014270276012,-0.49513629806907,-0.502830285947155,-0.493517662626708,-0.498499876532668,-0.504246012653623,-0.50051935980091,-0.488633951563287
-0.503771311832852,-0.50681558546536,-0.495212628141095,-0.497037105816193,-0.493429387750488,-0.490688142875152,-0.503484437008207,-0.506613872365005,-0.49852362145937,-0.492614820751342
-0.499177103488899,-0.504237501225488,-0.506612561265178,-0.49444980609351,-0.498782332255867,-0.496123192879992,-0.491797405815336,-0.507282579247565,-0.497887357616782,-0.48890688911817
-0.49221485339589,-0.49741455715305,-0.496809335578394,-0.497978216490176,-0.505043769124107,-0.488923720433964,-0.494609000922538,-0.50541512609245,-0.493684911452957,-0.491959317969213
-0.489866253724955,-0.499720768321298,-0.499850067317822,-0.4893986345309,-0.494460681686917,-0.499736706137209,-0.489396341357586,-0.497239861932432,-0.497758154784833,-0.493850708823168
-0.496411935903927,-0.508882469683641,-0.511396825566931,-0.496501536908942,-0.506757668970339,-0.49561724974994,-0.495935387577046,-0.509095357846831,-0.500900737441693,-0.496123410429621
-0.495497170161644,-0.518722377778008,-0.503067594213546,-0.498186509138437,-0.506503128109458,-0.500918197149567,-0.493512714767222,-0.503002228367889,-0.502058496142976,-0.499364521203395
-0.494738839831223,-0.509035099809486,-0.503877150899851,-0.489205428988198,-0.499061192816602,-0.50429445316077,-0.492126426969118,-0.501500742594511,-0.504140624132654,-0.487874801856503
-0.487227921215371,-0.50545191541956,-0.502054803671719,-0.493946594531451,-0.495116245898714,-0.490112758406278,-0.495306679949623,-0.501098052784676,-0.495689833184801,-0.48986559193801
-0.500366581405558,-0.512434568287309,-0.49793261581035,-0.497143398361088,-0.51023509849096,-0.489315140857872,-0.503662488566342,-0.501156968905711,-0.499284863878092,-0.489881053229085
-0.49138424948365,-0.508681745686276,-0.504153135521483,-0.48976597784816,-0.505065265117914,-0.486887785303411,-0.499861279142802,-0.501488532021946,-0.499945672904521,-0.494311524212147
-0.493025061194975,-0.515127201036616,-0.504393983272515,-0.497365938952833,-0.498303784024162,-0.490601366783782,-0.507878232478268,-0.503799728352066,-0.494853152672089,-0.504444436465677
-0.492909524332512,-0.514764328946036,-0.507988841646055,-0.501564538988962,-0.49972859027945,-0.497414853551156,-0.501863163269476,-0.513679107798812,-0.501024971733921,-0.498654702216232
-0.490392620508228,-0.504899525727846,-0.512071933952802,-0.497285762543473,-0.488758796423137,-0.493998490731684,-0.494807759245193,-0.502043770329934,-0.50013912797108,-0.488956634506161
-0.497315068972109,-0.508474892335,-0.50746262201213,-0.496320411809098,-0.504324762778116,-0.506651096768079,-0.496084495754247,-0.51527236880649,-0.503012666283195,-0.489154491479593
-0.501404097431059,-0.515199426674109,-0.513972565501505,-0.500769178926756,-0.507950556619351,-0.503002789614172,-0.504461330161579,-0.508350255610622,-0.504031808254914,-0.49826790416148
-0.491897733442384,-0.511729146136709,-0.504646949024172,-0.499674177142039,-0.49492757670499,-0.492001765777839,-0.492330445728464,-0.503938162755313,-0.50086734665466,-0.484848674813649
-0.497415663053862,-0.517534492072259,-0.510318766077274,-0.501282442187096,-0.504406499944799,-0.49657227633263,-0.501111119712317,-0.510972413839596,-0.503986612628667,-0.493975484178941
-0.49203370914462,-0.499000878495205,-0.495329828763529,-0.491837566411903,-0.495088380145136,-0.488546227569182,-0.491957806130099,-0.496891591313638,-0.493850170736631,-0.485027764963302
-0.498118686730609,-0.513486036273988,-0.515491720895993,-0.500415628211211,-0.502103175385537,-0.50165994308308,-0.506232653275447,-0.511875029065139,-0.50567359725194,-0.499200362328005
-0.501614062136708,-0.51340680729144,-0.516645117201524,-0.505315845694097,-0.50394685717408,-0.494956339258665,-0.498096521066905,-0.508666528637746,-0.504036281544197,-0.504869130502782
-0.487647636185434,-0.514670127935197,-0.506013642471721,-0.495792119259393,-0.504331808731259,-0.496116500062039,-0.495358088619812,-0.506054073494759,-0.501876458008838,-0.488105121185039
-0.502351127283074,-0.516814674588642,-0.512175842278837,-0.501186828112846,-0.508089662458279,-0.5015229088216,-0.50132220533203,-0.509133026400943,-0.497745864490351,-0.491349803775989
-0.48318335782946,-0.500368129946231,-0.496681894449723,-0.492143127166152,-0.491486290252688,-0.487779557136111,-0.493563223065823,-0.500926049696951,-0.494958875369836,-0.493471091173111
-0.495107371559779,-0.515930712476701,-0.515344816727055,-0.497365012079385,-0.501870560034838,-0.496302141989916,-0.503841067256365,-0.514480676522242,-0.497319610260521,-0.501707736030471
-0.488428478448293,-0.506479818884279,-0.508601072903333,-0.493789375548821,-0.497337659246721,-0.485479571018831,-0.498772893955165,-0.498456808493135,-0.493843266868639,-0.484084666047802
-0.482538709480083,-0.515241069909925,-0.501253405514677,-0.495124279140358,-0.502708223924456,-0.484726444975079,-0.497216629247977,-0.499269706741395,-0.497141718201019,-0.489532378536146
-0.492281839281596,-0.499065794892403,-0.496353989001365,-0.487452788972834,-0.486054086626582,-0.486432762961116,-0.488135495667717,-0.497237068954659,-0.491575084437578,-0.482970198868887
-0.483665506263029,-0.50065013985791,-0.498967329064971,-0.486946303265376,-0.489281836370232,-0.486767712623249,-0.491817479981959,-0.498801000682342,-0.492604664671147,-0.482011354588397
-0.501699602564636,-0.519914458467133,-0.51493223939657,-0.506101874136716,-0.5124388865275,-0.502333436364361,-0.51201569301247,-0.513267381434654,-0.510205234499145,-0.50059611796832
-0.485337239099901,-0.49824310802591,-0.49377432135495,-0.487747450690241,-0.492979421785176,-0.483374446133251,-0.487861293208851,-0.494970103086223,-0.491073843853711,-0.483517538617696
-0.487950823512461,-0.501940086739834,-0.49606496759509,-0.483073650806265,-0.491565539574097,-0.483262647723143,-0.489152931301526,-0.505671074866495,-0.491363378124545,-0.482308708209135
-0.484807874679275,-0.50794547450672,-0.505191366336999,-0.485811288969936,-0.489503353295025,-0.489716569103978,-0.491028645144371,-0.494941889782688,-0.487302260865736,-0.481239478197727
-0.481619546531097,-0.496539913744245,-0.494850891627514,-0.487421042105895,-0.491667681097282,-0.483570865099384,-0.489546102955775,-0.485504228965265,-0.490634180182264,-0.488209396623916
-0.503808412368683,-0.524146746431484,-0.514321491461451,-0.501684566066239,-0.512425529305791,-0.497245823705125,-0.513442609222935,-0.515224029875933,-0.511964226716448,-0.501275011684082
-0.479721110552915,-0.493470629613071,-0.500203605419744,-0.481604205444256,-0.491446307225287,-0.4903658258107,-0.492944780106137,-0.500704037301489,-0.491607690912822,-0.477800460092765
-0.48382880850698,-0.494721547701766,-0.496367130261988,-0.482339573583661,-0.487933162064747,-0.483143914268574,-0.484753101216964,-0.497523086793565,-0.489884795489527,-0.476178850405191
-0.50952425667125,-0.520556232636646,-0.519269370108931,-0.510931233220737,-0.510096656543394,-0.503265261024432,-0.510637985414155,-0.521914062520547,-0.51684080947387,-0.50019166421811
-0.479602050727883,-0.498052993848559,-0.489393986376819,-0.481750979436062,-0.488625606998153,-0.483278393261092,-0.483837243265707,-0.492711884912415,-0.483231616304982,-0.482688143664532
-0.485049496028382,-0.493211092454934,-0.492318460693914,-0.488180087651,-0.483830967297401,-0.477729433566403,-0.480675167056424,-0.493343206541515,-0.487404516384721,-0.48028304287573
