-0.49433746490294,-0.503120949543174,-0.501632345241305,-0.497155874829677,-0.496643594770097,-0.496563688894907,-0.499304698672145,-0.505539847623355,-0.49681821006261,-0.49846734570158
-0.494281554370927,-0.506086491131675,-0.503356334897775,-0.499461543535605,-0.498802992417671,-0.50072403620112,-0.501862332077977,-0.508051314706815,-0.500091314416371,-0.496567931209916
-0.495537224580086,-0.506571222841208,-0.499073556815798,-0.494235555570221,-0.498368901836202,-0.49681366855004,-0.497412147562946,-0.506221155355874,-0.498284900855674,-0.497138315405137
-0.499043734764679,-0.506256458709046,-0.50135753909595,-0.504699280417085,-0.502893998993052,-0.501626595799425,-0.505314993419034,-0.508132180776129,-0.498885376642574,-0.49654883138022
-0.494136573731803,-0.505183578582054,-0.502253603608327,-0.49315500289586,-0.499862946271229,-0.49525228246216,-0.497337143422154,-0.502648509455919,-0.497407112727948,-0.493940817564273
-0.494404480922609,-0.502809894298211,-0.500750988194044,-0.493037793109712,-0.497438361106007,-0.494660664617708,-0.496121724048346,-0.500216976263148,-0.490511666930196,-0.495939321508601
-0.505013315432463,-0.510668974224389,-0.502356425872824,-0.498773792003918,-0.499004198917186,-0.494343854633374,-0.505653243312551,-0.504948677866533,-0.498161047547141,-0.496651159019911
-0.501746889219136,-0.508424447629538,-0.506016284483426,-0.498492149632607,-0.503127015220696,-0.49970146477987,-0.503858412338977,-0.510573974184259,-0.498601230835734,-0.499873874495513
-0.501986204020695,-0.502474196687935,-0.494897243211607,-0.495137709424804,-0.497841582189442,-0.489531760554182,-0.499368517028698,-0.508742624488224,-0.498431598050814,-0.504644727594243
-0.496740732869416,-0.507542281472943,-0.501554914304005,-0.504688530596625,-0.505240506723233,-0.499499142607503,-0.496360782952379,-0.506585615959315,-0.489340637162682,-0.5055223130408
-0.496362344755167,-0.511194072277534,-0.504117680198508,-0.501923112910487,-0.506191781609997,-0.500271177114088,-0.501497074771821,-0.512146516880475,-0.49826713012959,-0.501496276036799
-0.50350135171191,-0.507555751458748,-0.507770525950264,-0.502745766032564,-0.504883323946093,-0.503355712219537,-0.505777661161089,-0.512299366754608,-0.501839902303214,-0.50256948457633
-0.492523396548591,-0.502029986208897,-0.496672307603062,-0.4908029728214,-0.504494945680092,-0.490376249013712,-0.503250623331513,-0.504271125518944,-0.492521270473042,-0.491871896434495
-0.493694949724985,-0.500410055637246,-0.50312366017874,-0.486094467532165,-0.507482175530385,-0.499580053480507,-0.49367142900264,-0.506079722510495,-0.497296413872785,-0.492902829106313
-0.495608128576652,-0.514657588821273,-0.504471599316505,-0.497406161336535,-0.506614786147595,-0.50375459934351,-0.506750422826506,-0.509025247116931,-0.502144117847558,-0.499158148377828
-0.492526339395523,-0.497183361067905,-0.494546594794139,-0.487047524397851,-0.495394534932605,-0.493615454986053,-0.499150674437327,-0.497891852871105,-0.492350268635659,-0.489369349373012
-0.489985607094154,-0.501816516893692,-0.499592253471338,-0.489446887051984,-0.495431036807038,-0.49108867488223,-0.495791572654073,-0.503998463202514,-0.492072584973178,-0.489861526620215
-0.487759074446687,-0.494255037768087,-0.494047546611315,-0.488032559702239,-0.498381495045077,-0.500797081381521,-0.498192378577263,-0.506749488470368,-0.494148684579595,-0.491449501388564
-0.5043385392519,-0.50718414933904,-0.51170226533551,-0.495889829075199,-0.509592735166519,-0.498948179403598,-0.506059955308043,-0.512905025875839,-0.504335016034497,-0.497575534009067
-0.506912143120266,-0.502853534704656,-0.509742549306001,-0.507984019202226,-0.506192532997904,-0.509893310103848,-0.50331877552043,-0.511599673782229,-0.504406306459925,-0.506296350185164
-0.489194153986527,-0.498880109989028,-0.49733191626068,-0.491781082745118,-0.494754013782733,-0.496487915139757,-0.49617408877288,-0.508730412673029,-0.485264579404846,-0.496034708017131
-0.488391001049826,-0.496874691936859,-0.49676070012206,-0.490924609153623,-0.495275774817929,-0.488387023123136,-0.492063082592957,-0.502492331576752,-0.489107271679172,-0.491999327261262
-0.49221269013203,-0.49348885054646,-0.494826592746403,-0.490024128919324,-0.490408372469541,-0.485689321692996,-0.494439113074974,-0.498860436395676,-0.498458151042457,-0.490133163696857
-0.497450139680914,-0.515090225574197,-0.505004475731281,-0.500853958243384,-0.508818023419902,-0.508276914900668,-0.508550483545003,-0.513919358811387,-0.498438943458967,-0.496060392440873
-0.493178549972645,-0.493701167852433,-0.505353813508726,-0.489405485693158,-0.489595517768015,-0.488209448954221,-0.498314504596,-0.506012853014067,-0.485889013271868,-0.49335574752934
-0.499675200378883,-0.506628757001119,-0.511263155979012,-0.504151535456466,-0.508913211091546,-0.511743814366259,-0.510148761691661,-0.515251805351718,-0.497725240586456,-0.506296350185164
-0.487960727241928,-0.494352935259282,-0.493380096503524,-0.486588709562856,-0.488231728068336,-0.489098239925916,-0.490802381790795,-0.500210037041017,-0.493478014144937,-0.490496423625314
-0.490595146695326,-0.500692968988444,-0.495691820730741,-0.486825135389156,-0.491765392707065,-0.486535709423067,-0.494830835850097,-0.492020534238834,-0.485799135474928,-0.492030648502316
-0.485767105551724,-0.500082188453244,-0.498195679642228,-0.488903844455185,-0.494283300817843,-0.484928040534806,-0.491631641304406,-0.491716959179897,-0.48868105066551,-0.49116832292905
-0.493871576296132,-0.499179429398535,-0.489197145373426,-0.492310435483029,-0.487806972302518,-0.486635989832201,-0.484873004698871,-0.500027442388295,-0.487633415762267,-0.489365259702183
-0.485467353848075,-0.497948343727552,-0.495386417842116,-0.484774328606914,-0.49641636614666,-0.480604493484735,-0.489618650365226,-0.497464703195156,-0.494393718066536,-0.49095848397538
-0.513620814518953,-0.517989554121057,-0.515442766243184,-0.510182835344464,-0.507112476258829,-0.502677275688343,-0.507164868903946,-0.515984539472391,-0.508014510240086,-0.508101923090368
-0.508290699902111,-0.519324698163234,-0.511827032137823,-0.506989030892247,-0.511122377158227,-0.509567143872065,-0.510165622884971,-0.518974630677899,-0.511038376177699,-0.509891790727162
-0.508002578296154,-0.51537239762386,-0.5201697380689,-0.50492318864852,-0.511395736876489,-0.515516002642863,-0.510213652577446,-0.518470403200749,-0.510914490513116,-0.504918808977755
-0.508356221487914,-0.51610087630881,-0.518198626704346,-0.507926480775615,-0.513106080440497,-0.513010834944174,-0.509475854067858,-0.518662485206615,-0.511829414426659,-0.508605810404671
-0.487117675563599,-0.48885632837007,-0.492282883542371,-0.492128563685377,-0.487516774388149,-0.488870700918569,-0.483142405002094,-0.49949925816694,-0.47940068022945,-0.481497671324333
-0.483541728733346,-0.494793701607744,-0.488464389402799,-0.479651028266208,-0.493511834505349,-0.485051256546218,-0.48987917548929,-0.488613966637229,-0.480538636804198,-0.48483369346297
-0.48677535414038,-0.488845630438753,-0.486478632530362,-0.481758900952035,-0.488006529477257,-0.484294158341167,-0.485059049349787,-0.491675807291632,-0.484861934174033,-0.482662348037202
-0.482755734860781,-0.485758310798038,-0.489196132414289,-0.480193244063476,-0.486272094577673,-0.48184692840361,-0.486439224043389,-0.491770695342197,-0.484533567508195,-0.47876415790908
-0.474628503117117,-0.482706041915089,-0.484356340229088,-0.478820409120431,-0.477093281378413,-0.475742754153953,-0.478186001949702,-0.484464049606307,-0.475956702135115,-0.476186363725556
