-0.497181632516533,-0.502155152592869,-0.500803369093114,-0.498571163680295,-0.498723386417301,-0.5049232862838,-0.500189800203091,-0.50078971457701,-0.500076135765453,-0.495532976603463
-0.495534393026451,-0.502131801053512,-0.498218938796359,-0.504039688629758,-0.495132086423904,-0.496981465199665,-0.500877340260342,-0.498676654274763,-0.500591393814915,-0.497143116980985
-0.49248415229495,-0.502125319535,-0.500809971720705,-0.497622591081636,-0.498007844027409,-0.498145590025452,-0.501657993773616,-0.501592372542022,-0.499418007432611,-0.493699075419961
-0.493760409938592,-0.494048661267675,-0.49897805678352,-0.492985172737595,-0.500015713240336,-0.495366760349866,-0.497585337138415,-0.498803310005926,-0.497613679285374,-0.496443262705526
-0.50062213737664,-0.510330783778235,-0.502400771988166,-0.502631173777637,-0.497697500330616,-0.502881944082926,-0.504300368834034,-0.503944766509559,-0.503551368086805,-0.496913358800075
-0.492810086053394,-0.502320581829367,-0.502373335590766,-0.505741638885478,-0.497201605182461,-0.50518576830466,-0.502571123141636,-0.507061941491483,-0.502291510243076,-0.505581523947741
-0.49312764697053,-0.506769767059777,-0.493815289699245,-0.498294178469452,-0.497687778574452,-0.505434664141886,-0.494950473578284,-0.506940743888432,-0.498438883459422,-0.501403257468845
-0.502099125101073,-0.510768949278304,-0.502912154505647,-0.500805251556718,-0.50595280480145,-0.49951692888175,-0.495773572947802,-0.507574440882007,-0.498626786723742,-0.50659842876297
-0.493711261761561,-0.505112752739473,-0.498644093935535,-0.490954130137647,-0.493109489663755,-0.50083644322106,-0.499505877958643,-0.504754495688092,-0.502446769323682,-0.49148365727584
-0.487256402582039,-0.501288999463834,-0.497786175577674,-0.501772517896983,-0.494970294300255,-0.492394948019863,-0.493277534262858,-0.499512154244331,-0.49788689329173,-0.499286869972452
-0.491566704834841,-0.498269550462834,-0.504197130777018,-0.497175181715089,-0.494711492362139,-0.501456023771073,-0.497355170619139,-0.500459761767909,-0.489417947687203,-0.491702618431131
-0.488974454160466,-0.497937435731736,-0.496410036260909,-0.49562205888488,-0.493123643992719,-0.495446065775237,-0.495961424802261,-0.499386236205318,-0.493616509451904,-0.491911560036131
-0.482721446360838,-0.501429918297709,-0.500455572700007,-0.50024021874452,-0.495965888614978,-0.501608593067937,-0.497761930234769,-0.497548971230429,-0.495597669361792,-0.501126499131133
-0.507569236313989,-0.50998287093376,-0.509424105998644,-0.502317135424341,-0.505866220976107,-0.505003780678731,-0.504700664867857,-0.503742574086245,-0.499429735858075,-0.50310795481839
-0.497085867370203,-0.511170177773259,-0.508601997797464,-0.500935032050042,-0.498111776696307,-0.509381672388078,-0.506724450129608,-0.500834496925538,-0.504258856917334,-0.498404549921035
-0.49304427229306,-0.503196995367106,-0.491714633465065,-0.490210648421229,-0.492337178991473,-0.493652096477613,-0.501140394610661,-0.499096234645008,-0.496535761521142,-0.494498448167422
-0.504258793802963,-0.512839751251812,-0.503369490822317,-0.501081080347404,-0.507440564762336,-0.506891999061469,-0.498788197728456,-0.502911235190358,-0.503697771483587,-0.509014976109757
-0.499503219661147,-0.504858093584403,-0.507714180609282,-0.510376220287653,-0.48694066833828,-0.502467601464897,-0.498807585584295,-0.503487363489374,-0.495874383895144,-0.504804042685155
-0.488472401543714,-0.496194403818351,-0.497659881841073,-0.497523990837498,-0.489410903951542,-0.499395188857487,-0.499091060468508,-0.499482009114324,-0.488494010201864,-0.493826784259791
-0.502560258556296,-0.505807263668159,-0.503662383470924,-0.512178061975883,-0.509609743234332,-0.502800628594011,-0.505137054347366,-0.508628364414955,-0.498594705282312,-0.506342728835622
-0.487472891491759,-0.498353023690642,-0.493575403054626,-0.496213997839363,-0.493559548865764,-0.494411452552493,-0.495503809688765,-0.496692542871055,-0.49120533320344,-0.491872710994578
-0.492729639127954,-0.512709229580968,-0.509590781114173,-0.503961928605473,-0.505106916315519,-0.505895778864703,-0.497082396160861,-0.508071761797966,-0.497862331560316,-0.503178087320165
-0.497521795080997,-0.504057725214299,-0.489692827367298,-0.500725207117265,-0.505109060823903,-0.502147246705046,-0.51508145736084,-0.509824060333464,-0.494224542487014,-0.492075003821277
-0.503351539284406,-0.511743546095884,-0.505174489444607,-0.506968226343037,-0.507018837373919,-0.508873371541407,-0.513810514142422,-0.509021464579501,-0.502189816669011,-0.501390968955265
-0.501905126856007,-0.509842422907797,-0.511323360260332,-0.503129309150542,-0.499703872937987,-0.505952413670739,-0.512575705891616,-0.511707538313573,-0.508254486564329,-0.499387233856941
-0.496233381991538,-0.507671207166702,-0.511809337406578,-0.499843398429844,-0.503034667440938,-0.506276765331085,-0.509073653972411,-0.516116357267634,-0.506678605575317,-0.50336782990929
-0.50287035798356,-0.513215529236014,-0.506639181468789,-0.512721055955474,-0.50401055246564,-0.510160212211132,-0.506025896844613,-0.509722917922004,-0.505310263663861,-0.501193814620635
-0.497656598978031,-0.508825324084081,-0.501755105546839,-0.506346197615146,-0.510928605063214,-0.511026818576744,-0.512222083933657,-0.512636208814903,-0.504002360663782,-0.504135558314028
-0.500772718090644,-0.508860013069474,-0.503319999296963,-0.512910687423955,-0.5085573263116,-0.51239207608529,-0.51280715596933,-0.504418959068121,-0.508881245862515,-0.507098465010515
-0.490833274991228,-0.498906069042733,-0.494079313222442,-0.491102660956668,-0.489104117093065,-0.493464821673541,-0.495305354989764,-0.497085635062613,-0.484503958051418,-0.486431456741584
-0.504599233725324,-0.514956966520918,-0.512146797635856,-0.505813305169208,-0.505028795228745,-0.510787356755826,-0.50645784542821,-0.51115877677727,-0.506120807916921,-0.50800598129925
-0.498736297754734,-0.518669181323942,-0.508633000025004,-0.504281328312651,-0.50211942655393,-0.504949719493105,-0.512062242204237,-0.511751038011129,-0.506634338327577,-0.507203687629974
-0.501687786035971,-0.509359361419878,-0.51350535581958,-0.507438486768232,-0.509643413557414,-0.507548853650622,-0.508485962644022,-0.515526201633946,-0.503235298531723,-0.507421279491204
-0.512289680840867,-0.509113009063532,-0.505253136009359,-0.508960192163232,-0.506745625409788,-0.508700734007166,-0.511567036786605,-0.512421023637031,-0.509663104898303,-0.508953623227977
-0.498693871405128,-0.515992024829216,-0.5061100421027,-0.513696529948024,-0.51332610090988,-0.508702563252446,-0.506765788031798,-0.511149209497362,-0.50697674025905,-0.510198837390081
-0.499932458417322,-0.513843334168942,-0.507399330557708,-0.509174297933646,-0.507085730019083,-0.514707618793998,-0.516612413558028,-0.508092078331414,-0.509940933118874,-0.506783201978661
-0.498900742740003,-0.510823791636422,-0.51226090189453,-0.51390386768127,-0.508947472660542,-0.512249151359808,-0.507583932471671,-0.511926454042673,-0.507574321024836,-0.512621010148915
-0.483139978881914,-0.489211022389024,-0.491483360022801,-0.488587314405854,-0.490806752531494,-0.492709951749912,-0.493153367449669,-0.492463497977628,-0.486378352423518,-0.488928286140144
-0.487866720407174,-0.485585243329828,-0.498839250234418,-0.486326124502502,-0.487449994442606,-0.491998350433089,-0.485779730694228,-0.492197692555576,-0.490890834570775,-0.482899745247416
-0.477104749388163,-0.491053468009799,-0.487128634562775,-0.485581534208267,-0.482540324305155,-0.485683979460765,-0.487704892165912,-0.487941810112105,-0.482828087318321,-0.480888619716306
