-0.495293083441043,-0.504445081866533,-0.501274128714335,-0.498782866645108,-0.497859812625533,-0.50207918949622,-0.500708107858897,-0.499205796097535,-0.499601868816084,-0.499668528490784
-0.495487121617359,-0.502812192236084,-0.496645549434038,-0.495643865344793,-0.497987205673978,-0.501082302404015,-0.500022339719736,-0.504119274596068,-0.498960441699733,-0.494742360894404
-0.501180944428418,-0.506075696426618,-0.500546068883118,-0.501869336893594,-0.50298213091564,-0.498324088780741,-0.498218301604099,-0.497923884297986,-0.493056761111841,-0.501191573160326
-0.495632928171084,-0.499860653636915,-0.496707383885634,-0.497692905578316,-0.497899191255008,-0.498038809261401,-0.497097452217751,-0.500751710379292,-0.495476973249013,-0.491713063580177
-0.495003456823068,-0.504649164959653,-0.499542450707394,-0.494207272761503,-0.497189122031785,-0.49619246043593,-0.495881788342634,-0.501535260029612,-0.500765749660344,-0.494997578681523
-0.495129031274411,-0.504378463250711,-0.493075639838622,-0.499797496988975,-0.499137444041675,-0.493240562471516,-0.500259599987932,-0.504943720493656,-0.494147602000465,-0.497192310974603
-0.499393599168142,-0.50033396575932,-0.494899066369202,-0.489817294324246,-0.50455292594139,-0.497911779621127,-0.495101363801484,-0.505975229690151,-0.496816516243009,-0.502694888704426
-0.501936813475204,-0.503710815561784,-0.504334575558002,-0.502679611236659,-0.503718134968057,-0.510362211405312,-0.502596869970772,-0.507652403248598,-0.505731529526132,-0.506770279858193
-0.49276307062647,-0.498726326059343,-0.501154033601671,-0.494309088866487,-0.495405849560977,-0.493936183347213,-0.489854186401104,-0.494690182539734,-0.499724214567814,-0.492978552176001
-0.500165428898574,-0.496322682207657,-0.502402090463739,-0.499249538000864,-0.492640501927816,-0.507446897638782,-0.494666967508148,-0.493611543033563,-0.489218535172916,-0.496610331075395
-0.487219242816895,-0.505708167896008,-0.5011472726786,-0.502125315388101,-0.501387907580495,-0.505920552331547,-0.502328929822477,-0.491223068699711,-0.500841776617469,-0.49668343806944
-0.492586278389947,-0.494224474413678,-0.497820760828598,-0.495667237306543,-0.493668598841184,-0.495261690074256,-0.49584260263165,-0.496754165492743,-0.497935432070154,-0.488470067036282
-0.504774877716152,-0.511438266677206,-0.502234468526216,-0.506509214170818,-0.500216137360596,-0.51023273899311,-0.505370531104843,-0.50269166016979,-0.503496218529344,-0.495791027590734
-0.503765816048531,-0.502892876522781,-0.508910076970124,-0.50011582675996,-0.506055385893519,-0.511870596333868,-0.504476477358381,-0.507913569748771,-0.501467170265494,-0.503087667950093
-0.507183455861503,-0.509371290883466,-0.501220513240298,-0.504308080789437,-0.508623655301838,-0.50571256233448,-0.503894489825028,-0.506255115189276,-0.497244875589964,-0.506856451200231
-0.495862925790526,-0.507931052292139,-0.504817325474781,-0.505467100182295,-0.489788406003871,-0.499341222174133,-0.504989640664325,-0.50133485342576,-0.48942801202704,-0.497233958443526
-0.501896582809105,-0.507901590700994,-0.504672578630532,-0.4986867014553,-0.502227028920458,-0.510593115785316,-0.504793650780589,-0.508813213045123,-0.51085950724333,-0.498793106611373
-0.490646020632843,-0.501085652965098,-0.503823943745471,-0.496199241668026,-0.501813594483847,-0.491201333565347,-0.486323011062089,-0.496796472636328,-0.495537499237814,-0.494740342547023
-0.501172933964876,-0.510393275366106,-0.497209431650321,-0.505981705976642,-0.505740586147865,-0.511476023255495,-0.507554195037226,-0.510321978975177,-0.502288722098279,-0.50163425464897
-0.505724923684157,-0.508258821596864,-0.511756750806564,-0.503809693745114,-0.503603970057085,-0.505696554771828,-0.499937216261233,-0.512160545643127,-0.505236452254946,-0.507681616789471
-0.4916214967042,-0.497318187535985,-0.502090734386691,-0.489105523970241,-0.500825220067322,-0.503594103010072,-0.494877276451983,-0.492832453663946,-0.487442549154567,-0.490440768172831
-0.502425088780361,-0.504054593961484,-0.513799884158308,-0.507259900323694,-0.509184163016416,-0.507006865675856,-0.504627551909957,-0.511101288611123,-0.50524454707379,-0.497714579380589
-0.494936129848245,-0.513337266989613,-0.509488158846316,-0.505075434651852,-0.509039509218613,-0.502435460740249,-0.503655905975109,-0.509199472196461,-0.50604843600577,-0.506192317565573
-0.486043248039905,-0.494082990191458,-0.495718653845375,-0.491684118811501,-0.492401065484254,-0.494707361934825,-0.495023213464876,-0.493332103307203,-0.494374474864134,-0.488147743879288
-0.495480262620779,-0.49284631433805,-0.490816189414821,-0.495359405365415,-0.491727192152638,-0.494088931927456,-0.489706436980233,-0.487363374325385,-0.496627715782153,-0.489476452359965
-0.506691578707129,-0.515916506739394,-0.507910033984878,-0.509668932181047,-0.504473619358057,-0.511160819963213,-0.5042011269377,-0.502120655001813,-0.504822282186174,-0.506673068927732
-0.483478408433216,-0.500167354708527,-0.50021834924555,-0.489384829707063,-0.489271452715997,-0.492085943552099,-0.494656688952449,-0.490935523592056,-0.49387629554306,-0.49252602041787
-0.48661072219273,-0.499088768930173,-0.493382891335646,-0.4945638487993,-0.488994980330333,-0.494696848610122,-0.492951573334238,-0.499098893480753,-0.490229340298481,-0.484378429606045
-0.507917113040099,-0.516605696114851,-0.507957024169568,-0.508956121395544,-0.508382886823883,-0.510885144213031,-0.505131532594566,-0.509298070069068,-0.500969670770579,-0.506946261112598
-0.506818131830895,-0.515608721881249,-0.51103569705692,-0.505333970155413,-0.506121016337702,-0.514717035467142,-0.504621962695015,-0.51431177075923,-0.50482136406207,-0.509271096052744
-0.485873468129124,-0.491719936246088,-0.488354193085607,-0.491571400824316,-0.486770810452576,-0.49154042311853,-0.491280473511147,-0.491406901747225,-0.490982684779645,-0.489310617471944
-0.486894447330406,-0.489976109920022,-0.486378790095671,-0.487763049461757,-0.490221240544013,-0.493482399601685,-0.489498928188031,-0.492714680610799,-0.487244530937315,-0.487715440215845
-0.506012654154036,-0.515742645719277,-0.509397735039386,-0.51468972758181,-0.509679711639655,-0.517499050586188,-0.508013075927648,-0.510606981045639,-0.509283806124746,-0.505621494899792
-0.480224478150055,-0.494127913197424,-0.492856404902807,-0.484807729414776,-0.491061359479263,-0.487047899196352,-0.494402157243644,-0.493737172857057,-0.490915605288698,-0.482829468854895
-0.485762899012049,-0.489505871845248,-0.488644379966949,-0.492036313990503,-0.489649202155841,-0.491293793722031,-0.489240202468467,-0.485621330226421,-0.490094438828756,-0.482322449018511
-0.50544289551914,-0.51295895397392,-0.507235085727201,-0.5110657112844,-0.513676394925442,-0.518011054029522,-0.513961854976764,-0.514800336709972,-0.508088180655733,-0.510348026947924
-0.482294916274691,-0.489533205552391,-0.487643661956035,-0.486966093476249,-0.485379704629821,-0.489385792959597,-0.486056324959814,-0.488064915735621,-0.487123416388804,-0.484066041187491
-0.482487329016036,-0.488559687476595,-0.483824033852542,-0.48620569162936,-0.485702707186061,-0.488304243569809,-0.482242220600996,-0.487212619770371,-0.482663200862175,-0.484670310028807
-0.513951453121586,-0.518808951255021,-0.517668347354123,-0.518534502885473,-0.513403152623603,-0.519410783689241,-0.514237438418941,-0.519269373354333,-0.51923757903632,-0.51453217178398
-0.480180869631728,-0.48181906565546,-0.485415352070379,-0.483261828548325,-0.481263190082965,-0.482856281316038,-0.483437193873432,-0.484348756734525,-0.485530023311935,-0.476064658278064
