-0.495293083441043,-0.504445081866533,-0.501274128714335,-0.498782866645108,-0.497859812625533,-0.50207918949622,-0.500708107858897,-0.499205796097535,-0.499601868816084,-0.499668528490784
-0.497729256169809,-0.500383882037095,-0.501838109589037,-0.499016202322986,-0.495250157276675,-0.504763043567501,-0.497687537683522,-0.496408669565549,-0.4944102019945,-0.498139429783089
-0.507397417187502,-0.504833051152657,-0.504294963131731,-0.500114096521834,-0.502713314293552,-0.502475085457258,-0.496051002380978,-0.499947888496468,-0.504114649802503,-0.497618571927093
-0.5005090035626,-0.506351951731699,-0.506515439760449,-0.501296280195111,-0.500731891341309,-0.503887872134024,-0.500322662060065,-0.505683170870331,-0.502419160535515,-0.503675072640128
-0.50572301898177,-0.506380413205794,-0.503501966236047,-0.500937271893311,-0.499586918345447,-0.502145888612199,-0.502854050348403,-0.503464204588756,-0.506960434007662,-0.499853827051117
-0.497200806660595,-0.505260389146576,-0.497847436574548,-0.505981627827965,-0.496830779259881,-0.494456239877427,-0.50041583073468,-0.506735319225807,-0.497781997854048,-0.499816345888852
-0.495386673030911,-0.498645698102292,-0.496045159064578,-0.497071136005261,-0.494793502389085,-0.498084060711838,-0.495207272419565,-0.49328458521146,-0.498114792299118,-0.494572490425375
-0.496766821673837,-0.501341718516728,-0.503581901259751,-0.493619008469594,-0.49683556885654,-0.500827589108098,-0.493173587822751,-0.498306138673344,-0.495418119210532,-0.492563907765775
-0.491498842423306,-0.501031939537365,-0.499941001724643,-0.501058502332371,-0.489824204312446,-0.499851426063972,-0.503585463910464,-0.496514712943915,-0.501783515612922,-0.501076968921302
-0.503008176181219,-0.51077358855383,-0.507971273658383,-0.498346429681349,-0.496923356109239,-0.504042020788168,-0.501801032842751,-0.503526181910213,-0.505442139822396,-0.50410042138569
-0.4987559850082,-0.512273098885796,-0.49760302775801,-0.502272596214203,-0.49665908676638,-0.496235932711262,-0.503463115513659,-0.491605808426023,-0.504532571984833,-0.506296511246888
-0.492527252057832,-0.507973701778876,-0.505640648165816,-0.502100359843475,-0.493363632208687,-0.503166006025445,-0.49537887158411,-0.492269902315053,-0.494233420478775,-0.496112234339238
-0.485384447239751,-0.500648891577611,-0.507208585499213,-0.493955539011447,-0.502645525382446,-0.496538623398853,-0.502688689762664,-0.49777762680433,-0.497454512342577,-0.500068306397699
-0.497729054383378,-0.506890269449392,-0.504363993124677,-0.508380795525209,-0.510400477055313,-0.499868445730974,-0.501765363527646,-0.507591531594997,-0.505250536089471,-0.502649306203225
-0.496390317115605,-0.504429590675659,-0.501834653854696,-0.506398935361588,-0.497988334743449,-0.511197511174592,-0.511546929926122,-0.502784210856737,-0.502930558480785,-0.501057597555771
-0.502903442231154,-0.509151021703583,-0.507899629563778,-0.50765146972294,-0.510123352246411,-0.502816003525839,-0.504983747050953,-0.504824692984647,-0.498546992989454,-0.502361208729396
-0.492662617432633,-0.498715121418425,-0.500170061098154,-0.497627997779794,-0.489782496050998,-0.502387820286166,-0.495074686282771,-0.487425108989405,-0.497682110267624,-0.494926053456824
-0.490527991226546,-0.496975476855891,-0.494959254340642,-0.495409590317805,-0.493754507390687,-0.496686491609125,-0.494974155163682,-0.492413563161978,-0.49484815382242,-0.490995488754648
-0.490271920966249,-0.49835316103595,-0.502050247407907,-0.490061727491763,-0.49421893176828,-0.501215627818625,-0.502446174665894,-0.494173772811571,-0.489604025818604,-0.494873882339841
-0.506221333628963,-0.513441543649972,-0.50493636590332,-0.507835433288914,-0.501100426009853,-0.507862820258559,-0.503481273271182,-0.501832635712286,-0.506048936800252,-0.501667184527355
-0.494537875215608,-0.513846116417701,-0.505771096536345,-0.49688191135216,-0.501066736329917,-0.504060864297594,-0.507463846412312,-0.501819574847931,-0.50538908999969,-0.507773189595564
-0.506886277156382,-0.502427987900728,-0.499779423978212,-0.50945699324268,-0.499757748288401,-0.506194666707216,-0.506922787852378,-0.508254757264471,-0.51085068033347,-0.504279059458804
-0.487740690751989,-0.502320971422858,-0.496115891678149,-0.493875179346548,-0.489183594526928,-0.497854504427316,-0.50130203599902,-0.496440058587612,-0.491686436169966,-0.492511384538805
-0.485756293750867,-0.492959725157639,-0.49972573596438,-0.495569338608422,-0.493436507052649,-0.496720632031101,-0.494299940281928,-0.492894175004736,-0.497971876153007,-0.492283266089288
-0.502911959049921,-0.50558299635505,-0.504461446139114,-0.503819085177546,-0.510975874099827,-0.503825750732709,-0.508299488954804,-0.511429588680079,-0.505427771088305,-0.509648612771789
-0.508486340625296,-0.503502561575382,-0.515646616072322,-0.499853677684454,-0.503293162555341,-0.514491444734129,-0.502674377821452,-0.500751843902546,-0.497564768486589,-0.500435779933198
-0.492292568724195,-0.502820420236247,-0.490390670486464,-0.49422216450113,-0.488552805405629,-0.496714686815932,-0.48750674278218,-0.495639022789765,-0.49564641700128,-0.493001906450898
-0.498588068261908,-0.514850361349847,-0.511460527243055,-0.510787277684213,-0.497503075993298,-0.501168528283352,-0.504333838993699,-0.509954877362219,-0.498227352251781,-0.501056444751519
-0.503827808682938,-0.51172411980861,-0.510264305653317,-0.511715380641767,-0.501945010193306,-0.50467011178741,-0.511098678328765,-0.510303870248726,-0.501654193941214,-0.505669822025914
-0.503278609659156,-0.511244488560424,-0.507795835640888,-0.501950297941931,-0.509504225853077,-0.511580277472593,-0.508802544918908,-0.510201336539017,-0.508327626351134,-0.497097012637836
-0.490471808212767,-0.498786906149199,-0.492225001836186,-0.487759205677724,-0.489352106433064,-0.496113037721277,-0.488962575829632,-0.492290106960134,-0.487874949153198,-0.496742959809867
-0.505060432758535,-0.512550154316622,-0.501716721402474,-0.507444666079355,-0.509225023047137,-0.51511708222635,-0.509023477115792,-0.507013834100125,-0.508084548976833,-0.508694950535352
-0.487873877266116,-0.490498619207645,-0.496830565458603,-0.489259496679676,-0.492171270204719,-0.490778071961227,-0.488790876188018,-0.487854149553872,-0.494685900937648,-0.489886356702299
-0.485619976208826,-0.497391332980541,-0.490633586817718,-0.491383911286833,-0.489855241669201,-0.496943929062322,-0.491605339105075,-0.488338272818218,-0.491242657861507,-0.484792696931202
-0.487154743644057,-0.491294273093927,-0.4927173967415,-0.487074640601804,-0.489582893158796,-0.494600186814314,-0.490217586507909,-0.491184976822423,-0.488159813440059,-0.489003392119709
-0.494587814771474,-0.516447976433293,-0.51273197879025,-0.510766346100546,-0.508286154373525,-0.513624642325562,-0.512186368927523,-0.500714301776725,-0.508312976705715,-0.503037474962542
-0.484721572895264,-0.490498011768767,-0.486247056676389,-0.490021006192741,-0.490940344194529,-0.492095632554716,-0.488661131514219,-0.489892415003311,-0.488761181911368,-0.490098548235944
-0.483088299705334,-0.489778161650994,-0.486616050199254,-0.485863180010982,-0.48550479583954,-0.48768429327808,-0.486528073937594,-0.487604047137684,-0.485164714931818,-0.483316089934751
-0.475384074694819,-0.486911791431249,-0.484690560707841,-0.479420591929212,-0.482085879951668,-0.482188838245556,-0.485180426450541,-0.484096778376566,-0.482884030951661,-0.47887429257211
-0.512742695580821,-0.521076724020957,-0.516629313321498,-0.517298995065484,-0.518142809876217,-0.522419827863601,-0.519709687518561,-0.519377772504484,-0.516219730836638,-0.517382983820084
