-0.495293083441043,-0.504445081866533,-0.501274128714335,-0.498782866645108,-0.497859812625533,-0.50207918949622,-0.500708107858897,-0.499205796097535,-0.499601868816084,-0.499668528490784
-0.49779901330011,-0.506848122834181,-0.501616574546058,-0.500637874064445,-0.502490608478721,-0.503100452531815,-0.501080961914132,-0.502836935478197,-0.501507684090995,-0.49753628360275
-0.496205333925622,-0.507227714650197,-0.501738475940714,-0.500160409782308,-0.497236557218064,-0.500141249790004,-0.50061946356323,-0.497269395935314,-0.500379645826699,-0.502207393207679
-0.502202301552243,-0.505828255079038,-0.501239634628926,-0.505773042345196,-0.497583706071972,-0.495224936373098,-0.505868444652734,-0.499499732595609,-0.498293392415939,-0.502713474114551
-0.493037750418349,-0.505757461338014,-0.502441956822092,-0.494164192163623,-0.495623449520639,-0.503416892594013,-0.502904478773995,-0.502174390343356,-0.501854571254593,-0.499177969034344
-0.501317996475358,-0.502177794798006,-0.503273844410577,-0.502655788101987,-0.498001005760872,-0.502594347444909,-0.511286022491122,-0.504265703195444,-0.498351404957122,-0.502843352023142
-0.499593763493432,-0.504165007670539,-0.502125033574839,-0.508602733801909,-0.498037244854832,-0.503758798135435,-0.505883078852545,-0.504922940182213,-0.504416958827979,-0.504233994736148
-0.489946202859163,-0.503859531293091,-0.496318462544289,-0.500060334994481,-0.49711632106278,-0.500070298797282,-0.505025463776269,-0.492557112529615,-0.497863537585166,-0.499930543685079
-0.499311879472311,-0.505918927952566,-0.496632346569585,-0.505011806096138,-0.507224111211088,-0.508997106885605,-0.499501636478465,-0.49988990728502,-0.504847234341365,-0.49910298230196
-0.498732470228459,-0.509528916329897,-0.507430884830763,-0.505979214223467,-0.500190774200863,-0.505065589817467,-0.504708627961772,-0.500208392209399,-0.501413569880776,-0.506154963903038
-0.492539921706885,-0.50161736034523,-0.495518499709297,-0.506673663074648,-0.498071588406903,-0.506603611251591,-0.497174401026172,-0.492904620305404,-0.50345623672384,-0.505756057430536
-0.498670891671432,-0.503135129743765,-0.507890114895376,-0.493551120964201,-0.503184718075469,-0.501941606842802,-0.49744332795715,-0.505187287551855,-0.502806106301932,-0.510670421193383
-0.495862607835744,-0.508197510870986,-0.510849954207787,-0.502068069057774,-0.503746109167785,-0.506724876270991,-0.502058241767953,-0.503906566380849,-0.503850730435856,-0.502588088721453
-0.497913570011451,-0.508435834838895,-0.505050956075082,-0.506221253696475,-0.506233465318305,-0.502608889166441,-0.50861546441375,-0.503612154290258,-0.504198493695704,-0.506222455679166
-0.49135608924928,-0.508044272857986,-0.499659456340481,-0.494458954686058,-0.499672514183187,-0.496513230302535,-0.494414378550172,-0.492991072960324,-0.50032900453247,-0.491580384654614
-0.491574733101786,-0.504074272005536,-0.500033697384464,-0.507740984273352,-0.498394538306547,-0.501377129389757,-0.502033597412741,-0.494054107539325,-0.49604035331239,-0.488473709229902
-0.496800888149998,-0.503744514305763,-0.497117832026702,-0.490252789880028,-0.496811996910748,-0.494480543234899,-0.500222643896836,-0.491748256093895,-0.494292036665212,-0.491155479594566
-0.499544054891518,-0.511234476426274,-0.507738712553818,-0.50597891132421,-0.491936219839569,-0.500613692222894,-0.503206839780799,-0.498728061946861,-0.494261838649925,-0.496105011782856
-0.493209930975346,-0.501891580066353,-0.5004006406493,-0.503971446287132,-0.4894865616916,-0.488935758150637,-0.506505258284692,-0.498942461065096,-0.501689801585942,-0.49696830099858
-0.488097128347224,-0.496211351482354,-0.497592108971276,-0.494569253714833,-0.493923734262527,-0.498592068141518,-0.500588133351176,-0.496817311610794,-0.495571150876631,-0.489841967166784
-0.491554352070755,-0.500778240538387,-0.491434359640679,-0.497904743142046,-0.49515202698756,-0.490990903582609,-0.492506371077038,-0.496767238806711,-0.489010213109852,-0.494730463899991
-0.488468914965972,-0.503049229223905,-0.498278152310645,-0.489774964258013,-0.492302989724403,-0.499537775029641,-0.494723837042296,-0.497414451872829,-0.491966177603437,-0.491479526320699
-0.498681636063148,-0.509951479877453,-0.51205352953006,-0.499179108685596,-0.506910815024049,-0.509800248685158,-0.509563656717245,-0.503168216502415,-0.503111441174692,-0.506629180335357
-0.491827673780263,-0.498486074307378,-0.495977930658903,-0.495336972668278,-0.488535935593381,-0.500937821021207,-0.490537994324252,-0.488640212060141,-0.492779445591375,-0.493212907769023
-0.487979257648418,-0.499306656257897,-0.495970723467959,-0.488377434355212,-0.49293975717874,-0.500800890382829,-0.493774672698721,-0.496267757724918,-0.483720495947534,-0.498729334215958
-0.489022653369643,-0.502310593296351,-0.490850027921592,-0.492747177898445,-0.487407661416424,-0.494519752876479,-0.491376684277292,-0.489407108859254,-0.497111857202361,-0.495397361673392
-0.498164046679467,-0.516430933257779,-0.509588115347482,-0.507368831878317,-0.508725918463429,-0.507975386654926,-0.503620016879297,-0.505091291987098,-0.504819536743768,-0.508530700945759
-0.48317804023811,-0.504960285424753,-0.491765318965638,-0.490029698164024,-0.497296114247117,-0.492695986579057,-0.494972817577403,-0.49484872185757,-0.489317731037657,-0.495839931966947
-0.504323707381613,-0.506664545417483,-0.507038389437203,-0.506066396251091,-0.505997003599759,-0.504322461619001,-0.51425732726464,-0.507631258403934,-0.509080867267606,-0.513261032632453
-0.503409470088245,-0.511280708007444,-0.505525957423203,-0.504983917703055,-0.506839549926846,-0.507161348172991,-0.5071703175863,-0.508161435240374,-0.511199542954387,-0.513726321419982
-0.487273546145419,-0.493714584564661,-0.500248961780832,-0.485159996054583,-0.488957370223138,-0.496125302716686,-0.492833277021377,-0.489783491435539,-0.498467192134766,-0.489780676400088
-0.504637226281155,-0.508622002136677,-0.512823769574278,-0.501291667894394,-0.504063195725436,-0.518374648268295,-0.510193428279203,-0.505120478102942,-0.506239848110895,-0.507349641418701
-0.507172747546272,-0.51694025210774,-0.514021979195842,-0.510396662494915,-0.5080917461412,-0.506590088998947,-0.502509233294788,-0.507033206215032,-0.504474146911742,-0.507519178399086
-0.486445173841643,-0.490859494515088,-0.492649437348051,-0.492109832805042,-0.488157972854459,-0.493833867285164,-0.494294797437131,-0.488552346069351,-0.489556510851442,-0.492685819349382
-0.503774740845067,-0.513230537032999,-0.513131590682144,-0.507031116494779,-0.511395576602241,-0.510574383346506,-0.512783187161994,-0.507403985313444,-0.508488090703017,-0.507478519467713
-0.484175831605711,-0.493480374281477,-0.493029344737784,-0.487609623380944,-0.491154363745346,-0.49213997557254,-0.491419770370118,-0.489441337322092,-0.491126838052678,-0.489804732220812
-0.480968975487663,-0.498243377034687,-0.491423392392786,-0.495408392198482,-0.483596800790389,-0.48769280010363,-0.488240068020533,-0.494419244545543,-0.48884253081376,-0.489079591118235
-0.505576624143272,-0.522179767234627,-0.505360395176507,-0.513550392269963,-0.508775295265883,-0.515103945184458,-0.515010950715039,-0.506801496062692,-0.511182079266474,-0.505499573693931
-0.505349046949098,-0.518986633996609,-0.516045913185927,-0.512116359315571,-0.505842360622662,-0.514044076282697,-0.514121230328779,-0.511504547115858,-0.512466170172915,-0.512185403956399
-0.510082516555238,-0.51913162608931,-0.513900077801186,-0.512921377319573,-0.514774111733849,-0.515383955786944,-0.513364465169261,-0.515120438733326,-0.513791187346123,-0.509819786857878
