-0.499213884283512,-0.500102746255124,-0.498202796633962,-0.498802813818913,-0.498293537381843,-0.500305797021022,-0.498802498743663,-0.496153656959363,-0.498497602045041,-0.500152865856679
-0.501792102719299,-0.504905487384826,-0.497927003918036,-0.503054784525394,-0.504608507888059,-0.504973311013819,-0.50238073956886,-0.500468335859328,-0.499562415148965,-0.500879677370165
-0.501918373381265,-0.500505051438238,-0.495043574303271,-0.505662967405336,-0.504395957482934,-0.499970686078737,-0.50386823424263,-0.500047618490773,-0.497792279547124,-0.499309191755896
-0.499087410227879,-0.499904623101564,-0.500329114560051,-0.50010103998023,-0.491215472015497,-0.504308498971451,-0.501555467564596,-0.497916399308747,-0.502670295349826,-0.49760490734574
-0.495120504086967,-0.502022859174321,-0.496848105040837,-0.496443318467503,-0.49370298351464,-0.496840935777046,-0.499984266480492,-0.496148920601639,-0.498587894860386,-0.499198677997722
-0.497725179485729,-0.498874602034654,-0.498330059487501,-0.495102567231061,-0.496942775187226,-0.499275488444752,-0.496259110842388,-0.491641205518909,-0.498415117583751,-0.496765983849508
-0.497725179485729,-0.498874602034654,-0.498330059487501,-0.495102567231061,-0.496942775187226,-0.499275488444752,-0.496259110842388,-0.491641205518909,-0.498415117583751,-0.496765983849508
-0.500847884038843,-0.504214782975255,-0.492923433854359,-0.505784111596495,-0.500009777736814,-0.502113601617674,-0.5031914797714,-0.493771209465833,-0.501391954851956,-0.501921759992064
-0.501282872032377,-0.49995138241195,-0.502855628217639,-0.500045928830285,-0.511260744394654,-0.506731984889629,-0.499260806584811,-0.500448550749742,-0.498819605218075,-0.501890325369323
-0.498481024654725,-0.497941695776207,-0.497142710235146,-0.504281662618864,-0.492309317027546,-0.503895390172955,-0.497689036578677,-0.506957677920707,-0.4963535677632,-0.506748983040294
-0.498301501254032,-0.49662676929563,-0.488960677961031,-0.49505848109677,-0.491789483530606,-0.501124012099406,-0.500650582516069,-0.499718101078744,-0.501715125148743,-0.49701622338008
-0.497658403029898,-0.505764515906918,-0.498952473904524,-0.501513253790821,-0.49744605877933,-0.501218381564776,-0.502710295775242,-0.489411622893589,-0.494553570524133,-0.507097810735285
-0.496886717724069,-0.499659853044151,-0.493748395370909,-0.491619271384827,-0.495076152741169,-0.503133195644644,-0.498109786080875,-0.490753940240119,-0.504733080084879,-0.494766671478678
-0.502215811293183,-0.510685138218117,-0.507367648675743,-0.50767004219331,-0.499254101965953,-0.502291737569326,-0.507242219486354,-0.504387812310673,-0.502276230287196,-0.50410101745073
-0.502903574599402,-0.509028445098165,-0.508828610289756,-0.49727432395923,-0.500648464268872,-0.503067250046624,-0.506496147261314,-0.505711188361885,-0.504850190725125,-0.507220409312102
-0.49701808302392,-0.50696888183784,-0.504856715512564,-0.504925785501069,-0.503719611435922,-0.505834913813205,-0.505684333584722,-0.501373231503622,-0.501926430796336,-0.513093926830254
-0.507992245366613,-0.51253006954742,-0.501523319095972,-0.499710236619581,-0.5020282347972,-0.506714594271096,-0.511279528968241,-0.501747748956242,-0.500255667961739,-0.499622915591207
-0.50319028476608,-0.512100677190163,-0.506434316653951,-0.508357957322502,-0.50651488695582,-0.502979271450568,-0.505833802487729,-0.50499816281769,-0.505743858845417,-0.50585440524383
-0.503532093090499,-0.509778732655965,-0.504345076402521,-0.50964527288863,-0.499112508017651,-0.508566718216997,-0.50219537709201,-0.506332292004404,-0.504039303347341,-0.511434186364932
-0.508404170692691,-0.505842993244238,-0.492937349488762,-0.492142554161792,-0.510316876898699,-0.512030107992364,-0.496231147562481,-0.499726143720627,-0.499386564746764,-0.503565706062607
-0.497596288858571,-0.492844751504659,-0.494705127867405,-0.49658843931857,-0.491955013347915,-0.497211006232244,-0.492684093943355,-0.48914289130845,-0.494326104557623,-0.488619054467332
-0.511248788839219,-0.504289688130981,-0.506546736857377,-0.504739350521619,-0.509174575312258,-0.511665163760327,-0.505954733201701,-0.505053777230245,-0.505032496964911,-0.507458744778354
-0.508641504202552,-0.510952560291911,-0.507855401979372,-0.50671885801731,-0.506831744289245,-0.507048598205756,-0.508941409092644,-0.504457667295034,-0.501592275617703,-0.509533299545365
-0.505752075098675,-0.506899899650103,-0.508348368200177,-0.514503364844401,-0.501891304111692,-0.512935678491589,-0.49957722022505,-0.501005584693172,-0.509742871123389,-0.501316321014496
-0.494319612160042,-0.4931392622937,-0.491002180403843,-0.492793627855683,-0.486558702382501,-0.497197742307381,-0.490943219359044,-0.490304071088412,-0.490821700890895,-0.492810732796257
-0.491516391026404,-0.499863323713592,-0.498809016417294,-0.490356332003831,-0.484249552251863,-0.498425175579113,-0.495725980580112,-0.487028035877896,-0.487370441325176,-0.494872885903522
-0.51184024244325,-0.512030531916355,-0.508064262397853,-0.505882183149016,-0.505871813656061,-0.515332418311431,-0.506985360184474,-0.506585798335893,-0.50484022591306,-0.506467947590972
-0.493799787062324,-0.495416863535871,-0.491210097678447,-0.497355477123444,-0.486196548633848,-0.486087967648484,-0.491190995846934,-0.487977878640615,-0.491944064342317,-0.492875769801344
-0.493264777010647,-0.495583566435572,-0.486612707393158,-0.497147078892399,-0.490911940064527,-0.495239035826327,-0.48505839544208,-0.485872329927938,-0.489696616833753,-0.497151397438871
-0.490366407746121,-0.498893191675543,-0.489493498478227,-0.491683725237955,-0.487691725539079,-0.497806797814899,-0.489472786165178,-0.483786553617691,-0.491774119507323,-0.494480967318572
-0.491035797035825,-0.49605733196976,-0.488891593375567,-0.489521120842274,-0.490767505925993,-0.490223462560096,-0.485360626615562,-0.488581524163541,-0.490882654851781,-0.495213961756931
-0.512758360061603,-0.50405202176178,-0.504383739762839,-0.51323515767375,-0.515430776019289,-0.510279755843972,-0.507863574882128,-0.503486668832405,-0.509127341220548,-0.511787629219811
-0.487393549937384,-0.493841347493175,-0.48671206358537,-0.49087630869514,-0.494788140075644,-0.492319150136745,-0.491011121909565,-0.490622746395108,-0.489709120426111,-0.485377924389019
-0.494580889561239,-0.487048797010523,-0.480718641412716,-0.491078699023893,-0.489687622867407,-0.492309716566806,-0.489680588321087,-0.486010284353302,-0.497056832743704,-0.494528648219702
-0.508064923206282,-0.516285494512592,-0.507038974261994,-0.513222465592251,-0.512330431825341,-0.509589491428332,-0.506111282379853,-0.503081738736846,-0.50398512244246,-0.517336969804042
-0.513449549432523,-0.507204623767436,-0.503364013084278,-0.516648012874059,-0.506033591189233,-0.516850140819726,-0.507775131985492,-0.509624744464589,-0.511581897626081,-0.512380816466807
-0.511726508877438,-0.512004169921184,-0.510979541769569,-0.512757479940772,-0.51201117379223,-0.510600280804754,-0.509943308756082,-0.506904323969134,-0.511802026075323,-0.513233172710389
-0.484613539472367,-0.491521217005832,-0.488356409419453,-0.487729514065278,-0.491211671880283,-0.483850617299333,-0.484965281283984,-0.490163775377595,-0.490011120372801,-0.487480205928034
-0.487476919295227,-0.489326824933619,-0.488688601948248,-0.485865803622955,-0.483435559297482,-0.490604101163425,-0.486418494454972,-0.485363991338993,-0.491873755612682,-0.489583109018146
-0.485151401308319,-0.488884468119149,-0.488908335883151,-0.48806895013244,-0.486321117680962,-0.487130089068693,-0.489274135015807,-0.477718987567097,-0.482211755606727,-0.482209578845897
