-0.500237173786199,-0.499587676607614,-0.499086727651156,-0.49845419659912,-0.50153033167356,-0.500474614032862,-0.499221191279543,-0.499594064902386,-0.497261473976177,-0.502664211566718
-0.498841926940283,-0.50493379756112,-0.497823734854308,-0.49682383402952,-0.500171538007351,-0.501845246437123,-0.494634395024501,-0.50309253853216,-0.501186083692151,-0.501154133096333
-0.500650939353293,-0.500267527004907,-0.498242968874222,-0.499423038240847,-0.501978920204123,-0.506550995156551,-0.497631883114651,-0.500924606307386,-0.499202994882221,-0.505276338790612
-0.4964425694944,-0.498463919663931,-0.498465569504771,-0.49505338786986,-0.497342638900482,-0.496412967509608,-0.498225754797826,-0.498063817707837,-0.493674280260381,-0.499174541395922
-0.504723733949332,-0.502913601727328,-0.502503949107963,-0.502606581501791,-0.501180249726616,-0.504790610422338,-0.501936373778958,-0.499471653696499,-0.503765209025247,-0.505689013568594
-0.503874647046228,-0.500161125258907,-0.49835435744773,-0.506157917871105,-0.507795544446174,-0.500235999439577,-0.500500363002375,-0.496809492108707,-0.498547332398069,-0.498910928760777
-0.494084166540099,-0.49972289059955,-0.50064944413828,-0.49934553562495,-0.503572166211026,-0.491445629810568,-0.497575114497217,-0.504668125752167,-0.500872268655817,-0.499579425352735
-0.505614656206533,-0.50342745595997,-0.497824497969267,-0.499080947130623,-0.505238479550106,-0.499074379964023,-0.503348861550804,-0.493328088128828,-0.505846966748141,-0.498586288412139
-0.503207804395538,-0.500461445619557,-0.497592683445885,-0.49785200952349,-0.5007922087421,-0.500154397550828,-0.495987957317641,-0.492744917986215,-0.496995578519609,-0.5086961042119
-0.499801189469164,-0.496905714679564,-0.504216453559693,-0.492868861835684,-0.500117014615304,-0.503216948804504,-0.501686060146109,-0.490803378466422,-0.492400744468221,-0.502249159299124
-0.504380849938897,-0.494513708071396,-0.495146738776793,-0.502086725164093,-0.501636318560586,-0.506446549411976,-0.510182463210299,-0.500302676222377,-0.501247063930736,-0.504235299662507
-0.492194786260475,-0.494936818607043,-0.50236253873713,-0.496531428283057,-0.51036967763384,-0.492578855542189,-0.497972349242265,-0.498807872246291,-0.498282263260273,-0.501384760183047
-0.493655083600011,-0.492525804036111,-0.4962240845687,-0.493521631099007,-0.493784516155433,-0.496783618730645,-0.493764270215539,-0.496902946738049,-0.495137770634705,-0.497096798098699
-0.499127311719857,-0.502543954362704,-0.496171090006602,-0.502442960615788,-0.500392951288064,-0.508053405473995,-0.491238514401108,-0.504235708888293,-0.490766639774861,-0.503850068622993
-0.490402815949053,-0.498478124422251,-0.494944569492039,-0.50159789238328,-0.504649903128413,-0.501868188898763,-0.496859941255694,-0.492385281949545,-0.494361374153911,-0.492752720189895
-0.507070702903734,-0.49940379796529,-0.50647451963996,-0.507686309978682,-0.502310383960333,-0.50649720544753,-0.499622618468819,-0.506846607762948,-0.495319097900859,-0.506473086876415
-0.498044291824971,-0.493692009229981,-0.493256830029456,-0.487817871666309,-0.502722725102827,-0.494129178245128,-0.497073930192343,-0.500712539021097,-0.495064333807144,-0.50193410084144
-0.498804097949471,-0.497427896545403,-0.493349907541525,-0.492344735898519,-0.502129746105685,-0.50352085279176,-0.493432301078084,-0.492097011407016,-0.491293516073943,-0.494492636518418
-0.498968368627333,-0.503240010066084,-0.497059859014766,-0.503724227349108,-0.509182783665231,-0.500908686595031,-0.507354207351303,-0.506578811009483,-0.499850399175488,-0.511220803772491
-0.502279780130786,-0.508654704469756,-0.507879214256295,-0.508348575597988,-0.506626776041722,-0.503364180573209,-0.507727002150628,-0.502659440265286,-0.499846428584955,-0.505192022823793
-0.49949292369751,-0.500609320486834,-0.501205917226853,-0.50750815693089,-0.502572354552726,-0.498405631017717,-0.503372386234113,-0.493193735270933,-0.507038811414552,-0.513774285943997
-0.491349695311902,-0.491324023118954,-0.495100656698076,-0.496422636937173,-0.492677676162732,-0.505425844667673,-0.490554849604897,-0.498931482584231,-0.497966127323525,-0.504560858479736
-0.503314666536298,-0.511881263115616,-0.500129559022339,-0.497472494828081,-0.506115151813461,-0.503549024031657,-0.509914601944762,-0.5057882988605,-0.500505604465699,-0.493241352808263
-0.505485498843161,-0.503122738721802,-0.503399758316256,-0.502347840644241,-0.512570546946439,-0.510996034001129,-0.496998360508581,-0.504819419272855,-0.498070364959311,-0.504113382442308
-0.50238165800355,-0.505772899533177,-0.505586336003621,-0.507108806571108,-0.512434994644647,-0.50385874582357,-0.507711370273271,-0.502198719020154,-0.500186871765773,-0.506145678601456
-0.509669812116679,-0.497036007528354,-0.500413979941022,-0.505331830670865,-0.503897464853435,-0.502784600699007,-0.501978879251486,-0.508680569971387,-0.50059876921107,-0.512632689207634
-0.506135973815976,-0.502046383778577,-0.500346736607752,-0.506442340674898,-0.508139345267764,-0.510812898999224,-0.504679377147985,-0.505591712895978,-0.504020556571962,-0.508212323519838
-0.511550834714297,-0.503416385664752,-0.500955831719627,-0.506897252202679,-0.50991900658092,-0.508101202496783,-0.506061135527161,-0.502713307084577,-0.50695403158338,-0.508996836407168
-0.498348970667299,-0.487909332878008,-0.49515704594499,-0.491262572954311,-0.488938550634254,-0.497989950834469,-0.489570257848509,-0.502032065485765,-0.492223614027692,-0.505821342831031
-0.50612397010094,-0.502710141302471,-0.50989764450979,-0.501287818107624,-0.503423958270209,-0.512635390328259,-0.499625575681116,-0.503800282333576,-0.499460655064943,-0.516048133244872
-0.496618104026924,-0.497379733837135,-0.491315585085395,-0.489294066760817,-0.491165761309761,-0.49761058405475,-0.488201106466689,-0.489836873645109,-0.491973997495532,-0.499381575539151
-0.500766148791486,-0.509126133220655,-0.507323436573115,-0.505208400625071,-0.502649918572187,-0.514219115665036,-0.506251643340016,-0.511090593076974,-0.50263632935766,-0.509708217336869
-0.491617735255629,-0.491936407240238,-0.488108673131491,-0.488155470209694,-0.492149442779363,-0.493713317283543,-0.48994971909348,-0.490461929337919,-0.491559710704796,-0.493091547246146
-0.489258348598613,-0.492880696355393,-0.495008375923292,-0.49044165870775,-0.494166686084101,-0.490062458568894,-0.493788869324063,-0.486711562912037,-0.487717467872933,-0.491846705796007
-0.489739710039268,-0.490233409452716,-0.490643804624652,-0.488048241380668,-0.490822714196502,-0.491217518678523,-0.492667845131234,-0.486397169032662,-0.493494075198291,-0.498686688449606
-0.488468830948301,-0.488556074282964,-0.487769684895192,-0.487768568047464,-0.488797001914797,-0.491896129965699,-0.486508436648385,-0.488894442523656,-0.487032268630327,-0.493929321195224
-0.51126939021046,-0.511987837513371,-0.511208933019553,-0.510665128721447,-0.512568687130452,-0.512488744911149,-0.511384331012511,-0.510651313128626,-0.509352937406806,-0.514725763553565
-0.487781922187603,-0.486183791935461,-0.484048988178059,-0.485806100245296,-0.486050077086997,-0.488177718635416,-0.48767262669161,-0.483461020874801,-0.48246136154411,-0.490736188449397
-0.512171362285945,-0.511796832330541,-0.514821870652413,-0.51201005587111,-0.510932200022104,-0.519976078927781,-0.512666965066549,-0.512711024295636,-0.516052137851013,-0.517568709108575
-0.513637978532723,-0.513282289797773,-0.513432138994527,-0.513272534991648,-0.51520962053889,-0.516631648913932,-0.514609240636607,-0.512734146623851,-0.512729976950585,-0.517513215520859
