-0.500237173786199,-0.499587676607614,-0.499086727651156,-0.49845419659912,-0.50153033167356,-0.500474614032862,-0.499221191279543,-0.499594064902386,-0.497261473976177,-0.502664211566718
-0.499016338987799,-0.497670467831741,-0.497011008613158,-0.49634558417813,-0.50152758447692,-0.500524517999129,-0.494089394798196,-0.498766048465216,-0.496349862091519,-0.49897247084624
-0.497745819359024,-0.498654016904425,-0.496469789354412,-0.495589007968373,-0.499975287462205,-0.498163228561471,-0.498883195203716,-0.498083784187524,-0.492427178917017,-0.502083505045672
-0.497745819359024,-0.498654016904425,-0.496469789354412,-0.495589007968373,-0.499975287462205,-0.498163228561471,-0.498883195203716,-0.498083784187524,-0.492427178917017,-0.502083505045672
-0.49910470835716,-0.49436327743097,-0.49866540702873,-0.497173749839887,-0.494655656441819,-0.499531892828891,-0.49538389992801,-0.497020041278628,-0.496132026020829,-0.497887795286434
-0.497487296364998,-0.500419779007104,-0.491037455870315,-0.501373614737475,-0.502274863037368,-0.503961271649215,-0.501731424494071,-0.504647232647975,-0.495612982894107,-0.49936801827672
-0.496992591719276,-0.498280584003578,-0.495393260940622,-0.493219678041517,-0.49750770173631,-0.497645863795187,-0.497161024851113,-0.4954098557904,-0.491849797809538,-0.500300155078296
-0.497660930108179,-0.496519380700853,-0.494251603214775,-0.499299410837142,-0.500115951147513,-0.500686237372585,-0.496802014542198,-0.497294834897192,-0.489793827484616,-0.495493307570999
-0.500794922339225,-0.499947751526375,-0.507847382998562,-0.504699395093311,-0.508508853386952,-0.502908970930421,-0.501223107573561,-0.501668200785313,-0.496185146314846,-0.503631890117296
-0.504208840436784,-0.493488865671897,-0.501416845559787,-0.495140929529504,-0.502252909395617,-0.497712606693025,-0.491487268322151,-0.494588611334906,-0.499862668710557,-0.498809000941381
-0.498574085681374,-0.498491414493515,-0.49286004618642,-0.493046782064845,-0.499690726821618,-0.500981208831208,-0.492002090808707,-0.494581677386654,-0.497614953931001,-0.495330550117105
-0.50547001301981,-0.499513455773563,-0.50701225616285,-0.505957747358003,-0.505147159561642,-0.500620493358852,-0.499550011275283,-0.498593181522187,-0.503189352138952,-0.508911228465591
-0.502648213131682,-0.500245928619396,-0.503960324276855,-0.506133803403252,-0.510076990858804,-0.506508590807537,-0.502703803667463,-0.500416879917115,-0.498782905512844,-0.504721249103539
-0.503967989921815,-0.502659434233397,-0.504341155102967,-0.501343849898469,-0.502659009343905,-0.503728214069604,-0.503512295332394,-0.506244585099498,-0.503381848139576,-0.510420067957432
-0.494478459447309,-0.494970199033871,-0.496169615511272,-0.493895126163481,-0.499823083586212,-0.491142989735242,-0.495898921250672,-0.492126962076115,-0.498411125603944,-0.494877751853452
-0.493642373222665,-0.498654544808323,-0.491753841598897,-0.497595017700694,-0.496849978666326,-0.496204548765238,-0.499973354237823,-0.499112794025848,-0.489039695646722,-0.49428436678124
-0.506581810316558,-0.502663849260356,-0.508431863507897,-0.505782006568807,-0.504029434817979,-0.507262814978027,-0.497324120108646,-0.501338006705545,-0.508204572636449,-0.501166396652813
-0.504441483579728,-0.503576842361701,-0.502012381060587,-0.504591323952627,-0.508201441171514,-0.501909734771207,-0.505909930943056,-0.509600443843975,-0.501251704281688,-0.50843586971517
-0.507452166627636,-0.503611820218964,-0.503632396649529,-0.501250794232208,-0.511503900040563,-0.500113938720502,-0.498896638453486,-0.508570519451374,-0.498153448899098,-0.506825711556044
-0.496218874274294,-0.491594007606978,-0.493943228983782,-0.489520095599518,-0.501694873208893,-0.496441325098609,-0.491423399926171,-0.4994333122272,-0.492250874801577,-0.495230692161724
-0.494224937277703,-0.494426776869364,-0.492797446891041,-0.491529391986264,-0.496250139722366,-0.494611212152766,-0.49254517027172,-0.492333221162206,-0.492218859101997,-0.496282578360123
-0.497761640188885,-0.501221326070911,-0.49107780134957,-0.48858385657252,-0.50007216793634,-0.497957920076398,-0.488718875469649,-0.50238641502489,-0.489760219877386,-0.496369104077204
-0.496366145772335,-0.500498035831846,-0.493873285835748,-0.492313746286096,-0.48832303971733,-0.491339106555398,-0.507440365939743,-0.489756164150126,-0.503212593484022,-0.497780901616495
-0.502157075487232,-0.507267283411745,-0.509289633833788,-0.501595853928083,-0.504332350372365,-0.507987272862991,-0.507709177747268,-0.507386607100696,-0.497762317898185,-0.512364767529832
-0.50907381598217,-0.506137807310311,-0.509698791333846,-0.505776064201055,-0.511886576408145,-0.508259360506857,-0.50488140644612,-0.502719193169177,-0.501988194068753,-0.508550542119647
-0.510233826092337,-0.504546173075278,-0.506100485073012,-0.509006582118037,-0.510462288153283,-0.507497746242554,-0.506882217012757,-0.508185419712225,-0.50788131297768,-0.509081246422851
-0.497691010805547,-0.488390032012985,-0.491078122345655,-0.494271348966234,-0.492949607199932,-0.494157989363108,-0.490848643605015,-0.487701688218007,-0.489313055623378,-0.500234325768684
-0.51296076445344,-0.509784359131134,-0.500767704222982,-0.506255147793442,-0.504065294980567,-0.509563540681621,-0.50532521030807,-0.512861841724631,-0.510476874974614,-0.504685397098088
-0.486627061344876,-0.492616643265854,-0.493882614975285,-0.486026806332828,-0.494699728709582,-0.491099995818575,-0.496101511086261,-0.491772588846519,-0.49165479756311,-0.494278710443286
-0.494123295293428,-0.497821981417646,-0.487726404428057,-0.493191907602744,-0.491991985381365,-0.490631261918107,-0.487840267874511,-0.490884697284706,-0.488690486950899,-0.496509550149292
-0.487670769557679,-0.485601763554885,-0.494112316676848,-0.488262570061148,-0.489739153035758,-0.496939412082004,-0.49545661073929,-0.491965434431194,-0.491749656041078,-0.498333200884503
-0.493246085080036,-0.490365617336614,-0.490935494187384,-0.493701197905122,-0.492783426475915,-0.493796793196558,-0.49539064233688,-0.488350144756698,-0.484013975882449,-0.490980258112857
-0.485639753180581,-0.493124134712302,-0.494376899363009,-0.491884398494462,-0.496607951333179,-0.491401312070166,-0.489042574237885,-0.488207627000657,-0.491200783057503,-0.489910643199745
-0.493415523935867,-0.488821849701143,-0.487152996129984,-0.492151216278101,-0.493104816321509,-0.490155281666775,-0.493168375525533,-0.487677445177538,-0.485214808501466,-0.499593273012014
-0.488291145957673,-0.487438191268917,-0.490558456081318,-0.495593103828728,-0.493469247769193,-0.489754937821823,-0.491254741507749,-0.490214109464886,-0.483476625074808,-0.493857087204381
-0.511756583992397,-0.511107086813811,-0.510606137857353,-0.509973606805318,-0.513049741879758,-0.511994024239059,-0.510740601485741,-0.511113475108584,-0.508780884182374,-0.514183621772915
-0.494484532177925,-0.487897703552441,-0.490836959366809,-0.487982069068092,-0.492167088257073,-0.485605073263252,-0.484450605085878,-0.484296571870075,-0.487246366558767,-0.489594643541029
-0.514300319613029,-0.517678685357244,-0.510056838269116,-0.510026875537425,-0.515177804812298,-0.513247374737162,-0.514478402690044,-0.514928732739782,-0.512479363643854,-0.52067866010294
-0.485902939520281,-0.484269802580439,-0.480923616147841,-0.482901640563584,-0.487575691296792,-0.483720773136813,-0.482974257040551,-0.481744843229874,-0.478858774749401,-0.487973590606139
-0.517937362168605,-0.51695630102248,-0.515508580829145,-0.516921467582376,-0.516249989365038,-0.518651871888535,-0.516783454403922,-0.51731937587238,-0.515562524792008,-0.521640780990326
