-0.500237173786199,-0.499587676607614,-0.499086727651156,-0.49845419659912,-0.50153033167356,-0.500474614032862,-0.499221191279543,-0.499594064902386,-0.497261473976177,-0.502664211566718
-0.498862235075598,-0.500003727807359,-0.495062091760735,-0.499913905668298,-0.501902597355464,-0.502217942841038,-0.500476307886807,-0.502120648775181,-0.496437228435142,-0.501016114921719
-0.502223007111491,-0.496538271139755,-0.500251786605472,-0.496797563064312,-0.501891620534589,-0.499093610362943,-0.495354229800847,-0.497091338118646,-0.498562071343367,-0.500736606254049
-0.496562746241319,-0.500080323565073,-0.496259208347101,-0.506031623823668,-0.504181726841676,-0.496723786385911,-0.499835139132412,-0.501608297427669,-0.497593178114982,-0.498663910152108
-0.499038425783544,-0.49825708465803,-0.499357904274949,-0.495524196279378,-0.506652636706422,-0.49715551109797,-0.503222447237861,-0.502866409278774,-0.503513172982364,-0.504430758999698
-0.497057737259284,-0.502427961502821,-0.502049728512229,-0.499565817468245,-0.504207420731888,-0.496594625840457,-0.49367106333815,-0.503666348384154,-0.495576403262803,-0.504904485105944
-0.499046235216005,-0.508062795870744,-0.497596728245493,-0.504758799958603,-0.50200487038636,-0.494785846913367,-0.499479717992389,-0.50125363812708,-0.494316508868152,-0.499500113216422
-0.505115537924834,-0.506609660116328,-0.495888382875082,-0.502446009179176,-0.497510598946065,-0.50615210534332,-0.498791663599234,-0.504734628345963,-0.499268619780086,-0.500108253650613
-0.500437878957837,-0.50479805025422,-0.494613320136237,-0.49987303464466,-0.508033442270457,-0.502750542121749,-0.495193266634596,-0.502257469392406,-0.496732103407435,-0.503168759299395
-0.498803041960836,-0.498709026522929,-0.497265859542467,-0.491114067282442,-0.495054847041025,-0.498433870758775,-0.492479927041559,-0.494943191621772,-0.497724198216011,-0.495972597435182
-0.493953971671939,-0.492594720081249,-0.496599522164002,-0.493358383330134,-0.495634742354659,-0.498707013057433,-0.497338901009417,-0.49577974966679,-0.494505565008627,-0.500498706225611
-0.500594896497032,-0.493846906097606,-0.499511907723058,-0.492307062202452,-0.501958959542419,-0.500803932679601,-0.494754411251162,-0.490614951363754,-0.496464151389814,-0.499616717740383
-0.500193347064721,-0.501814606217992,-0.503608451041613,-0.498963266404195,-0.503080492783709,-0.505000180320839,-0.507336057533622,-0.504053519013964,-0.505823489994582,-0.50872668860813
-0.498255223690997,-0.501864316666716,-0.497584173128076,-0.493922854525636,-0.492131107678628,-0.497519113272655,-0.503227900703085,-0.493716121516866,-0.504476648589184,-0.507516147955994
-0.504005016138204,-0.508525763532298,-0.503302779833603,-0.501537345853514,-0.505708206019573,-0.501936182496859,-0.505274991924055,-0.508174525085734,-0.501977487364959,-0.504301047826756
-0.507857472568802,-0.502951824038324,-0.499104366023582,-0.500728999653719,-0.502285200480805,-0.504623351380358,-0.509108508607679,-0.505351585924873,-0.502800971571384,-0.506430187193341
-0.498458859949892,-0.497020233409225,-0.490670153695103,-0.499526330140493,-0.497614210149029,-0.490086029853709,-0.497304330471463,-0.497064272298969,-0.492975980463538,-0.499860522092455
-0.495690094793403,-0.503427480009679,-0.501017716784702,-0.490649212441119,-0.501999481684024,-0.493926935585176,-0.50109899266257,-0.493912892795779,-0.491765430013724,-0.498441122300711
-0.503476732643475,-0.498130358257292,-0.503150280373915,-0.492750519265565,-0.505196226166259,-0.497410739046727,-0.4928569533853,-0.496176358568785,-0.490717811841107,-0.49690061029249
-0.49135595220781,-0.501410037747283,-0.493322882825862,-0.495536165167583,-0.506179384089924,-0.491854686046245,-0.497994662931587,-0.496970280717855,-0.502864457473086,-0.504732476681
-0.50554735764147,-0.499706534580326,-0.500203792853453,-0.507296581701246,-0.50930358844227,-0.504227003371751,-0.502000842735109,-0.504588495199996,-0.505576589706493,-0.507087213122977
-0.498731477713504,-0.504898030074805,-0.499808490428343,-0.493463721523358,-0.496604737558039,-0.507209772405473,-0.497917466830878,-0.488320825135352,-0.493651004405802,-0.503571807294673
-0.504608700999055,-0.501818401256871,-0.500578699047254,-0.503744882950602,-0.51052229624065,-0.508406444604761,-0.505158613454068,-0.505145104524369,-0.504549886209434,-0.507480889085608
-0.494503947042384,-0.493854449863798,-0.49335350090734,-0.492720969855305,-0.495797104929745,-0.494741387289046,-0.493487964535728,-0.493860838158571,-0.491528247232361,-0.496930984822902
-0.497360852982062,-0.493742690080027,-0.494961843508982,-0.493218132833606,-0.496848709965317,-0.493039843648057,-0.491835898182711,-0.491945318386231,-0.492253920267472,-0.496129427553874
-0.502027484244703,-0.504269634498462,-0.500732535693906,-0.503412415702692,-0.508448301394945,-0.508257822977622,-0.510523343745478,-0.504415205803105,-0.495676364172157,-0.508341379266912
-0.509868940137656,-0.494403897687431,-0.505229636367499,-0.490849771263018,-0.49517762819346,-0.502133191742975,-0.50872899556618,-0.50002480883209,-0.501129162676816,-0.509415372723803
-0.496337021981981,-0.497287333197772,-0.488544851541181,-0.496322818863261,-0.495715171700797,-0.498971415244156,-0.497692354804012,-0.49132977780408,-0.489898303831371,-0.491263565912957
-0.506232169383671,-0.498220163605157,-0.511744718452386,-0.507952467503964,-0.508682898444129,-0.509628797889281,-0.501921619427655,-0.498368330546081,-0.504718999118499,-0.507367143858038
-0.496501970935952,-0.490746959802295,-0.493452937530119,-0.490639002943219,-0.496225901590369,-0.490287697168552,-0.490601492394358,-0.490190757027638,-0.495652463517609,-0.501190758765832
-0.507268746699614,-0.508633180982429,-0.504571782960136,-0.504240536068273,-0.508354068242929,-0.506860994385012,-0.506849796984793,-0.507261398821084,-0.504870418810015,-0.511671435834829
-0.509135746947898,-0.504450019634256,-0.508911075673397,-0.502124078315116,-0.508754795380503,-0.508790368034147,-0.50566616977509,-0.509625601245782,-0.498000302572946,-0.510905779838674
-0.493742568092354,-0.490573992994532,-0.49110067451517,-0.492237457511665,-0.494503378066508,-0.492493248290794,-0.491558772299236,-0.492396810460392,-0.491078461630014,-0.49437979714787
-0.509413801750646,-0.501896034779386,-0.504846207146489,-0.505254534037228,-0.512805127007198,-0.510886137959173,-0.507692555127046,-0.503504365805578,-0.502295640737955,-0.510043809950155
-0.506024057360774,-0.507212520755198,-0.504355506889607,-0.511184824983964,-0.514025155931398,-0.505473095915963,-0.504493570987153,-0.50699501385704,-0.509340496936152,-0.50843993505775
-0.49316256303727,-0.491369810112048,-0.492899827645587,-0.490622198553174,-0.495215522193938,-0.492874055422945,-0.490558367015917,-0.489663697188867,-0.488131902175551,-0.494114444996269
-0.496363142281633,-0.49494733085777,-0.490922699509509,-0.49006555596883,-0.492666867196598,-0.492814931211565,-0.491251054765627,-0.492862168717002,-0.482992463204059,-0.490991140861771
-0.504944894280885,-0.499653156386559,-0.507120034489188,-0.504650856670758,-0.516622949517593,-0.503262462617193,-0.508741606289996,-0.513843567936845,-0.507116361691395,-0.513021089408582
-0.502680083584705,-0.513483795375729,-0.50554029037152,-0.506678827911815,-0.50867780694642,-0.511892898012536,-0.507980264881836,-0.511004945286062,-0.498278091393642,-0.515378074496163
-0.487506475140628,-0.488911569492348,-0.483589332653449,-0.482026094738906,-0.489308317958036,-0.487723335207716,-0.482477101527682,-0.489497308116724,-0.482017915079867,-0.488023725975047
