-0.500237173786199,-0.499587676607614,-0.499086727651156,-0.49845419659912,-0.50153033167356,-0.500474614032862,-0.499221191279543,-0.499594064902386,-0.497261473976177,-0.502664211566718
-0.504383936792484,-0.504801013212617,-0.498633763647981,-0.502917053632527,-0.500116109371258,-0.50388940445188,-0.498875979772378,-0.497353878628336,-0.497684152128628,-0.504958019739731
-0.504743004318733,-0.506819929029129,-0.501243619329314,-0.501132902721113,-0.502751521633882,-0.499769083186367,-0.50358578855803,-0.500438954768587,-0.500825198299446,-0.505542490958045
-0.505180733454899,-0.496305051334718,-0.500481619443704,-0.495797584193295,-0.503447534098834,-0.505463750576588,-0.497724444703976,-0.498743775661835,-0.496207452497853,-0.503530735090599
-0.495974564823887,-0.505680562916082,-0.501864276181586,-0.499574745362355,-0.509145761681975,-0.502727071791686,-0.499757724217555,-0.502169098124622,-0.499949743218619,-0.498210436296189
-0.503432879753584,-0.498353555672359,-0.495368136076261,-0.501564242449229,-0.500739622869381,-0.497069985388776,-0.504741062852382,-0.505368466437355,-0.499033177561184,-0.492787806652239
-0.499177190980394,-0.499426305920533,-0.506647336540125,-0.503670734001982,-0.504813695722534,-0.507054667822252,-0.497572214391507,-0.504462503494737,-0.49796436164522,-0.501416954184285
-0.502731787572684,-0.502970457038522,-0.49858848064601,-0.5007106734463,-0.498907169804926,-0.505038288477438,-0.506172089042886,-0.4975004321251,-0.491588332609056,-0.497502508701841
-0.495014488272656,-0.4994891496567,-0.502751294451834,-0.493937745220209,-0.504544885521038,-0.498403987476948,-0.495095484934381,-0.499329771445897,-0.492090312518127,-0.501446429572636
-0.503998313318076,-0.498288503472558,-0.506850302225225,-0.499565257255774,-0.503365686034941,-0.503450880120619,-0.499461207189424,-0.505706731792567,-0.499678051905092,-0.508524623652597
-0.496554376149877,-0.50502577514294,-0.503791991624412,-0.494326226402152,-0.497573238948338,-0.500405119976765,-0.508847528444926,-0.498703356620554,-0.502020866132732,-0.494371649472378
-0.499679874061772,-0.495529383418315,-0.506157938435067,-0.496357626953609,-0.505664642788993,-0.501876121664421,-0.491228502466769,-0.498260635627189,-0.493475727789195,-0.499434230598821
-0.502808898920068,-0.502414513231712,-0.499526397382952,-0.501921753351319,-0.502428525619783,-0.50171532037306,-0.502947111093596,-0.51220900224073,-0.504912389157234,-0.505757854093805
-0.50202707970496,-0.502196536013146,-0.502067077751529,-0.491011489125329,-0.507879734525865,-0.498663605096543,-0.497482708237343,-0.505404660425427,-0.497095463486186,-0.506532032937767
-0.507609212218458,-0.507110456376805,-0.504261217374014,-0.497585031705842,-0.505664642788993,-0.502325983740169,-0.505411071196341,-0.503701178539815,-0.503664177515455,-0.50654834593854
-0.511262653693659,-0.495411862119978,-0.496017865601378,-0.493372559481158,-0.498784829010053,-0.499869213514865,-0.496744686306959,-0.498559757965403,-0.492223838881431,-0.502029867363988
-0.498663767475472,-0.498347488854963,-0.496409253358032,-0.492713508364344,-0.492107872327442,-0.495126591881139,-0.49356439397801,-0.49261032358496,-0.495044073982315,-0.503527977410478
-0.507341082755579,-0.495773034882777,-0.50648909913819,-0.508484708262187,-0.506617900106395,-0.50184816038052,-0.503406767520457,-0.50314112794973,-0.498178930301677,-0.507578190996329
-0.494554062612075,-0.495156982552232,-0.492235088305393,-0.493075618643472,-0.497422821855751,-0.49531030858805,-0.492480922651273,-0.494526628557858,-0.491395843866958,-0.497057061032854
-0.494206151676617,-0.495973168956363,-0.492980940332706,-0.494297059971957,-0.495915678884727,-0.493319134785955,-0.493552535490721,-0.494275670741526,-0.490791945232137,-0.49613989951211
-0.49642017217744,-0.495750535360547,-0.490267075880744,-0.492514839451765,-0.493528742760663,-0.49583440701999,-0.49799132057635,-0.494540344506506,-0.494975317422784,-0.491014927608553
-0.508079137693698,-0.498408219600114,-0.506188543073139,-0.504605353342415,-0.50833259133118,-0.510477067200385,-0.504855541415551,-0.507580952710787,-0.50357228825005,-0.505143040344414
-0.497949106059394,-0.491495729768914,-0.49727080088385,-0.495870894326922,-0.491410032112693,-0.497318658547614,-0.495217072757635,-0.494071142803203,-0.487251177671406,-0.494539913116469
-0.503588303010605,-0.506461791319171,-0.498511979712409,-0.499493124725762,-0.508068989058506,-0.514261840883822,-0.502774137870522,-0.505204457245748,-0.506530996517469,-0.505758543943437
-0.489389098248549,-0.496733836252324,-0.499986984175743,-0.490318638439606,-0.493780546983913,-0.504320042615121,-0.49088950002128,-0.499122817118281,-0.489833409454175,-0.497755337553721
-0.494195958262739,-0.489960454115371,-0.493252663293326,-0.495151648194302,-0.496653878499752,-0.495344298457478,-0.49182106747699,-0.493643540422358,-0.4870666780147,-0.494678789311382
-0.498205674782363,-0.493435640806666,-0.489374336708044,-0.490827606707037,-0.497815181853121,-0.491894732207811,-0.501214721162418,-0.489003389245577,-0.489021878043682,-0.499110486361778
-0.493969869615281,-0.488989784754992,-0.48932707346841,-0.496523294150787,-0.493771076993454,-0.491688846622682,-0.48837589891247,-0.494980001331234,-0.496957952036285,-0.500070696545786
-0.490758046845427,-0.493439613020512,-0.491567045796261,-0.492612676829882,-0.492926113959488,-0.491875405284693,-0.493753526392118,-0.491341257217297,-0.491368357711851,-0.495455273642393
-0.488986400938579,-0.490277264081661,-0.494632172485562,-0.491179648076658,-0.497053197100394,-0.494014403993364,-0.489586817676149,-0.496733382536048,-0.494846882949274,-0.490083130256014
-0.512387081431418,-0.501247290434303,-0.510033417370342,-0.509492525966316,-0.508273068157154,-0.502654661406878,-0.50000690985706,-0.51091206712328,-0.509748675469285,-0.507034380931714
-0.504886694613727,-0.508745020126074,-0.510406889981646,-0.502641311096479,-0.514489330659854,-0.507554149262536,-0.505588300876913,-0.506989391069222,-0.5080213138542,-0.508758379798072
-0.491316818029151,-0.499382373552565,-0.491644181284013,-0.487594103652306,-0.495345561352949,-0.49640635547138,-0.487735041304021,-0.484883071763931,-0.483705524852035,-0.493801875574273
-0.491889808045459,-0.487900228694609,-0.488055924731296,-0.489880516879418,-0.490567782175927,-0.489894283699698,-0.487422537359634,-0.49149815913827,-0.489068063323166,-0.49161479407716
-0.507885857537461,-0.513106110766584,-0.502135938394416,-0.501544962353447,-0.507498106032928,-0.515389729966101,-0.513975938869122,-0.511880179878447,-0.509587949104361,-0.514250496194235
-0.51523610464114,-0.509766249273989,-0.510253775706122,-0.507219001081862,-0.513191181364008,-0.509821378017633,-0.508877840479379,-0.50982993137947,-0.509384346832466,-0.513588554328709
-0.491039652634114,-0.488952439774345,-0.490459434258654,-0.487159471110037,-0.49041275080989,-0.486917664870713,-0.485870102031352,-0.48956836932126,-0.485897053142146,-0.493716128503052
-0.492435481383552,-0.487128674738882,-0.48149517856733,-0.486084300589346,-0.496218575683748,-0.488892557647012,-0.485330711005008,-0.494145283936724,-0.482538807505133,-0.488068223534692
-0.48796122809111,-0.480733521566884,-0.483268528775071,-0.488360435045816,-0.489827969254794,-0.494084349377768,-0.479041198344028,-0.489216331464889,-0.480730351447614,-0.484337244336071
-0.483113723978051,-0.483716643918208,-0.480794749671369,-0.481635280009448,-0.485982483221727,-0.483869969954026,-0.481040584017249,-0.483086289923834,-0.479955505232934,-0.48561672239883
