-0.500237173786199,-0.499587676607614,-0.499086727651156,-0.49845419659912,-0.50153033167356,-0.500474614032862,-0.499221191279543,-0.499594064902386,-0.497261473976177,-0.502664211566718
-0.502708953620549,-0.497946363971166,-0.49978417354743,-0.497125890396207,-0.502488932886197,-0.502969182304725,-0.498472817991759,-0.499168920282111,-0.496734463237015,-0.503097473328659
-0.499450470630835,-0.498967582731288,-0.497747990504594,-0.495583852481732,-0.496819102000501,-0.497800602957,-0.496392792628777,-0.496102194243673,-0.496152773979246,-0.503096094488598
-0.501012794662579,-0.503744663704107,-0.499826529003707,-0.505600081862263,-0.505855599240677,-0.499963860814045,-0.501682636784598,-0.497156946136042,-0.500063541099549,-0.49779881148801
-0.50578232932198,-0.500801834519837,-0.502882367264389,-0.497205753530685,-0.498723005279143,-0.505226171632667,-0.504407668118641,-0.501945989728632,-0.501470767509002,-0.500130622908824
-0.497221662731408,-0.497780422781988,-0.496033833991931,-0.496375628285539,-0.498723005279143,-0.496896874409408,-0.496386863385132,-0.496934867821956,-0.494026709604157,-0.499402055539414
-0.496751872159782,-0.50506710097896,-0.498546810389717,-0.49727774954472,-0.504313435910123,-0.50251296770636,-0.495850453285509,-0.499863517934279,-0.499805797922569,-0.505160470255177
-0.502807770570613,-0.502691880832843,-0.499102338448999,-0.495498884620001,-0.496327008468714,-0.503007829377605,-0.4968405334874,-0.494799647351845,-0.501834098823353,-0.506663021137359
-0.499463594336351,-0.495010746726913,-0.493991348324858,-0.496178282761222,-0.501269901967842,-0.493128038761045,-0.496551698292,-0.498508298396019,-0.499823067587001,-0.502499309342
-0.502459065070413,-0.501020055475711,-0.498856938939493,-0.502917338036495,-0.504183573867304,-0.504853990426955,-0.503209261542434,-0.506838532530997,-0.498092432412862,-0.505564343268343
-0.498521807589702,-0.503322937395298,-0.496231926230715,-0.50702575433434,-0.505712328160257,-0.502818813238581,-0.496546836560147,-0.494786091897765,-0.504995859041138,-0.504377153578344
-0.503529739022925,-0.505916949023171,-0.503648498949938,-0.501087780389992,-0.506150578266598,-0.506287834027362,-0.505113705039615,-0.504027607022447,-0.502139038479958,-0.506778446964475
-0.502003795826423,-0.502993295626902,-0.50449969455422,-0.491125630442263,-0.497975693593693,-0.498727733686699,-0.508957160338294,-0.505763443883744,-0.497447267620853,-0.502322671226469
-0.500366512843952,-0.492576768430075,-0.489131425440164,-0.498271653377348,-0.498536435457691,-0.497743885667789,-0.494881077278351,-0.495776941619204,-0.495119697283799,-0.500516024310142
-0.499065822416237,-0.494544737761241,-0.499287156404022,-0.49674975709458,-0.498180890407742,-0.490196438069821,-0.490647780612683,-0.495450820987182,-0.497140965784351,-0.497185640886162
-0.502742411403629,-0.500960043257631,-0.490552422753893,-0.495970907617985,-0.497890376170895,-0.49421356644011,-0.494014878786478,-0.494513732895624,-0.492764861989953,-0.503317576255124
-0.494674503080676,-0.49871825049551,-0.495501821810133,-0.493456510647591,-0.493046559160858,-0.493485485789119,-0.499657373421474,-0.498816843979361,-0.490397421961547,-0.494065057611806
-0.493440408290971,-0.493791778808983,-0.494605711191392,-0.499586180420925,-0.49954049953578,-0.503033262123589,-0.491122666669849,-0.491619507783173,-0.498606110777082,-0.493089182319385
-0.495636112470344,-0.48890018488307,-0.501957788149526,-0.496539389000191,-0.502833439572503,-0.493378963033444,-0.49260312567626,-0.493948352047562,-0.497119453606255,-0.496652584869345
-0.507322538195445,-0.501363270719885,-0.50510368567806,-0.501087918912094,-0.509304598291658,-0.509850176660421,-0.502529949030444,-0.506867678696622,-0.500018839524478,-0.502900176021272
-0.511653821733427,-0.50184804445742,-0.504243392352231,-0.49971811874706,-0.506112826665683,-0.503636945489095,-0.506437918141964,-0.506540056666701,-0.499585053692158,-0.510648291916817
-0.502888160918005,-0.503818829931088,-0.503796298684122,-0.500439953922606,-0.513335298605655,-0.503200907512218,-0.505115933237413,-0.503400485462914,-0.506242703944728,-0.510780825900989
-0.510229994273679,-0.503829899520413,-0.50236206670407,-0.501873510255237,-0.503605211096908,-0.509606660533178,-0.492334332031986,-0.497366718107704,-0.496740131404646,-0.512855131125365
-0.511079129291446,-0.509561761510235,-0.500162629176111,-0.507374707421626,-0.506445863389579,-0.504387531276258,-0.504558044875497,-0.508004153435909,-0.502339712043375,-0.507893039965991
-0.503118901362837,-0.504684688817102,-0.508702955532815,-0.505521589197246,-0.502897333173931,-0.508886391374178,-0.508790285745885,-0.509834365512822,-0.503683707055558,-0.508917555118465
-0.504904696680424,-0.509042878182573,-0.506123841544599,-0.504794745079298,-0.511501041216026,-0.510053886567035,-0.502853326232881,-0.504181082825742,-0.499202240646457,-0.509182514298289
-0.510518684545282,-0.502412798714073,-0.507047769442461,-0.498881924568632,-0.511827841894094,-0.504871552658185,-0.507604195688369,-0.503354135059724,-0.501952393349363,-0.511292299466642
-0.495978686074604,-0.489842210815557,-0.493334052104684,-0.485533657715034,-0.492963848368807,-0.49392702085207,-0.495752700397756,-0.49283971503009,-0.49566182681465,-0.491766581978408
-0.510245506227295,-0.508387349389615,-0.506227106997386,-0.507413039278183,-0.505086054159427,-0.503268811455362,-0.512723924356092,-0.511927518459467,-0.506300341569225,-0.50248193499313
-0.493334950803986,-0.492424733658324,-0.486978938010087,-0.495027949140612,-0.490300529873962,-0.496862334437283,-0.490045589337375,-0.494570343615529,-0.492789247580925,-0.490656865938889
-0.50753052167985,-0.508043912823963,-0.501446729164697,-0.510460774883906,-0.509806323815195,-0.503729018461599,-0.505413683715134,-0.510974521180786,-0.507714544411019,-0.511295722422459
-0.492743933619186,-0.487583725983102,-0.491223413241385,-0.490115552850005,-0.493517239381607,-0.494061618495861,-0.490624144226785,-0.492173286685824,-0.489002658992351,-0.492489403834803
-0.490718439350035,-0.494840858079449,-0.498652168827194,-0.493015826345302,-0.494466109534667,-0.49546825678826,-0.485367109587043,-0.489916122274712,-0.485356125338157,-0.492056197593684
-0.495380659163543,-0.492888613301661,-0.486759778518812,-0.495234206073463,-0.490690774897866,-0.490772169856804,-0.49051669200874,-0.494472976776302,-0.486563564371351,-0.490933439127236
-0.489254583267239,-0.491780425148575,-0.489067952607853,-0.484146421809564,-0.496034952382568,-0.492325722901713,-0.492255163921701,-0.486231083006441,-0.479884578873398,-0.493874886033477
-0.486981552847276,-0.490892503754514,-0.490025137517022,-0.484975989379874,-0.488137563190187,-0.489025644884051,-0.492620137741472,-0.487734488640707,-0.488226947933692,-0.487103708398786
-0.512546348866342,-0.512306328431142,-0.511991124822105,-0.506147064982987,-0.516119255220475,-0.510983331685465,-0.509766171879205,-0.513913584784669,-0.508592690851944,-0.516012344373005
-0.486211608908665,-0.488124191011394,-0.489504788930732,-0.484781748788902,-0.491623386476537,-0.488025078634142,-0.485744115986199,-0.488047696053379,-0.483261671126389,-0.490641098448915
-0.512937258473896,-0.512415317040425,-0.510720784637816,-0.511602197095982,-0.513393650767434,-0.512509189323723,-0.512498373307332,-0.51731575569232,-0.512501153687468,-0.515625254951024
-0.487678917802034,-0.484127481067501,-0.486764542146741,-0.485748323342258,-0.485055959772364,-0.487482414169475,-0.485804909897827,-0.485418381732032,-0.480842103703029,-0.487187840220831
