-0.500237173786199,-0.499587676607614,-0.499086727651156,-0.49845419659912,-0.50153033167356,-0.500474614032862,-0.499221191279543,-0.499594064902386,-0.497261473976177,-0.502664211566718
-0.501522472178406,-0.501139778720228,-0.499094533050077,-0.496976540609561,-0.498928670071137,-0.501741221705233,-0.498030862383472,-0.497196856127116,-0.499547786399765,-0.504663616352038
-0.501883456404562,-0.502752312815392,-0.501367613300547,-0.499770988494556,-0.503840454970079,-0.503381224030112,-0.502167448159579,-0.501810835962416,-0.499700256228067,-0.504721329265597
-0.499679256583913,-0.498647134440153,-0.499535156821574,-0.496328915033038,-0.502756213035379,-0.504101051009835,-0.49871874261176,-0.505201314083387,-0.501567788392255,-0.501562686302287
-0.503254554974733,-0.494997429673993,-0.497351982785197,-0.498838483220514,-0.499811904730165,-0.498724706988712,-0.502365946694723,-0.494894406470976,-0.498455047845249,-0.503885220587359
-0.503779855990822,-0.500475473663749,-0.502095206664608,-0.499771057755607,-0.505417464982609,-0.505162395346641,-0.500875570154994,-0.503230871799504,-0.498640156750327,-0.502782193793995
-0.505658151538823,-0.504574719058924,-0.499624678413633,-0.502914452010373,-0.50398809753157,-0.50243107265456,-0.50188961807752,-0.503799109169148,-0.499800593009776,-0.505278625766355
-0.50537792916574,-0.501000237660843,-0.503067248546808,-0.498668060583876,-0.506679086783827,-0.502673083345524,-0.503412693483956,-0.501474099981055,-0.49960693366277,-0.50697825551668
-0.494788830849123,-0.495092516709845,-0.501794335378113,-0.495653403725767,-0.495712761447769,-0.496500492401765,-0.504899636669878,-0.503062712194918,-0.497577838529619,-0.506632861226274
-0.502011128263753,-0.50733824996541,-0.505103343011185,-0.499061233053116,-0.504880595134401,-0.500354338674187,-0.502627985231729,-0.505713011341324,-0.502370616400703,-0.506336391792314
-0.495477806568117,-0.497214267343532,-0.498869448239175,-0.495735011472211,-0.497998220604113,-0.497971435410561,-0.492294150433293,-0.494755093588549,-0.491308799657167,-0.497360204580201
-0.50019751773758,-0.501291331151411,-0.505416767488933,-0.497153173366913,-0.507943331936743,-0.497294175579706,-0.502692040862494,-0.491119307214028,-0.503190637695134,-0.508668709227922
-0.492745394649533,-0.50563522329951,-0.504947568544712,-0.501121827859727,-0.50889317209835,-0.502454092164628,-0.495801079034317,-0.502362414821515,-0.492628562097546,-0.503758799682792
-0.505572824550658,-0.507624528292781,-0.502624153480514,-0.49860348811022,-0.504471951107076,-0.504349949993975,-0.503227091010955,-0.506057348378056,-0.502939650993964,-0.51085259965074
-0.512235148833028,-0.50664638153373,-0.500014019424771,-0.497616633251673,-0.505957489751443,-0.498893697302109,-0.498742871813157,-0.509760893402199,-0.501875697760629,-0.503107401424569
-0.494245184586718,-0.495305344210059,-0.495966856462391,-0.495176792873945,-0.499340844615326,-0.492303959221112,-0.492977793831819,-0.494872473981264,-0.492539217466441,-0.491032492230154
-0.507816723492394,-0.508144327913708,-0.494065593282006,-0.505935711380611,-0.497371802721828,-0.502793875589212,-0.508253156670788,-0.497370225637274,-0.490904426784389,-0.499958246000172
-0.504768459862912,-0.500763050266293,-0.50730572947849,-0.503455847126742,-0.5076240447481,-0.508573566000584,-0.503939112879584,-0.49784812957303,-0.502563925188117,-0.511297536409763
-0.494698028993648,-0.499657686571972,-0.500481862500208,-0.492971123003749,-0.499807125432821,-0.497007491888501,-0.510301894285142,-0.505606910821013,-0.49607673022668,-0.511846878114753
-0.503954401093767,-0.492933578586326,-0.494875718588785,-0.489177873437386,-0.501340856513926,-0.493996340811589,-0.498430345232049,-0.490282224104849,-0.490289295373488,-0.497449332912449
-0.508688216201258,-0.507442556924609,-0.493343220135967,-0.494914195174793,-0.50775819298463,-0.500454904931194,-0.499748294416944,-0.503496174504326,-0.502484664810357,-0.512863228063935
-0.508720115706149,-0.507406363071022,-0.500447737228252,-0.5066159175439,-0.504231724880033,-0.504975676619019,-0.507523747169585,-0.507581014286816,-0.500414435979332,-0.511045984596367
-0.49176113682773,-0.501139778720228,-0.488582325749349,-0.492810116984272,-0.492716911211616,-0.49499264417884,-0.490584715545456,-0.491909466145499,-0.496492409074553,-0.497451074120706
-0.493831297462318,-0.493537682301726,-0.497582622518504,-0.489481656024257,-0.492853589139626,-0.493831483030318,-0.490680022847702,-0.497868576330297,-0.489324226544567,-0.496021080564174
-0.500923091937575,-0.49962134877679,-0.497123494181191,-0.486968706891443,-0.489111235092009,-0.496679788560438,-0.49005910518042,-0.495471367555026,-0.489826131274092,-0.503628323208785
-0.499744091436433,-0.492952277208249,-0.500789682964627,-0.48318435333474,-0.496819586588678,-0.494680155728344,-0.491799211806889,-0.49816356961424,-0.495928418484349,-0.49039768969532
-0.508174286870881,-0.507394429708758,-0.50442105740641,-0.508129297445655,-0.50730365534955,-0.510056698810861,-0.506021614884248,-0.508470428834746,-0.506413585354339,-0.508048763328592
-0.504320119847321,-0.506169366263652,-0.508144092921955,-0.506710819415365,-0.506348003546846,-0.511117183443819,-0.507879044816449,-0.508615188194239,-0.499438302444265,-0.51142201087953
-0.49269307654465,-0.489959991380169,-0.489062746033477,-0.493963647215215,-0.49758566224506,-0.489647421348441,-0.495908954524862,-0.495099247778874,-0.486561251173827,-0.493010358395308
-0.490406490510621,-0.4878744740873,-0.493232779240197,-0.495207309203173,-0.491942099800131,-0.494144073995936,-0.493745272212757,-0.488611975788063,-0.490950121064397,-0.49392670977676
-0.515381455265466,-0.505973964182881,-0.508413637528087,-0.508758348408692,-0.506478831570639,-0.504333424676136,-0.508295902507132,-0.507376118732139,-0.50569907397981,-0.509859189903708
-0.513416232631965,-0.503041811707672,-0.509963724527144,-0.5009933707804,-0.507718818193544,-0.510097444835539,-0.512408126978895,-0.505178372312589,-0.501954353600723,-0.510062370719349
-0.494662195196022,-0.490919351120399,-0.487641504578115,-0.495516875013031,-0.493293733730879,-0.496097511363001,-0.489832270129286,-0.48929926829187,-0.486653388177702,-0.499609605481092
-0.490635820312052,-0.489052271371835,-0.489064075737999,-0.491165154260535,-0.497957573611353,-0.492895192213673,-0.494121041333557,-0.490689508199311,-0.488003038492127,-0.495783753653426
-0.512404706031652,-0.508680668188701,-0.50777961733679,-0.502464135442473,-0.512890845643348,-0.511300526205969,-0.505690338399114,-0.505270174839651,-0.504966098169023,-0.509255900431838
-0.49033819807357,-0.496224562946359,-0.486596245583691,-0.487290400141777,-0.491594333129315,-0.488148365546093,-0.49773104866414,-0.495064281867859,-0.492121214282494,-0.496127661904732
-0.494722664535248,-0.494798642390231,-0.489867171746434,-0.491328887389441,-0.48620801069482,-0.490653258479997,-0.494558614675171,-0.497578565215761,-0.484339260822371,-0.488316201140037
-0.49591788674275,-0.490996339768471,-0.486892751588638,-0.484401777439885,-0.488063037943935,-0.493005155756649,-0.496829932882354,-0.490143170192484,-0.48625151801712,-0.493571164908311
-0.514397976129878,-0.511582980139514,-0.512372772033561,-0.509218199640691,-0.51151489305214,-0.514238617408553,-0.513202654274881,-0.512158251891298,-0.510754345318378,-0.51278564181356
-0.512736344004095,-0.511692090617451,-0.510360057871113,-0.512073991893596,-0.514245177346221,-0.514052526805697,-0.512603450986777,-0.51460452329248,-0.509065177770308,-0.515502501993319
