-7.11760517984698,12.3400674636879,-1.97768682978531,-3.90161761554243,6.90368013450157,12.5319707194422,1.41301828417639,-2.61616256917902,-9.63439298245396,-4.34376043103714
-5.16222527052254,9.07863399511438,-11.4453912913084,-5.13241161171771,1.78352392162276,9.12177752826293,-5.13057063739281,-1.26890066004086,-19.146209834137,-2.61403055749242
-3.20684536119811,5.81720052654089,-20.9130957528315,-6.36320560789299,-3.33663229125604,5.71158433708363,-11.674159558962,0.0783612490972914,-28.6580266858201,-0.8843006839477
-4.40144126851449,4.58772604708036,24.9961340540292,-3.77826130559503,-9.69046098895178,13.0050186061913,-35.2860828155709,-6.91955834077466,-24.3176444513935,-30.4289632525967
-28.1773137580162,14.8224806737787,0.838540899085054,-36.7441415420625,-15.6815606286173,-16.248672876095,-2.32020315961805,-15.6011411614653,-28.5570149978315,-67.1614418347643
-14.7657042072563,44.1241754097149,-31.8663990714387,-36.0863683486803,30.8526290834505,38.8169291472578,30.5796849508431,-16.2619959025124,-12.1984955465565,-18.7955876735621
-7.48224934932257,-75.6150169463603,-2.43442150152639,-10.2042098980063,36.4719416806811,-21.2806956795229,-44.5168520463401,6.28390486268854,6.50672830846311,10.8018059781726
-28.4955586038559,-24.6422962374438,-1.29154513746226,62.3963240204662,-1.80843010136575,37.9789203854058,-43.9698563516785,3.24498822884802,-28.4054690933963,-24.9204278638897
36.821788759547,31.7845119081323,29.7270948749964,-32.6854013993262,66.1629393937608,31.6689313198175,11.920264660988,-9.2828292358457,10.3060832080222,-2.48661757389428
-6.98040708870435,7.14411018559057,-38.4783583242754,10.5682486964261,43.4501905882894,76.9864709743517,29.7378504152388,-17.8922772834175,-17.6447083326355,-40.6611686046305
-40.185544425252,-4.58218051547721,-68.539202252545,0.886891465798008,-47.1087720990383,41.6125393413109,43.8596942123741,-16.8500080265714,18.0965680827609,-15.6604061669728
31.9199149399086,-7.76376755016877,9.89729015779424,-36.2874432823494,60.707332383728,7.94131344796933,26.6102407811886,17.6298327408467,55.3066682886742,-50.9788954942648
-15.1622252705225,36.2563343435464,-53.2438102636404,-28.6121413414474,-68.8616373686998,-2.60127518613518,-15.4336009404231,-4.26890066004086,-57.3613128089654,-33.8045067479686
-0.0236325199894907,27.6849057721179,-50.360048063108,-90.9876747696125,3.45019058828942,-0.0923146126584768,16.5271833733024,16.0799365492615,-33.1138211701694,-46.5029194463813
-3.48840007366961,-54.6410385920672,-66.8387925069944,-27.2515138187175,66.1151637996239,18.243753919249,-0.00692432475635485,-4.96041537019862,50.8702444974117,0.977123024253743
-15.3681227781907,-9.80616691658906,-50.1820726419298,-77.2408602130771,-70.4518393460179,-32.9796637072468,-22.6294065848614,-15.0390450038074,-4.24618233108541,-52.788131995255
-90.8886027843135,-35.1999997852014,47.9235767937841,6.8041693687966,17.8721023154866,-49.8068267230057,36.5612948200479,20.3717970473272,-28.3716344172504,40.5285754947255
-7.11760517984698,12.3400674636879,-1.97768682978531,-3.90161761554243,6.90368013450157,12.5319707194422,1.41301828417639,-2.61616256917902,-9.63439298245396,-4.34376043103714
-5.16222527052254,9.07863399511438,-11.4453912913084,-5.13241161171771,1.78352392162276,9.12177752826293,-5.13057063739281,-1.26890066004086,-19.146209834137,-2.61403055749242
13.4131829960097,23.3007663105525,-31.2545638291507,-1.20820395849358,-18.2273771385281,3.07947159954315,-2.89817531397374,-10.0737524738628,-6.30922298877635,-29.8031388594301
-19.5552383965194,13.0669433067854,-8.78623189699036,10.0312625039288,24.8716305143162,3.38015186845148,76.1148808468497,-35.9969898227053,-100,-45.7833588569923
-40.8163430805642,-47.8458179798321,-20.4640371199109,-38.3613922159169,-39.6815606286173,-57.8276202445161,-43.3458441852591,-5.67269751209142,-82.7962716761126,-39.5099266832492
5.33660727436548,36.1063012299216,-23.6423135127718,-10.5682842822091,56.0378792687007,48.3653040527756,71.4130182841764,46.7344867814703,77.5450941970332,7.31362979778166
-34.8919550002523,-74.254699338219,-45.591732754723,-65.1324116117177,-6.32458418648535,-70.4236770171916,-51.284416791239,-21.9585558324547,-23.9081145960418,-22.6140305574924
-77.0726051254693,-68.164205261836,-49.2177974827623,-57.5229157059153,-4.29399779212351,-16.6857229144779,-4.86439124059407,-12.6599159745484,-85.0887910400982,-0.846872039504326
11.0929635706245,15.3295636432751,9.27777644542536,0.30972457117965,23.3667187736627,39.8340206048697,7.21362209350602,32.3906064786801,20.2845176701523,-10.9897328474066
-24.8259385131803,41.4041068725549,-18.3914799332336,-3.76872725009394,17.2740505048719,17.5770157644873,6.08132295248106,63.3888002099773,-30.6870245614013,-21.4866175738943
42.3505274875646,-12.6143749755628,5.55616896872957,-39.8958857387348,10.2859182670248,-19.4521247456575,42.4055700033169,-28.2425340493756,-62.4441049916419,-21.0763969216004
46.4151515768581,59.4101570417643,15.5950671354181,-12.4438083257253,41.7331986082638,-8.18721120847437,50.3568318068439,9.87541870778687,0.139410605838563,28.3542100948418
2.53638242808516,-2.53426923069207,-0.839330685247816,-70.9926266654811,5.95019058828943,51.5411323669726,-12.2834458127084,48.9103108094932,47.5204568325297,-6.18545912892099
78.3028696641566,23.5531191064324,10.1627477933415,72.987764187826,74.5708729622872,56.0395750953707,29.0012061588092,47.3883507738703,26.5684424176234,35.5661902206774
4.50778774717528,70.3912863837869,12.6960727507253,24.6162472564359,7.01516577159748,82.4757735816944,1.70146529977412,-17.2211801045532,-26.9103347447197,24.8216139202317
-9.15774329808578,3.72984930149238,29.7484103488981,53.1438369299121,12.3506207387002,57.549636374855,92.6868739197551,-2.17286682983066,-9.94957104858703,-13.1114787252514
11.1168444969193,82.8881578046382,23.1699933240762,51.3893275187171,63.1471602852591,12.9679313744168,36.2487397074348,2.9864184888953,14.1871234991963,39.4912326004023
-7.11760517984698,12.3400674636879,-1.97768682978531,-3.90161761554243,6.90368013450157,12.5319707194422,1.41301828417639,-2.61616256917902,-9.63439298245396,-4.34376043103714
-3.20684536119811,5.81720052654089,-20.9130957528315,-6.36320560789299,-3.33663229125604,5.71158433708363,-11.674159558962,0.0783612490972914,-28.6580266858201,-0.8843006839477
34.4093769979499,60.5964461545066,24.5899621912392,28.5391330022649,25.7094229530495,68.9324435791398,66.7746330963231,49.3405879223931,1.17208058085762,100
-72.1218267578802,-19.8378867058348,10.9468561799956,-65.3995861793991,16.7561388309535,-23.9171515582782,-48.4204271951674,-94.8317022124842,-69.0501728194765,-50.1259644811006
-39.3916311494388,-81.7534197406362,-29.6832885255133,-77.5535222797571,-44.3242600053773,0.376544049252718,-19.0909351303077,-46.2238891563606,-83.407332022348,-55.2857942582695
-26.5868170039904,-41.2153627217055,-47.1636547382416,-41.9489446992343,-58.2273771385281,-80.2538617337902,-27.8981753139737,-43.4070858071962,-27.5213442008976,-100
