-0.500237173786199,-0.499587676607614,-0.499086727651156,-0.49845419659912,-0.50153033167356,-0.500474614032862,-0.499221191279543,-0.499594064902386,-0.497261473976177,-0.502664211566718
-0.502989592506793,-0.5025554787225,-0.499715829480007,-0.499696660453794,-0.499566555231518,-0.501629406609848,-0.501480496710245,-0.499716320422146,-0.504551093412123,-0.502452645271506
-0.501865852822844,-0.500945022175609,-0.497470614046945,-0.499432231953154,-0.503758149258054,-0.498677614361377,-0.498884578241325,-0.503438223581985,-0.499062179016326,-0.507539782257096
-0.501487953603378,-0.49456534183124,-0.501657905737027,-0.496917922467505,-0.502694380945417,-0.502318920535592,-0.5024074807393,-0.501384863753456,-0.494053579891795,-0.498288639569296
-0.497540239315254,-0.497022688604017,-0.497210587269372,-0.496677264304376,-0.499408717241412,-0.500685641179514,-0.496043408247212,-0.501536603203351,-0.507083852493786,-0.502356026944583
-0.496702195282116,-0.499249787610922,-0.499000472190844,-0.492858353792107,-0.500920682850377,-0.496659000535479,-0.500801393914003,-0.495131954849683,-0.496767543154155,-0.499928594175624
-0.493827312854422,-0.502086455372754,-0.502592793404172,-0.499773794298251,-0.504863007369723,-0.497188174043624,-0.502343539776791,-0.498653214697667,-0.494434446370613,-0.499477305475787
-0.508706728193743,-0.502455463989513,-0.498097711823252,-0.501158220422479,-0.503349724050943,-0.501716619300565,-0.501664014832392,-0.498138411877178,-0.502893585633058,-0.503475931260621
-0.502857798833843,-0.495161154847872,-0.49688333014399,-0.497031362263489,-0.500741011732764,-0.498768909582197,-0.497997565155653,-0.498347438975167,-0.49018189710264,-0.5035045110046
-0.501436292289125,-0.502185879593362,-0.503796999415388,-0.502595286807811,-0.505011086240044,-0.503344889563286,-0.504734703392351,-0.503914817438584,-0.503542808368411,-0.50794617253539
-0.498072251802332,-0.499011183420912,-0.493313127844891,-0.502776287561058,-0.502650243808516,-0.497785876737993,-0.508151631790344,-0.50639624300357,-0.497870417296533,-0.499549572824906
-0.50150839828722,-0.503121025606337,-0.503905065656575,-0.502066856943083,-0.499264930226805,-0.495906106061276,-0.500137322861133,-0.503665397800661,-0.508820717634241,-0.506698492747757
-0.503930998952456,-0.509243007353186,-0.500729168131316,-0.503160820769845,-0.502418955140773,-0.50398920218337,-0.504398606619903,-0.503656097003872,-0.495034101132484,-0.50229599973587
-0.492657851117987,-0.495535017105871,-0.493696956843588,-0.494772458566304,-0.501261620697066,-0.492097705495349,-0.4971579795066,-0.501987983058021,-0.494248349341617,-0.498494647747648
-0.50839950903737,-0.50652074214549,-0.505897250657671,-0.503110877431176,-0.499853802944747,-0.498299684942367,-0.503673317239599,-0.505893953612018,-0.504156290538286,-0.50546410777592
-0.50691434548137,-0.496609881722351,-0.504402165620348,-0.499671793292581,-0.512710112634191,-0.496553907681913,-0.499152083129479,-0.498951581751485,-0.500639926822438,-0.501262017291843
-0.495528429998067,-0.497474034993311,-0.494676794169663,-0.501142986683085,-0.500453696577299,-0.492978150153216,-0.495542131267067,-0.493968773373898,-0.491432856196976,-0.495072287567278
-0.504788878631198,-0.505856332156602,-0.495460803068349,-0.502448908940975,-0.502821447552191,-0.498056854718027,-0.505134571293147,-0.504096357623159,-0.497375626257891,-0.510849110600604
-0.499437984817197,-0.504838502443449,-0.50223529574768,-0.509919613969433,-0.502988450594889,-0.507594170929509,-0.502063224214567,-0.495835177722552,-0.493031113996588,-0.50076004542474
-0.505516328845261,-0.498652263761675,-0.507696718015333,-0.501120625331263,-0.507661944696461,-0.500813226648308,-0.504965995831226,-0.506693044246876,-0.49699055445331,-0.5058541401096
-0.49653202125405,-0.498747035677718,-0.496397660011946,-0.490759872557335,-0.494059348110007,-0.498598140929879,-0.496493218650716,-0.49897423223918,-0.489002219723235,-0.499571563289759
-0.509624442690993,-0.495726642429975,-0.504152684623916,-0.49274855669541,-0.501881522542293,-0.505049925782843,-0.505759863478949,-0.494830285102359,-0.502892844940276,-0.503453111778204
-0.509242856133085,-0.500985389261043,-0.499929125623701,-0.501551222175103,-0.503999078019106,-0.509478059539974,-0.502277654094315,-0.505844300091471,-0.497472292817567,-0.507057035166148
-0.499139721880347,-0.49172015639023,-0.49383223724881,-0.493672519689937,-0.497051314279709,-0.496462246612966,-0.493976748424039,-0.497493975932296,-0.495076301946067,-0.492103680586152
-0.493733644451161,-0.502837922231393,-0.491367470235589,-0.495798970586489,-0.502894289146185,-0.504472055557048,-0.498947279413281,-0.489915179355651,-0.500948168200444,-0.493985065815706
-0.496375985189766,-0.499766259457576,-0.490036191549015,-0.498260249790863,-0.503055472207145,-0.496483911662232,-0.500528243713911,-0.494498497281953,-0.489562796618034,-0.494139696840856
-0.500526514559707,-0.497879265326858,-0.497586862539487,-0.492447391484912,-0.494573481640767,-0.493153939605589,-0.492201121764456,-0.4921168025789,-0.492415002642939,-0.502803259768826
-0.496722633307072,-0.493367152568061,-0.493142272434423,-0.496093173631584,-0.495918097666782,-0.491529687466,-0.492289532549309,-0.494697610164926,-0.488372874744945,-0.498856382464346
-0.504754204740994,-0.50442885337727,-0.50220420873461,-0.507667401717033,-0.510328756577617,-0.511282065024979,-0.505019153808382,-0.507716819665063,-0.506275877457559,-0.506332634158263
-0.49993995674955,-0.486117912944584,-0.502679818559481,-0.487781810676213,-0.492023976573559,-0.494495891791218,-0.498288662665479,-0.498572337151629,-0.490631114155055,-0.50617614341283
-0.497759782409656,-0.488519607849461,-0.491703360878123,-0.490656626167606,-0.495186787041131,-0.491208484367675,-0.493028599499778,-0.498201836071952,-0.487112418346951,-0.489764336867737
-0.490488465331756,-0.493102487770206,-0.487785858940035,-0.489562019295664,-0.502044855575012,-0.497979879049628,-0.487447112085169,-0.497957309148786,-0.485620748197932,-0.49724543073463
-0.490610366449769,-0.490630027826359,-0.485812582624236,-0.491917528538267,-0.492378389283581,-0.491741351492935,-0.49594651286089,-0.493389146391999,-0.486273031312947,-0.489601708497841
-0.489954659917785,-0.490726702507356,-0.490660127342836,-0.488428964879818,-0.492475757470181,-0.490620008533604,-0.487357055340316,-0.49485326513471,-0.491294766763752,-0.485888630285175
-0.494132837964789,-0.487133617440837,-0.496968692009234,-0.485866576144493,-0.497321538454452,-0.496732329446999,-0.485185527325825,-0.485619166110597,-0.484932508572451,-0.495669384356313
-0.511548111462933,-0.510898614284347,-0.510397665327889,-0.509765134275854,-0.512841269350294,-0.511785551709595,-0.510532128956277,-0.51090500257912,-0.50857241165291,-0.513975149243451
-0.494701614468136,-0.489054320989794,-0.484661978778455,-0.48712482311852,-0.495927473326565,-0.485384491927791,-0.490641619944033,-0.484772143648325,-0.486010442504486,-0.49545457274293
-0.48900105515838,-0.491140376208715,-0.48472518268177,-0.485079864421016,-0.486160138635101,-0.485932219491877,-0.485667300271829,-0.491410489724809,-0.487234841589327,-0.491376210636769
-0.514300530183526,-0.513866416399234,-0.51102676715674,-0.511007598130528,-0.510877492908252,-0.512940344286582,-0.512791434386979,-0.511027258098879,-0.515862031088856,-0.513763582948239
-0.489861954055264,-0.487246172519522,-0.48379153855997,-0.484270092620864,-0.487312752983523,-0.482134970151148,-0.486407331743346,-0.492508999523075,-0.483806038483283,-0.492902761150535
