-0.500237173786199,-0.499587676607614,-0.499086727651156,-0.49845419659912,-0.50153033167356,-0.500474614032862,-0.499221191279543,-0.499594064902386,-0.497261473976177,-0.502664211566718
-0.499271876637091,-0.499632322320104,-0.496824093625621,-0.498405709897056,-0.501911616806957,-0.499476938440204,-0.499547954388135,-0.498320172997278,-0.495336804636641,-0.500533082885253
-0.499310885653162,-0.49937751637514,-0.498414460741353,-0.496530615588674,-0.499662585782672,-0.500005495757116,-0.498539198122336,-0.499439106736585,-0.495196660412941,-0.501891049497478
-0.498074854201044,-0.499991870230921,-0.494684022834903,-0.496995695222766,-0.501535553017005,-0.497967826949738,-0.497473149654295,-0.49928984159978,-0.497257993253023,-0.498565580340161
-0.504794735223069,-0.502468365777898,-0.500635410458608,-0.498905739007251,-0.500292692852806,-0.502876473413855,-0.498546691684893,-0.502050822375722,-0.496312307490949,-0.504019606464505
-0.505562113062446,-0.496979269707378,-0.505294901754728,-0.498771303134233,-0.500229608362112,-0.499859019595747,-0.502657175094997,-0.496134388757583,-0.496759829847627,-0.49705959932626
-0.498855322862664,-0.499553332223986,-0.502885162765241,-0.494868075704182,-0.501422011820082,-0.496406294901229,-0.503664238384658,-0.49917287476258,-0.494203841408125,-0.50423997807805
-0.499065357793551,-0.505625720165274,-0.50549428903785,-0.498487732406527,-0.503437850433115,-0.499455743897256,-0.502134633461101,-0.497431490649695,-0.49566090664109,-0.503438748491711
-0.502321694928819,-0.499266563193499,-0.507248840211745,-0.500227610346459,-0.503463908610084,-0.504228747343027,-0.501861211225177,-0.495622829182899,-0.504053212463314,-0.499975891824557
-0.50234937087937,-0.505375571744398,-0.500673960315323,-0.498534227977382,-0.507424757164449,-0.500881497832784,-0.504520726559686,-0.501676143013084,-0.496550335225908,-0.504764701040379
-0.499441400674384,-0.494727020657336,-0.497820808112647,-0.495179074068533,-0.495502664137713,-0.49390860458254,-0.495905425990373,-0.496784298657556,-0.493631554435546,-0.497056269633496
-0.503197966471069,-0.502651631182426,-0.499736367852663,-0.501914754455719,-0.50687369686198,-0.505112357254009,-0.499896306019804,-0.506480063402473,-0.501468044442142,-0.50853579958741
-0.507201673114348,-0.505258742412386,-0.501305811448624,-0.502569377748016,-0.501851076960789,-0.503529818335012,-0.503120325526524,-0.496778389635546,-0.503823974758356,-0.510227145104272
-0.503528086074407,-0.506472769540667,-0.503519258619188,-0.496547331148339,-0.50785577339875,-0.493780848191965,-0.495160207481563,-0.493121432384173,-0.496422267177073,-0.502670724987796
-0.499189949611316,-0.496861467676482,-0.509951135423813,-0.496895007346718,-0.503965991207094,-0.504185940018837,-0.493399910365537,-0.50308140557668,-0.492191148762,-0.498084097403431
-0.489740355757073,-0.49747573198646,-0.494887260818613,-0.49918999932925,-0.500821155952799,-0.495563138039786,-0.493025851338177,-0.502407616008104,-0.49279372844781,-0.496702980599516
-0.505841872816109,-0.504158978246015,-0.506161999946544,-0.50472632913949,-0.505173669194059,-0.50584508475163,-0.499305932266856,-0.498587036640132,-0.508770411028691,-0.506699410974379
-0.497518413971473,-0.493980975103214,-0.49998731216183,-0.504811170522744,-0.505493996813718,-0.499440786304048,-0.499779874195443,-0.486472099472143,-0.496118308745605,-0.498024167372083
-0.495470851819515,-0.494861762624963,-0.49311440004577,-0.496296889096172,-0.49871439860836,-0.491506124079917,-0.490657956369634,-0.498593021079112,-0.493444308258883,-0.497836921027555
-0.503609472776332,-0.49972944850233,-0.499734610999087,-0.497618882636507,-0.497405515097934,-0.497872031972076,-0.49010169675189,-0.497463417720758,-0.486124694555897,-0.500843710934145
-0.4939599824953,-0.498505430319801,-0.489493966002937,-0.495094167622389,-0.496554290293098,-0.498442851116885,-0.499230841511987,-0.498271813464318,-0.488282017451402,-0.497672940547687
-0.505998553150529,-0.507632579932209,-0.502873108830542,-0.503288044388533,-0.510543547612209,-0.504402108803455,-0.499584398387546,-0.506278802923645,-0.506766431992404,-0.506398619118598
-0.505091309824784,-0.507202882993111,-0.51072404695747,-0.510120460602462,-0.502559937862232,-0.505938809505178,-0.505078352152035,-0.499696057344247,-0.496067314315686,-0.498265057324435
-0.499086860016364,-0.506723774926607,-0.499192382256901,-0.505353318713514,-0.508363089934783,-0.509336804114912,-0.509348448663053,-0.507144467434792,-0.502693054794034,-0.504690032650166
-0.508233024629122,-0.507915231198869,-0.500178570652476,-0.507062179938692,-0.503305970064887,-0.500062635657564,-0.505022566101943,-0.510635537099665,-0.508445548452361,-0.500090804654407
-0.498868956117803,-0.493483899871074,-0.500219892087962,-0.488924333823329,-0.496159135668034,-0.498442763032944,-0.504810521872912,-0.503237636984907,-0.487012052621952,-0.496093470777074
-0.497363780270079,-0.504762260466104,-0.501069456301258,-0.494971560630802,-0.50241598502224,-0.503668609762884,-0.505232464715345,-0.507913778496767,-0.509343602898485,-0.512687349729922
-0.497756108315783,-0.495273615257909,-0.493359480319773,-0.490557835817902,-0.499890592378545,-0.490302129130275,-0.490886421123517,-0.496793394252328,-0.490382407609279,-0.496138939180275
-0.497876355413685,-0.490400647361444,-0.496132332030601,-0.488958049791371,-0.497880643037096,-0.489388877515262,-0.489787040027485,-0.498676083221783,-0.500001825160883,-0.499327361127973
-0.506020773108848,-0.508456582695989,-0.50697970576306,-0.503971900029122,-0.506770508610984,-0.505619016646323,-0.507076357549508,-0.506127576472112,-0.501844551109413,-0.512468434679437
-0.489330352901766,-0.495549725333612,-0.490664953552519,-0.489441757322399,-0.490504607470337,-0.494512782260028,-0.495078670569166,-0.495486338064257,-0.492657695425011,-0.492606920581422
-0.50287426283274,-0.505511710070856,-0.50799985978866,-0.509946048819677,-0.513600354634487,-0.505296840639462,-0.506172654260906,-0.512805875075272,-0.500463578918364,-0.501255934389482
-0.489632336804106,-0.495353270266566,-0.492503739036505,-0.489340715492098,-0.494221427007938,-0.49097763780697,-0.490282623261501,-0.495529077339247,-0.490344154274819,-0.495530812571403
-0.493176792857443,-0.487997669480667,-0.486236995220777,-0.493731826382336,-0.491369286056293,-0.498899845205925,-0.495758793231042,-0.48857765852957,-0.489060546450914,-0.492456220748396
-0.508747348400112,-0.506708390316349,-0.511478860043499,-0.50623588750947,-0.511052541934123,-0.509743599667834,-0.508354049917566,-0.506072301570361,-0.505898807115671,-0.513211316317827
-0.503755011611409,-0.509039646783551,-0.513997994673483,-0.509354149543687,-0.50860570067842,-0.507792324738661,-0.507877619613572,-0.510003865963701,-0.508364044058606,-0.511143263873601
-0.509822000261623,-0.507077102477451,-0.507907170897917,-0.509013245784913,-0.5110742742333,-0.511439383136748,-0.509780671610368,-0.509489074554148,-0.507526935371081,-0.513538761290361
-0.494553112583233,-0.490261765213528,-0.492897100500838,-0.486420797833585,-0.488121435808683,-0.48915435966958,-0.490030688834108,-0.489133833088577,-0.482098182225147,-0.497381808004295
-0.515875512203919,-0.506942828556456,-0.510774768290262,-0.506598606199276,-0.512563337660183,-0.514525265134346,-0.509157984554989,-0.507621952399852,-0.509152307213866,-0.515384734134945
-0.49429812274014,-0.486752982523928,-0.483076389192759,-0.486079779719228,-0.488296163442366,-0.491517877974259,-0.484436734704272,-0.48523482109118,-0.491686686410419,-0.490312294683456
