-0.500237173786199,-0.499587676607614,-0.499086727651156,-0.49845419659912,-0.50153033167356,-0.500474614032862,-0.499221191279543,-0.499594064902386,-0.497261473976177,-0.502664211566718
-0.501076162182526,-0.501148184130016,-0.500130264179292,-0.499244504722746,-0.501555389254729,-0.502708567008343,-0.503692545957896,-0.503186546439036,-0.499665691970732,-0.506398233451698
-0.498713997143534,-0.496809674580651,-0.49653957194037,-0.496801624919583,-0.496365795356564,-0.500560286913134,-0.498891730993671,-0.496514211152154,-0.49404352161703,-0.501601899210838
-0.496164375594995,-0.498105121801112,-0.497124072764758,-0.49369384232447,-0.497433477146454,-0.502797637341879,-0.498430271955932,-0.500509545124117,-0.49905909105462,-0.495273742314297
-0.497573177411336,-0.499529515206356,-0.496992975829436,-0.505480666522263,-0.49701508135366,-0.50106868155913,-0.494414782251108,-0.50303511940844,-0.500371151171651,-0.495992097255778
-0.497956827579084,-0.498523322267635,-0.49557075957533,-0.494544411446867,-0.501260015223323,-0.497225417193896,-0.496320570210456,-0.496494763835912,-0.494069335253499,-0.501235408377457
-0.493809867622906,-0.499000890311645,-0.500023766489736,-0.500192352138889,-0.507127355202397,-0.500736888640939,-0.494113372087076,-0.504556525121874,-0.505528012216871,-0.499524382721668
-0.499960805188765,-0.497038033351737,-0.49893055373444,-0.492425113783334,-0.497357959395753,-0.495289302103698,-0.498063479033017,-0.498283425611086,-0.491458711443783,-0.502540637263319
-0.501903530982627,-0.502471246019931,-0.493721795688757,-0.493307875734073,-0.503188674897154,-0.49705465489389,-0.495074040735095,-0.501317644589617,-0.493262366978686,-0.502194009924484
-0.499246536344444,-0.499519975242535,-0.492561185610366,-0.496461207618007,-0.495186914791551,-0.495104594723256,-0.493371564817171,-0.496241094353559,-0.498204515701814,-0.495277167635103
-0.489803862627232,-0.499140332474705,-0.506269179259983,-0.49659127890273,-0.500440926459216,-0.503730359788076,-0.501058717164326,-0.505414175685267,-0.505935287114416,-0.501121325734665
-0.503433818116341,-0.497740055161009,-0.499222159479585,-0.48816037176446,-0.501164793112716,-0.495054140124613,-0.496159752183514,-0.49587918574435,-0.497152974680697,-0.493968179918745
-0.50348174585151,-0.508185065768994,-0.507835778677537,-0.503911214186837,-0.506655097065183,-0.503286672462555,-0.500155437093847,-0.499315296472012,-0.504354722057878,-0.506871371610111
-0.502484526097119,-0.508708208098519,-0.491063700181395,-0.499065781014313,-0.501849970938884,-0.49687301371845,-0.502981814926412,-0.502345594582452,-0.49133405209914,-0.503541386429625
-0.503440630978862,-0.502477927395622,-0.505603458852702,-0.506062716416051,-0.506972937697665,-0.499145945354684,-0.509030339543555,-0.496913006664345,-0.507521470151302,-0.500265058870693
-0.500891044129106,-0.500118994025273,-0.49351193755143,-0.506339388405158,-0.503303457947802,-0.490581256278425,-0.502442274958229,-0.494850194129768,-0.509360317914948,-0.498616477179619
-0.509283150361433,-0.49511594673112,-0.501054928987389,-0.506728106427128,-0.506954695419964,-0.499648302283726,-0.507448216189308,-0.504117968928784,-0.50647373605238,-0.501209713830892
-0.498472286127027,-0.489988715320731,-0.490458724544579,-0.497788921834578,-0.493275783363969,-0.499274884297794,-0.500902678755575,-0.498005364491868,-0.490831112496715,-0.497208082667581
-0.50346710422897,-0.503309145425619,-0.499021873295021,-0.49352051864177,-0.500860716533451,-0.500460648798765,-0.49213845244973,-0.492953809198716,-0.488087794327978,-0.495060141632982
-0.496880630291564,-0.503156763527668,-0.50795030114418,-0.501425943267072,-0.501751789377896,-0.510362053165938,-0.504956923831252,-0.500546224334151,-0.489995348794529,-0.504934099711044
-0.491255829630356,-0.496764107097797,-0.491320157224594,-0.494093980656922,-0.491410417609925,-0.49226906392869,-0.499844453265039,-0.498722758915322,-0.498292218886512,-0.504662316081365
-0.49207457070074,-0.495634814118951,-0.495330513733424,-0.493734336160997,-0.495993483982889,-0.493937774662139,-0.495676424095177,-0.492897565760427,-0.490341964461048,-0.497844817364148
-0.510693011628335,-0.504427303383315,-0.506861270315901,-0.506953683376688,-0.503835821305252,-0.502418280029538,-0.499976263713119,-0.508655332606438,-0.502519687428427,-0.505625427229872
-0.503177331638854,-0.505282663737681,-0.506528978440687,-0.507922712881135,-0.511046554997405,-0.502244199645814,-0.505609392705366,-0.506055456360547,-0.496982709609261,-0.504145497674519
-0.510963549217502,-0.503493046989952,-0.499904560956052,-0.50267262317671,-0.505572054363313,-0.513391617640137,-0.501384919430348,-0.506606665449989,-0.501001412839768,-0.504215463145163
-0.494000627773492,-0.489586446299855,-0.492642821081743,-0.491812353511295,-0.499641164527884,-0.491245704057689,-0.495889503759425,-0.493557240075402,-0.494536686830647,-0.498021526761032
-0.507011900461603,-0.511557658090704,-0.502993549475228,-0.503816579915359,-0.507324139954143,-0.505012847512493,-0.503950223491953,-0.509832804485398,-0.500347873611009,-0.506129847948573
-0.502352119933612,-0.493814186806832,-0.49547746228764,-0.493028450918145,-0.494955391405048,-0.499392916295472,-0.503888656300033,-0.497158405991288,-0.483279047745377,-0.508590244038879
-0.500655211680075,-0.490657154849424,-0.49641793842858,-0.490980815244285,-0.489212199874425,-0.498092353590689,-0.494094135991016,-0.493622350190537,-0.488523877936376,-0.493778621309526
-0.506289148530961,-0.502391221407945,-0.510136393982079,-0.506274875797576,-0.511480216373632,-0.508675731531238,-0.508868345426021,-0.504036253469487,-0.506186681741439,-0.506797084276692
-0.502423280190314,-0.508930898581357,-0.509209954886115,-0.499974033506112,-0.50925966763892,-0.510100683982518,-0.509061194141936,-0.503054162982113,-0.502806695074589,-0.513830015857226
-0.509723096931175,-0.512583722611763,-0.499766288525966,-0.507121022302865,-0.511709858522426,-0.511112091533509,-0.500349623629732,-0.498236650803585,-0.506817364830012,-0.508797182290628
-0.506678686383003,-0.503258393805782,-0.511188218356041,-0.506291043199387,-0.514305286872439,-0.512326507513563,-0.503830553929598,-0.510685228214693,-0.508213263271376,-0.504466335509764
-0.49315947692964,-0.490493208861992,-0.488744284003649,-0.489244835913403,-0.493074823838463,-0.490015651289114,-0.489329162442131,-0.492561278817144,-0.490799426909551,-0.494211562838016
-0.490736183487445,-0.492046602094168,-0.491277509889967,-0.491618276270472,-0.491385197189133,-0.490778226148546,-0.489821026786571,-0.488632265245415,-0.488914689045589,-0.492051810592453
-0.489843650141282,-0.487642968058739,-0.496074594073317,-0.492771816738452,-0.48729872694902,-0.49264066388719,-0.495028837944304,-0.487214653811083,-0.488463787212388,-0.495623612348721
-0.490360804161056,-0.490728194633259,-0.489628954932975,-0.49527830750562,-0.493009825957609,-0.496912705155731,-0.490722820636438,-0.485926056214316,-0.487909383012504,-0.487982952480907
-0.508489883865852,-0.514365539712738,-0.50823990248008,-0.511524355768115,-0.510322477592768,-0.50441757691545,-0.509862521791001,-0.504942258120523,-0.507682886588476,-0.513031611953908
-0.490144260126504,-0.488804539483942,-0.490700097531097,-0.49085896267236,-0.488047261731266,-0.488708030109114,-0.487388997726324,-0.490264921657492,-0.487734678756485,-0.493310906751654
-0.48736894253891,-0.48734115277308,-0.488189463301972,-0.487658847062761,-0.488760162656077,-0.490236584281776,-0.486283173233757,-0.486930154783806,-0.485432547490141,-0.488427157592241
