-7.11760517984698,12.3400674636879,-1.97768682978531,-3.90161761554243,6.90368013450157,12.5319707194422,1.41301828417639,-2.61616256917902,-9.63439298245396,-4.34376043103714
12.4011548800308,2.28814995675955,3.95980166400447,-20.0945304489459,33.8055062591148,10.2366420837058,14.0116295326825,7.50683508583386,22.8361376531101,-27.661327962651
-23.9669741302056,-17.7528752580721,-11.2208619748481,-21.1315049157297,-16.3889402470579,-22.6478247625369,-20.9664129505413,-4.14443004063522,-46.2153323292833,-21.9268435571432
75.2934620138289,-14.9991138228618,-28.1845833815095,-11.2247249881303,8.29686898899074,-0.801362613891094,13.0504451847612,13.2622158091994,17.3702153124769,2.71050313485433
37.2972418212986,3.46731344397854,4.77779761163279,-3.92839946526756,-3.91969792607135,38.3584448642115,-13.5221232873898,6.31458319426073,-88.8810595157607,29.7877989250484
-15.12918819143,17.2351723587928,2.20950528844129,-36.3631560770809,-51.3563394158406,13.3653040527756,-9.90011302895493,-44.2150785583389,73.9601733707331,-3.63870755207121
22.1934181081486,72.2982009036172,-22.8488437848081,10.572388814188,22.3543547162342,28.0422708435766,60.8468515290195,6.90229597159695,-6.83118622904301,45.6317487634383
-32.1874474242819,-6.86507652423611,-3.50867713408785,-59.903464528861,-18.4760571518766,26.0980608078276,-53.0029485032987,-60.4215711071767,-24.2311562007982,35.7069076632693
11.0655985592764,10.8131713274078,-61.0038182099689,42.901199356308,19.2717629476024,19.0485490006999,49.6893229017328,25.8144128298345,-23.8960920286372,-62.6434577838271
8.53251302346271,11.8030105356535,28.0223131702147,4.43171571779089,-79.1428314934054,-68.3623382236472,-3.4820866109285,40.2409802879638,20.0027037917396,-23.0306291179058
10.1580895519726,45.3180753151081,-67.2218930255745,-33.0892310773494,53.6663445961391,35.0729461739515,18.6602860437392,56.1766843109523,-9.13778813802303,-22.0458645284901
7.61499521586538,-18.7000033866932,-13.787301075878,13.6708830502538,-44.6726895031773,53.7635147100959,50.976593243674,-51.4804892394204,-69.1029107769413,-22.2064167868718
-32.1463287389775,-1.41035234364903,-25.0907016006545,-55.1864897343864,-52.0904199305847,-1.62824110465824,-17.4092451815653,-50.4626045803445,-72.8840886873695,-35.406782978567
0.199080090782829,-29.202132857081,-26.0652743322441,-62.1324116117177,-9.12556698746815,87.6658388309449,-19.5506333333176,-46.6855673267075,-42.7573209452481,-9.43755996925712
-70.7539688162106,-0.517075393454981,-46.6835691827265,29.7593160453912,-59.7629865321651,41.2709736519936,-52.2938782675478,36.8802969115448,-33.869687100101,21.7699108439245
-41.3935102864204,27.1609947561566,-15.5446130626278,-86.801480721931,-83.5058093855317,-13.2207852626637,-40.9167573048383,0.744855878595367,-9.26323063166471,-13.7899620868837
39.2380827754805,42.3628462440625,72.9003521805832,45.6012483228614,45.6318362378002,6.06373251070188,32.0787856691704,64.5706516907227,12.1088991611002,30.1470641808241
-7.11760517984698,12.3400674636879,-1.97768682978531,-3.90161761554243,6.90368013450157,12.5319707194422,1.41301828417639,-2.61616256917902,-9.63439298245396,-4.34376043103714
-5.16222527052254,9.07863399511438,-11.4453912913084,-5.13241161171771,1.78352392162276,9.12177752826293,-5.13057063739281,-1.26890066004086,-19.146209834137,-2.61403055749242
20.9999869147174,-0.916066400743482,-38.9278886024778,-53.7844080430151,26.1897812111979,89.594109100765,-24.5528608230895,34.4108103838933,41.6157045977105,54.05142795587
-3.20684536119811,5.81720052654089,-20.9130957528315,-6.36320560789299,-3.33663229125604,5.71158433708363,-11.674159558962,0.0783612490972914,-28.6580266858201,-0.8843006839477
-23.8922555429077,-35.0857506034052,-23.0851750447767,55.5925888887283,67.6555528430752,-69.4537275594054,62.7366206683253,40.9143309168697,-20.6852793654192,-27.8820883375434
-4.40144126851449,4.58772604708036,24.9961340540292,-3.77826130559503,-9.69046098895178,13.0050186061913,-35.2860828155709,-6.91955834077466,-24.3176444513935,-30.4289632525967
-28.1773137580162,14.8224806737787,0.838540899085054,-36.7441415420625,-15.6815606286173,-16.248672876095,-2.32020315961805,-15.6011411614653,-28.5570149978315,-67.1614418347643
-79.0087176596923,10.9960605912225,-34.1831757239608,53.6650507182312,23.9477972671596,13.9873071913304,100,-39.49499005978,-30.7339474148815,18.0931547962331
-14.7657042072563,44.1241754097149,-31.8663990714387,-36.0863683486803,30.8526290834505,38.8169291472578,30.5796849508431,-16.2619959025124,-12.1984955465565,-18.7955876735621
67.6164611538588,53.1961795773959,19.1805454172982,67.8448380664511,14.3640299699939,52.5399229868924,85.7981830326355,-6.33843921836823,37.2940843462854,11.099445133205
-7.48224934932257,-75.6150169463603,-2.43442150152639,-10.2042098980063,36.4719416806811,-21.2806956795229,-44.5168520463401,6.28390486268854,6.50672830846311,10.8018059781726
-28.4955586038559,-24.6422962374438,-1.29154513746226,62.3963240204662,-1.80843010136575,37.9789203854058,-43.9698563516785,3.24498822884802,-28.4054690933963,-24.9204278638897
36.821788759547,31.7845119081323,29.7270948749964,-32.6854013993262,66.1629393937608,31.6689313198175,11.920264660988,-9.2828292358457,10.3060832080222,-2.48661757389428
-6.98040708870435,7.14411018559057,-38.4783583242754,10.5682486964261,43.4501905882894,76.9864709743517,29.7378504152388,-17.8922772834175,-17.6447083326355,-40.6611686046305
-40.185544425252,-4.58218051547721,-68.539202252545,0.886891465798008,-47.1087720990383,41.6125393413109,43.8596942123741,-16.8500080265714,18.0965680827609,-15.6604061669728
31.9199149399086,-7.76376755016877,9.89729015779424,-36.2874432823494,60.707332383728,7.94131344796933,26.6102407811886,17.6298327408467,55.3066682886742,-50.9788954942648
-15.1622252705225,36.2563343435464,-53.2438102636404,-28.6121413414474,-68.8616373686998,-2.60127518613518,-15.4336009404231,-4.26890066004086,-57.3613128089654,-33.8045067479686
-78.8671879524575,-19.2906492705989,-75.1325916921258,-96.5805066771221,-50.8288117650413,-40.5244772274988,-8.75532790074614,-26.9425316146099,-39.3903014082955,-25.1005171158864
-30.5529471829738,-88.8576340708817,-30.6085311322045,-99.2953397367828,39.2966401725897,-79.5519137549353,-11.1425958052554,5.17295825950061,-2.62983964783373,-52.8205882842334
-37.9858009603418,-89.8348812666793,48.3800386381402,-41.459277264723,-26.4758577010057,-46.6707426156525,-29.4433540274613,4.15140270865876,-100,57.6852226553467
-0.0236325199894907,27.6849057721179,-50.360048063108,-90.9876747696125,3.45019058828942,-0.0923146126584768,16.5271833733024,16.0799365492615,-33.1138211701694,-46.5029194463813
18.8083207460789,93.5900674636879,48.0223131702147,52.0983823844576,31.4938440689278,75.4949336824052,74.7463516175097,17.383837430821,12.5878292397683,61.4457132531734
-41.6003638005366,-66.6073009573648,-50.1258349779335,-69.0178966853099,-4.72422684224262,-76.4924195244602,-8.26440107066232,-85.9494959025124,-41.892457498583,-56.5176734745154
