-0.499705635940835,-0.500561429380489,-0.500536272472467,-0.500221470840621,-0.501245999646978,-0.500626954474848,-0.499439984952432,-0.499761051159742,-0.499001849257649,-0.500060887277699
-0.499285913685378,-0.499671757595559,-0.499645796427971,-0.499597671184898,-0.500113792332941,-0.500468858516202,-0.499382565164402,-0.499750681642682,-0.498295721358273,-0.500477244226572
-0.499608753393555,-0.499639473858017,-0.499781275936743,-0.500176791679185,-0.50145546742511,-0.500973319975758,-0.499646345329545,-0.500363185578737,-0.498951431646421,-0.50056990331544
-0.499676103275671,-0.499745854133407,-0.500365463980135,-0.500496864013448,-0.500433764076799,-0.500908857176373,-0.499657834866554,-0.500841991729639,-0.498332512045033,-0.500146980368591
-0.499507236979031,-0.499985420402357,-0.499877210692737,-0.500098299606099,-0.501202088523468,-0.500878540797507,-0.499646345329545,-0.500613488078465,-0.498661801981392,-0.500664021125298
-0.499652920594428,-0.499848427823199,-0.499837646196222,-0.500233883812756,-0.501452582685652,-0.500800998793145,-0.499668418120197,-0.50068620548919,-0.498863346621194,-0.500635383566285
-0.49935011455035,-0.499553835585372,-0.499657645762758,-0.500077942766996,-0.501014606020542,-0.499688594783203,-0.499025371812634,-0.499813976877104,-0.498416005312994,-0.499989694298621
-0.499309976155688,-0.49999318806069,-0.49963254792154,-0.500085644144644,-0.501171185048045,-0.500763493447343,-0.499223029167259,-0.500527382992202,-0.498518246844578,-0.500383359665529
-0.499873533320097,-0.500063912475443,-0.500362014673559,-0.500289410740568,-0.501497943260483,-0.501019826529062,-0.499789678680396,-0.500804599212934,-0.499101357590672,-0.50108859188426
-0.499873574304467,-0.499345651992488,-0.499685357417712,-0.499931251960031,-0.501220233520726,-0.501140712192273,-0.499118605376664,-0.500693405634065,-0.498699421158612,-0.500044896108966
-0.499596642710585,-0.499560543411272,-0.499417959445604,-0.500148703113491,-0.500125945764186,-0.500940271767499,-0.498451811192349,-0.499744426430038,-0.498509865166979,-0.50016716730443
-0.499185392522198,-0.499888668650108,-0.499551752430321,-0.499543727150552,-0.500682101755767,-0.499685504455429,-0.498690169680852,-0.499522690202445,-0.498295612534237,-0.50003860007769
-0.49931439007576,-0.500315077229936,-0.499917245498745,-0.5002747132874,-0.501327089523574,-0.500711995626322,-0.499512529084806,-0.500419809552213,-0.498386985801343,-0.500780336010668
-0.498651826087136,-0.498808807793417,-0.499760587649852,-0.499765611977208,-0.500696366436845,-0.500150960571804,-0.499289989587831,-0.49937213706628,-0.498470050531912,-0.500544983333503
-0.499588541405825,-0.49928284988397,-0.499648731919738,-0.499477673008817,-0.500753902208539,-0.501049847188895,-0.499960952232964,-0.500684593480167,-0.497995866775667,-0.500411879248483
-0.499509262640987,-0.500567135268496,-0.500180090557187,-0.50020248056932,-0.501304914756625,-0.501708815801778,-0.500103626471744,-0.50089175769609,-0.499298673522198,-0.50106466458846
-0.498979430171997,-0.498781531417768,-0.499277214130983,-0.499149862090926,-0.500396681842043,-0.500214298604532,-0.499010783537441,-0.499816568851333,-0.498238263799213,-0.4998255929013
-0.500057502243623,-0.500023948565424,-0.50024762731983,-0.500304637017016,-0.501622027763711,-0.501008618483194,-0.499675470641262,-0.501572839971672,-0.49940321588545,-0.501260464446544
-0.499171097529161,-0.50015948195342,-0.499401898660334,-0.499957392071243,-0.500982771638491,-0.50103065244669,-0.499106526955333,-0.500973422335701,-0.49812438271182,-0.500192711512878
-0.499307933854771,-0.499372975462075,-0.499337229527976,-0.499343123378167,-0.501124859424815,-0.500439505766029,-0.499011009007934,-0.500568904241472,-0.497975831205679,-0.499742357519879
-0.500159366327805,-0.499700239331216,-0.499151600212761,-0.500538333471193,-0.502099975291304,-0.500213820195274,-0.49959323949909,-0.500189397207967,-0.498128089734219,-0.500017816417347
-0.499588898196493,-0.500766563677463,-0.500079422869545,-0.50093290765711,-0.501830155879312,-0.50167842247473,-0.499929876570106,-0.50094172692684,-0.499131657661311,-0.500311587275135
-0.499004515517748,-0.499716997663424,-0.49909007697547,-0.499452353883446,-0.500553104202205,-0.500421751130809,-0.498684078129711,-0.500302329637363,-0.497770216248377,-0.500318660555817
-0.498834397466706,-0.499525606542082,-0.498872104754571,-0.499027319917229,-0.500374920000193,-0.50060442099619,-0.499457297190705,-0.499610992805074,-0.49781291485473,-0.500225429443189
-0.500027370240936,-0.500881371500132,-0.50034621942147,-0.500547220527222,-0.501978006921471,-0.50112428359373,-0.500683409357279,-0.501176430809014,-0.499609073375835,-0.501161039915266
-0.498502726816711,-0.499152587760255,-0.499426378436584,-0.499380895272216,-0.500651723616893,-0.500080194499371,-0.499274527564848,-0.499946494831737,-0.497636822288002,-0.500226267993819
-0.498432693187386,-0.499446170622996,-0.498790703857764,-0.499189477616125,-0.500921679471919,-0.500212669724483,-0.499015060973051,-0.499834322761287,-0.497753098422213,-0.499492677566995
-0.500553844278229,-0.500496209474661,-0.500011163092311,-0.500414374315302,-0.501939741134589,-0.50137133223007,-0.500254985293007,-0.501348293756175,-0.498690042358953,-0.501549390362605
-0.500640567616059,-0.501019430735787,-0.500894074240034,-0.500922257302212,-0.501783174400908,-0.501859029624112,-0.499677716034006,-0.501024819136795,-0.498751956675831,-0.500379761361167
-0.499068614600535,-0.499268469843487,-0.499064446582673,-0.499650324253404,-0.501818438126097,-0.50051878618148,-0.500283273372171,-0.500591044577291,-0.49760979961753,-0.500761574764803
-0.500483901639696,-0.5005975751015,-0.501163158364051,-0.500668064067457,-0.501851625402885,-0.501898177384057,-0.500427069177584,-0.501427022684076,-0.500157102408439,-0.501180067213695
-0.501022967745203,-0.50021360352448,-0.501024454179464,-0.500712787296897,-0.501776683326832,-0.5014070930642,-0.500452266882206,-0.501385470970289,-0.498757307447353,-0.50132740196275
-0.498070093965836,-0.498574838098242,-0.498810829550099,-0.499566534391587,-0.500015867425493,-0.499711821391964,-0.49906595045082,-0.499368023852909,-0.497843356732597,-0.499605573622834
-0.498183519601886,-0.499030859458912,-0.498777983527457,-0.499403957669829,-0.500818573173641,-0.500543806646176,-0.49879820280253,-0.500175130215501,-0.497588779376914,-0.499553847618984
-0.49841075777376,-0.498888941197085,-0.498780731487465,-0.499001820400827,-0.500105609318196,-0.499782061592236,-0.498549866124273,-0.499517008873193,-0.497565322776121,-0.499567541920026
-0.500085755101763,-0.501132979700583,-0.501259134023327,-0.501102927570286,-0.501650232038993,-0.501921376097841,-0.500118622441978,-0.501094843708447,-0.500041196909476,-0.501793471373364
-0.498699523360817,-0.498555437473106,-0.498628494417808,-0.499127843163755,-0.499988885863527,-0.499965623585035,-0.498373491249115,-0.499689602469774,-0.497546292532043,-0.499904012295165
-0.500612425623417,-0.500436168392576,-0.499846948739807,-0.501796803077634,-0.502240100004155,-0.502054904669693,-0.500388190578615,-0.500914408325495,-0.499118087425801,-0.501474438820601
-0.500410869281031,-0.501411556435208,-0.501013724704017,-0.501371192492672,-0.502423568728846,-0.501808474831594,-0.500609008290078,-0.501516288757485,-0.499483465006615,-0.50187681521594
-0.500657262550348,-0.501429611102768,-0.501133435261152,-0.501440648027814,-0.502622994689278,-0.501946642997684,-0.500774782624385,-0.501885917353602,-0.499876507328341,-0.501777809468231
