-0.499782375715223,-0.499962666746049,-0.500070186347351,-0.50016422688395,-0.501144394413296,-0.500716197982329,-0.499394805885365,-0.500009123558009,-0.499153824416782,-0.499972005235257
-0.498964642059552,-0.499489395829576,-0.499872596454454,-0.500128215177831,-0.500110176631863,-0.500536126459417,-0.499848369710014,-0.500329218495267,-0.498883030529577,-0.499913122188663
-0.500089892992872,-0.499513345301255,-0.499356037797548,-0.500742223397855,-0.500001665850857,-0.500886479573068,-0.499184923597824,-0.499424010511367,-0.499621620720295,-0.499771657678443
-0.499536745209006,-0.499607867125957,-0.499992208408869,-0.500074906699871,-0.501053420151734,-0.500400182126377,-0.499279891028655,-0.49958237156741,-0.499125095702605,-0.499626303041322
-0.499664689256183,-0.499824763156831,-0.49988109601867,-0.500052626464556,-0.501027875093812,-0.500809829347746,-0.499570103112627,-0.50038104242445,-0.498689183963239,-0.500006554179826
-0.499483854728086,-0.499956801066235,-0.499865534407919,-0.49991948823924,-0.500766510198264,-0.50061189325002,-0.499929512988843,-0.500012598405193,-0.498332563716858,-0.500420819890692
-0.499232206159896,-0.499701392449811,-0.499476435325259,-0.499874028935901,-0.500795833375482,-0.500937444977199,-0.499275304448644,-0.500351115138519,-0.498710746900211,-0.499494265131918
-0.499191611873629,-0.499683635035272,-0.499611440853508,-0.49986860472364,-0.500883039960509,-0.499974886731141,-0.499141936221755,-0.500052223901634,-0.498546041221597,-0.499277298141797
-0.499850429524052,-0.499458988549863,-0.499239284015119,-0.500150675904542,-0.500854826728909,-0.500352562611672,-0.499169862579676,-0.499699896407042,-0.498275649433426,-0.500171574330528
-0.500599360279661,-0.500507323122341,-0.500879390106413,-0.500729055718623,-0.501408470232105,-0.501027430197353,-0.499558202798253,-0.500213369699119,-0.499946051873208,-0.500637696361836
-0.500678960101173,-0.499804726591151,-0.500198892909338,-0.500949305971838,-0.500930628300226,-0.500357694147727,-0.498777315100773,-0.500619885138027,-0.499000915529626,-0.499333509305121
-0.499456685691468,-0.499489289074966,-0.500049047488318,-0.500585946255604,-0.501494445665131,-0.500712598429916,-0.499449264105211,-0.500266373077984,-0.498689645271731,-0.500229227742586
-0.499791033400212,-0.49982094093051,-0.500465056329104,-0.500283045469595,-0.501604931954091,-0.501513433235058,-0.499686226244074,-0.500664959992421,-0.499433479955301,-0.500058233005759
-0.499339748045086,-0.500727976950023,-0.500144095645792,-0.499936279057532,-0.501499820553533,-0.501368551045904,-0.499744790666677,-0.500320328074573,-0.499151423593381,-0.499679686410393
-0.498944631065614,-0.499235738968936,-0.499182739314945,-0.499789026164322,-0.500241527894641,-0.500185537598488,-0.498893794439301,-0.499668659899617,-0.498556930156232,-0.499299844039045
-0.50087722404349,-0.500144238937127,-0.499954091857791,-0.501514055712917,-0.500853550035012,-0.501566982644613,-0.500143941398321,-0.499814606941222,-0.499886764541108,-0.500954373633488
-0.50030718678085,-0.500634289865714,-0.500244664680478,-0.500949045744233,-0.501271712030672,-0.501776876649103,-0.499748833227307,-0.501056513743412,-0.499667481508638,-0.500880576361091
-0.498871054082426,-0.499351558242996,-0.49962184207299,-0.499953871949584,-0.500762936751045,-0.499396305668113,-0.498326742370144,-0.498804291029849,-0.498883026202031,-0.499353974853176
-0.498728093035996,-0.49883921604143,-0.499615348884059,-0.500461688587098,-0.500625349086888,-0.500501071087043,-0.498929430911556,-0.499695731580063,-0.498139582264227,-0.500402683744447
-0.499424960361548,-0.49944811819277,-0.499498916877099,-0.499895806988122,-0.499588440522871,-0.500404485816518,-0.498439585441689,-0.499579054986902,-0.497838589401121,-0.499101137091059
-0.499402439694018,-0.499429203287156,-0.499295756359405,-0.499396575092264,-0.500905336320527,-0.500056765401916,-0.498479912438897,-0.498929716315124,-0.498082746009125,-0.500149506139037
-0.500572449883337,-0.500224177832779,-0.500679925370565,-0.500954126673592,-0.501501489334066,-0.50151010183155,-0.499962255703557,-0.501252492626517,-0.498983592815289,-0.500848295852278
-0.498813099360831,-0.498789998421936,-0.499941906553898,-0.50047434603166,-0.501086010256275,-0.500662630349256,-0.498423879965881,-0.499436889459002,-0.498465793713241,-0.499776140274262
-0.499305274011127,-0.498481544665174,-0.499089897964262,-0.499620228783111,-0.500665568238151,-0.500992217903283,-0.498704421873445,-0.499345328404202,-0.49831518749234,-0.499480795937953
-0.500732135664649,-0.500735487809461,-0.500712328550864,-0.501144531363035,-0.50176706602804,-0.501602729844361,-0.50031562407114,-0.500873898447521,-0.499793766136529,-0.501007434408082
-0.500348964271745,-0.501203739352618,-0.500469746835813,-0.50140348821442,-0.501715982950367,-0.501283826720703,-0.50070652625004,-0.501131545689145,-0.499771777737194,-0.500935284405133
-0.498963840950052,-0.498895392756699,-0.499994708483834,-0.499940884901956,-0.500967166909323,-0.500873818558345,-0.498292274840142,-0.499308390127406,-0.498683178455509,-0.498549681855912
-0.498917373958587,-0.498653721224651,-0.498872937510557,-0.499185396525763,-0.500073468002829,-0.500086563757162,-0.498487523724314,-0.499111312399511,-0.498189128487274,-0.499141865621389
-0.49905657673083,-0.499350809661213,-0.498791804730349,-0.498859560947323,-0.49984072545206,-0.500499663115474,-0.498680009239701,-0.498878636995851,-0.497818333263984,-0.500106294305935
-0.498716918213328,-0.498542282673594,-0.499353741201489,-0.499146967658936,-0.499488187578603,-0.499268487317535,-0.498933426004303,-0.499033444283549,-0.497934235662298,-0.499569217726639
-0.499273543243444,-0.499103226816933,-0.498526864277184,-0.499993761872238,-0.500357055390418,-0.499782873227858,-0.498605776709002,-0.498768000219112,-0.497735451948657,-0.499277691630314
-0.500923642818964,-0.500791978615875,-0.501095296527223,-0.501596668261595,-0.502347319759267,-0.501883411882325,-0.500269042383524,-0.501187570668512,-0.500231231622602,-0.501013156450926
-0.498388454962549,-0.499052826951001,-0.498454728870275,-0.498647743723889,-0.499677466362588,-0.49992723920226,-0.497969688440667,-0.498654043120267,-0.498463137746375,-0.498722175226933
-0.498587688263563,-0.499185053812706,-0.498548363641344,-0.49951084508534,-0.500087575210339,-0.499977657751596,-0.498085789909763,-0.499184612783822,-0.497520581773774,-0.498490255733359
-0.500875095218532,-0.50126313852652,-0.500954926581695,-0.501670160429838,-0.50224468090124,-0.501711898958235,-0.500817801994962,-0.501288741080243,-0.499998458225043,-0.501310681946621
-0.500545998444052,-0.500578601827551,-0.501138360240903,-0.501675259008189,-0.502583758417715,-0.5018019111825,-0.500538576857796,-0.501355685830568,-0.499778958024316,-0.50131854049517
-0.501070459806946,-0.50109295767874,-0.501170338440155,-0.501534397509176,-0.502398019795071,-0.502149928653436,-0.500819393319303,-0.501399224301074,-0.500321431919986,-0.501447626412127
-0.501130687690104,-0.501048847119108,-0.501253767821557,-0.50170583737547,-0.502506524717,-0.50231632388562,-0.500792144387505,-0.50149324418736,-0.500420178165846,-0.501459757371321
-0.498412860573174,-0.498298758661934,-0.498685885878756,-0.498744100853643,-0.499529762931499,-0.499382259243632,-0.497851609767382,-0.498812596945473,-0.497209485779074,-0.498487302571048
-0.498195887200237,-0.498135781436491,-0.498103642900129,-0.498951909817626,-0.499273529617464,-0.499195610845037,-0.497918660338222,-0.49832097883764,-0.497090289122349,-0.498791592159547
