-7.11760517984698,12.3400674636879,-1.97768682978531,-3.90161761554243,6.90368013450157,12.5319707194422,1.41301828417639,-2.61616256917902,-9.63439298245396,-4.34376043103714
-5.75952322418073,8.46389675538412,11.5092236121219,-3.83993946056874,-1.39339042722511,12.7684946628168,-16.9365322656972,-4.76786045497685,-16.9760187169237,-17.3863618418169
15.0898183207258,7.90369045383321,1.40005539092374,-3.915008540405,1.49199110421511,25.4452077918269,-6.05455250160672,1.84921031254085,-49.2577262491073,12.7220192470056
-19.6525263020644,2.73749546972588,-2.74318198193659,-31.9025410722017,-5.78618850868753,19.3150157636349,-25.7949651095611,-31.5188668381779,-16.9327745916261,15.6815736161161
7.53790646415079,42.3191341836525,-12.4132653072967,3.33538559932278,14.6290174253679,20.2871207815094,31.1299349065979,2.14306670120896,-8.23278960574848,20.6439941662006
-19.6319669594122,5.46485756001942,-13.5341942152199,-29.5440536749644,-22.5933698980416,5.451864807392,-7.99811344869448,-26.5393835747617,-41.2592408349118,-19.8752717048021
-25.9369068161985,54.2096425011299,-30.133005126881,14.6785790579498,2.87082361959764,-0.517219622897485,-36.4411762285455,-12.4140373665211,-24.8577921159385,-6.16295758649775
53.6744462599234,-16.4986047343683,48.9744648580152,15.2890198691285,-5.45632755260205,-13.6334433364649,-39.4602372155693,-9.29149850021476,-23.3489353669294,-35.1082846236539
40.0086834033355,-9.64112670825899,29.1434509466223,12.6690149254587,-59.9019188990821,-48.1968369284973,0.189377582903006,63.7546330567529,-9.80750656874635,-18.3603247884663
61.4994160967488,42.2507817494022,-35.6818025138788,-30.8107085246333,-17.2769011889369,31.661691573301,42.5894888724117,14.5294313005528,-21.6089775376837,-42.7358110182097
-4.63209579778587,5.6436388922593,-1.05176090385939,-21.7937870635527,54.0105900587039,48.4489360718915,24.011770882929,-62.8154379314979,27.2042313561704,50.4147756942222
-76.117605179847,-21.5993264757061,24.9040336003222,20.5720665949839,22.1120134678349,2.98784316498458,40.1598213532301,-56.3214807906263,-16.5607999088609,-56.4174931499311
-38.0362984118905,1.90509822902792,-41.8069699454514,-27.4067224102223,39.0658242502844,71.7379442511523,66.8359385513883,-8.01063018270851,-32.5284395464336,13.9720365908137
31.4641251729782,18.0764332344755,-50.8800692329444,9.69980998966181,-41.3141362306701,-65.3006010801152,64.2682391311091,-49.1979517430573,-47.734569417597,-29.8247780696494
-7.11760517984698,12.3400674636879,-1.97768682978531,-3.90161761554243,6.90368013450157,12.5319707194422,1.41301828417639,-2.61616256917902,-9.63439298245396,-4.34376043103714
12.4011548800308,2.28814995675955,3.95980166400447,-20.0945304489459,33.8055062591148,10.2366420837058,14.0116295326825,7.50683508583386,22.8361376531101,-27.661327962651
-23.9669741302056,-17.7528752580721,-11.2208619748481,-21.1315049157297,-16.3889402470579,-22.6478247625369,-20.9664129505413,-4.14443004063522,-46.2153323292833,-21.9268435571432
10.3462240943271,-41.9083072403127,8.90415043984085,7.83701747085033,30.056524261922,73.79944993335,89.9249230460811,-61.8944363787028,3.75022240216143,5.09699261436707
56.614566335267,-15.9631231381947,6.15783124950391,-28.3641864224625,35.669132240147,-20.4005423169785,84.1929172280264,29.1456800934895,-62.0883927905974,-53.9752525070152
-10.9667882292103,7.3514568538752,-5.27940806534178,2.79425979810392,-61.7322418138491,-65.7021483849279,6.03161626238767,-56.5227554392282,-55.905604053534,-81.2159951839301
3.52069269249345,80.3400674636879,2.78421793211945,16.0983823844576,28.332251563073,65.1635496668107,56.5854320772798,0.508837430820975,23.6989403508794,71.3319152446385
75.2934620138289,-14.9991138228618,-28.1845833815095,-11.2247249881303,8.29686898899074,-0.801362613891094,13.0504451847612,13.2622158091994,17.3702153124769,2.71050313485433
37.2972418212986,3.46731344397854,4.77779761163279,-3.92839946526756,-3.91969792607135,38.3584448642115,-13.5221232873898,6.31458319426073,-88.8810595157607,29.7877989250484
-15.12918819143,17.2351723587928,2.20950528844129,-36.3631560770809,-51.3563394158406,13.3653040527756,-9.90011302895493,-44.2150785583389,73.9601733707331,-3.63870755207121
-43.2314114471109,-3.5664756112892,15.2115932133624,-93.1369402146241,-29.0883920350066,-27.1607651685402,-38.5373141999475,-27.0044304376675,-12.0327374331563,-100
22.1934181081486,72.2982009036172,-22.8488437848081,10.572388814188,22.3543547162342,28.0422708435766,60.8468515290195,6.90229597159695,-6.83118622904301,45.6317487634383
-32.1874474242819,-6.86507652423611,-3.50867713408785,-59.903464528861,-18.4760571518766,26.0980608078276,-53.0029485032987,-60.4215711071767,-24.2311562007982,35.7069076632693
-64.2930491778814,-79.0482188159884,73.5194442806897,-23.5328810896385,16.9410842185852,41.392937841557,47.7093083947124,-18.4506850199961,-47.3873200461715,48.4088463433888
-67.0530388221313,-24.4492507226374,-68.1651620003806,-3.915008540405,-24.2222946100706,-42.9758448397521,-39.3878858349401,-40.5750321117016,-100,-26.1668696418833
11.0655985592764,10.8131713274078,-61.0038182099689,42.901199356308,19.2717629476024,19.0485490006999,49.6893229017328,25.8144128298345,-23.8960920286372,-62.6434577838271
8.53251302346271,11.8030105356535,28.0223131702147,4.43171571779089,-79.1428314934054,-68.3623382236472,-3.4820866109285,40.2409802879638,20.0027037917396,-23.0306291179058
10.1580895519726,45.3180753151081,-67.2218930255745,-33.0892310773494,53.6663445961391,35.0729461739515,18.6602860437392,56.1766843109523,-9.13778813802303,-22.0458645284901
7.61499521586538,-18.7000033866932,-13.787301075878,13.6708830502538,-44.6726895031773,53.7635147100959,50.976593243674,-51.4804892394204,-69.1029107769413,-22.2064167868718
-32.1463287389775,-1.41035234364903,-25.0907016006545,-55.1864897343864,-52.0904199305847,-1.62824110465824,-17.4092451815653,-50.4626045803445,-72.8840886873695,-35.406782978567
-78.7730948468505,-41.7879994685278,-70.4527877161316,-95.5096794959454,-20.0386351808088,-40.3655315184678,-22.6810323805677,-30.5312475212143,-54.5975794864894,9.46921837780104
26.3484251974505,19.6684171583159,-23.5917778744985,14.8191675373727,9.62718374746138,67.6972550303766,100,86.9882261775346,70.8977542168201,4.28363098670934
0.199080090782829,-29.202132857081,-26.0652743322441,-62.1324116117177,-9.12556698746815,87.6658388309449,-19.5506333333176,-46.6855673267075,-42.7573209452481,-9.43755996925712
-70.7539688162106,-0.517075393454981,-46.6835691827265,29.7593160453912,-59.7629865321651,41.2709736519936,-52.2938782675478,36.8802969115448,-33.869687100101,21.7699108439245
-41.3935102864204,27.1609947561566,-15.5446130626278,-86.801480721931,-83.5058093855317,-13.2207852626637,-40.9167573048383,0.744855878595367,-9.26323063166471,-13.7899620868837
39.2380827754805,42.3628462440625,72.9003521805832,45.6012483228614,45.6318362378002,6.06373251070188,32.0787856691704,64.5706516907227,12.1088991611002,30.1470641808241
