-0.499739127051608,-0.500358083780821,-0.499905518955079,-0.499920006964118,-0.500495887578221,-0.499874671983344,-0.49987818905876,-0.499843033931934,-0.499334536190609,-0.500599748880541
-0.499572596862166,-0.500510631417858,-0.499686577802942,-0.499746922119245,-0.500339023653463,-0.5000009421816,-0.49943061292102,-0.499820401143745,-0.499421390910375,-0.500222638750024
-0.499645509180606,-0.499830927427854,-0.499660248020293,-0.499287264240194,-0.499778967977596,-0.499989492989528,-0.499918014816684,-0.500212296101466,-0.499323606643906,-0.500369090894034
-0.49975219825594,-0.500331473969154,-0.499753393047458,-0.499947861639786,-0.500595211785323,-0.499593398703908,-0.499515883872736,-0.500077310767758,-0.499313396823084,-0.499809001428141
-0.499758649567064,-0.499998600449585,-0.500147052940895,-0.499080008805592,-0.500616465291583,-0.500441648210886,-0.500103312035419,-0.500082134523691,-0.499840881921151,-0.500177522077127
-0.499876197648185,-0.499935668562824,-0.499872100439992,-0.49968166789735,-0.50024023121665,-0.50042027003672,-0.499917739025881,-0.49972298481287,-0.498940605127351,-0.500005108133256
-0.499876197648185,-0.499935668562824,-0.499872100439992,-0.49968166789735,-0.50024023121665,-0.50042027003672,-0.499917739025881,-0.49972298481287,-0.498940605127351,-0.500005108133256
-0.500038093482229,-0.500390664357809,-0.499580700155158,-0.499954004014664,-0.50074968594013,-0.500196373320541,-0.4998444444129,-0.499892463231742,-0.499244638232695,-0.500393367074121
-0.500353898713065,-0.500462217289261,-0.499699755748097,-0.500099912978604,-0.500842118884722,-0.500345903137894,-0.500443310954052,-0.499662556099084,-0.499664756286491,-0.500605656737808
-0.500539659534835,-0.499804002980083,-0.500349949581914,-0.500471146582415,-0.500414240521455,-0.500882827768358,-0.500600956514155,-0.500116614590286,-0.499850895619457,-0.500414451332207
-0.499306855973778,-0.499685412633913,-0.49957489159277,-0.499503857778582,-0.500166189995452,-0.500041087879325,-0.499522840778729,-0.49942907784714,-0.499228960184985,-0.499880726828633
-0.499317985836531,-0.500024664166332,-0.499149240562912,-0.499340831166221,-0.500049586354618,-0.499947574497147,-0.499719078992573,-0.499412802413748,-0.499712396355841,-0.500359782316068
-0.499413767871225,-0.499532504381605,-0.500787739966005,-0.499759794129428,-0.500253562039884,-0.50003648234487,-0.49950437778812,-0.499110029881818,-0.500281030289776,-0.500538998769351
-0.498956199014975,-0.499983777213016,-0.49939557189904,-0.49928337958643,-0.499798470634234,-0.500310804453691,-0.49941234797409,-0.500281498487171,-0.499451430679228,-0.500083425342043
-0.500091704797676,-0.500619142192179,-0.499807769716663,-0.499530681837031,-0.500702380743233,-0.500697248783836,-0.499247739360881,-0.500284001705421,-0.499401656444008,-0.500567414874006
-0.498900904855165,-0.499908452817466,-0.499566846747447,-0.499799564498026,-0.500474031604786,-0.500595450761788,-0.499648590118069,-0.499054036724414,-0.499376634094143,-0.500087222708971
-0.499768884440044,-0.500532904302337,-0.499419636924726,-0.500199760191848,-0.501162626187799,-0.500382430229617,-0.500636287787001,-0.49995014938439,-0.500211444200287,-0.500986098165605
-0.499917399262867,-0.501265399039852,-0.499770542725958,-0.500432433439061,-0.500995180917296,-0.50044781953889,-0.500090845978417,-0.500263131996631,-0.499335759569922,-0.500466087699147
-0.499954641970628,-0.50075718548271,-0.500040215779467,-0.500857028351162,-0.501129754987104,-0.500712785557312,-0.500131736022313,-0.499987782758142,-0.500176391343032,-0.50082160247365
-0.500341678392076,-0.500241162197188,-0.499803836058238,-0.499996672350331,-0.501396562028723,-0.49975058763603,-0.500077478631994,-0.500475072877138,-0.499015254829098,-0.500871629239921
-0.499813592558845,-0.500428202797782,-0.499939979571929,-0.500613233572633,-0.500889351008557,-0.499666168648592,-0.499162875923152,-0.499702227371495,-0.499238110211754,-0.501170574102809
-0.499031142661025,-0.499531010709518,-0.498902203542993,-0.499674793813524,-0.499360614599355,-0.499976717059934,-0.499446596528422,-0.499449717353895,-0.499163761078765,-0.50038231717097
-0.498974236182805,-0.499350416634387,-0.499778183461883,-0.499821664576571,-0.500591260762372,-0.500317881183915,-0.499187659499972,-0.50001045613895,-0.49872036897985,-0.500317146909803
-0.499255578544113,-0.499589361189167,-0.49920887257021,-0.499801130549233,-0.499714316658189,-0.499829295745857,-0.499027610695599,-0.50011089326023,-0.498685333155607,-0.499483820306255
-0.499361333581658,-0.500048780771129,-0.49912999005016,-0.498662138669849,-0.499842579339601,-0.500000702607366,-0.49966597635833,-0.499065107879573,-0.499101106160644,-0.499502259763356
-0.500352519247821,-0.501139592303826,-0.499370941924244,-0.500726502005521,-0.50133399074882,-0.500354016201374,-0.499831249199821,-0.499507887830937,-0.500271118130438,-0.500839551706011
-0.499191130822353,-0.500936160813455,-0.500183877124888,-0.499542532260423,-0.500034353925019,-0.499603828490496,-0.499693400414093,-0.499273918795212,-0.498634553681162,-0.501225833562246
-0.499071928067,-0.499643356676591,-0.500275738153202,-0.499589424474883,-0.501217761804847,-0.500899115319293,-0.499451151534841,-0.500840066623405,-0.49871986102259,-0.499986067104277
-0.49907103935842,-0.500331887561712,-0.498900126726673,-0.499100924126875,-0.500197083583668,-0.49993626910793,-0.499102115247385,-0.499857702760932,-0.49842362901738,-0.499837199541166
-0.500552575054663,-0.501100048826074,-0.500178837207638,-0.500625118584651,-0.501226012928687,-0.501162742867449,-0.501046792394659,-0.500696162565614,-0.500398848477696,-0.501115407117017
-0.500966050119713,-0.501296579396972,-0.500066925049614,-0.500709889256056,-0.501336752108092,-0.500765164136057,-0.499923428122273,-0.500553946799089,-0.500319990868372,-0.501370748766415
-0.500152454469975,-0.501096668899496,-0.50091055175037,-0.500977091395655,-0.501169924096329,-0.501182775944716,-0.500191478962031,-0.500375419347005,-0.499795214168064,-0.501425172939799
-0.49863795632164,-0.499668834801205,-0.498470251717891,-0.49907103912133,-0.499721339778139,-0.499092841553318,-0.499323158437665,-0.499318592833184,-0.498384652783792,-0.499975471326041
-0.499448061094684,-0.499826551577318,-0.498143418528002,-0.4993679482237,-0.499286378657505,-0.499264159057033,-0.499370565246723,-0.498879679676729,-0.498290550356846,-0.499627327914258
-0.49874737837331,-0.499242659174877,-0.498803937937545,-0.498965943574578,-0.499680896018235,-0.499323196942283,-0.49889377551949,-0.499130436886284,-0.498280542614503,-0.499587177022799
-0.49875931889945,-0.498654590078642,-0.498752166561592,-0.498703924246449,-0.499197624043115,-0.499458889910545,-0.499061564235439,-0.49857722231157,-0.49827597890354,-0.499238915410279
-0.498337607806402,-0.499675120984925,-0.49820844265275,-0.498565331896424,-0.499203335439564,-0.499121341030694,-0.498966562279504,-0.498619637257842,-0.498494697826464,-0.499047758393735
-0.501008297153063,-0.501484744827963,-0.501155877861365,-0.501224929337094,-0.501808223465693,-0.501492197550897,-0.501176652688046,-0.501250578565756,-0.500753132452522,-0.501818180251065
-0.501226190848689,-0.501551228176059,-0.500791258993543,-0.501466047728782,-0.501794230937163,-0.501757899816918,-0.501119925966205,-0.50113692176591,-0.500958341981427,-0.501609768846385
-0.501344509409583,-0.501535146430724,-0.50106693340727,-0.501404969973805,-0.501614249404819,-0.501765401700493,-0.501264602605132,-0.501254952123356,-0.500864484307046,-0.501791412665043
