-0.499976516017672,-0.50002423161524,-0.499716817212337,-0.499982192569319,-0.499945641711497,-0.5000947564737,-0.500187851934756,-0.49986338360017,-0.500121362687392,-0.50000759869758
-0.500040519235966,-0.500131586126284,-0.499725459975396,-0.499924155213378,-0.500030212345853,-0.50006042066088,-0.500139642140094,-0.499867778930188,-0.500089797911857,-0.500130479741215
-0.500040519235966,-0.500131586126284,-0.499725459975396,-0.499924155213378,-0.500030212345853,-0.50006042066088,-0.500139642140094,-0.499867778930188,-0.500089797911857,-0.500130479741215
-0.500051580689308,-0.499987969112607,-0.499649124435491,-0.499930117943363,-0.500117746270829,-0.50003998160153,-0.500127544011304,-0.499929099101693,-0.500077229183135,-0.500109313576791
-0.500045400525676,-0.500059099082254,-0.499727545663726,-0.50000834316958,-0.500039783872436,-0.500135435185217,-0.500187851934756,-0.49987832680032,-0.500171571839893,-0.500092830283616
-0.500031429366783,-0.500012682293187,-0.499690123599652,-0.499944124456759,-0.500013264105654,-0.500093469020011,-0.500080167735311,-0.499779903099716,-0.500171500927562,-0.500032385902057
-0.499934453065832,-0.499940546137778,-0.499737132290454,-0.499981537352211,-0.500109020344121,-0.500099490414289,-0.500108362184954,-0.49973768314645,-0.50010668220171,-0.500065527485219
-0.500063704749892,-0.500103340789936,-0.499731826544028,-0.500005308021203,-0.500061348076496,-0.500092424144653,-0.500167626932672,-0.499830245088145,-0.500169265144391,-0.50015167014593
-0.500032118677487,-0.500132878924617,-0.49963674951558,-0.499922824001549,-0.500063226837785,-0.500033103729786,-0.500122757620145,-0.499865380182641,-0.50006746007794,-0.500100111201266
-0.499989285885517,-0.500037590357617,-0.499667549149854,-0.499852769507133,-0.499990324733888,-0.500016941343663,-0.500058710832533,-0.499729020097892,-0.500013811103678,-0.499985194588943
-0.500060716109862,-0.500034808182356,-0.499711902277163,-0.49994038239297,-0.499989433925779,-0.500049632253317,-0.500152467164405,-0.499744321687288,-0.500102435832613,-0.500140849207891
-0.5000410543851,-0.500039555033402,-0.499637510026815,-0.499951588110341,-0.500036593677877,-0.500037745232348,-0.500058114244206,-0.499766150054843,-0.500088036192904,-0.500115592486456
-0.500021258515138,-0.500123876793063,-0.499694156226358,-0.500063942215627,-0.5000212066864,-0.500164526793431,-0.500149856629034,-0.499817671285086,-0.500132662647989,-0.500078442690455
-0.500090506888057,-0.500114686420492,-0.499767741294043,-0.499955481112524,-0.500086003467185,-0.500117060008919,-0.500169814158365,-0.499898771790578,-0.500204352722256,-0.5002091755597
-0.499969371818456,-0.4999694016405,-0.499643467648408,-0.499916030872843,-0.500070711224727,-0.500194841648606,-0.500067494942627,-0.499850425622535,-0.500074825701499,-0.500138330921945
-0.500014100977398,-0.500100895805184,-0.499665154072211,-0.500022997011284,-0.500010252857829,-0.500077221101673,-0.500137630691868,-0.499873717931,-0.500201993013183,-0.500165005784891
-0.499995331055085,-0.50007751306349,-0.499698631096094,-0.499956765299441,-0.499997952632292,-0.500063648683578,-0.500162789899276,-0.499835816384938,-0.500157270921422,-0.500230911719115
-0.499958501831115,-0.50002346050338,-0.499585706899266,-0.499933271689933,-0.499999783385194,-0.499954371225506,-0.500067458242939,-0.499812459272081,-0.500107319372844,-0.500067845262764
-0.499984624064939,-0.500008266424159,-0.499613776252322,-0.499841273168515,-0.499934160322746,-0.499994006931953,-0.500145462493434,-0.499816423729246,-0.499955309195293,-0.50005864652718
-0.500042702474838,-0.500025742209333,-0.499617660733802,-0.499925493870165,-0.50013658846586,-0.500106543987625,-0.500111091780771,-0.49989832453365,-0.500118852892528,-0.500155487802058
-0.49999843463132,-0.500047097340824,-0.499582887708273,-0.499941719594964,-0.500013895665491,-0.500006043966429,-0.500014571206574,-0.499767519257727,-0.500071765994378,-0.500079961021656
-0.499951370668439,-0.499930647135852,-0.499567163090976,-0.499905268512518,-0.499974236952252,-0.500051356906149,-0.500050212970996,-0.499870677163528,-0.500090153256824,-0.500114370056599
-0.499925151144204,-0.499877729476766,-0.499655865731796,-0.499948109999178,-0.499975021119435,-0.500087013760362,-0.500006778190561,-0.499714952998406,-0.500032799759405,-0.50013593581703
-0.500150972459418,-0.500131088570904,-0.499741294090905,-0.499968771916643,-0.500147050936601,-0.500176935293974,-0.500196485880492,-0.499908173649923,-0.500114061185748,-0.500194569299683
-0.499969637741529,-0.500008756235179,-0.499564208708087,-0.499936489474912,-0.500011820221026,-0.499928650642323,-0.50002334272453,-0.499786962998156,-0.500124484900999,-0.50004032221705
-0.50001930385292,-0.5001039762778,-0.499634600578451,-0.499913756019829,-0.500017798456562,-0.500140118494524,-0.50015699781862,-0.499802140839549,-0.500115378537427,-0.500157244592629
-0.500157846910831,-0.500180416243337,-0.499825700493683,-0.500029634160981,-0.500154743077428,-0.500110729564836,-0.500187416576113,-0.499929982261233,-0.500256433811927,-0.50021181652653
-0.50008724417707,-0.500107287346108,-0.499820763678728,-0.500051355304018,-0.500173542533912,-0.500262019087764,-0.500211553159297,-0.499855360847624,-0.500164231873582,-0.500206265261168
-0.499895614568399,-0.499935404787925,-0.499563409766009,-0.499859709165244,-0.499934432017294,-0.499974541447549,-0.500031339496543,-0.499699639741627,-0.499996969774791,-0.499967149990316
-0.499927044309834,-0.500041355925059,-0.499613224199457,-0.499753471270989,-0.499874908545715,-0.499981387735647,-0.500023918219399,-0.499702577990215,-0.499922932176859,-0.500056775280172
-0.500068417281771,-0.499991599331264,-0.49952546683444,-0.499854346664048,-0.499967451195143,-0.500061875965717,-0.500111886011565,-0.499770036864554,-0.500010579485501,-0.500111436788291
-0.49994237047124,-0.499881623064144,-0.499535092145067,-0.499769770599187,-0.500002160461065,-0.499945689519873,-0.499910421646852,-0.499798431528003,-0.500009041116183,-0.499938338891338
-0.500152099202606,-0.500075281252099,-0.499535927074545,-0.499875742609716,-0.500013941151162,-0.500106130827698,-0.500164187212086,-0.499808074101297,-0.500079112093082,-0.500111436788291
-0.500152099202606,-0.500075281252099,-0.499535927074545,-0.499875742609716,-0.500013941151162,-0.500106130827698,-0.500164187212086,-0.499808074101297,-0.500079112093082,-0.500111436788291
-0.49995867018364,-0.499897949274301,-0.499554417196089,-0.499807216687731,-0.499897939337646,-0.499908634169422,-0.499912437126799,-0.499705025692904,-0.499935176418364,-0.500041019679087
-0.50015000292672,-0.500163701483298,-0.49983214806477,-0.500112945570623,-0.500144386273479,-0.500240037586261,-0.500292454335799,-0.499982929201363,-0.500276174240937,-0.500197432684659
-0.499936451984057,-0.499934952632358,-0.499532907625771,-0.499846985709298,-0.499931991276833,-0.499933142831305,-0.499953511843163,-0.499661547653799,-0.49998343379186,-0.500010990085413
-0.499854248924302,-0.499856908142764,-0.499547046194121,-0.499765329447758,-0.499918651583267,-0.499955705757732,-0.499906230228767,-0.499654436022943,-0.499892556937249,-0.500006498507314
-0.49985422546426,-0.499884057707078,-0.499490715009465,-0.49983269555498,-0.499927603327208,-0.499951800303819,-0.499963069076747,-0.499634492191778,-0.499997249175212,-0.500020194520725
-0.499953108749248,-0.499953944159708,-0.499373412367921,-0.499743754360937,-0.499845629188486,-0.499974667212016,-0.500037991108228,-0.499674318166871,-0.49992147490686,-0.499917480804067
