-0.499962666653668,-0.500035662553363,-0.499763286345601,-0.499975397968557,-0.499949622804384,-0.500081396948755,-0.500106255017558,-0.499862102386292,-0.500066301633005,-0.500026341761532
-0.499882911522774,-0.500003785132732,-0.499756762757961,-0.499927380997163,-0.499922674241972,-0.499947924036499,-0.500068778536392,-0.499856414029523,-0.500041006805422,-0.500010393155494
-0.499970147637204,-0.500021236836536,-0.499733827510196,-0.49991243448755,-0.499941982468892,-0.499989598957669,-0.500117398631955,-0.499855800781958,-0.500058292572115,-0.500009337907929
-0.499921800787768,-0.499993905078743,-0.499744353598451,-0.499960036049041,-0.499920005035643,-0.500014232857352,-0.500120249363718,-0.499828725564895,-0.500073236362055,-0.50000105923105
-0.500008790217126,-0.500062604977842,-0.499876975174827,-0.499990851659841,-0.50000833667862,-0.500114971626718,-0.50022177316869,-0.499881008911311,-0.500180008284006,-0.500106727641611
-0.500053791896732,-0.500116039083775,-0.499826035363734,-0.500032869970754,-0.500012292948292,-0.500122329055462,-0.50016074653447,-0.499879837976109,-0.500178981064034,-0.500073930540189
-0.499968625154461,-0.499970170408523,-0.499820969730732,-0.500005263592834,-0.499926146460577,-0.499982646222552,-0.500222194043672,-0.499818659359811,-0.500137625615661,-0.500028185580024
-0.499948750307955,-0.500068574868575,-0.499828141724132,-0.499970312236026,-0.500028308976539,-0.500112092715998,-0.5002101612848,-0.499844567680828,-0.500100722888338,-0.500114574813979
-0.499947174351735,-0.499964870164845,-0.499679867995526,-0.499879656965898,-0.499977576951825,-0.500035034230868,-0.50003964276702,-0.499878902387558,-0.500052994327575,-0.500037378080015
-0.499962947730165,-0.5000434318293,-0.499762360269089,-0.499923190483675,-0.499944402280023,-0.500059384970142,-0.500105804285172,-0.499771871819985,-0.500089738280408,-0.500050780981926
-0.500014047765838,-0.500042836806786,-0.499738058691649,-0.499987005039725,-0.499970334734586,-0.500082616555516,-0.500162297135814,-0.499857319641865,-0.500128273511148,-0.500087730164525
-0.499947651017977,-0.50009768835839,-0.499728445582628,-0.499951837649312,-0.499956344406168,-0.500084607109161,-0.500127024200181,-0.499862772387284,-0.500089478549697,-0.500104675148011
-0.499978187915552,-0.499957538448573,-0.499756998589298,-0.499999635072395,-0.500001962907857,-0.500044787492184,-0.500121169914849,-0.499786314217263,-0.500166894756058,-0.4999864639229
-0.499970569868413,-0.500053354886378,-0.499807204808049,-0.500019055667239,-0.500065437535114,-0.500115433671883,-0.500179783572011,-0.499872294729585,-0.500212413463494,-0.500081601589552
-0.500061684424199,-0.500051168898542,-0.499713168817861,-0.499968826244447,-0.499968129813669,-0.500100163065369,-0.50013189268822,-0.499927379749453,-0.500164471388465,-0.500109241578328
-0.49994445406055,-0.499989494764428,-0.49968308532169,-0.499957862761802,-0.49992931718737,-0.499991452124095,-0.500096507660214,-0.499805632833367,-0.50006810538226,-0.500054996868554
-0.500045015113562,-0.500063004994326,-0.499750803960619,-0.499959953380042,-0.499972076262468,-0.500128158143383,-0.500147669347515,-0.499862476883083,-0.500165092189612,-0.500121897969897
-0.49991830411528,-0.499997870456165,-0.499680495383908,-0.499907913898294,-0.499924755089173,-0.499992797516105,-0.500097284501434,-0.499809652705891,-0.500053395830141,-0.500017134382332
-0.499996617644783,-0.499998789170549,-0.499684254714367,-0.499927311087728,-0.5000098009554,-0.500055642539108,-0.500128352965602,-0.499846253090045,-0.500120062093644,-0.500096466903517
-0.499952685664284,-0.500004205093283,-0.499675283205953,-0.499931331037485,-0.499900388302955,-0.500026414063319,-0.500068809711792,-0.499783111886389,-0.500004212727565,-0.499973930644355
-0.50005268327121,-0.500087855062686,-0.499759673798301,-0.500000527574987,-0.500016817692168,-0.500115438315234,-0.500212025924071,-0.499899710210206,-0.500160692858577,-0.50012434980374
-0.500014148109507,-0.500087843774023,-0.499804841309807,-0.500034510123976,-0.500043697218086,-0.500144720467864,-0.500168528926851,-0.499823705190889,-0.500181972803702,-0.500129940998801
-0.499918906174077,-0.49996063196558,-0.499697720998655,-0.499897665899834,-0.499906505595503,-0.499914846100083,-0.500123065323099,-0.499816656885955,-0.500091776462547,-0.499980422801449
-0.500040536658493,-0.500104860492477,-0.499818519017001,-0.500048493759703,-0.500048914954536,-0.500134515516031,-0.500230788541019,-0.499924576166123,-0.500192131824839,-0.50014025265008
-0.499890549346806,-0.499947135871165,-0.49968360125057,-0.499940264190403,-0.499904964644929,-0.500019315222194,-0.500070988307877,-0.499787068444946,-0.500068316788756,-0.500042090639237
-0.500056961974188,-0.500064928948396,-0.499771106437793,-0.499942352301532,-0.500067726910018,-0.500129344947715,-0.500204820095639,-0.499912803946648,-0.50018165738921,-0.500140631564931
-0.49989375169873,-0.499945330307546,-0.499704180427062,-0.499916501210574,-0.499877916163851,-0.500014067290018,-0.500093393444032,-0.499765234655921,-0.500029398607838,-0.500005933429379
-0.500028921489312,-0.500072641793557,-0.49966561592005,-0.500000462597104,-0.499997432120786,-0.500120542866084,-0.500157663097099,-0.499848433687834,-0.500109228672535,-0.500037170710059
-0.499997533101257,-0.499968662791464,-0.499638043541662,-0.499974172312147,-0.499987868943761,-0.499988701249827,-0.500108155790595,-0.499778963317208,-0.500018088348182,-0.500000002462114
-0.499996179080622,-0.500097881493093,-0.499714044584177,-0.50003499095923,-0.499950004603078,-0.500138576193372,-0.500174660238226,-0.499812663116047,-0.50013586848828,-0.500081953429957
-0.500068372947099,-0.500099678305518,-0.499770270732781,-0.500045121574154,-0.500088118298495,-0.500163348747164,-0.500195980364291,-0.499931737284464,-0.500215125652097,-0.500116089542041
-0.49986182072037,-0.499947607778806,-0.499668481872957,-0.499940684958557,-0.499843270199503,-0.499929439689461,-0.500017414567691,-0.499777070390346,-0.500020246669966,-0.500010368581974
-0.500067427778272,-0.50007517102854,-0.499869463156073,-0.499999504791132,-0.500014217180252,-0.500160593169509,-0.50032237705114,-0.499989656815408,-0.500228599739259,-0.500117204070422
-0.499893434696958,-0.499937688228617,-0.499650984522296,-0.499888540848869,-0.499889126990221,-0.499973058492406,-0.500059582195741,-0.499756771543152,-0.500051072475878,-0.500021737238
-0.499869183845063,-0.499917930696709,-0.499647698015713,-0.499885041370759,-0.499851670728387,-0.499983564843456,-0.50002409324904,-0.499766758162157,-0.500006338054839,-0.499964445690742
-0.49989598270996,-0.499913865167326,-0.499641432924598,-0.499858894341513,-0.499901606965137,-0.499909998457055,-0.500089844032994,-0.499771773957469,-0.500021153800234,-0.499939009463713
-0.499857799824658,-0.49993274231002,-0.499654403682608,-0.499871876969542,-0.499887620734633,-0.499911032653391,-0.499986103370297,-0.499747308726241,-0.500051165434388,-0.499946689928818
-0.500087769150123,-0.50014649011987,-0.499860381436071,-0.5001075000799,-0.500104048511328,-0.500183089672421,-0.500278157494624,-0.499998043523803,-0.500243811881472,-0.500200668285809
-0.499853033060982,-0.499925990090915,-0.499598816088029,-0.499832562477759,-0.49977950473604,-0.499988773875654,-0.500060357602959,-0.499741776198129,-0.499925225519513,-0.499936851248754
-0.499805716545578,-0.499872258502057,-0.499562863373922,-0.499808471238488,-0.49980825573794,-0.499881866017106,-0.499966071339882,-0.499681020916503,-0.49995030575109,-0.49990793027927
