-0.500018850501343,-0.49996718692076,-0.499982235274832,-0.500057997565026,-0.499998318421613,-0.500027077321349,-0.499994356811499,-0.499947294007729,-0.50003548391529,-0.500026514763983
-0.499987346331767,-0.499998934377548,-0.49992270662418,-0.499991799431427,-0.499937707089739,-0.499961457585742,-0.50001233790093,-0.500009797418901,-0.500018010617143,-0.499974008160551
-0.499990426718856,-0.499942519244766,-0.499980087606633,-0.499995543473863,-0.499978250631738,-0.499986383409315,-0.499954038219968,-0.499916042223025,-0.499997035822565,-0.50003031134146
-0.500028252501528,-0.499986846816914,-0.500004649473979,-0.500050310755623,-0.500010962114689,-0.500030955845018,-0.500030230206152,-0.499933656152764,-0.50005839588832,-0.500044733093836
-0.499976350685219,-0.499911979372025,-0.499988012949751,-0.500044422708814,-0.500014400691404,-0.500010078737316,-0.499950518240241,-0.499941921171844,-0.5000379567009,-0.499990693453719
-0.500060187893408,-0.499952290508096,-0.500016015423758,-0.500038397058107,-0.500057470959981,-0.500044991878967,-0.500081621816948,-0.500037750411801,-0.500053134148524,-0.500005278735203
-0.5000213143277,-0.499896303648446,-0.499924166657564,-0.500027593831635,-0.499964253337304,-0.499986243169232,-0.500010109502048,-0.499931515652327,-0.500054926801406,-0.500030361162334
-0.500001457567902,-0.500003469115856,-0.500006228107924,-0.500146490859204,-0.499996363040674,-0.50005449344315,-0.500073656499932,-0.500016530337999,-0.500041356236862,-0.500031588291643
-0.500004878483263,-0.499997164941297,-0.499948105449018,-0.499982923301835,-0.499907920659971,-0.500029946473472,-0.499914546987002,-0.499895711336255,-0.500043468808266,-0.49997553393401
-0.5000573767444,-0.499926637115713,-0.499958477886228,-0.500076822203952,-0.499951893682789,-0.499980776567727,-0.499914187299395,-0.499921211979387,-0.499970992604966,-0.499983894770805
-0.500078663793969,-0.499914094328104,-0.500025283163082,-0.500066620785125,-0.500019018145649,-0.500088671403696,-0.499998393596865,-0.499979018517705,-0.500069077101089,-0.500046577720313
-0.50003980185406,-0.499883785349857,-0.499983027639584,-0.500039791699883,-0.499972485077048,-0.499958781938302,-0.500015437239343,-0.49988241780181,-0.500010384495593,-0.499974125464514
-0.499964898103068,-0.499985288985108,-0.500004452875988,-0.500086989589031,-0.50007252025164,-0.500059534079324,-0.499967163974893,-0.500019341292711,-0.500122053504239,-0.50002335536836
-0.500063762477941,-0.49999083902402,-0.500039756379062,-0.49993418256053,-0.500070790095518,-0.500032221305165,-0.500041129290142,-0.500047665845024,-0.50010267674606,-0.500077201652673
-0.499975552212146,-0.49988925350439,-0.499939283582327,-0.500029164052282,-0.499973830613018,-0.499999242688898,-0.499946485472716,-0.499872392022025,-0.500015297808759,-0.49998609650905
-0.499970057257967,-0.499974712500613,-0.500003121481176,-0.500109696339744,-0.499995869950292,-0.499962399645719,-0.499975635850306,-0.500012558176555,-0.500142283559996,-0.500043476072464
-0.500079981456572,-0.500004131359935,-0.49997672387904,-0.500064173116066,-0.500051291963782,-0.500114882245025,-0.500005076199799,-0.499957319350751,-0.500053273763361,-0.500080671390465
-0.499971563011331,-0.499867222586214,-0.49996135162421,-0.500056802435487,-0.499943052583144,-0.499941610212015,-0.499965233082436,-0.499951171175101,-0.499931685525176,-0.499957701432711
-0.500019417709448,-0.500010866399672,-0.500062353765433,-0.50006450681957,-0.5000107668073,-0.500106608580174,-0.49993924031658,-0.500000600164931,-0.500039244333462,-0.500141633232323
-0.499993896022553,-0.499858194582903,-0.499932870081419,-0.4999533169358,-0.499902418675181,-0.500012625241085,-0.499918046440033,-0.49994278234773,-0.500010244036376,-0.499985043762471
-0.50009709768397,-0.499995481660907,-0.500015769781672,-0.500114335536517,-0.500037012083351,-0.500081570894964,-0.500018894255528,-0.500028335732591,-0.500095217255598,-0.500076816524242
-0.49996803123689,-0.499869122799634,-0.499901813847991,-0.499977972917269,-0.499916968256063,-0.499938402275393,-0.499969807704557,-0.499916917985169,-0.499998996859801,-0.499958131752851
-0.49992707038954,-0.499893422915908,-0.499884853468132,-0.499955135567186,-0.499896109472027,-0.49995176521848,-0.499983900665101,-0.499930575271713,-0.500040715310438,-0.500000199016719
-0.499967557823085,-0.499893510289092,-0.499921259359931,-0.499988656746874,-0.499955752139587,-0.500005901733158,-0.499957834444363,-0.499834564986467,-0.49999488234623,-0.499953917479716
-0.500035583881558,-0.500040825006805,-0.500073054758271,-0.500130149054563,-0.500064206012009,-0.500025112673523,-0.500066862480149,-0.499942744465583,-0.500109072213992,-0.500056742415378
-0.500112938715575,-0.500050639203156,-0.499941972546541,-0.500027431559011,-0.50000462419422,-0.500074058579798,-0.500036325363485,-0.49996148872092,-0.500075899617805,-0.500143238148115
-0.50007993167036,-0.499974929371121,-0.500105017645742,-0.500146249768452,-0.499973812379867,-0.500107567196607,-0.50002111093469,-0.500002804821482,-0.500061592312404,-0.500065034015643
-0.499933722856816,-0.499888862174898,-0.499932748085584,-0.500042438075124,-0.499937546248897,-0.499904426525042,-0.499939085769258,-0.499863229735302,-0.499973228238756,-0.499951177592447
-0.499994855365757,-0.499892256177904,-0.499900478492048,-0.500028237870036,-0.499866268786915,-0.499969301886236,-0.500018664430983,-0.499904842452391,-0.4998894788492,-0.499979060084876
-0.50010209398679,-0.500046738223136,-0.500044263619175,-0.500120550409489,-0.500071560476267,-0.500091510997066,-0.499988513677805,-0.500007984324344,-0.500128543863125,-0.500075192867983
-0.499930597850439,-0.4998663197142,-0.499901868877766,-0.500025069845918,-0.49989969751141,-0.49997466295312,-0.49992060403733,-0.499846527509188,-0.499964934166092,-0.499977912600014
-0.499909729344924,-0.499860552532996,-0.499925504146663,-0.499955783422694,-0.499912171666835,-0.500010563253577,-0.499965444509897,-0.499841584706455,-0.49993069935905,-0.499944138041188
-0.500004115807741,-0.499853145443656,-0.499915411659374,-0.499982494064657,-0.49990486896954,-0.499923446615401,-0.499863450274471,-0.499891439795134,-0.499936694581385,-0.499959504296259
-0.500098815813566,-0.500017841047359,-0.500048146241474,-0.50017523472221,-0.500051868431305,-0.500097249939371,-0.500086637599354,-0.500045274201004,-0.500120780068851,-0.500087479136377
-0.500070756640876,-0.500057374334792,-0.500058195157577,-0.500168125237337,-0.500092347499904,-0.500130459847468,-0.500028406500814,-0.499968289590344,-0.500145928703271,-0.500078574555318
-0.499909547008477,-0.499872276310415,-0.499897217822556,-0.500013283523892,-0.499872926990674,-0.499934778526503,-0.499901653673131,-0.499858828280511,-0.499872776596263,-0.499899144250047
-0.499906623295518,-0.499863951746417,-0.499906284865031,-0.49999304956188,-0.499853186626175,-0.499903146496393,-0.499906528472003,-0.499829441172884,-0.499929163196687,-0.499927642780567
-0.500062765893427,-0.500091710104222,-0.500043554074486,-0.500179625586498,-0.500051230242585,-0.50012154209448,-0.500127097716967,-0.500077933682676,-0.500099397124979,-0.500160112476834
-0.499931365411296,-0.499825229863691,-0.499848346156507,-0.499995091556808,-0.499866451219968,-0.49997403671826,-0.499864957228696,-0.499819528302065,-0.499984876359935,-0.49996690599034
-0.500152882821483,-0.5000882277674,-0.500123968289759,-0.500152796027545,-0.500114787543011,-0.500133248340426,-0.500110333289854,-0.500086292802565,-0.500140759458451,-0.500137213679075
