-14.3470130903505,-35.4793552964884,25.9967129803018,16.1739142330284,6.68350345313507,20.8110496839192,10.677057400185,32.8244914367482,-4.78068608959448,17.7080741363006
-19.0091041020194,-35.4900121477949,8.89178196032871,7.0487560222579,-1.65328561703994,10.2104128544572,-21.6524920025188,48.2082049864588,1.043548773251,8.91058279717633
-45.1893504592824,-9.54972981241633,-7.58984350096455,26.0049427327804,4.83717581406563,5.71186828572225,-24.6320988328702,21.6912010155775,-27.5457594514407,-12.6920584927631
-45.1893504592824,-9.54972981241633,-7.58984350096455,26.0049427327804,4.83717581406564,5.71186828572225,-24.6320988328702,21.6912010155775,-27.5457594514407,-12.6920584927631
-24.5955708543553,-21.3831058303181,-7.51674004508524,33.314331162382,-5.42441933178357,21.560393388855,1.31408140162645,46.6828652391266,-18.3681863326413,-10.7241156144519
-32.6284736241002,10.4248443612528,5.33519642350128,32.2049086699808,-14.2440582984814,40.6605617163795,-14.3393743380362,24.601914698031,20.2717092447543,6.35574312330162
-41.6169498364728,-39.8255801173086,-46.3886391458976,-3.95268886434871,-11.0844054620873,-5.23233993604426,-27.3278214247246,25.8874762654004,-24.7730291973322,-27.1325847723505
-42.8356458671002,4.53183969822709,-7.0881225856648,31.8706536876677,8.11200706880796,81.1857345482757,-34.699843091362,15.4884918323576,21.314480100971,6.20243836672632
-23.4755447740846,18.3697723477319,4.35896863632106,34.6977863947438,23.4782144482691,60.6676494380657,-15.8702933343453,71.7845664545131,18.3344469842385,24.0176962347046
-76.3428653088775,-15.6049148245063,-76.4888637357124,-5.77422434592478,-24.0788533866575,-37.8818714780652,0.00875261704370445,-31.0567211021065,-50.9010524564018,-6.96731867297271
-10.3099218766764,-31.6763433959348,-1.80825194983748,-35.4204502310272,-56.7097693514861,-60.9364210951149,-25.6410790327879,-37.0926782815091,-80.8960019513513,-3.86019188163538
-76.7744778749168,-29.2589302856572,61.180619761871,-15.0077393227596,4.315754790661,51.0151771279757,-7.76222754440824,56.1583257071369,46.3070042343142,-0.528108615727014
-32.8966751899787,-21.9203152242504,0.359249990932781,8.59507105152333,37.8321527720765,25.5102880914062,4.82388923784252,43.5691329090262,-9.83834829489372,-3.51859715253362
4.20264900927771,-49.0383953687265,51.6341759696709,23.7527574145334,-24.4651458658063,16.1118112764322,16.5302255625275,22.0798499644703,0.276976115704777,38.9347454251349
-9.92437462232425,-34.0403408808302,-11.79808501587,50.9456791853285,-29.2832323320022,0.088195408186543,-34.3385835774468,56.5912182261661,4.68479708743256,-6.40149554823155
8.17941972102205,-69.7279606946445,6.54636424435326,27.4804929192454,-15.0350034175513,-79.6309906548597,-3.56517405038951,86.3366194815734,30.9202128651957,25.5800408935161
-41.0277497865342,-87.5957126679249,-90.2838114518625,23.3353686834195,64.1645701101471,-13.9104356695585,25.4682167399723,-15.4143299269093,-18.4918949671258,-4.96004635038259
-16.2944665187319,-20.8458964363858,-15.3927300811033,58.0335912732406,-48.6809914356436,17.6104986863038,-2.19572643458963,49.796597569227,-26.8980243703889,-17.9296340763701
-16.2944665187319,-20.8458964363858,-15.3927300811033,58.0335912732406,-48.6809914356436,17.6104986863038,-2.19572643458963,49.796597569227,-26.8980243703889,-17.9296340763701
16.5745809358599,-2.14665728190503,15.0840751692213,34.4019348020817,-19.3231928787248,46.3450165715109,17.4158382184671,70.3174248867609,53.4907888366357,18.1553883780168
-32.3602720582217,42.770003946756,10.3111428560698,55.8147462884382,-66.3202693690392,55.8108353413528,-33.5026379139149,5.63469648703568,50.3817667844023,16.2300833991369
23.3879425477369,-41.4323715676193,12.6909127760589,-57.2137492913555,39.2244990011417,-3.63313028163594,-52.4023435997147,69.4795530811471,13.0463443921912,51.3537689448184
-17.2100696261402,-92.9652738452823,-36.2055087343165,28.445896426773,0.417620168734061,0.295912243471648,-82.2585831405422,-59.5662883868736,-45.6665826708252,-46.5739342642841
-6.69954763364498,-11.8840742615604,-57.5701402117258,-49.556913188758,72.9013097575768,52.7164656522841,0.159687250736955,100,-2.41629607802835,-40.965647782616
-7.23972504179199,-7.42584125617241,43.3137625329784,39.9823611441371,-30.9998211119153,66.4461221268721,-77.0255151963705,-9.11220112207187,-49.2382145759565,35.6014120918015
30.6359030320405,-1.47483405511113,-44.388099081052,68.3677489026459,-19.6506198846379,3.90163209831624,7.32011938011536,100,21.5778035014942,-28.8672035853899
-11.7293051142199,-39.8489901078552,12.743836408718,35.7152217146191,-4.40421347543123,16.5294955255136,-14.0091472898826,73.501858423916,23.0561318318756,14.9710140091473
-5.1215330140602,-49.0597090713395,17.4243139297246,5.50244099299246,-41.1387240061564,-5.08946238249174,-48.1288732428802,52.8472770638915,11.9254458413957,21.3397627468863
50.63996871166,12.9432444984931,30.8755826275986,-26.7453286474968,100,11.5146205818492,-17.0169609140427,33.7522752542773,42.3562816587659,100
12.803649823259,-47.5924935593853,37.3780448483249,42.6067613956549,-24.2913743630537,-12.6685557012281,-2.68203810530363,41.0584544925851,43.4518635708952,19.5208866195234
-52.4987509621764,-34.092719597214,-76.7457820030405,-65.4911504028102,-51.0157555765038,50.8487411450368,-91.0459623542598,46.475711559518,-16.822718638326,-11.5648192045849
-22.1823894756929,37.4546847757496,3.13702776871055,75.9863753993494,50.3321527720765,67.6155512493009,73.7894064792218,46.346910686804,90.1616517051063,10.7671171331807
23.4765359376982,-26.0791979835556,-34.932429621728,82.4430632654373,35.2253097876139,17.1867995534318,-9.34105551892699,24.5323328704181,87.7359521840125,30.3707286239654
-22.2543663211209,-85.2477719673634,-41.6230667646523,-100,-8.9716741133909,-6.45272544294096,-70.8480507103479,-34.6521275931486,-51.0275808987197,-60.6977987192422
-4.1471143280065,-31.4676561254815,-100,-9.19223715550463,66.2770128968441,11.1393241205377,100,58.2292582086498,-42.0517725604704,31.4479004959676
-50.4937705757118,-25.8655227698803,-32.1526719595754,-58.2843614837265,-59.542518108451,21.6501320655448,-61.2458174236889,51.4140533005256,4.79477571342427,64.221660300984
-34.806228191143,-100,-48.2317733473796,-49.2847782853809,-31.3272903985081,-42.0070898403401,-15.733285220917,40.1685250905826,-15.6535455874792,-47.1911481530149
-0.983156057442997,-8.83552457970751,-100,-61.4595059053539,-4.89026948286634,-40.2063225015476,30.4954263550587,82.0123125834432,20.7449228379758,5.19362502787821
-57.4820257285861,2.82085559941771,-15.5389369928619,43.4148144140375,-28.1578011439452,-14.0865515199617,-54.0880869035829,-0.186730877871227,-45.2531706079878,-21.8655198329926
-65.3823879008372,-99.6669827355406,-32.2216815124938,49.4875577439589,49.5947848214167,5.97861758615129,15.812221067795,33.6807592238434,-47.9304850118562,5.61873863497297
