-7.11760517984698,12.3400674636879,-1.97768682978531,-3.90161761554243,6.90368013450157,12.5319707194422,1.41301828417639,-2.61616256917902,-9.63439298245396,-4.34376043103714
-10.6640238220628,30.0487828268746,9.85172764237095,29.6520579840488,5.30226348951825,14.6060805993397,4.98393347125653,29.2500738584007,-6.42983988755505,-31.1725469157235
-3.13476204259207,-17.4676248440044,8.57786872577024,57.9579649271521,25.5801507227369,-21.1670888416863,-1.471597100439,23.2171707641543,19.9734501548009,34.3508782636016
-27.8213737890634,34.4506017598559,-4.04281338465711,-31.2962774540079,-16.7843851843589,55.5497386875017,18.4144127293426,26.4714337410346,0.176662256956419,12.3614230089547
56.1984956304969,27.4188768638195,7.68749194657804,-12.7075862683182,-55.563226273343,-29.0149404552646,-16.3057185005048,69.2628020863462,-3.43813499812174,29.0261702637758
1.10629118329746,16.0915496058342,54.3917872719666,-7.08066153102688,53.6162158248014,50.1892231805683,-50.4348607430013,22.7607364749826,40.9639000043162,33.8418937620065
1.59691805740396,-44.7370885045971,-7.12079953103755,-36.9036301379038,-14.9599641177045,69.0593896528762,40.9626229112065,-63.4674228907783,-23.7316146378152,12.9473718600951
-11.4600796975085,-83.4087481350891,-24.0934439934371,-74.426965017203,-6.98776662182354,29.1851034130269,-38.7671750684381,-10.600412541338,-18.7039760634103,-46.5395799209528
-52.3326956170535,-19.6945164164144,-95.0261730067716,12.7802771966418,-9.0329917979733,-17.723075746952,-62.6054158731722,-24.0071412332849,0.998712791156791,40.1389545298544
-59.3787055659474,13.7480788071831,22.9428706380531,100,-29.8935981183235,-29.4151875695451,-22.2194902748028,-3.6875911406076,-46.2444061576845,16.451599180112
24.212298765271,4.62155668088484,12.1979697719205,48.8706693759975,7.08212212483288,90.8256761459871,-38.3559564910614,-72.8591016927528,-20.2966638016187,30.793514954826
-7.11760517984698,12.3400674636879,-1.97768682978531,-3.90161761554243,6.90368013450157,12.5319707194422,1.41301828417639,-2.61616256917902,-9.63439298245396,-4.34376043103714
-13.7085236315174,13.7359265055303,37.7251206052999,-8.15018024760442,38.3220981777426,14.2801322714774,-13.2427425164003,-21.3408969188468,0.927668120258232,-36.8120137340063
0.347929774174105,52.1751056187898,5.31563368590434,-6.13657079410979,-18.0301326811875,59.0418779737581,-47.9133441740749,17.206675463981,-13.0228754034836,-25.2107366482489
-31.9315364277262,32.2879316544374,-24.6330474423777,-25.7573225792252,-59.7649197310677,43.2294767089622,20.8044213974703,81.7047563173563,-58.7099597842781,-33.1566102382739
17.3147912891932,100,24.1057648751663,14.6043210018069,76.3787341572309,36.5365617384919,42.6839688462328,-10.8729804767837,11.4592962356075,42.4006881616835
-17.8542994642217,-20.694617537896,-38.6241097332084,37.462172008826,6.91439424056632,7.40649317126912,-8.17940558607643,-38.7314532307242,-57.1911823337051,52.4477564472677
-0.484359182142512,-43.195886817706,-64.4925622487041,35.3464661149663,10.6043345629212,-22.0018944072102,-68.9437442864078,9.82228338346975,-32.6324416719751,8.84288636985394
-54.6987786913964,61.3100148218443,-30.0429497789093,69.5361734046924,55.7297722730052,26.2631943526027,-28.6926398938898,-74.0508660098976,-27.9351199394405,27.4841284213542
-14.2104424642787,47.7574981900613,21.6811421145272,63.2057335836401,3.70084684453494,16.6801904792372,8.55484865833668,61.1163102859804,-3.22528679265614,-58.0013334004098
17.1810505770204,44.5037652523857,75.1868927766548,78.7972807932703,-4.33353093029571,22.2597607103901,89.0052585701213,-10.7117943729547,31.6094407032402,20.5425544552777
-9.13859424824985,4.15014790986186,4.23463731866003,71.5330411560558,59.6615881360536,48.4932693068829,100,-1.66996525579421,51.3402193617236,23.6957756564009
-8.52029366611232,-9.81902344540303,-27.6485276169052,-6.92487342949592,-54.0322804566314,-40.7397220259347,34.9308321893995,-67.5879139816084,-60.480058944399,0.984424897148187
-30.8315298626508,20.8766168184938,90.3542892122971,9.40830361763125,0.62896572510661,32.1480794837365,45.0767895481835,43.7092443608475,2.6518161787552,100
-54.0127448641555,1.74998202364109,-38.4128036757,-11.403650238204,-2.59106853623136,-36.8827937524313,11.1146928413874,-27.2128848139737,-90.3850376918403,9.90223593582465
-5.5869133258678,42.1438633770855,29.8797636874743,-61.389721444319,-73.1047903638717,-39.3226438453854,-28.2549948604487,-23.999819348749,-62.4602734525741,-84.5644949987059
34.8238987364095,27.2658113750846,73.836519383949,8.15454692304711,7.74719170577838,49.1915673034929,14.865779523116,31.3767705629569,54.1017281130421,44.3854687874364
50.211320715131,7.04983641634219,37.124528315198,39.6877733696021,-5.95091764120352,-10.6754021959168,65.4888067795301,67.8736204147194,1.00778215120579,50.5968911622863
-31.3316545854908,34.3208056836013,-80.4822071051719,18.8715731204474,-32.7507660586909,-56.930920631874,-35.2830338892233,-19.1034699337998,-54.9876932062254,-21.949323944145
-49.1619031508576,33.1615916124308,-46.7804803895791,-45.1506099460612,-24.1462118200397,-4.32371210732327,-57.2215511799462,-58.0186872732774,-61.0640358229268,-29.3733817641144
-7.11760517984698,12.3400674636879,-1.97768682978531,-3.90161761554243,6.90368013450157,12.5319707194422,1.41301828417639,-2.61616256917902,-9.63439298245396,-4.34376043103714
-100,-15.7107089234791,29.6749704443718,-1.45671006623683,7.50276516498285,19.2964369983672,-16.0903129595128,-11.062766536135,-93.7702670342693,-91.6464498854546
-98.5461766084184,-31.1381934058773,-14.0466523470267,-43.0320523981511,-10.6401795146212,-26.753743566272,-60.5869817158236,-45.4733054263219,-27.6671798676999,-98.7882048754816
-25.1609873999419,-57.2610924485141,-57.3783722738274,-74.3249388917316,-44.2905119643399,-28.9817835045251,-75.8348267932218,61.3573235083938,13.2123447837623,-67.9939821781931
-15.5422896550263,-2.70640389719211,-6.5992744023167,-12.516561265636,-4.74263005627814,-5.05792702154734,-9.77669733318248,-3.38029630490713,-27.9248626558686,-13.1353019940901
23.2784205400382,-2.07926863534021,23.4983890141149,5.69370112679305,0.723676290949761,-0.550736308511311,-19.0236094656964,-5.95383053469689,-16.4916641746917,-19.7260225273455
-43.9033194655613,81.9253209199091,71.7024373938172,46.1484324345076,21.3984536536653,-10.5564850526717,30.9337154519324,-2.37806733108379,-23.4604799389757,58.9679278806512
82.2763342140924,41.7518321695702,50.5223131702147,49.2233823844576,70.0615748713437,64.7058837629205,33.2312001023582,56.3581964051799,78.1704850663265,8.9895729022962
-100,-22.0154052552717,29.4947758926774,-27.2817751491951,-26.6983802632357,-18.2358117519693,-84.8443448481868,-24.2510629948403,-23.5235131215741,40.3320484543771
7.92521891466522,-13.7565308900795,-55.3269945400177,-28.8894557263689,-9.55426907589041,62.1187931233366,-27.4047790984033,-12.1682544128401,-24.4432005927503,14.0851597065198
