-2.91967329452608,4.11263972059246,7.02505237177005,0.746973783322942,-2.91572708011594,4.9651676171789,-5.52319145098242,-4.29628599837019,-18.8224722436366,-4.74787683835552
-7.64499672108622,7.12787909394998,-2.50366211736436,-8.5711126227723,1.89780434119261,11.9201701462694,-1.07112741214328,-0.526585055452049,-13.303670319836,-4.5183584366709
-10.675911135474,13.3078926091446,0.512914673974085,-7.75493114490155,-2.4990118633502,13.1187147939626,-2.76752235313117,-2.29623395977673,-2.99569253207588,2.02586036280209
-4.23442065603745,15.8338562835637,-1.75447254407103,-3.40558586951069,7.39971188053332,12.8154174314604,3.76264234432676,-1.25746691700511,-5.8397501253111,-0.120787458064167
0.941053460937517,14.2594606736844,6.35288429591529,2.60905417530459,9.94620417077551,9.95312771349813,-3.14849783309461,-0.419801858728158,-10.7277673964121,-2.40244105638723
-12.961317826881,4.52000806502632,-4.33964742948187,-9.30210677481909,0.331388301092356,4.56306771276628,-3.52726776302047,-3.00560870152375,-15.4089334777307,-9.26982042497499
-14.090401571442,16.0578718616885,-4.68553544614252,-5.79722234866375,-1.04719367163539,7.99521420900152,-1.67392866452687,-5.24986238932901,-8.08464324041802,-4.67518103539096
-4.79853081264242,12.3344877764443,-0.690176116939981,-12.8849351866918,3.68382494096217,11.403009537921,4.1519782406286,-1.73374819992255,-11.1459038531794,-9.79601495227701
5.01432033419306,3.98148838470048,1.00504355179502,3.30714423932341,1.44285384040389,-1.29419467845652,12.5008877137792,9.50381079754417,-18.2227819705282,7.86770686465076
-6.32300504314158,18.6288028680904,6.05548172296411,2.44675409073038,9.63709554323039,13.109863359752,3.37383875832688,0.285623145106689,-3.22438299507951,-1.8761669612885
-13.8668646922644,5.01368398981358,-3.12959197895258,-8.1609302785639,7.01884779620325,8.98022107221493,-5.69048872705324,-6.87381957935151,-11.4192121732882,-14.2899600647368
6.58489158042108,9.21753923727967,-1.75437459183483,-11.7422075230973,-17.31297766801,0.975652282490678,-8.20007899014383,8.22638561224615,-13.2274942455966,0.991203445673611
-11.4608496546704,4.6033546321158,-3.75073571161231,-2.93151057545998,6.9910003999348,9.56636384851051,0.408091055737072,-9.58279790752489,-16.8127636194712,-14.559237910514
-10.9268493371636,14.6261289154599,-7.05948155140356,-12.422942485805,-5.62617118209828,17.8799326136972,-1.81648908201078,-0.713323396289249,-9.66369384191472,-5.5992066034251
1.66246187089676,18.6868596232984,4.41624464903581,4.63802743726051,12.0565362330814,18.7336161373348,3.82161134689682,3.34253042152141,-1.5769123750641,4.40343650868057
-1.23370391641845,9.3920841143176,-2.3831532153549,11.8152598485624,12.5000814189997,14.6709880479802,0.413033090795078,-5.6568305593397,-16.2622430677268,9.5790656433421
8.27664298091421,7.43190879482197,6.36700615059972,6.89720796325601,3.45087252730999,7.16748881506059,20.3946277456772,14.1649037471167,-4.50919146094378,6.5082179434842
-3.0009224435054,3.97499328162063,-10.4414109718774,5.02485610633915,10.7531149748793,9.42244654371786,3.87890419285551,-10.3657454684834,-20.5098664945735,12.1551718086863
-9.54421156060709,8.04932384487086,-5.7610178594667,10.0450990213189,6.853607709399,15.3052090054277,-1.09719392939399,-11.6580387015661,-14.7756543037549,13.1011642407469
-7.98134224300414,4.66873728570762,-10.0232211270697,7.66013519482283,8.68619888658167,12.5733526551503,-3.76407634947226,-13.2845956241757,-20.5067252409017,8.73016920870713
-1.55326820103631,19.4903316901455,0.427940536397056,6.98751776462099,15.6028076959526,15.8242542320376,7.65660449620098,2.32196399723701,-8.90134342734927,-6.49868701030583
-23.1701796366478,4.31564077869375,9.16779294058948,-9.85489969709459,-3.29135375824708,9.65375822038138,3.1094090449063,0.289074691934493,-12.2602289184646,13.0829843398952
-9.06099988066546,20.5468131183852,-13.8370619841538,11.3813712080688,-1.09810784398271,-1.17716182130415,-4.81780230000363,-1.02226872750827,-18.4597752551715,-2.56596966412369
-14.5203820119668,3.16026295735796,-8.33592940303149,4.70321867943857,6.33341187096571,8.4834671507911,3.30617260320454,-14.2345651267768,-24.4505769043741,7.03821274435884
-7.9344395267228,15.0209245332861,-18.8839490471852,7.01095148480882,-2.42981733549734,-1.56596727165459,-7.24211944589032,-7.83580362492475,-23.0077801835556,-4.79225436106113
-7.99075209008562,8.08624650867323,-13.0744615296177,5.21015332127944,12.0674986905788,1.28779367222288,-2.57269432051281,-15.4043837308059,-27.1323132144587,5.99393538429201
-6.81630026101803,-2.87783431910143,3.47280600624712,-12.7003663601679,2.44027533711421,27.623136128069,13.8115422090946,-13.8833885246367,-10.3926237268621,3.15212424106012
-13.5421180965797,11.332670410855,19.2580165403412,-3.30231191042362,3.10285867500997,15.3755583500762,8.84464054268688,5.61697487761331,-7.42689599169084,20.5901059440033
-20.1058048456782,3.21099478198361,-11.5866702257753,-16.7439255913643,-4.84444016625031,-0.14620910511916,-8.25176868324216,-13.8682511238992,-19.1302610309536,-16.2778926365509
-1.53090652712912,28.8115296816581,10.7827722233849,-10.2198948918238,-4.85908911916444,9.3975777298644,6.20953118950449,-1.63362739166651,-16.6909001243631,-15.4550348206569
-11.6284507348707,-5.06022251436263,-15.8278581907958,-21.5074479345897,-5.89486789020879,2.15353216345041,-17.8989429851732,13.3772089502142,-3.9227085408999,-20.2563158678261
0.790587581557258,13.440667110269,-1.25129130250826,16.4320650193842,17.4581287111431,21.3452824797117,5.00785347508915,-4.5126657996143,-11.7347954163403,17.5020990332685
-25.3888871806646,4.02565710699092,-11.2062197101866,-5.57064365683098,-0.17565874106773,-5.64356668089873,-1.85488291457754,-9.79395633004352,-30.940011089161,-8.75233533383178
-22.7059420099601,7.88246104916295,-7.27642862800281,18.2284880576455,-8.99342650574874,-7.24471902339916,-14.5586448886335,-5.80426675822306,-26.653009614636,-3.76976388664586
-15.3044927583405,-4.47612959967225,-13.5619923107575,-15.6097230853141,-1.1089367453796,20.4804558175834,4.70389266769357,-20.6346977579305,-21.2817301382308,-8.34184637571751
0.360733231804938,5.2193316728014,4.13483844583666,-4.86828615966661,9.01922270553527,34.5890804005148,19.2417844814422,-13.3673926526037,-7.06534000030429,7.70053229824011
-21.7332476514424,-4.25192175953508,-13.1115772540433,-18.0740365993805,-8.44054152346905,-4.20886211179513,-12.2991975875819,-11.7775385260852,-24.1808633022921,-18.0417502495364
-29.2832328579676,2.00958688461962,3.81646604202263,-12.9434753046668,-1.00023567685749,-0.954416499502481,-29.7863302247262,-14.1911192820349,-17.6901182374273,3.38156947192096
-12.7562702837429,-12.2657362988238,-22.2289961708812,-23.2052408038597,-13.4859610076177,-5.39440745303266,-21.0717686663975,5.02299006967951,-11.1595506461631,-26.3966667450191
8.73776257890551,23.7715246944342,19.3061200151445,21.2119638691267,8.38322448609674,25.6869574328655,28.0504420086976,-0.100345371130058,4.67695101830253,11.2306841508445
