-14.3470130903505,-35.4793552964884,25.9967129803018,16.1739142330284,6.68350345313507,20.8110496839192,10.677057400185,32.8244914367482,-4.78068608959448,17.7080741363006
-23.3536425742861,3.64532432513377,18.1539279181858,35.9943302607333,-29.8183829579521,38.310942512636,-11.412790256865,19.229593961892,22.8005403474039,16.9690787677187
-18.2647012830217,0.987664739630588,14.5668703745062,46.0801448161889,28.5078281126058,44.2133004666101,42.2332319397034,39.5857010617761,42.6904828077559,14.2375956347406
-4.1377405395766,40.1382837168595,1.13182335875781,-44.6568491185077,-15.6221172731411,70.5891041342027,56.8546525045835,15.7130246888046,9.9327366907395,-53.54699985758
48.191001898653,-6.60545164536148,-35.0883200172024,44.679172072648,-32.0174381441774,11.0470067703685,-20.6138843527062,-10.2421537738371,-94.0911506984455,31.9951873089482
-14.5023805269917,-37.8635636319259,14.8361659991031,-69.6882030639345,-33.6617815978242,-28.5562754491876,35.0179891836985,20.327445039158,-92.5407249728538,-18.9640370147439
-14.3470130903505,-35.4793552964884,25.9967129803018,16.1739142330284,6.68350345313507,20.8110496839192,10.677057400185,32.8244914367482,-4.78068608959448,17.7080741363006
-19.0091041020194,-35.4900121477949,8.89178196032871,7.0487560222579,-1.65328561703994,10.2104128544572,-21.6524920025188,48.2082049864588,1.043548773251,8.91058279717633
-45.1893504592824,-9.54972981241633,-7.58984350096455,26.0049427327804,4.83717581406563,5.71186828572225,-24.6320988328702,21.6912010155775,-27.5457594514407,-12.6920584927631
-14.1596439983614,-75.5567147790244,-50.3455371451237,45.6450306006008,10.3551771681265,37.2889677521353,20.3252046235976,37.5660918722203,15.491343431555,-83.9684094646671
-71.7681817748164,-69.8690399089497,42.4801749773596,48.9174827815469,61.5955799081999,32.2908331866087,-1.81623039376195,31.6056723131194,23.1282426079043,-51.0092335575416
-45.1893504592824,-9.54972981241633,-7.58984350096455,26.0049427327804,4.83717581406564,5.71186828572225,-24.6320988328702,21.6912010155775,-27.5457594514407,-12.6920584927631
-24.5955708543553,-21.3831058303181,-7.51674004508524,33.314331162382,-5.42441933178357,21.560393388855,1.31408140162645,46.6828652391266,-18.3681863326413,-10.7241156144519
-32.6284736241002,10.4248443612528,5.33519642350128,32.2049086699808,-14.2440582984814,40.6605617163795,-14.3393743380362,24.601914698031,20.2717092447543,6.35574312330162
-41.6169498364728,-39.8255801173086,-46.3886391458976,-3.95268886434871,-11.0844054620873,-5.23233993604426,-27.3278214247246,25.8874762654004,-24.7730291973322,-27.1325847723505
-42.8356458671002,4.53183969822709,-7.0881225856648,31.8706536876677,8.11200706880796,81.1857345482757,-34.699843091362,15.4884918323576,21.314480100971,6.20243836672632
-23.4755447740846,18.3697723477319,4.35896863632106,34.6977863947438,23.4782144482691,60.6676494380657,-15.8702933343453,71.7845664545131,18.3344469842385,24.0176962347046
-76.3428653088775,-15.6049148245063,-76.4888637357124,-5.77422434592478,-24.0788533866575,-37.8818714780652,0.00875261704370445,-31.0567211021065,-50.9010524564018,-6.96731867297271
-35.6856279822236,1.42007818262022,92.4442474703153,-5.15982474696503,-6.72402151673504,34.5509789472068,-11.7377173011669,44.7777118479672,82.2975115670218,-81.6603685029585
-45.5730636523597,-100,-9.04424073660491,-80.7189556335862,-37.0014311466535,-16.8393311123373,-83.7388883831139,18.1968121728872,-10.0872949700219,5.17166156880658
-10.3099218766764,-31.6763433959348,-1.80825194983748,-35.4204502310272,-56.7097693514861,-60.9364210951149,-25.6410790327879,-37.0926782815091,-80.8960019513513,-3.86019188163538
-7.06984647865864,-22.4379448469339,3.99100354897445,-20.4322695203733,-20.7700496815323,-8.79183930736492,86.57814471163,89.4059796498473,48.7909419036024,91.7094702717446
-76.7744778749168,-29.2589302856572,61.180619761871,-15.0077393227596,4.315754790661,51.0151771279757,-7.76222754440824,56.1583257071369,46.3070042343142,-0.528108615727014
-32.8966751899787,-21.9203152242504,0.359249990932781,8.59507105152333,37.8321527720765,25.5102880914062,4.82388923784252,43.5691329090262,-9.83834829489372,-3.51859715253362
70.9278179594636,5.56721162391425,100,46.433924059075,36.2072180093506,22.0328590516043,36.1842866426466,73.1043446136527,14.4148116797218,59.2737907330987
4.20264900927771,-49.0383953687265,51.6341759696709,23.7527574145334,-24.4651458658063,16.1118112764322,16.5302255625275,22.0798499644703,0.276976115704777,38.9347454251349
44.005650181323,-23.5021477171812,-32.6739598915398,6.83308745513438,55.590208832043,100,63.1569223170509,75.5395298639663,51.5207348299356,-45.7517539343911
-70.0535348294809,-84.050783867917,45.1143600391254,-23.299769977498,-6.15026054341961,16.6443830172526,32.7213923755545,-56.7166691570439,76.8657376620924,80.071710499937
-9.92437462232425,-34.0403408808302,-11.79808501587,50.9456791853285,-29.2832323320022,0.088195408186543,-34.3385835774468,56.5912182261661,4.68479708743256,-6.40149554823155
-89.0395194094683,-100,-33.9015467888887,-36.8723023431337,-76.4514345596908,-34.1377509180212,-24.6466912222872,-51.3281785440909,-43.5354468673096,-18.078722848346
-47.1098479972438,-100,-71.101260358237,-11.4615870073939,-12.6022447390285,13.4983921160975,-100,-7.09350836544706,-15.975527236736,-72.8273524441387
8.17941972102205,-69.7279606946445,6.54636424435326,27.4804929192454,-15.0350034175513,-79.6309906548597,-3.56517405038951,86.3366194815734,30.9202128651957,25.5800408935161
-41.0277497865342,-87.5957126679249,-90.2838114518625,23.3353686834195,64.1645701101471,-13.9104356695585,25.4682167399723,-15.4143299269093,-18.4918949671258,-4.96004635038259
-16.2944665187319,-20.8458964363858,-15.3927300811033,58.0335912732406,-48.6809914356436,17.6104986863038,-2.19572643458963,49.796597569227,-26.8980243703889,-17.9296340763701
-16.2944665187319,-20.8458964363858,-15.3927300811033,58.0335912732406,-48.6809914356436,17.6104986863038,-2.19572643458963,49.796597569227,-26.8980243703889,-17.9296340763701
-17.4304756458223,38.2354361032634,100,40.1287380823205,19.6771611082948,97.1857215363871,51.8289027342391,47.1610857453448,75.3820855280126,24.9205506894958
16.5745809358599,-2.14665728190503,15.0840751692213,34.4019348020817,-19.3231928787248,46.3450165715109,17.4158382184671,70.3174248867609,53.4907888366357,18.1553883780168
-32.3602720582217,42.770003946756,10.3111428560698,55.8147462884382,-66.3202693690392,55.8108353413528,-33.5026379139149,5.63469648703568,50.3817667844023,16.2300833991369
23.3879425477369,-41.4323715676193,12.6909127760589,-57.2137492913555,39.2244990011417,-3.63313028163594,-52.4023435997147,69.4795530811471,13.0463443921912,51.3537689448184
-56.3664630871066,-87.8848480886593,4.27578457045124,17.3360979273401,-5.09128404180537,-31.2633919144588,0.257148999281192,100,86.2946480915116,-75.7569671162219
