-4.00115824275321,4.01194335388447,2.54913853888719,-2.40844654173517,1.45554531136032,2.79685204997786,-1.68100625139016,1.37515035169291,-4.78843288098892,-0.842278360278363
-4.1373186675147,4.01960881910889,2.11403259490279,-2.92442236719529,-0.853941058838029,0.882582029301286,-1.90050705454606,0.592422845795901,-6.08706696868803,-1.61987768286386
-3.29299728830472,4.81718535163759,2.77081605433117,-2.0123079491649,1.50385907945449,2.73820069082146,-1.82888579290302,0.221291879508329,-5.23034787081005,-0.654228636089683
-1.83686118340285,2.89287827448897,5.15225769082669,0.667182964353354,2.71001831062874,2.01121394795414,-2.58509686910181,3.20151545123849,-3.85928627738641,-3.50673317721915
-7.60555937252276,2.2385202907243,1.03631104612178,-3.72882179447205,-1.81945483544321,2.87041030123805,1.01353849938344,1.18170875208757,-4.29862318110971,-0.656487488211361
-4.03620128596969,-1.53148252924679,-2.84730882628858,-3.61428876251429,-2.34090793045501,0.679640777107097,-2.64121405074074,-1.42099595902082,-9.29595206781442,-1.83535751871704
-1.51515973381907,6.61524338168465,4.25098681970609,-0.613298884267021,1.92691421507793,-3.55789703802043,-2.87130556490189,-2.625696532769,-4.12740741739032,-3.11305567896666
-7.02053205288757,3.7034932073066,0.689786136625168,-6.09705291874569,-0.310691190910815,-2.83402065346751,-2.91639935999568,2.98348423016491,-2.28505007461845,1.97047969864547
-4.68460229029936,3.03630269710619,-1.62351249167357,-5.94241077475094,-1.7092633777053,0.449677007179471,-3.8247854799308,0.643893907878142,-6.68933191162967,-4.25335438267516
-0.0582423527944069,2.68721770572121,0.387084325546397,-2.35136796542552,6.57037520466451,6.19322695719887,-5.32589187365486,-1.11041321389133,1.11712555022051,0.997697934437242
-3.66973254053937,3.50692288238811,-2.37331893216308,0.719590240288666,-0.229251264846126,-0.337983276099907,-0.341334597865725,2.3521653923524,-10.7358242192082,0.402581245107267
0.13210525208696,2.38700433001812,5.24428161148771,-3.96163766119683,1.24031329424494,2.55067634525849,-7.1255545087777,1.29269208254927,-6.62699988398557,-2.27420131914648
-5.48771236851968,0.275156083133267,1.95092535017174,-2.55895491870213,2.6203321921215,-1.1644728252746,-4.82678922401458,0.83162622814811,-8.40794976432849,-5.72485851238391
-6.30303073312078,2.31718535163759,1.85988488024211,-5.72583580062379,-0.827143251547843,-0.787440334819561,-4.53158849560573,-1.57357991536347,-8.35534787081005,-2.57730555916661
-6.00568400912888,-0.462134348097365,5.4147601933562,0.85490599200655,3.69224205430788,5.08648772865952,5.2205925209503,1.08236155511255,0.700950587772263,6.05095032319967
-5.27489220498225,2.88811200952077,-4.22367802150261,-9.79282144655681,-0.540182737314601,-0.545192272804057,0.914480586826992,-0.637310440958398,-3.09167215258888,-8.2155849043425
-0.967842138669539,6.50908093689234,5.46520763474939,3.21269641694761,8.31685558060861,5.65133746980002,1.28567447256032,-0.526104661381682,0.27404317006465,-1.18001314220545
-6.80085333196763,4.37489149279904,6.00681327565872,-6.82194179211407,-2.95203240056381,2.71765447935771,-2.8201457468472,3.1749188175935,-6.02713860589291,-3.43046642759128
-0.379974749108579,4.79193917105937,8.6631614870367,1.31924119708248,5.79957694804802,6.8900993366756,2.93589261856522,0.789698266159787,0.419791243799378,1.01694598650877
-3.50677607202632,9.32524783801264,4.58422928938034,3.9919321702394,7.02126256961437,1.98691598565094,1.54171562443509,1.10825704809963,-0.154368256436636,4.39972607950475
-2.19722669822079,4.79104297183078,9.17638397130475,1.27731660573139,3.31597427967126,5.5022181184427,2.93639702271384,6.46793930396463,-0.398478613325544,2.14854339877669
-2.47185793035395,5.85597824112156,-1.79559848065714,2.63454524768136,9.56035668477511,-0.008012185841618,6.94522580369447,2.17109644774311,-6.35153363613457,2.00961786622815
-7.7892421357838,-2.78893990732921,2.62700516557417,-1.73488651088685,-0.216978934550321,-2.387613031518,-8.93235321635816,-2.20973996001693,-9.7243889166826,-6.19490522022991
-6.8670679028684,0.745628107204446,-4.35391403003882,-3.7649338870926,-5.06488159082912,-0.18291917799051,-8.49267881000621,-5.15921393275241,-10.1436701175343,-3.68524837085801
-8.47121236288924,-1.05865846090855,5.36043132378027,-8.25176833695543,-5.61944220618949,1.37403939478205,0.428893774124564,-0.822219817193536,-7.199963726797,-7.48800424087182
-9.35282836456486,0.328857651405891,-1.60782685763994,-7.1953770582765,-3.56330970864759,-2.33171890035312,-6.38118842094457,-4.40417103944806,-9.86356479363027,-4.43264818831876
-5.87420031445056,3.61730635420908,-1.10788204131795,-8.41474327991432,-4.87537737580606,1.29821075149116,-4.93411344667529,-5.39003463810658,-9.93972179179017,-5.703483718827
-10.1871791416425,-2.35591908632378,-2.84544530599031,-6.65876222441248,0.270272804137806,1.31442840434706,-3.78945420683507,1.92051243206772,-10.1272700408783,-6.68041155311494
-9.29224783534904,-0.590438615379429,2.28617174054023,-4.94379121589431,-3.36398553343043,-2.20698165057835,-6.7981549344947,-4.15358466517141,-10.4614707000489,-5.84246327304466
3.20050920520177,7.73093826539051,7.07057035408547,2.16742036849445,4.53416210975752,3.41160136422214,3.78278648543592,7.2919989502154,-1.44246908293126,6.61849863663759
-6.59576385322008,-1.21099985906576,-0.686243737281798,-8.86585641805882,-4.66991315297073,-0.264268714910496,-2.61080328241315,-5.24500325750644,-10.8638720981243,-8.9996729423236
-6.67257988315773,-3.66367589238155,-4.51970044671164,-10.7763408511288,-4.32364674805134,-3.23123310119297,-9.77634374036097,-2.10212114157911,-9.8216235306341,-3.41905640091745
0.171372444571901,4.88219513517546,4.35907209657661,5.19322393072963,7.40516160749495,10.3748076501231,3.43114037460005,5.01989240137228,-5.42743101069899,6.44263640254712
6.58520108811767,7.73467469109068,7.48477060088907,2.14788846125667,7.31083497710826,7.2565281055972,2.0982532213716,5.31532324795261,3.03571041794899,8.22730271788029
2.48330212423394,8.15111850455023,6.79638852896825,4.60862606353403,6.21007578186509,8.92116617340788,-0.375595256691581,7.3757643512336,4.89171353533481,7.11001193118219
-9.56317233606954,-5.2306079535752,-4.66681936975745,-8.39095485446405,-6.72125034469976,-3.7363642248354,-9.57710648755229,-4.43219058176762,-12.4112685900603,-3.01065197465588
2.81402566937085,10.70932720999,9.24090472432303,2.897992745776,7.08334417751745,9.33143096486332,5.00276515233121,7.10435840332539,0.309584449718256,4.6641230099375
-11.7927609205112,-3.17475216198736,-5.13250325343916,-9.89695671864949,-5.79925025089845,-6.10537051572647,-10.4200068636032,-7.36631922308682,-12.7806308826993,-9.39897521919655
5.61524743610986,14.1312386319015,9.45591959451031,5.6951955429788,7.63987098404426,10.3137819472143,7.53873492968029,9.85612640933068,2.47223661237042,6.85526520107969
2.88562813537736,12.4833378096576,10.2658050281148,6.97338822288797,12.5024571149138,11.0160944265003,9.99657260504128,11.6825876665514,3.17555543640905,8.75223586204308
