-5.01938261164984,-1.75715851463574,2.52804861064946,-3.95224459834301,0.0147486900976688,-1.1639518424758,-2.99400440649187,-2.02712585162682,-1.05335777605405,0.669594853418966
-2.14336866705846,0.966906917969238,2.88454820641292,-1.95354043924761,1.91819860408434,1.44351828294019,-3.7803204056522,3.49610839434239,-3.94381492865001,0.764692116371342
0.432767138014678,-0.337675564188235,3.05221125674392,-3.4301885979015,2.33930887612104,4.29266389727502,-2.63203274994851,-0.666828261985151,-3.61123324113638,2.38554429700932
-2.72283122793276,-0.478489890526358,3.73683364273429,0.342838056630429,1.26251627455454,3.88775043919012,-5.44498022884959,2.41177084080288,-2.76751595008838,-1.76952801433783
-2.49999944761943,1.26113627981056,-0.576665741649667,-6.63059658755991,-1.48508731320709,-2.68337035074524,-3.92368084542053,-2.95619682752972,-4.19448572361986,-4.09316440073451
0.197519034148509,3.19170536478894,1.3913083176256,-6.07927357658779,-4.99805461132545,0.516053912476924,-3.38792683077947,-2.81539479402094,-5.65218326401761,-2.31903393085347
-6.19066490299077,0.233132025999852,2.58459876415265,-5.0319571317776,-1.09217152620263,-0.719084636459529,-4.12776247807359,0.315531444198555,-5.86115239028652,-3.86842334152013
-2.73090799906846,6.24894393521097,3.21105282695851,-2.26706292177293,3.3790750712997,2.43662699246474,-5.67963378493762,3.80418256990678,-1.16744267535792,1.06341907357581
-6.07475647065231,0.48274800142228,2.85988129095648,-3.8562694654067,1.74832637508555,0.479894955377206,-7.98618084542053,0.147181275848387,-5.95272748186161,-0.00352854639277433
0.205575768547954,4.80774324531958,5.02475556915511,0.961095165579486,5.16979686087385,6.0125581700845,0.638501714426833,2.30458543465494,-0.00452605393985905,1.61666143191061
1.01517320985461,6.89651769603942,4.39588186435228,-2.75853341821878,4.16348600974953,1.66615404402634,-1.48026453929963,4.57518516170543,-0.870840670748344,3.58290238283949
-2.98229765096604,-0.0254241268816782,-4.39687710971008,-8.48815087104759,0.419300955557861,-1.99321780101077,-7.90004003205563,-2.96450260017801,-3.03490683413992,-2.53405760172119
4.42386481401996,3.44396362822036,2.47387118960965,-0.154817537714257,5.35163178262553,3.81973801194504,-2.29354067555627,2.81890753807084,-1.2628936810526,6.56458185406113
-3.60756024072496,-0.937137733013894,-1.12709981710552,-7.53447634950074,-2.31819365669703,-2.50672139930494,-4.76444868256611,-0.137027433506472,-8.33910007825179,-6.07088485736348
-0.655450817356512,3.06479433346861,-1.28609236944364,-5.11045006741339,4.72415500440962,4.01811656813298,-7.72896186768268,6.53529207572389,-1.48440169000641,-0.80023184309607
-0.901741732114522,5.46490681875753,5.5887973358228,-2.69456359983083,6.36034295541046,1.87331270534855,1.809082668734,3.51153888139336,-4.67974951194224,4.6021036614801
-0.812859476230002,10.0180751074075,2.0093376984107,2.93974688712631,3.63377764855559,1.9241384593289,0.21799227217826,4.85243254771944,-3.87849155482438,1.75161616916946
0.45159789909575,4.75745782838836,3.36216519412542,1.0488185603984,8.25068572859354,7.21343978649123,0.362075630941413,1.66697933808422,0.424752450459369,2.67733495188699
1.10165054619482,5.08312529225533,5.68191119715438,-3.56594719300419,5.39419558684733,3.78775408996947,-3.93605490184481,6.00665790173191,-0.94728964265823,4.79818299502516
-3.63312014595752,-1.86021045855746,1.26573788646825,-6.65705161401493,2.96042512221283,2.91463629377303,-7.83060725234693,-3.40144123829137,-8.44735928683825,-4.76543330829754
0.282789668510415,4.74234381837546,1.48406539216572,-6.16848195801035,3.79908527080678,4.14514342251408,-6.65326352442428,6.19339926494386,-6.06633726170585,-2.266912780127
-3.82232072016685,-4.23095704654008,7.86976856666597,1.38200669848273,2.76372711311797,5.98665657234374,-0.372137752226364,8.09780237128024,-2.48359394035674,2.37311089787194
4.43176989672742,0.572856026796609,9.82491712871638,4.48209727324204,6.80971336215536,4.83969063202396,-3.42429331726735,0.500270479945307,1.316012959463,1.32938998473096
2.08330734224048,3.62117299925038,7.39124197578878,-0.795941654733297,5.53895223117686,9.28686088254683,2.59512920950501,4.47821613867719,2.10817705375018,3.39041883899922
0.6001429859218,1.3597235382419,7.06471191086004,-0.608756844257094,6.93446256693842,9.58659343597201,2.20666024147005,5.95978979874399,0.274047801336212,3.81399026159756
-10.2398458960884,0.705561857127302,2.03437616766067,-5.82170518680998,-1.8585791426605,-3.03818407211509,-7.17330551805873,-2.96245675221784,-11.7133045428929,-0.253672207832759
2.81528245204641,6.56741466017642,6.78612099701636,2.70424333347924,7.0955914327032,6.75285317308097,1.19477633906969,6.32650713462462,0.535540370906415,5.05252438208966
-8.01722767086948,-7.42381431226357,-0.52328989195545,-6.92297496979661,-1.34222535638326,-0.737129676993534,-7.22140422865856,-5.04153257905229,-8.66293759072106,-7.40772299104145
-11.1385133545155,-3.39655407691878,2.27454017108663,-5.59602816924371,-0.677833769365472,-4.81899506312505,-8.91879946691527,-4.31519129381744,-8.3096151319758,-5.6728485749907
-3.87775134638585,-6.05509472305182,9.04262249116668,-5.06714243904977,1.98443032826757,6.58318626682394,-9.31073647997056,-7.27100212439964,-5.1441424389688,1.16103704276482
2.21048298165123,5.19884685461375,4.93589361030948,4.00244752450796,7.32484787759731,7.02864539566871,-2.72069395221067,9.87090286302625,-2.3709689265081,5.7802464382068
-2.56077199310035,6.12563466520049,6.19573344013711,5.06117321914872,6.89729550505616,8.2572354805767,3.83600634670981,7.63752156462523,-1.89964897909341,4.90751174515722
-2.79625080000773,8.44003868767904,6.84508408948776,1.98577639375189,8.88487314480771,5.55713416345411,0.913030704840159,6.38412379959956,1.7593731581896,6.54016480638171
-8.27053206589017,-4.26378833339159,-2.87517188764991,-8.01639765483059,-6.38702653738177,-3.95789432992559,-7.11253348226054,-0.740688099749029,-12.6860688804102,-4.50936541641638
3.16658362898361,6.12439245643536,10.3397923024874,2.59073203149317,5.98102896772335,10.4046148382525,1.92612189974496,4.66255269287611,4.13229540889762,6.07802299423353
-10.5844277285405,-6.89488387931643,-3.36233845073136,-10.3788611702764,-3.70411414437968,-3.26724147626048,-10.523885033984,-2.43040047669507,-9.00255239621439,-7.6191225399104
-8.60134527001366,-5.73970984116739,-6.09755738181892,-10.869103252,-5.21979678880304,-4.1167699245629,-11.1738495558652,-5.03823531907202,-9.33742784254328,-6.70072426838785
-8.75926288037095,-4.71062516110344,-6.76483242136201,-9.90139056107592,-5.79322394696043,-5.95289357502128,-11.0040740631092,-5.13177454525428,-10.5930628929706,-8.7323685531211
5.87487832237617,5.76960357737622,7.47929030503935,3.7577592795432,11.2776929809529,10.9268900788889,6.87722714609293,10.1045121128386,7.32118934689627,4.17217374378198
5.11016302979024,11.5199380137663,12.8566544786799,5.71813481286759,11.6824718069511,10.3910860118542,5.11735334542573,11.8278654120056,6.90645738460949,9.39966784844521
