0.139065224183657,-2.3578606538851,1.18227861314908,-2.87041015071638,3.36163717716178,1.57846913092628,1.01617512072125,1.32816983670525,-0.139203401696909,2.55197842289402
-3.8711069197913,-1.11782420258105,3.13244112669187,-1.80470327085629,0.638632482326104,1.36189929835716,-4.21949231767073,0.192322494588031,-1.91043686307122,-0.549966580459431
-2.28477236681213,-1.41653609048204,-1.02562842794005,-2.70146546703341,0.12887102348009,-1.7326532773453,-6.09618621927144,-1.10514490723385,-3.2623908722844,-0.803687319334635
-0.655432956270761,0.429625212453655,-0.800747696605838,-6.42160622263421,0.733777578140641,-3.13275390214564,-1.85661402647592,0.581116193234946,-1.88062100700772,-1.55427467956843
-2.00210470089762,2.56967959070184,3.46196523750087,-3.35538900828089,2.0891173499236,0.251101100775274,-2.23713447289575,1.27402965503931,-0.9620992234012,2.12624861812923
-5.57913604440542,2.08372816787919,3.8404379971356,-1.47475033754681,3.02122514822858,0.530627722873454,-0.962821930977574,-1.37874597308843,-0.723647439903278,0.706129155270571
-1.95886603272751,1.6629833888098,4.10497990390192,-3.7590958956736,2.7044721384725,1.31190112374684,-3.46502965416834,1.98976602505255,-1.00032370935614,2.73388892422206
-4.00084013130794,-0.891291320758707,-0.934414249530309,-6.2201977346953,0.217024822827765,-1.57858482174328,-5.44702221927375,-2.49581422590241,-2.04413230509699,-0.932231374151111
-1.06182744366248,2.31775513320699,4.4050807516724,-2.38390998826264,3.63404542521826,1.09920473732498,4.67297592537471,1.92949220141751,-2.06628272522097,-1.22129985520962
-6.4452239823974,1.19396472117515,-3.06152110092656,-5.4758578881876,1.11460855743414,-1.27885540201419,-3.66338222815081,-0.962545870229826,-5.00913834354852,-0.539814775415431
0.415482180024985,1.13569692417952,7.50349503635676,-1.02223065739776,4.82591835975283,2.53560821854496,-1.36905636864323,1.44986776621781,-1.15590970009335,0.939740895163537
0.152930775116361,3.80836168325717,4.92386161577048,0.115435941417295,4.15301589269538,3.48383081237822,0.0432142863262484,3.46280332268621,1.21904318661445,3.01086667127569
-6.89204752969737,1.61961267802811,1.08243632853999,-6.09206297810088,4.09589578218104,0.42104614552477,-3.94363231692716,2.45276738066967,0.477485555474991,1.40300561989031
-1.96773941916158,1.0978091290643,2.68114107850004,-0.701973742438347,1.90413378113168,3.23745660822843,3.37755830309901,0.613719218795717,4.79021429466815,7.00762302243305
-0.414832232451578,-0.166972235671628,7.9857950895227,-0.544702571991347,5.29643883094274,1.88769135001247,-2.022659093233,2.80184799143153,1.72086330802618,1.96685208099495
-0.129951447976648,4.35105765419139,4.10241565502832,-0.990221092098261,5.48608791178987,0.486471970700912,-2.07566667631898,3.75486339286196,-0.728821544877596,5.67543237643685
-6.64495733877001,-3.01047342401366,-0.173561638500227,-5.9843211265868,-3.18613892364205,-2.56092308620069,-5.0532689443762,-1.38390697568792,-6.86971332823214,-1.91988528149871
-8.07894798308265,-2.57685629577726,2.40129439086804,-4.77413638379336,-0.331542539633902,-2.99147345280042,-5.95640193670357,-3.17115857272213,-4.68148645401493,-2.50162686078587
-4.58741185665797,-6.52870144576623,-2.49884549838859,-6.81477348199386,-1.8504277613597,-0.838307546590961,-5.39923484067968,-4.60790795156596,-3.93904729985523,-2.003727193722
-0.891165030299674,1.885386410085,7.97582963642676,-1.53146995045568,6.66576590449516,1.18346599789979,1.79472798787433,2.58676438635278,-0.312067931724922,3.60386715388845
0.263974517662542,-2.07891118527893,3.04984122529119,0.0880798016823792,7.414750565944,2.94484939989669,-3.22350496487988,2.98405612985745,6.85157055122523,1.58574525923608
-7.88896785138986,-0.707684438001402,1.02949381596161,-8.55549220209349,3.2610192000886,0.0851144715649266,-1.99937500442031,0.860696051718644,-6.12020993647311,-0.336174399497274
-6.80537922026079,-5.89649623477421,-2.26661990617198,-7.41242366730908,-1.8108470032832,-2.81943872981185,-4.79048584641074,-0.813713722715792,-6.01841808372849,-1.35479555430249
1.2601736564205,3.12600096223013,6.52085239914152,-0.260266172482136,3.25930037489972,4.95816720837156,0.574105199561771,3.37533634178032,3.68485576375927,6.11315592316111
-7.86879947448568,-3.17630693445822,0.537296212672751,-4.86389705683339,-2.6809987781849,-6.35222768392244,-3.47338276388534,-2.5588498231449,-7.75700747811395,1.73299624192046
-3.62724012884995,0.222261750326253,-2.61998098529042,-9.5928135555646,0.947130292443585,-3.48560484921035,-7.22539738369387,-3.84760926941652,-5.55487325891865,-2.97938518468767
-1.84446592658337,0.391923129704035,5.64405892533482,-5.20936422490231,7.30642004442525,3.35161712014302,-3.52756495380517,3.47255505312416,-3.74900955071167,5.25843039623654
-0.668442173366704,3.77656676682989,2.66626826901322,-3.00637266784804,8.13030381307587,6.87584848264549,-1.16166213447216,4.61834797426415,0.502991051000872,3.60274948735021
-8.59574485340681,-1.12589868461932,-1.43840491815038,-4.14996709075455,4.99269288645431,-2.91489697340978,-5.03439844534458,2.32089843811715,-8.23318338022535,-3.21722924214727
-0.152819228861825,2.7677860094249,10.1871714994558,1.21879341313715,2.6034195431814,8.07577367540549,-0.341689456287353,4.73519255802972,-1.21250847495855,3.73463255371386
1.1693772514198,1.70221396180777,3.98353958878782,-1.51181925871119,7.59639036738027,5.4358743053919,2.69126800528408,3.72139945042076,1.5246375175902,9.69903457653134
0.23394164887159,2.35379277959213,6.23300215541162,4.02402939477165,4.87064891467383,3.65669753000154,2.46479357868822,6.09755969400594,5.42988798749492,7.30509997365071
3.49422376640716,1.84943877409614,2.86210110634118,1.14749325975626,7.45374907325392,4.97943194754109,-0.953631695953648,6.96866079627365,3.21949132512006,7.92068772776196
-8.21139623717566,4.55682727463293,8.5460056728015,-5.31115868153547,5.98645089365727,4.45575173509866,1.90955906910466,-2.93592640429474,1.92662999041222,1.9326204517027
-10.5383711430302,-0.801965133504286,-3.90743464456239,-5.50835020326415,-1.65042421122556,-6.16390652717626,-5.75434577381118,-6.61708604599653,-8.39540359408114,-6.63308495487289
-10.0028156930089,-5.18837936906586,-2.98383054789063,-10.3656576202137,-3.8547076983727,-6.68757308969038,-7.6347143900057,-6.30004700624349,-9.90880716512491,-4.40640426367723
4.74894578430918,5.99483648171478,9.83238345482345,3.35103692300451,8.21928230423611,8.60660954852637,4.22923494290657,5.69527646432078,4.70995801253154,8.5698230963409
6.74449462231182,7.88565607791907,9.54321342125631,4.98872245309813,9.72544375748836,8.37014660586138,4.39848098010269,7.43814436434877,5.88412779257343,10.6593418748668
4.75836116484971,8.54240317800307,9.9873604235142,5.59054050215445,11.1749707304724,10.0669974931345,5.72628913335153,6.86218026435546,6.72795085832942,8.71571842377974
4.83263370826274,6.84353603292984,11.8386337818815,4.76175279982671,10.5168591496448,11.2535743178749,6.64858143861585,9.00858549468535,6.65259853376784,9.28404607863502
