-0.311987036528169,-1.44886218895597,-2.27692132821478,-1.25101895297645,-1.74967457008382,-1.13366614998038,0.757152397355421,3.8024396758591,-2.36103376153149,-0.000325099548734054
-0.977979603097837,0.227518804059761,2.1743128230974,-2.07066301254646,1.99100448433024,0.864064307982409,-2.16633565338617,0.734167973671695,-2.79114108314539,1.52761291460602
-0.520750956910121,0.899537370405159,2.173671760879,-1.37844431165263,2.68640842765958,0.657707019720928,-1.81899490892383,1.17544231562405,-2.72326554202575,2.26299877765971
-1.21304539998116,0.652463712978574,1.9277847526651,-2.23508428007407,1.57704397993706,3.00583251919591,-0.761588590335656,1.89341708434866,-0.847565261533798,2.33800352336994
-1.42872522768962,-1.90943374361559,-0.288773935193867,-4.82906214294383,1.19424078883347,-1.28169141356031,-2.06805511818217,-1.12101183735536,-3.14731499770255,2.1711143768186
-3.22432960499577,2.21408630963171,3.12394859648035,-0.879884527082379,4.19868826857851,-0.446546818586932,-0.670244658676848,-0.341934543751574,0.147040826558177,0.489270016718483
-2.08630868685141,-2.68819909404363,-0.33774376423515,-2.51999682306815,1.20547543987728,-5.08090830793549,-2.88444391957832,-4.03003713643075,-4.5912605607057,1.85203987355013
1.80112388879574,1.01407286319386,2.05387612912844,0.771685006937878,4.00102015708427,4.73506651705795,0.283850866252929,1.5634657450296,-0.722973504723378,2.72976067448416
-4.71038998918242,-1.72955000419473,-5.36205754781536,-4.90427657703899,-1.03285160581278,-2.49321739832678,-2.98967441005789,1.07134175244224,-2.6199142700101,-0.726537537706195
-3.40525489711589,-3.2169921301778,3.95580973639754,-1.00753562252022,3.46347515664712,3.14254490822231,-0.83634319432948,2.1384338644704,-2.37401987720857,2.26321778983593
0.0911642764893501,1.42771024874775,3.17552894457934,-0.281549374249129,2.16655308290626,2.89291368301326,-0.458632273114888,3.91260362550531,-1.61990101728618,4.67651887237198
-2.92250993056576,-0.451508107607759,2.81707163640513,-6.51002957733592,-1.20301948513914,-1.41867771493017,-1.15481310904975,1.53593494360007,-0.0879542671089482,4.95798143910022
0.587829672312509,0.850528105776587,3.51997335224286,0.060312556281755,5.2991438174281,3.61340671954202,1.25117618651363,1.9346634944331,0.518176704884596,2.51325465130274
-3.4500721313358,-3.16006266522028,-2.3124385048935,-6.04645887635135,-0.678903594684264,-0.649904859874996,-5.78786796862057,-2.54455610454838,-3.19852601245723,-0.0399347259466909
-3.46703248555377,-3.20037022794272,-0.940927650417837,-0.583276868190845,-3.45991565260021,-1.0176194557703,-1.30251552199151,4.76860774690795,-6.49653687560443,0.830861409839688
-1.0922111385,-1.32793036097976,3.02535704386932,-0.668363351042114,5.80033319337151,6.06869008585452,-2.51105938627693,1.32575924957543,1.2831741337118,1.06240482545407
1.41960852021406,3.57810879897659,4.28180668151393,0.0104445772362589,4.3665159545413,3.51264529132587,-0.777328242257162,3.15956929975103,0.296058129471833,3.19457059337787
1.16887580903695,-5.44054422162689,3.85098786347997,-1.44148584192075,0.501401145458734,0.894443923754054,-3.63479082894087,-0.074984342343984,-7.73382835790814,1.19367362069667
-1.92120716069001,-7.4639283449049,-0.631912520346305,-5.43622804075595,-2.003216976154,-3.96166159628927,-2.60269697523039,-0.430089520903713,-3.77449114321688,-4.7043428371069
-2.25769882117163,-2.19177253922042,-2.7848101156083,1.13743996992282,-3.35120502797496,1.3537253432651,-3.14520799904983,-1.72654042605852,-10.3204343315791,2.87831663916429
1.42942444151962,1.96998538995381,2.26511441176839,4.1324087230055,3.86661087214295,1.59316670258802,4.65038106339341,5.44427756509415,0.567631649979592,3.77359101956604
-7.74860075511551,-3.68175112398842,-5.76812110981428,-3.06107309971201,-1.09353277873429,1.50195714920843,-2.49330634264107,-1.03277518262846,-7.60512232446816,0.1118799646277
-4.29382960162897,-4.6538630585172,-5.27280673789477,-2.58134333073171,-2.24293809812472,-7.92520823407826,-2.82265206353216,-1.98916376209012,-6.24900091794626,-2.51593731022702
-2.83650401724998,3.88850339588839,6.45495805596245,2.81351524527211,5.447183482533,1.49967965421902,4.0640017068852,3.54901423121534,1.70921914164621,3.70222582851016
-6.10942153048988,-3.94192393651974,-2.68375560463789,-5.64060303353892,-0.909162550896534,-3.66485743852897,-6.03090007340245,-2.65527114528438,-8.07157822308491,-3.43238884920854
-5.70954714549784,-4.7633150221544,-2.19136145421974,-6.05215411946046,-1.05143628280363,-5.17334770247687,-5.35572635105888,-6.38971573619624,-6.16907164556718,-4.30796744472898
-2.80729881970776,-8.1695387638123,-3.0503402492045,-5.56897329146236,-3.41697316215736,-6.54127963861594,-4.86962686861457,-0.156198567148337,-2.62120282020459,-6.96093419972702
-4.60222477321447,-1.71197665835312,6.40801428474684,-6.17064556780456,4.92136529089402,1.67743614807163,-4.75608012176423,1.6537580252726,-0.0574205425846375,6.69390414598296
-5.39626143727486,-5.54854532384004,-2.17073359222615,-7.02744476111626,-1.8145112028041,-1.27921028790296,-7.04099963430755,-6.85474555426365,-7.24531981972142,0.292791040530525
4.36529297274783,3.0111504446448,2.75973666629323,2.47967229214593,4.51940245160588,6.88837914651177,-3.35059376966206,4.72627479928905,1.93898730222867,6.68508692635996
-7.54000719776785,-5.77459739491688,0.820137899323333,-8.78851759664162,2.06290178394765,-0.470841063734447,-3.53858011438413,0.276682956744645,-8.06389024580166,-3.26801521498406
-0.933470969524827,3.11057601126424,8.23098407806415,0.375021889823218,5.34240784698769,6.671457855749,3.08577253016817,5.91608293484706,-1.43056033512731,4.19212284340601
-7.39425770669978,-7.58935355651234,-3.30247256533085,-6.826779037921,-3.46329345774188,-4.58825730869493,-7.34773548347897,-5.57306663187591,-5.2021095182505,1.05285885543196
2.11016417739639,4.08953090052444,7.13468468501766,1.23069677019139,8.60408094285204,5.38121975046712,3.31328196643288,4.58130814142396,1.4103573107234,5.24198790974509
-9.24269317557631,-6.30974142672434,-3.49824048529356,-6.81121787593322,-3.34357474891604,-3.43947869942504,-5.73089298547171,-5.92407865590912,-10.0475002103172,-6.20010305514321
4.3042189154643,3.94077353786113,7.00237869654276,4.12615719690309,8.29099321827811,7.394363970079,1.76976253153129,5.72889036503531,3.15116915239176,7.00709337546699
-9.51587525137686,-4.85345360573481,-3.3421674555925,-10.2734906390034,-3.61067744739494,-4.16733395071863,-8.084829961952,-7.72495339304147,-7.22158780680791,-3.80244255244025
-6.32489380880076,-6.54200984392366,-7.50978347036366,-4.58109131042969,-5.74797549315969,-3.98669868915708,-11.6055739635602,-3.96678497241645,-9.08198705218918,-3.82450919327971
-7.82729467159099,-6.62179626443339,-4.67500224539575,-8.91997808103961,-4.85831058416291,-5.98525076051074,-9.01565072187932,-6.11514709482145,-9.64045615163854,-5.32170215388713
5.0488938698332,4.473298346888,6.453627535027,4.47913493170433,8.80161935950425,7.96373683976366,5.97967692493158,8.18968893334963,4.87320153701004,8.83081565047923
