-29.7681817748164,-22.5145425544524,9.20343473966865,21.0894284829044,5.76033963360035,13.2614589848207,-6.9775207163426,27.2578462261629,-16.1632227705176,2.50800782176874
-16.6780585961849,-35.4846837221417,17.4442474703153,11.6113351276431,2.51510891804757,15.5107312691882,-5.48771730116692,40.5163482116035,-1.86856865817174,13.3093284667385
-12.3284674835134,-33.5778493462117,12.0942305152322,-9.62326799899942,-25.0131329491755,-20.0626857055978,-7.48201081630148,-2.13409342238042,-42.8383440204729,6.92394112733262
-12.1356938563374,-34.7598480886593,7.09931398221595,33.5597967091784,-11.2998644394335,10.4496225460529,-11.8307630886309,44.7078548314572,-0.0479445010809556,5.65328929403454
-11.2208627387059,-24.8964198249413,36.6371205710557,8.81907052534051,3.49438039034491,18.8586337429563,10.0581191309172,21.0081853232097,-51.5405074551308,2.3470892870485
-14.4246968086711,-36.6714594642072,20.4164394897025,-26.7571444154531,-13.4891390723446,-3.87261288263416,22.8475232919418,26.5759682379531,-48.6607055312241,-0.627981439221635
-25.4227481677487,3.89686232930778,-36.1896957451777,39.1337287895994,-25.469306910003,-0.786409577425523,36.0938972804266,4.26875806277643,32.8790556036028,-11.7970138810478
-27.6873814384424,-61.5375339822067,-32.1435492357803,19.7546414582239,35.4240367816411,3.45030700718038,18.0726370700787,8.70508075491946,-11.6362905283601,6.37401389295902
-14.2533285443559,-55.5180350377564,-12.1744120824109,30.9094724168146,8.5193403106308,29.0500087180273,15.5011310118913,35.1952916544843,5.35532867098028,-33.1301676641833
-23.0649618082992,-34.3255091426423,42.6633796469685,10.340580899695,34.572392342024,-8.46431263492134,-62.6431007025818,-23.0178998675996,-7.95528926419765,-15.2512526519182
-43.0575974325835,-52.6741976027191,34.2384439788307,32.5456985072876,34.1395416806675,26.550941435264,4.43041350321153,32.2150818749338,9.17377825915491,-16.6505797106205
-42.2002739599157,-59.7650695822027,35.5555365097136,-3.5629278722348,0.266621454857727,18.7277163505859,21.6992248878697,-11.9460888601478,36.042525786249,48.8898923181188
28.2904024345566,-14.9560718362871,62.9983564901509,31.3039191460517,21.4453607312429,21.4219543677618,23.4306720214158,52.9644180252005,4.81706279506368,38.4909324346997
-63.6742782393177,-58.1549361875198,13.6151250107374,6.12702952460862,5.4744536616583,19.608949268813,-59.2591410443415,-18.6336134281572,17.0681059062505,-5.07979669342674
-77.1631210177958,-27.5029193742228,-46.9852058124879,-6.92136717766034,-20.4623808491142,-25.2020775637397,-33.2934586277493,-16.8938926104569,-43.8408692729981,-16.0581936969075
-33.586265524713,18.8616334212711,-43.7090452980984,66.2482349809163,12.7296494320813,23.4630784274221,-91.4219931661433,-25.4663634960779,21.174565631634,-7.62753409465708
-14.3470130903505,-35.4793552964884,25.9967129803018,16.1739142330284,6.68350345313507,20.8110496839192,10.677057400185,32.8244914367482,-4.78068608959448,17.7080741363006
-23.3536425742861,3.64532432513377,18.1539279181858,35.9943302607333,-29.8183829579521,38.310942512636,-11.412790256865,19.229593961892,22.8005403474039,16.9690787677187
-18.2647012830217,0.987664739630588,14.5668703745062,46.0801448161889,28.5078281126058,44.2133004666101,42.2332319397034,39.5857010617761,42.6904828077559,14.2375956347406
-42.3694793378337,-64.8303039040361,50.0572745403459,28.1287653041626,8.25203593652152,100,-28.4476405699258,14.8148080632466,11.0558373207475,-0.80316934386137
-35.7129650502577,-34.7075728268515,-41.2744415078895,-27.3993621795818,-100,-41.799923090939,-51.3405280263391,-42.3979086038902,-46.3128635883164,-17.9194628606397
-4.1377405395766,40.1382837168595,1.13182335875781,-44.6568491185077,-15.6221172731411,70.5891041342027,56.8546525045835,15.7130246888046,9.9327366907395,-53.54699985758
44.4688274523994,-20.9085404078263,-51.7578260148027,40.1142379833365,-7.08035921714296,100,7.62497079077513,-36.5577940797328,-6.17910579936085,74.3544497999006
48.191001898653,-6.60545164536148,-35.0883200172024,44.679172072648,-32.0174381441774,11.0470067703685,-20.6138843527062,-10.2421537738371,-94.0911506984455,31.9951873089482
-14.5023805269917,-37.8635636319259,14.8361659991031,-69.6882030639345,-33.6617815978242,-28.5562754491876,35.0179891836985,20.327445039158,-92.5407249728538,-18.9640370147439
-14.3470130903505,-35.4793552964884,25.9967129803018,16.1739142330284,6.68350345313507,20.8110496839192,10.677057400185,32.8244914367482,-4.78068608959448,17.7080741363006
-19.0091041020194,-35.4900121477949,8.89178196032871,7.0487560222579,-1.65328561703994,10.2104128544572,-21.6524920025188,48.2082049864588,1.043548773251,8.91058279717633
-47.7736481300783,-100,20.8819283412776,-26.4651448914178,-3.1199912343612,-25.8707758450168,-19.3102304971183,88.5451730402635,16.4785536119479,51.0152988615416
-99.4410139976571,-81.2531911617577,7.08654413466762,-13.9832792680853,-36.9516347262102,69.5604256067252,-6.04437803957774,-8.35529182953339,17.2857837889276,45.3274961567978
-45.1893504592824,-9.54972981241633,-7.58984350096455,26.0049427327804,4.83717581406563,5.71186828572225,-24.6320988328702,21.6912010155775,-27.5457594514407,-12.6920584927631
-14.1596439983614,-75.5567147790244,-50.3455371451237,45.6450306006008,10.3551771681265,37.2889677521353,20.3252046235976,37.5660918722203,15.491343431555,-83.9684094646671
-13.6259660073593,-78.3478943639777,39.5399372640212,73.2459250865056,7.12029299559109,42.9452073816422,-12.6431274434348,81.2472280416616,56.5635952995906,-45.3788886473983
-71.7681817748164,-69.8690399089497,42.4801749773596,48.9174827815469,61.5955799081999,32.2908331866087,-1.81623039376195,31.6056723131194,23.1282426079043,-51.0092335575416
-45.1893504592824,-9.54972981241633,-7.58984350096455,26.0049427327804,4.83717581406564,5.71186828572225,-24.6320988328702,21.6912010155775,-27.5457594514407,-12.6920584927631
-24.5955708543553,-21.3831058303181,-7.51674004508524,33.314331162382,-5.42441933178357,21.560393388855,1.31408140162645,46.6828652391266,-18.3681863326413,-10.7241156144519
-43.5636733719421,-20.0626857893038,-5.89421884569595,98.4094724168146,65.7040910437686,41.1135007815193,8.22840373916403,47.6498371090297,74.7510401719549,49.4591180501025
-8.65407313787454,-47.7478793226583,-32.3812930078787,100,-22.6221206146309,60.5900845299391,-41.9451155239486,37.628373960352,-75.5128246177468,51.8892200299653
49.2749355806218,21.8147393862179,7.08210345829391,62.5694002956953,11.5754568969031,47.6363453003146,69.4501911749022,68.4340259743127,8.89741493931334,100
-10.4648436035537,35.8187907788809,19.6252709679565,100,-74.0881452148845,-66.2745807831991,-83.9005976394195,-22.9088204405038,-18.2145048217997,3.54967448843541
-56.37668523136,-73.8027296209022,-15.912742044372,3.59728084098769,-15.7152188264103,-51.035410897073,96.6472528347013,-39.4386954778404,-73.4452648773937,43.0397544254309
