-1.23318101057453,0.226372988945752,0.100008390560571,-0.536888330183041,-1.75447285510642,-1.89939497812347,-1.99495601363688,0.323806418289089,0.113782491688928,-1.88636094013034
-2.16966134803643,-1.01255554911879,-2.96079433716199,-2.44720420366978,-2.97719699178066,-2.54238362727513,-1.30123018043859,0.791400244197701,0.31214270769588,0.022687529094167
0.520504818811114,-1.43024296177443,-2.64297778807072,-2.48133865789894,-0.769574326280803,-0.518719652929517,0.0402866735018375,3.61893991981987,-1.84955814229273,1.25204515881145
-2.21551150589356,-1.20840090847914,-3.9567277085343,-2.65367325706846,-3.02843309823937,-2.59159757647792,-0.325944666452354,2.18587212114083,-3.04560672861885,-0.504722517646487
0.0255965922457517,-0.148472617567863,1.02360393996722,-1.09691144455398,1.00523244439559,1.47791084749441,0.544131873960275,4.38753339451424,-0.948169293331262,3.1311434270054
1.03540798874646,-1.87437285996665,-4.28569761794762,-2.20642411609091,2.06141304682938,-1.7587288590871,-1.54599477302927,5.55664625944372,-2.66477731864275,-2.48625377295058
-1.41825374365082,1.48936069173897,3.30067440698374,-5.78324067538463,0.333636417341262,-2.51519902936322,3.0861479183495,1.88543902192602,-2.21101267426265,1.27679409817145
1.9134541397812,-0.594650148369433,-0.143770037460699,-0.826567791942823,4.04905143710411,4.1849585750497,2.56564742285526,2.90640338251303,0.147994059744088,2.75563007700743
-0.106652198122229,1.46229020166095,1.26155794747588,1.56562887804712,2.56836576192745,2.85881001060722,2.05283711050715,5.52820308110378,-3.97839280242167,-1.31624430147048
0.303239403553996,-2.86376070890633,-3.51910324882547,1.65689980130757,4.63063923866374,-4.7016372542797,-0.855129871740232,1.80843642517958,-2.1251995066384,3.63630918346243
1.33682418561675,2.37152656793628,5.99285102319668,-2.39097576495085,1.22279398187698,-4.73254475366489,1.08316214073771,1.95477143689614,-2.73444038880835,0.193254874214712
-3.35624690866622,-1.26138359128187,-5.32895732232406,-3.15220104996884,-2.19887618803816,-4.56700053316342,-1.89301580176462,1.61480110789004,-5.25341540493045,-3.11887978047671
-3.02698239512934,-2.69887979945211,-4.27657750223656,-3.64205227673911,-0.775025241684008,-6.59570033655541,-3.46975341879958,-2.49650972214394,-4.21766988340002,-1.67409302202748
4.62315056949136,-0.711503451776775,0.341534284647576,2.56285985297385,2.28874782636767,3.59448508007624,0.688827499101063,2.46216933571796,4.57511693742327,3.76243648524775
-0.741985718293893,1.2223234658719,3.37574069210398,-1.76069210833464,3.64784730717697,1.09173198570579,0.348053442587727,8.40187031207696,-1.23157010304786,-0.804041758179787
-1.58929017416321,-5.90159011690725,-1.31750375723012,-2.10758008607922,4.44425109696654,-2.40673437184531,4.49021587641714,2.01956334464333,-3.90977727982198,3.46426640573016
-2.05570123407632,1.83996970340646,-4.20670936984173,-7.59411403143067,-3.96835860794227,0.0232729383814335,-0.978407357615769,-1.17317302472339,5.0501583152767,4.26550177190841
-0.522636638327423,-2.55839675645,-1.07734404272474,-6.76660486661271,-4.69772535515217,-3.47273487478102,1.08309985885264,3.43210920865169,-7.64482069497929,2.22276126438483
-2.96923570586837,-5.35690850220529,-2.18088924048188,-5.48886972944969,-0.733433896911972,-6.65645627822966,-2.34583206416581,2.34816249780211,-6.85776633623986,-0.543815473488629
-4.61786160273464,-4.27263084088915,-1.58067211342173,-4.92446529426877,0.165175641420495,-1.42251788470104,-3.37143825892121,2.0112091257628,-8.96708556293671,-3.76884052565264
-4.02524587663201,-5.03379323743196,-3.80360939179554,-4.27495198204237,-7.03829408989708,-4.25027540449221,-1.29056806016272,-0.695991814717324,-3.89500257987208,-5.31190594602188
-3.2691483156564,-4.79569799933672,-3.88441747260363,-3.60710328227878,-5.60084265244564,-5.00408804065779,-3.61250538210004,1.03500233732946,-3.60254661443506,-6.95786867894113
1.85383815214445,3.52213799060652,1.35702221192928,0.851994675434394,0.60297469332704,2.41461368040382,1.37362000683517,9.24393991981987,-1.65347971092018,4.67546858223487
-1.01801619367325,-1.77666158862504,-0.579079285730746,1.91341397718184,1.79037562689755,2.7827635058177,1.52059819588147,7.70253680566479,-6.9706411157813,5.00733091099109
5.2434138600483,3.14461515233867,3.42172263637557,1.15750467566467,0.146427692135153,0.177959069602652,4.92232448551819,4.40171112228872,-3.37089907729232,6.32992061225865
4.81131145445854,-1.99081995055623,3.55122931788187,1.37319616610578,0.226663175060188,-1.69191872848848,2.68379091419626,8.33658963891676,3.66916206903833,3.75952262540669
-5.32638670975227,-5.24248162185488,-6.15374906173763,-3.01292138949824,-3.89523897453151,-1.90868991359805,-5.74623881462406,0.833083671308325,-7.51375622014946,-0.654206371868336
0.387431340923256,1.56873094573739,4.75520116701501,-2.15269814926222,5.29525344365046,2.40986162329187,1.04919251489197,8.39836570069282,6.05740745728371,1.99572123002635
3.08871699857721,5.42282695641475,1.88381534852929,1.62587402055506,6.25102343643977,4.79630553741071,-2.5903177845654,5.93726384973873,0.190519838979988,5.77442998773318
1.56217148547778,1.71790518637372,3.72065857556564,1.51866134210106,5.69507213836566,1.38604225183239,3.09584222905739,8.55721152475815,-0.216905081068236,6.94310206938055
-5.57773966389294,-6.62317791484236,-3.99492148662223,-8.08784831886935,-4.71288097493616,-0.162365133028893,-8.5828674441362,1.09967229369393,-1.71906439072871,-3.1557634504948
-3.71116823776603,-6.2233694506914,-5.0115638907116,-5.52280366439813,-6.1468438402487,-4.65714232706616,-4.53483157524649,-2.46478052707241,-7.56190113718291,-5.6877125548684
-4.90662099676079,-6.80190909185071,-5.84125317350318,-5.44451935418614,-4.36715838174205,-5.49856625746108,-5.24969847673298,-0.939080236282779,-8.22033287419831,-3.17001445671127
-4.0136329792421,-1.56811110467434,-9.11464049100814,-6.96333323592784,-4.54582444276105,-6.31049956930412,-5.03456351377192,-5.29555627754143,-3.14464741576091,-5.73488822848159
6.1898760374304,4.89534095798757,3.36868095069688,5.148090556925,3.61288543289128,4.47934230761011,4.6079675656376,7.37241706252706,1.37012474664034,6.54270756124078
8.12368203354225,1.76951947957786,4.4365246042746,2.17452826486147,5.88925187466821,2.05698929809447,7.15340229846082,10.6295472146976,3.38460539740663,7.70717852574487
7.96750344787496,6.07740892087745,7.36387116614665,6.99029513805918,7.61168287076587,5.09901553002306,7.86477133614,9.74697922910393,6.39599439380035,7.61205829301813
8.42671233657255,6.53142424148262,7.49208015983016,7.88881397914719,8.96617495159128,7.83476707587225,8.08363485660036,12.3942530970506,5.11300045913503,10.1633188766221
-11.0096628050826,-11.244568713664,-11.0484681321048,-12.6108166541114,-11.6580558438927,-11.2499640862629,-9.76588402429092,-6.80923155225071,-11.8378089329709,-8.80579350993154
8.95974104336995,8.15415037078362,9.32630648298334,8.85489692468265,9.59865790664396,9.98043165961533,10.4038235444792,13.431483268057,7.68076475459428,10.6106056678425
