-1.23318101057453,0.226372988945752,0.100008390560571,-0.536888330183041,-1.75447285510642,-1.89939497812347,-1.99495601363688,0.323806418289089,0.113782491688928,-1.88636094013034
1.0978213204278,3.04300080557357,0.986533213255607,0.695853287173961,0.438509601033935,-0.29683087555937,-0.683767202448067,1.31850137850129,2.0168273634838,-1.54295434672375
-1.75009949796181,-1.67077647782422,-0.593787318525133,-0.953613368409887,-1.38135498287877,-5.26812797600496,-2.04189871393849,0.829057450640947,0.127875061208917,-1.42411506975627
1.70388144733264,0.639670121234921,2.60440652199128,-4.71616617041635,0.748618447874872,-2.7417948666789,0.355120569867868,-3.00424859750099,-0.0416417640338418,-1.56672518286745
-2.27987159333403,-3.91316815122496,-0.338487048862133,-0.931704054915556,0.807050111493854,-3.33687032404017,1.97831002081843,3.70285185735052,-1.32080377008742,-1.84731884448483
1.33780327717817,1.87058822551617,4.04668714744857,-0.525343599180367,-2.44549498970113,1.76415319845094,0.553071629898583,2.7992200560259,0.68828546077108,0.474421226734944
2.65616925799312,-0.803261077677946,-3.02679271365165,-2.48690047680681,0.277593560315174,-1.62726979522166,-4.35148869600777,3.44135998514886,-3.70467809020523,-0.464451502967421
-0.407973905182324,3.11612357875106,4.22853974843448,1.12248543123912,-4.36251886426099,-2.0721608418002,-0.644297473821537,-0.800960098618825,2.31301833522877,-0.983546158099458
-3.91467706185741,-3.48404939056504,-1.33370692191089,-1.90119766908859,-2.71311983610831,-2.2433083788213,-4.28937751539651,-2.30578949199188,-4.40454704563223,-0.89345508019869
1.30793771027608,5.26676713196938,0.988166221181209,-0.299856751100236,2.49946341069092,0.273063427528216,0.346478079957966,3.43876534854579,0.756596743541919,-1.90260154507819
-0.844562875716964,-4.24911049728291,-1.94824975650341,-4.48823977711121,-1.98934929425715,-2.48563199598731,-5.29716621520551,-1.7025227471283,-3.60777012676951,0.812227803407186
-0.155718928890807,-2.89250870423722,-4.92082821573007,0.444680708893007,-2.70545155518545,-4.22918407671671,-4.92472940178038,-0.447719632399542,-4.09647354202608,-2.87529341579547
-1.41589211100715,5.46494957501111,3.93784739662076,-0.470015814120337,1.52134598758089,0.0577843771595279,-0.360236686167263,4.16918398209268,-2.04501952571799,-1.14255739941689
-6.59535254163879,-1.45825187138457,-3.3230940780508,-1.54821159550774,-1.279942667129,0.102497096935153,-0.993146948428569,-1.27148350992676,-5.92830771608984,-3.59873867030816
0.814473494265377,1.44351028203241,1.3658311753707,0.122394370238899,2.20122334742523,-1.04410931271122,2.83515724419124,4.41911542796891,5.63492442543523,1.00694828229281
0.514503904943943,2.06237955654801,1.89242973727481,4.76884980676606,-0.2921686358418,1.9264381708625,1.34914521078229,4.72293757767813,1.39152034122115,3.60420283752921
1.77207273137313,2.27944046109673,0.590910455914178,-3.05585417731752,-2.09845170472233,-0.827170060308939,-3.22528932012557,3.27933880462557,3.69395474419106,-6.88412901161565
2.44414114150531,4.07526552676704,4.21833057262419,-0.094247449563583,2.41566184751321,1.2865282001773,-1.01858659755569,5.26348931599033,2.72937413989346,1.08573478966033
-4.81919670414663,-5.8166347470125,-0.415263607467784,-1.94461299334718,-3.12012219645687,-2.66687930535323,-5.52124069646533,1.09777407859637,-1.82524846126587,-4.98182329037921
-2.142802555317,-4.69019805884122,-4.15471196482627,-1.61071046935772,-6.70355252915571,-4.0123653425457,-3.49175524356925,-3.23232552787435,-2.44990333025227,-2.85758567657176
1.7944802698113,3.80185717998432,3.03728778772794,3.78839184679128,1.83415179427767,2.32524842462478,2.80575624676634,3.16763728199273,3.76893662181991,1.16266400239667
-2.62951892348403,-0.747098410296314,-0.721810016860188,-3.55262000199094,-0.78312946435537,0.0122229310513502,-8.84206324208333,0.133766470778309,-5.3539582227697,1.95550560601953
-0.0294094791474209,-4.99798911303258,-2.74238243218344,-5.51852539246641,-3.77665803567981,-6.17735233669538,0.255475736087344,-2.48410605021182,-1.105219284055,-5.70114464763086
-1.09004567365322,4.27951820601836,1.66357960058246,1.47185230433701,-2.44541121058772,2.38790112462368,3.29714589661633,4.8012153662809,4.62739126038609,3.27391488701811
6.68977991253288,2.10794534827164,1.79548244923778,1.187464447594,4.81008540424336,1.43481815591487,-2.67429421252781,5.06733148903482,2.05756677042839,-0.801141678325425
1.71275330280907,4.9592710388332,6.03835385659904,3.57061032921825,1.95595496048201,1.68078982558108,1.54902639081606,4.26311263452009,4.19885625571639,2.63628664331361
3.17937247161592,6.26761654293789,1.53776778266236,4.78056202572656,4.03599604573933,-0.166617050698674,2.89819821282204,2.89760615540601,2.56490768344172,5.23424807036424
1.36965129317779,1.72513359064735,6.58081702737092,-0.331014415084849,0.979690671335629,1.95117909289383,2.79589264829514,5.26599773075278,5.67450360999379,5.22327313262732
-5.36597880305374,-4.30460146505878,-3.70785352129474,-5.07354274044602,-5.09941339897027,-5.79042610174718,-4.32977114822916,-3.37207752116007,-4.80539355525752,-5.52774264220793
5.19645644690616,8.82973458187807,1.84726108423143,-0.45075484528926,-0.759239262343089,3.64736890956328,-4.10264038245231,-1.73059713304409,5.06462292042377,-0.039966358112288
-3.3806148169259,-5.92396532882381,-3.01389138131254,-5.92935818973762,-6.41489610727201,-4.92423457346136,-5.51327761241621,-5.30972461806524,-6.98040726757969,-1.85046480501383
-5.8007997898461,-6.22811901947542,-5.52201129345206,-4.39993567123615,-4.91006777406147,-6.52835101249727,-6.25118802748476,-0.50152119497639,-5.62802831776744,-3.96571729641943
-4.95847488740646,-3.60364779958824,-5.10088664973007,-8.85320589206633,-6.35100706483445,-6.69597860330947,-5.44631005155569,-2.75394845518822,-5.82224079069712,-4.93383001094303
6.81444034860256,9.01045107682131,5.95940843929539,0.921893070175769,3.12838301875545,3.21934352669098,-0.275437271864155,6.62127250405723,3.89212037801732,0.390941574513949
1.97077503192285,3.66914622935742,4.14728259922944,5.04594022228434,4.32631060518969,3.18095622938765,3.86256014043592,8.2251121021846,5.58330287689897,6.20689394155338
-8.24451657834285,-5.69212166064475,-3.81521126021275,-8.57342870469287,-7.19625233860384,-5.11224454152604,-4.33447290590184,-6.1847996196473,-5.89537462942229,-5.91687598836791
2.62814754095043,6.39142156781986,3.35754170843611,5.60608388560011,3.40972056154244,7.47143017964093,2.56219175843928,8.25081160000149,6.83595285631067,3.40201018513008
6.89900293302875,9.51633725395324,2.39671895806924,1.07469926756533,6.55663446070906,0.159554390562707,1.55033135862608,5.71780232231413,8.29124885282086,2.56935799707976
-9.70716964710838,-6.15184007227791,-4.08822842188197,-5.49541772415158,-10.4270940213562,-6.23060257948222,-5.48332241368464,-7.65051357545757,-4.17791217317416,-8.80998321933115
5.80003104001323,5.73357240921276,8.10853418145211,5.22625634749619,5.46281303420483,4.88418310647827,4.84354715313505,9.41265857754458,7.15129685893893,6.1822297877865
