-0.733313746679249,0.404654387059135,0.156942913158703,-0.398277643359039,-1.01052922665108,-2.23209993630513,-1.76050803353553,-0.330890451531178,-0.3801091633252,-1.92361938220322
-0.616824486150135,-0.891447154175373,0.0337113830901132,2.45102663375218,-2.39058417018617,-0.540696799684285,-0.480164445959324,0.311032374048111,-0.353673646881379,-1.36096809605554
-2.82944286187795,-2.27277210608638,-0.622696118692901,-1.15910826350316,-1.90050749587664,-0.954585366531795,-0.954283314581248,-0.601086114413781,1.6563633933132,-1.56695224214989
0.522573223493436,0.943331396324379,1.29373715340122,0.318396986359069,0.690151045457761,-2.14624828795348,-0.768444541472034,0.12698500634428,2.22442915549883,-0.792397662746203
0.280106192475831,-0.97346658402089,1.91599798143705,0.973903875164888,-1.02541055437317,-3.15868725500607,-1.13313466414693,-0.309995149153325,-1.10504442930806,-2.86508851587055
-1.35700909291245,0.0823110117288097,-0.389744086625577,-2.23488787866152,-0.268514317970009,0.142701298516624,-2.61371731012541,-0.280914489628138,-0.406681177001961,-4.78040961380413
-1.9649577168703,-0.801399742553251,-1.06320925413667,-1.61277193928756,-2.32870673221338,-3.36264429676612,-3.03646678892823,-1.40134887088076,-1.53066707900427,-3.14715989731602
-1.9649577168703,-0.801399742553251,-1.06320925413667,-1.61277193928756,-2.32870673221338,-3.36264429676612,-3.03646678892823,-1.40134887088076,-1.53066707900427,-3.14715989731602
-2.3293112394264,-1.65128202135957,-1.18785901517529,-0.124397510010168,-0.21788559886303,-4.01435840182407,-3.78342816895973,-0.24140516583173,1.54528744947074,1.02542105000259
-2.57341720167747,1.2142734074377,-2.77649032842101,-0.921415134041368,-3.44913668256211,-3.29446160799692,-1.80090204706362,-0.213673594527829,-2.9647787849082,-3.11290849059156
2.65357976308761,-0.152326439297873,2.53953439821776,-3.72994514294258,0.860588785771277,-0.754953893941693,-2.60383636936761,1.7594105518133,-2.35420517179937,-0.507412802953159
3.22945959577265,1.42439847514467,0.819070358062985,3.28630742428314,-0.984492566011518,-0.450328646015487,0.909059238856118,-0.446423027727192,2.48648430073605,1.50637302349425
2.53242244907706,2.74405299089886,-1.08491560545047,-1.21338570023311,-4.43196110431295,0.33959373925131,-4.37295059937889,0.209584265312138,-1.9104994025131,-0.274140949691706
-1.36728826815873,2.20811820070046,1.49537529560352,3.6036410733154,3.1366492083485,1.60543288927337,1.41495089064856,1.07526924140901,2.28031200616916,1.30847412907492
1.12055056571218,-0.53653746183033,4.89834702753392,0.14675626416275,-0.239915147170425,0.206149106735558,0.209467548224212,1.71112957462421,1.93901015077743,3.98926597748997
-2.68093610426171,0.616623468595614,-3.93833743700921,-2.74952799899406,-4.6524533287648,-3.26020251273564,1.70961071415702,-1.26364911317003,2.88465990360981,0.513133091127985
1.44116808618768,2.7300050512121,4.52800272486776,1.40464864469311,-0.0272364081712069,0.0617012705395581,-1.29060142600224,3.51417650533119,1.97912884625991,0.778796038195318
-1.2237163466365,-2.35783861680915,-4.09677812263685,-2.0318579385423,-0.577913466454455,-0.549739524519734,1.0528644760113,-1.08748121904754,-3.31892492577099,-6.74880675429292
1.04728789805283,-1.08739310083234,4.89234652691569,-2.75287251897462,0.767070536534691,-2.12828519402158,1.91697390481598,1.88407812601504,0.382431559286507,-4.99885158356129
-3.12887321389119,-3.11529727207481,-4.36105015595998,-2.21723561693874,-3.33898202554947,-3.58148075325102,-4.08643434432953,-0.504036424972787,-3.20472646991845,-3.65821349015258
0.30494561969143,-2.09740915776531,1.46839533671266,-2.88559043873998,-5.24029111528833,-6.13443060340937,-2.50965274316774,-1.9647578560844,0.246463566926501,-3.29506122649697
1.00388978361477,-0.662593520737245,3.02666547924717,0.230548502658886,-0.241938019109145,-2.87722082446046,-0.922953243947096,0.729694430759192,5.2107384225057,4.6806587057447
-2.09200939885316,-0.682302134679996,-2.17224963342515,-3.88211264893318,-4.63371763244818,-6.54244476389133,-2.0898887976989,-1.85942306022683,-3.37860991295039,-4.5586654955102
2.9852217224283,2.00311986020492,2.13322749813894,2.97128757403227,2.55604686030544,2.48337320947492,-1.23212639102345,1.97477489761243,4.6798608516673,2.94504003808664
-4.85832252913007,1.02422489327556,-2.46337283877112,-4.98262349040441,-3.46087683587405,-6.25950850525015,-1.37332286328739,-4.38342700612001,-0.809669473303778,-1.42248316223533
-4.20770052851945,-3.18710338628432,-3.56896307543173,0.00783798014788895,-2.86336066022786,-6.08646567925783,-5.23704357528846,-2.95272513858326,-0.130643308269283,-4.01300957901029
-3.73712646180555,1.15547773793423,-5.89316684226525,-0.824061364422747,-3.85182119383862,-5.1978684414326,1.28724300797547,-4.24849680187336,-0.306497992041199,-4.9178896027782
4.54833811882355,1.67776147858055,5.32599521791735,2.00505365802324,5.18790216989554,0.0679224044780837,3.20822566001259,0.561767615039932,2.5788714995442,0.625371713435272
3.14496355193642,3.91511609267139,3.62937427468184,1.48829797989921,2.93429228454449,0.435532479263162,-1.16941012617545,5.65005564663847,4.82022264016037,0.998606285443488
4.16835169332246,6.29786372014184,4.97140621410443,1.04094859270934,2.64611541223266,1.48733840916217,3.12066085035788,2.64021321778785,1.90297140708635,1.27545180259104
-4.36666257062507,-2.03196808947005,-1.69800191943633,-2.18647058636147,-6.3674720510441,-4.52058231657692,-6.84879601000691,-3.43124953856514,-3.51303620229502,-6.22148035976404
-0.745901583983432,-2.15048523137265,0.280693994521436,-7.07675626762935,-4.75527278761846,-1.60203048391975,-6.88806057028745,-3.675671220768,-6.33224379107231,-7.34814804014456
-6.88818755123778,-3.02008610936643,-4.97164712924546,-5.001285569299,-6.39541741534982,-5.5424417336274,-5.4222144160798,-4.72608614156229,-5.31948009258918,-5.11221382254363
4.86562465170676,3.56048722656783,3.98094555433202,4.38660794141595,4.27270905800414,2.31059209348493,3.0318568878643,5.62174318593565,5.1709741999004,5.26706074637369
0.568803249843979,6.02393187452335,6.46827872002011,6.12493200350442,5.54466285817585,5.15085004988233,-0.63782247324715,4.55548018164164,1.99911804462725,-0.925370698406472
4.86511869443729,6.51099244989461,6.17913568270346,5.46928997757246,4.45770961513121,3.54880767452949,3.55544345905353,5.71204686618104,5.44739484754003,3.99284310693887
4.01465567520322,6.53063476287595,6.44261074773958,6.23766491649656,4.75236016176425,4.16180808803768,3.4945931454787,5.76067265265465,4.27983458913625,5.94299065831987
-6.1680963553749,-5.03012822163652,-5.27783969553695,-5.83306025205469,-6.44531183534674,-7.66688254500078,-7.19529064223118,-5.76567306022683,-5.81489177202085,-7.35840199089887
-5.1084417242917,-5.32152473944813,-5.86897270046306,-6.032422293522,-6.85231224234714,-8.19111676488717,-8.441631174286,-6.0298319782319,-5.99188564649372,-6.46758077339888
-5.1084417242917,-5.32152473944813,-5.86897270046306,-6.032422293522,-6.85231224234714,-8.19111676488717,-8.441631174286,-6.0298319782319,-5.99188564649372,-6.46758077339888
