-1.7813783042786,-0.93405885951362,-0.232876602767099,-0.778692953431098,-1.45551836126386,-1.59334265141846,-1.35739567405839,-0.46598828297248,0.638127114994001,-1.74528581217656
0.960133008204179,0.126163973880631,1.34823865568823,-2.06411139315081,-0.0749702204399028,-1.49352691512341,-2.18217220145157,0.714260050141063,-1.36715716756228,-1.21551609257819
-1.05030100741899,1.3063862938798,0.826159104381112,1.60268171497818,1.06305999084871,-0.313333523515879,-0.172778571443483,0.372189394938917,0.950101421421978,-0.307572626564149
-1.65336547417836,0.809463897248415,-1.30977370763116,-0.659846388700204,-2.2298329546066,-2.76328077215102,-1.78070504029957,-0.272282023029504,-1.6724439741167,-2.51826393639739
-0.978515046657875,-0.97659211487501,-1.96991760473908,-1.21506779095067,-0.794221346552769,-1.39091973041243,-0.353821778762111,-0.709185835289358,-1.84951704454809,-4.33621306824807
0.0170736300085068,-1.05742313634622,-2.22143390475685,-3.44129445906152,-3.63487226506737,-0.974291398845143,-0.195491793814898,-0.110280884672795,-1.08336483492351,-0.703560747857644
2.54991092413396,0.259455920081103,0.430476746987951,-2.60185789795282,-0.813061335689316,-2.11812650434099,-0.182907797804206,0.966343195749169,1.30041893422969,0.0711453831215298
0.909571778555073,2.17429505426978,-0.514327723007181,-1.08427632598293,-1.39752625990744,0.46150729797532,-1.45563921685407,1.17674126184184,-1.51508314336363,-3.31818802447213
1.12595398787453,1.20388712363202,1.14508520564882,1.28650496533661,0.772758816827178,0.125636636584899,-1.49631721227949,0.821942223040627,2.14987584417105,0.510710327941712
-2.45022655837905,2.1137373969715,1.0868738452776,-1.61465417999761,-1.05727743646072,-2.38044930994345,-3.18855379261734,0.836666453524413,0.203893738164763,-2.28270682900715
1.22215926588768,1.78238566973455,2.36304706504609,0.67458273555842,1.14656225610284,-0.288411543058922,2.2541180478252,2.38469304196982,-0.205200574278012,-0.906194462177344
1.16569855705856,4.70829524692618,0.483063672069901,-1.41710591492926,2.08457346643329,0.153022758694503,0.822570812042544,0.779041988020285,0.211562294588737,1.86401720542645
-0.454002336561834,0.101992994089323,-1.96768860581408,1.72460099987469,-4.81435598157275,2.64685310821507,-2.18866286229259,-2.53342027191019,-0.148236262848827,-3.1073959090296
-3.1859044477633,-0.91338519046603,1.2454508417769,-2.54997146199718,-2.31215666288358,-1.41488363727295,-0.439962065609758,-1.59841480395718,-5.2596556774155,-3.34781496831398
-2.21679758808126,-3.6209849345586,-0.760131574124125,-2.46235910322648,-1.25104548925711,-3.93731968149682,-3.50089810934364,-0.583478177519301,-4.29970848721038,-2.45621088166007
0.0845560244976256,4.27569144013426,-2.42378560803446,-4.49262908487921,-1.58099692306924,-3.09706697268209,-2.07576943927401,-1.74731556993925,-1.72343727631066,-3.59558962469079
0.369159330130002,1.00142501145412,2.79131694562,0.565393068074279,2.47334847082878,2.37491131683551,3.69636776680183,2.9902329151842,1.67870984132074,-0.034630875715167
1.54956564553519,-1.68979446168429,2.04506636699226,-1.69524088860089,-0.510649123284097,-1.20757791625288,-1.6737973400744,-0.978630666085877,-4.65507567175498,-6.33034295947539
2.06832480468184,2.95797165229335,-3.02231823681086,0.871115778232578,-2.15213737129209,-2.66944030558508,-6.02799594890479,1.11480584866187,-1.6042604853844,-1.6857098799119
2.74226328365077,2.93866528925644,3.25189273339967,-0.791889135937056,-0.387698511334529,0.186400095127708,3.41541155536451,1.50687768308719,4.04000934067197,0.190814202132636
0.192083155524261,1.17143100750017,1.98431290807791,4.203305091482,-0.195180354332605,3.37899752643345,2.46389315093358,1.65859153967893,3.73610802896575,-0.782078685365937
-4.60970289980417,2.94547592649017,2.48548095720148,-1.49587072751231,-0.699191990318447,-2.97610881417914,-6.10800115801967,1.27597467389633,-3.11936239144161,-2.15102802490234
-4.27038222432498,-2.28351765595162,-1.18714310834667,-2.70242510879683,-5.40935620612322,-4.11382036641265,-5.34473742421653,-1.67497647303655,-2.4144015201982,-3.45971769249507
-0.248736559105203,-4.83327064210787,-2.18307569398237,-1.09192908647911,-3.31440566589087,-7.54697988883134,-4.73731637728121,-0.808662526515025,0.434556282108645,0.202444392953539
-6.11737436610628,1.03309548728567,-0.789924683824318,1.31739291022935,-5.83251037249015,0.709831718670326,-3.08436339698344,2.08136541900016,-3.81134067661036,-3.68275048773287
-2.92063028701265,-1.99666066978166,-1.84451118581178,-2.39185157821458,-3.23499822763127,-2.83681401423475,-5.84302665032509,-3.96181644907428,-4.51525896944674,-5.7521681078347
-4.07271632331994,-0.864704908131615,-3.04277099464415,-3.20309799875882,-6.0796991630126,-5.34760804033724,-2.44480349839893,-2.09500801001096,0.356218022472053,-5.2544573721712
3.65587473065819,2.62398712898668,4.07382177178032,3.41586075565057,3.46356327894413,-0.266326683406892,2.23987881401602,1.47890470815673,3.25391175487038,2.52711596023424
1.03134536613801,4.75861596590777,2.84628448294129,1.7554110380257,-0.259664707924103,-1.57714327383343,2.47373935779008,0.348744880892383,5.4260673177623,5.01545830819706
0.521937922442386,5.0235509172923,7.16739699877612,2.62113923152399,-0.00685004731385863,2.86799484801538,0.185100206692503,2.93572904840538,2.56072600757785,1.28863051161888
-3.89859853544881,-5.04713847810721,-4.39418212414727,-3.12777115125367,-5.42430326950747,-6.84745485079223,-6.92008567733477,-2.10931597645039,-0.591397741173585,-5.27246194604454
4.02720835424673,5.17797140827445,4.92321091553252,4.3708192946982,3.70672610658927,2.57897196948588,2.97785667478963,4.51022442481553,4.42095596485677,2.84095444626189
5.1497403089198,5.09193798754063,6.41281453331938,5.66415720192443,4.35837419550938,2.68095049036591,3.92952273718028,5.05590128567925,4.63376728970488,2.98199013698462
-4.9560813951131,-2.98477992804138,-7.32814975049121,-4.66883501700197,-7.06125386433224,-6.02476005785725,-9.014189660464,-5.22442102879247,-3.43352197304937,-5.68159341287778
-3.79756595980266,-6.39134277564983,-5.63264501177284,-4.90778364304737,-6.09983703953781,-7.38164689861506,-5.89272672894164,-7.90766967978306,-3.54552914150815,-7.43670961128223
5.51163210448927,5.24737451918245,6.96814828222444,5.29247951567143,4.75011046314139,2.82168370563871,4.03461344728019,5.57574607563551,7.79165871561176,6.75486374779225
-7.80990295861208,-6.00897347642848,-5.57120107936117,-3.54577647458859,-8.02899579981611,-8.28653239749389,-5.11041040682706,-8.06620290283241,-5.05253468077176,-9.10223237495187
-6.78900565878771,-5.51516795983194,-6.38399744615473,-7.51653923216761,-8.19846751557114,-9.76361643611974,-7.30154250163872,-6.47150084190051,-7.2557036241593,-8.61748652487821
-9.18709473498002,-6.68405994717516,-7.78369619406488,-8.07612569235052,-9.07931740702196,-9.26361492098777,-8.96770531082917,-7.90483238256824,-8.2261387139787,-8.89426068839493
-8.29722182150698,-7.834779262216,-8.23235897967368,-8.59169405446202,-9.30776482052062,-10.5879524366177,-10.4774136899323,-8.55670530090305,-8.56234149093097,-9.57194416382256
