-1.4158396558488,0.186163717183089,0.296641250807007,0.411994380773542,-0.196229185207577,-0.95333808746717,-0.765087122750935,-0.0468994440167814,0.79411426820799,-1.02642921937035
-0.327712158202037,0.134914132059202,0.456104301440861,0.253906005952758,-0.341379772218341,-0.733853007416781,-1.42685644316894,0.177976970034074,1.39400147958253,-0.617287742117422
-0.327712158202037,0.134914132059202,0.456104301440861,0.253906005952758,-0.341379772218341,-0.733853007416781,-1.42685644316894,0.177976970034074,1.39400147958253,-0.617287742117422
-0.279609519195459,0.424163405110464,1.0650852311395,-0.0520551089363392,-0.154478052580509,-0.940877097238692,0.448361186883404,0.959352379498672,0.216463270357995,-1.32574013717695
-0.882152337135047,-0.995740997929919,-1.22715525376197,-2.10999370624631,-2.54519531316562,-1.2838170251318,-0.776443733936643,-0.288134583822638,-0.222618859964753,-1.2244232800171
-1.11769032042022,-0.416032932712149,-1.10028260429059,0.472954023221794,-3.1349371714183,0.526755228398305,-1.77302926817549,-1.49970427744133,0.244945426072587,-2.42634086060308
-0.853858473123573,-0.620553757138251,-0.758738687122585,-1.11868025387808,-0.855896592319907,-2.44854705926877,-2.42505035071227,-2.89944485313849,-0.17102264719465,-4.05319003042615
-0.563024563678728,-1.10539047519255,-0.0137633922825566,0.205273658655507,-0.285468192352641,-2.25962190145523,-3.50522376976038,-1.77317704576654,0.26628819193107,-3.9246208553168
0.518396320940372,1.85642787588388,-0.341656621533419,-0.474530441921494,2.8757926602811,0.888744228542597,-1.65012198776077,-3.77721168496732,2.52631023513285,-1.33038058715151
-2.43575123951951,0.323881821920429,-3.15364059768184,2.51061205546489,-3.69261416486579,-2.9954331594309,-0.118343059311369,1.81907768709967,-0.0996626617220402,-0.326739399978719
-4.82060915886751,-1.09029157043051,-2.28293925947545,-1.48337286091536,1.33062999022589,-1.30503826284523,-1.93109890980729,-3.29299740008067,-0.294588861385765,-3.21238865770988
0.805607223555409,0.0975975814109,-0.44667407014529,-3.21264336925675,-4.33850838307443,-2.41212134492548,-1.23366419568404,0.216915921227868,-3.94230343071315,-2.80475013786477
0.133874135149245,0.825101819060901,2.97395913405255,1.27888568021728,-0.156213767162986,3.65566636732196,2.21633243395217,-0.131923122426135,1.37667924227902,-1.36251107336903
0.905664601563151,0.518871316735466,2.2588174576544,2.76915419737817,0.931992612651248,-1.65677299827726,-3.167647620304,3.34051917881956,-0.00161237990706486,0.437011925475735
1.06602131091265,-0.897507945566079,1.76399268147465,-0.474530441921494,-0.0728722989327579,-5.16433099526859,-0.735536295327767,3.56252304838443,0.664684427531949,0.356494297506283
-2.08395168172606,-1.39285830215544,0.727060343055424,-4.94744191629608,-4.31635921561044,-3.22842040489193,0.0145746248987029,-4.06899399798467,2.39913866346515,-1.38434779780843
4.46528176083992,1.52341302486777,2.58339548801244,2.76763644951108,-0.326286495119583,-0.847458976667583,-2.46519990313462,2.22410483147692,0.819582033866895,2.23586993511079
-0.994513456039916,5.19312365345206,2.12991518404176,2.89237644450573,0.442401663114622,-1.00812998811795,-0.763871102827747,1.77767679189295,3.01470151071236,-1.54922074832668
1.95041908647436,3.35972954239271,1.53863575954106,2.59538495095368,1.06076282337216,1.51009758153236,0.13335626890902,2.47394428028774,3.92145150714253,1.60570932364304
2.84671329133552,1.46778674795626,5.33694272210742,4.15292184560328,0.345188198630011,-1.71862638219457,-2.47888303563671,-1.01739560689002,1.33591988322488,-1.41530509108847
2.82422027866192,3.27969256546318,1.30612908011398,2.7510030853339,0.27560534898882,3.285879828781,1.33365018832843,4.34473819156234,3.10762127659533,0.460284358271402
1.34223757031354,3.73226300796323,1.57323699548786,4.47957886137429,1.65390957519945,0.34050895106072,3.49023202618524,2.23273581434188,3.61013429323928,0.373346816463914
-0.266916971563896,-2.61192562037596,-2.83247298563753,3.77874954516929,-2.08761828422623,-8.27198294886688,-2.58658428830232,0.597477026867191,-1.00777021790102,-0.424691001179672
-1.16979630983504,-1.36390791190497,0.269565222783656,-1.13043753999069,-4.16333293641458,-8.36448751125965,-1.44842145040424,1.06935339830551,4.08098288929414,-1.37152982035892
-5.13210477303464,-2.1189734229674,-2.96092578003053,-3.49077225716831,-3.82998173737148,-6.41121705134614,-4.53479851856293,1.47627467699419,-0.273822611606877,0.0598408408199775
-0.418499230316881,3.08751768236684,4.25190584436947,1.97644995023537,4.80377081479242,1.61452691620121,0.662001616221561,0.586332572193959,3.67531994196686,2.96293248275731
4.45952188435115,4.69418464877653,1.93364567259925,1.10496983573999,0.77193047023589,4.11248268998275,-0.311551021068732,2.94393441684258,2.9137583184883,1.29760587490385
-0.00448112594527572,2.33905702213174,3.31549439644228,3.42584996471342,4.49977726656843,1.42318909661474,3.10793565496851,4.81114988500124,1.14731433418778,-0.765829722843242
3.75133359643084,4.71729058873549,2.66070744466043,2.31169042940576,3.42531902665299,2.66368318912857,1.77885367280873,3.25464127498542,3.26371913142987,1.411514043041
2.69604391498453,2.39832133235194,3.23978434650883,5.55391363403727,0.84638316499812,1.85994542590208,1.68683785598207,4.06531180411641,5.00313759701117,1.80505752209618
-7.18490230416904,-1.02523924214035,-2.16650430707865,-3.96307971281213,-1.82390239490276,-3.51222164114577,-7.02550490033487,-2.85513034606175,-2.57040487226636,-5.59557333191331
-3.40262604057852,-0.465584974768525,-6.1868679365063,-1.32647218403028,-6.3170451454527,-6.82475818688726,-7.23879510226173,-2.61029407849059,-5.02380358192587,-2.85531547522356
2.83550756014926,4.39542691118039,5.82543605567511,3.65481672845607,3.43531142409649,3.81503579182451,4.42047006633614,4.28694739270538,3.00838465495946,2.77259854592495
-4.5430287417396,-5.19447453945203,-4.48586579057327,-4.11387709215857,-5.63454814217797,-3.356347714921,-7.48233838106271,-4.37653073574846,-5.86600712044421,-3.29755685755661
-3.97014017400869,-5.01132432527883,-2.5870147614559,-1.15694222562886,-5.842408822088,-8.50170613598984,-7.86783474907405,-5.39656392658026,-2.59256944037233,-4.48245485112561
4.88324567330845,5.93926703354829,4.94554677328307,4.3876642964632,3.89262662558456,4.75323125944864,3.91263149071399,5.67452542560489,4.8806709219854,2.78741201784587
-5.61397123700999,-4.7126509197441,-4.35271582365601,-4.59384565625908,-5.85041310890878,-8.5968524180732,-6.36281417936638,-6.0069079720127,-3.29831125697507,-10.1171258019497
6.22955679645012,3.35775597671156,8.45551743084801,2.67904795859399,4.30687051902387,4.8328058902796,3.2159555699651,3.26409875448755,8.2501093496389,6.4409591805738
-6.33420636786211,-8.20281368698096,-6.52712508454495,-6.25445995612532,-7.70411094974758,-9.88931020629511,-8.36650496184001,-5.95647434091396,-4.78280723761889,-6.09056964578172
-5.7525434122008,-7.86182017453912,-6.37097732104376,-6.88778372658401,-7.98523761926856,-10.2639527646055,-6.00120161064491,-7.85704243477692,-5.0339176392865,-6.64873759919503
