-19.0006428931807,-9.61716268456424,7.90823083833182,-3.02531503792459,-7.278642738779,19.2623340995616,8.85440006389922,17.0236559296875,-16.3080132176921,-10.4017607716775
-25.4082532019907,-25.2803692523922,9.92613368355953,13.4112543624284,-1.93302851209362,4.93042281221611,-7.10364324133231,19.909861314027,-22.8320030830064,3.61199114815971
-5.06517727986467,18.4696307476078,16.8173070263458,40.0833416861468,-6.51053433959945,17.9732421385038,9.37987324218417,45.4634327425985,7.53752934534954,39.5866935291121
-54.6032327700046,-47.0930010093298,10.062546222845,4.21786224334061,-42.0161354761341,-5.24147438480414,-8.26779017361257,1.48818788727695,-26.4472326104814,0.691333239989163
-23.1531773855847,-9.48433378014409,9.61158342699751,11.3095997918076,61.1274173201191,17.7919583070601,-8.10021214628105,9.56892231992219,-44.1288213864366,-37.9389531839553
-38.2897039395098,-36.1857308340529,0.926610405228196,-30.6305561216839,-11.0152855466765,-17.0369769967522,-32.839521863883,-0.673417715755832,-64.7503916977476,-11.1931164345402
22.1625232067023,37.1181210967111,38.0403909202752,10.5515349451818,14.3985209518753,28.1594075499746,-3.50538593592549,81.3255321065544,8.51943822285781,13.1549410552477
-30.1909941413098,-16.3252822999586,14.3318134074813,73.7648308911204,30.1663392158978,-7.2887227411665,6.55831117461185,46.0978807846061,19.1012876087818,-62.7683982874144
-7.80975160798322,-36.3406259242851,14.9240600881618,-37.5861838273116,-83.7565222066774,-35.364859602652,-13.6377327992891,23.0091937903851,-68.536227118439,9.72546142051303
-82.0593022308418,-46.48023417441,19.6263370154462,-31.0199714905989,7.72007627168711,-0.488465316431835,-41.4161618509459,55.309168576327,38.9312291120143,35.8958204342832
13.7102960604902,46.0364913881693,40.9266104052282,63.3694438783161,74.6990001676092,-7.60301473260122,-10.1122491366103,34.1091909798963,-59.4872338030108,10.6818835654598
-83.8034380905269,-66.3781602387948,41.9918964729998,34.5669426156417,10.4333153024356,36.7200604623219,14.9812215745072,54.3273668278655,-23.7768903489522,5.00954331302869
-21.0483246291649,-28.046195950332,10.6488326274504,5.73308024195249,-9.62639665778759,-3.40061336038853,-7.22976576632204,12.5618764018912,-29.5007833954952,4.71597447455068
-20.4945222567612,-23.7054811896969,22.9202776553622,14.9542495041225,4.62736001197263,16.0600463638885,1.54029920728728,24.1330157746863,-33.8518651128242,2.42754855440862
-25.8542879346115,-100,79.1828099197216,-19.8169456593918,-32.6707086710299,34.4534988341965,2.69712210708919,-11.4053720968003,12.2866989927201,-18.6872888100039
-16.9529611571965,8.81187058120355,5.16762904921323,-11.7837103178017,-4.9308888197704,41.9252815595117,24.9385658941205,21.4854354574837,-3.11524303988905,-25.5194960179056
87.2729542672067,11.7373275707389,8.14571586117575,-28.4495993121833,60.6031174503531,-21.688448976981,72.3110430427649,27.5110882068668,15.01524238156,-40.3721356929883
40.6988898310514,5.31663753731397,-5.07812386655593,81.2569339275406,60.5771482161047,9.77089531075399,87.9614775217582,26.9338357508523,22.2773713981714,6.45948029675142
-43.9393007192424,-52.1845569204022,64.3632238356613,11.8778489602204,-80.7180149540585,62.6433306363561,41.6398579648445,1.72927072070592,-33.3376018638606,-13.1340156382079
-7.8963570688381,14.3286852975775,35.3892248199847,69.3607241898512,-27.7749585055998,83.304284372612,-30.8977857949978,-12.7245813879341,-70.8675539124458,55.846652790216
-16.9529611571965,8.81187058120355,5.16762904921323,-11.7837103178017,-4.9308888197704,41.9252815595117,24.9385658941205,21.4854354574837,-3.11524303988905,-25.5194960179056
-24.0164415289191,-10.7634389074109,11.8851525570874,33.5847866495466,17.1340838731031,28.7373797257154,17.6278556116804,33.4217736439695,13.2636300186191,8.37280172825469
-36.4128896037,-37.5943700785857,21.7209393592497,26.817563495096,19.9499406571339,19.9062002100424,-1.27355360656554,29.7364640505483,-3.49472225568135,-7.07128594442587
15.7399100636684,-25.1398060683276,32.0569049795298,17.5867797170995,19.6801472108957,51.2887053147621,47.3608520857636,18.2941765553479,22.9831297687353,49.8368811044265
-23.8589821696418,-100,22.5577654376498,2.05050295343769,-22.6208559478207,39.1779260684932,-14.2509999710132,58.7371320598746,39.6358912143108,-80.7006657035849
-14.8498322306522,-10.5840344020156,-6.11298533773943,93.0580084040769,1.1138354806813,49.1195340820617,-18.2860645775129,17.6881645384719,-33.6378629506873,5.92901948521994
5.14630422620314,-69.4501438664726,-17.3236017847452,11.9629602825563,-74.7350294853507,36.5703086034494,-35.1976147350161,70.9427323609725,-18.2544676154724,82.128179811052
-89.5576967631989,37.4647287868235,5.19515038114766,-14.6107236595496,53.1602283028275,48.86981675161,-86.771162422918,-54.090138685973,-18.6452075918631,3.27323776062584
-74.2565210100765,-26.3013691530094,-57.9637766385003,-3.41798963117352,-2.12850933351874,-8.16495015066989,-32.3009550773208,-52.0081749770696,-100,-58.8402272832127
13.2010152703605,-17.3164232720299,-7.77977442529851,67.9535958700133,-1.99387775061404,90.3259870068368,-16.5640611006174,32.20900383488,27.8926908203474,19.3118635841698
-88.1581409108443,-66.1398060683276,9.47625981823953,2.70264424472873,-74.4058742944806,-7.08233540921975,-9.30581458090311,-9.58550062733732,-23.3936818254676,-3.33330799457235
68.968997806909,-22.9392462116455,51.6561061372095,58.321918290122,43.6898437202544,58.7052181617654,16.0093601026458,47.6931839193197,40.0021224003123,74.0691671625685
-29.7681817748164,-22.5145425544524,9.20343473966865,21.0894284829044,5.76033963360035,13.2614589848207,-6.9775207163426,27.2578462261629,-16.1632227705176,2.50800782176874
-16.6780585961849,-35.4846837221417,17.4442474703153,11.6113351276431,2.51510891804757,15.5107312691882,-5.48771730116692,40.5163482116035,-1.86856865817174,13.3093284667385
-12.3284674835134,-33.5778493462117,12.0942305152322,-9.62326799899942,-25.0131329491755,-20.0626857055978,-7.48201081630148,-2.13409342238042,-42.8383440204729,6.92394112733262
59.5968366611576,19.0126275790797,85.6488326274504,14.6219691308414,29.0832807615672,81.4478714880963,69.9130913765351,20.2541840941989,3.8325499378381,64.7159744745507
26.7877636753546,66.3991705381119,21.1868425637744,100,38.6008622685897,25.9844603608366,37.2420848280826,85.7132557642992,-8.84205044581853,49.7669414243298
22.0954880798652,-1.15679502867303,99.1992875488731,-20.299387290515,-5.25506880819887,9.59397107816143,56.8773770908208,62.0279397503075,-43.935307205019,51.7719854035124
52.8647188490959,-10.9730252186247,81.0192029978208,55.7330802419525,6.37360334221241,34.5304211223701,50.4625419259857,97.7470615870764,61.9277880330762,31.5452427672336
-12.3176871935048,4.26874609432425,-23.4931305027545,29.0401500648233,-100,-23.5322121384077,74.558188282042,59.6904276505425,10.0888369515544,42.3251939400574
