-1.4158396558488,0.186163717183089,0.296641250807006,0.411994380773542,-0.196229185207577,-0.95333808746717,-0.765087122750935,-0.0468994440167814,0.79411426820799,-1.02642921937035
-1.84059177359103,0.375715864254679,-1.2139304300586,-0.167582964715187,-1.422128564402,-0.295588956846228,-1.88355713774564,-1.64075643977491,0.396032652249053,-1.50222272839867
-0.32351442788527,0.0395089412065039,-0.758761933294648,0.222013858116938,2.13423157720162,0.329059179950435,-1.04388271775042,0.855085330123504,0.553234248405098,0.0289264335291053
0.102782052234368,0.0718144575882542,1.60199820394713,1.70124474839792,-0.361883887619472,-1.44770980553191,-1.39925582590407,-1.77511878746047,0.407897655044448,-1.08785666060244
0.541396362330693,0.979551143234028,1.40290785941739,-1.30567322488342,0.465036300225556,-0.571701614042956,-0.414697629044788,-1.96017229177801,0.550251711119236,-2.71352753785829
-0.246923425844199,-0.200341135938837,-1.07898903967927,-0.206580500742593,1.38290535626938,3.31441876107341,-0.812981971911766,-0.103550967882752,2.47954349130719,-0.681369476421346
0.484163612141435,-1.17738914923718,0.69800597841575,2.22263893710469,-0.185609911841148,-3.0045702521408,0.279221245720923,-1.91722574099103,-0.750702873755568,-3.44816100333429
-1.06493634869233,0.105595619902535,2.7338018220993,-0.49248618927623,-2.14435884154613,-0.248497930536435,-1.38865039008049,-1.22224294946292,3.25168467253168,-1.30930967211437
-1.12896913347814,0.317067996323365,2.14470020206985,1.50285800759773,-0.282701498757945,-0.909909744116695,-1.5072993736542,0.905697838271682,2.85953995049005,1.39271892781911
0.717309631663052,0.259038092672776,1.59613160821189,1.90374288050077,1.05616959224344,-0.394642756497903,1.24753530210553,1.03944096915939,2.98581597290609,-0.716502376252001
-2.09405825359055,0.79641871694483,0.669173335666584,1.72560606283917,1.23966667721234,-1.36587567302162,-3.9282230497867,1.09113710506996,2.10891641411384,-0.355979387934215
-4.16435883962614,-0.816345826993122,-0.373500129744841,0.833740523721703,1.3930974467003,-1.7274331721956,-1.2505312741175,-0.529992442412978,-3.23354431184622,-4.03108507348693
0.845066424253213,2.32900901792927,2.14518693506556,-0.429803006522961,-1.78724271196111,-1.39855410394839,-2.63644885783834,2.53398256343749,-0.491417853441136,-4.1926777730439
-2.25956341265241,-1.13264873443254,-2.01107525770021,-4.2670356740036,-2.78548906207795,-4.8658962929168,-1.96522384214561,-2.1580147175785,-0.747702199997563,-0.988313215570586
-3.6841990217821,-0.216677705390601,3.56317747478522,-4.02999658608424,0.264359537840978,-2.7168346595728,-0.272630402455936,0.456068890818236,1.12603050988723,-1.60167798649168
-4.16782947956072,-0.371155271036026,-1.25193427354404,2.34954031237701,-1.8285522444654,-1.02285881029234,-0.521921306002156,-3.29972474299617,4.72598592510367,0.659121743587878
-5.00344401681688,-0.0854432789819861,0.0644590018985647,-2.16631031022438,-1.28548737108364,-2.2777780288142,-1.71382984713305,-3.93794159757182,-2.83918385689711,-4.37065194622409
-4.6962723794509,-4.29904781942011,-0.0367398475365179,-2.18513485984755,-4.123870609503,-1.69046850048489,-1.46435873935208,-0.83820463190518,-0.831434237020705,-4.07379601274685
-2.63421474782839,-1.86961667925932,-3.9308475796071,-4.07351878793117,0.506450785014971,-0.495683088090801,-4.84849734710732,-3.96154471888782,-1.54083791654336,-1.21529681567104
-1.72942888119681,1.37347224612622,-3.10540705913255,-1.39744753208837,-1.01569256908187,-3.63142617076945,-5.14435010393661,-4.47865543098812,-2.51496221789248,-1.70413402368399
-5.01148500364109,-4.31702229804377,-0.429378155841236,0.785483499203437,-1.05733309188334,-0.984580428313341,-5.19992056875159,-1.44315545709282,-3.90561718040957,-2.3232349285416
1.2984992561483,2.28964482747854,1.33673414272266,3.46675334168729,1.04802246530294,1.7552812161906,2.23881256979808,3.94078201443694,2.84237738230676,0.1901836673199
1.78474742025964,2.93880684856997,4.31319111139679,3.54204082697578,2.09972348660699,0.481893998591093,0.380786198125613,1.97719858641536,2.33968894004051,-1.06843945112019
1.22335578598605,3.16459796274289,3.01952397714301,2.45558218867954,1.86714926924874,1.67631393704853,2.70341617072963,2.55477811975603,3.09727461604848,1.48946292702642
-5.40686925856142,-2.76756230786213,-1.46421102057101,-0.241075997563992,-1.57279700940911,-2.02737749830792,-4.45344081013957,-2.74640385234666,-1.91739921281015,-5.95561044948918
1.9069825371772,-1.1538271173727,2.56916937925494,3.01337355170445,-0.189555310009028,1.94301116732025,3.12425565556775,4.56686145050566,2.59937595851935,1.70888320108651
-3.87953135768993,-1.45956247249523,-1.58412723569464,-5.70632595379333,-2.78270880085504,-3.26293459268455,-0.402429655391302,-1.78596453905003,-5.24181703270656,-4.58801683605954
-0.018914609309628,2.36341097853206,3.90083174467425,2.14657637668267,4.28187124023676,0.358275209871914,1.28561421855378,2.49248529672289,4.20339440605536,2.15634118591993
-3.74531412416803,-3.86712715623932,0.574578434309221,0.331735685897621,-1.29588788453247,-4.37491505799512,-6.04931909158232,-4.16627350664025,-1.89698052706567,-4.71201762351896
0.292325701695589,3.79463139989374,4.45735043781216,-1.61026377685022,5.52149606157518,3.02197948694285,-1.17439917808547,-0.599754006257399,2.27877991248074,2.05256873349921
2.15071237623844,2.1013646113096,-0.397032868364281,4.75809633234374,5.78543432634252,2.19350313695855,1.67662129141338,3.12312656723691,3.64601775355974,0.571520030924656
2.87595865840546,2.55126155260146,4.21976225199689,4.5176474645989,4.93131987665144,0.446078123997578,2.53648666579876,3.45212783226197,3.47346757547497,0.643289881818173
3.9215447946611,2.35311025762123,2.24046150511911,3.39065802720973,2.52892364231708,4.21740282136428,3.45666637721599,4.6476883918398,3.96341995442049,0.0471478719343295
4.08336976887677,5.34975191878675,4.19073775267417,3.66058331179504,3.40774689034468,2.26229366170564,5.21746617814453,2.29635821124346,3.918969585311,4.27873515266751
1.61721061653152,3.88833212569272,3.97348057849449,4.89187204281051,4.6006727441628,4.31373571381089,4.72647631363268,5.66387886719036,5.25411279043848,3.28810867815638
2.56999978261908,5.83417448395686,4.00147263408802,3.85531193855437,3.71322048739894,5.01827236515063,5.48462370417876,3.41348606619355,4.98699938883435,4.29158778860754
-6.97101318628516,-2.67162360723678,-5.10704843166443,-6.34923974103701,-5.45003002487729,-6.78482737974157,-6.83489955056587,-3.66037878459829,-5.17524800062028,-6.08467084220893
3.42394136632815,4.64447932122266,6.28576149693038,4.32699192417112,6.56488381050239,5.23906909628578,3.93766758624073,3.7361881640643,8.31237009582771,1.77595828477273
-7.42130499916384,-4.49248510777882,-6.18390259372878,-6.4854979981389,-5.17156708508077,-6.8732826342754,-7.78232296826537,-6.66447267557304,-5.68748136151765,-6.14422776946804
5.49134981541994,8.09023969415063,7.67530947941267,9.05373019633943,6.16028306973037,6.76104455540944,6.93941165314753,7.51646330146747,7.57037412024406,6.83491289226885
