-1.20978414330007,0.801667494772113,0.514959971712884,0.342568690491537,-0.066826075224081,-0.134111037405937,-0.496633424031161,-0.00451551875725809,0.262975981784488,-0.488860835357265
-3.31711818553819,-0.147105407247344,-0.65486825215522,-1.9569252379915,-2.68191419636495,-1.59172863630822,-2.36738020172194,-0.290168623954479,-1.6803971580104,-2.98972678787102
0.509956042553876,2.2621064400939,-1.50330062078457,0.330424692659192,0.831991051749455,-0.334613285364111,-0.278865989357929,-1.34571322054241,1.43189573452978,-3.91147099672376
-0.130926617939317,2.39449794913108,2.05960769494261,0.125219023589803,-0.240579614079516,-0.825079660105597,-0.396741070120604,1.46930709109575,2.72984873482206,0.400667162814767
-1.83153720655705,-0.0563961564618061,-1.09695221421484,2.13285682626378,-1.50804504217885,-4.06632882317051,-0.995641433372511,-1.23346336280654,1.77900584302206,-2.39286784038123
-3.36337999772594,-0.565693535081462,-2.0098055097359,-1.37940247601394,-2.20385056276142,-3.13303069073366,-2.46030613371418,0.904608485554106,-3.8640042211523,-1.89666673883978
-3.82287696422059,-3.8664837492805,0.0121785497667526,-2.33987802170188,-1.40285430872143,-1.4917945205661,-2.0203362034645,-3.69256126742179,0.16268496038446,-0.613871655166509
-3.51428592269848,0.818729410495586,-0.327670961962959,-1.16351630571989,-1.44242023144417,-2.87578783434233,0.339042650118469,-5.22665422307435,-1.51951440130203,-0.285792743150453
0.32025539260337,1.86149093093796,0.815592563490479,-2.09523939841704,2.06249407351961,2.7072724796666,-0.223348439172531,2.46681563028552,-0.912676930244967,-2.86754052524754
-3.51547210556822,3.38471495692801,-2.2035757177984,-1.49053288739726,-1.09805192519002,0.37944152271774,-1.18833300722164,0.16949549299302,-4.48568879976921,-0.262582458740839
0.97805236488738,1.93770955173139,-0.829530102591958,0.847520514900283,-0.955944525402393,1.92714983548526,1.85075899891916,-5.54801500481694,0.781444560683136,-1.72599106632586
1.34093251034069,-1.99043838176617,2.11730837393769,-1.51865368616015,-3.26963531838868,-2.18545349569324,-2.41003334744784,2.46740805651148,-2.00885582797594,-3.93132937884277
1.92613994638459,2.51022872038245,1.1829254622223,1.80662349895509,3.53522441277518,-2.80058029399847,-1.60765402191106,1.34549413253304,0.287246084514776,-1.94917194704607
-0.503863328443386,3.63288677438411,-0.701037306432375,-5.73200007420903,-2.53035841983662,0.0108395078489456,-1.43228257542697,-1.9154865313979,0.00590286061585266,-1.23729327524951
-3.72393429590734,-1.64487569199698,-2.32315889964542,-0.0543313730055446,-2.37367307772173,-1.88021836662161,-5.21063801378264,-1.88976510868563,-1.31217367425828,-3.2370012266656
-0.389046106471215,3.36216641856391,0.312171330450826,3.17181841929535,2.40517955613252,1.10878196618792,1.74883347716509,2.10337415958576,0.0919130840118021,0.447546920523494
-2.83424289867511,1.81360163883052,-5.03463543852236,-3.13764758559457,-3.10105736365229,0.175765150889853,0.310996831883693,-0.138404937340365,-2.08415388699072,-2.63793058050913
0.855674450590763,2.96929942620213,1.00786224603779,1.8300387212163,2.37809794457886,2.2492807825336,0.971259077417405,0.903582589264736,2.96299562513163,0.372216281172724
-2.18909801343377,-2.32223189741279,2.78959479277711,2.8515220499545,-3.02014042390583,-2.75718468714021,-3.11927417372145,0.995776178070057,-2.21171725957556,-2.85475062747924
3.53274760460046,1.44257014341494,3.79671445161532,0.428524562760523,2.22248166037568,-1.65988715209497,-2.66242159289964,-2.88384030499635,-1.16009350236462,-1.50103968023702
-3.92380239413752,-1.10649439209908,-3.13611123253195,-3.48465829920552,-2.80202469210994,-0.455788024580243,-0.390142466022973,-2.40345624568672,1.67254255069797,-5.09307663210909
-2.71145140088999,-3.48738388221698,-3.5178462133311,-3.27952249395877,-0.487636211488816,-1.56231230179441,-3.16792974943942,-1.62504145374122,-5.24369524373645,-1.41661458849759
-3.91719112413596,-0.896279366386411,1.31381319940832,-2.92476752540402,-0.113727067056803,-4.12513719499948,-0.72947267452983,2.66989847477782,3.98218832356512,0.698506497695766
-6.31515592153588,-1.30921345029864,-3.20885437356519,0.264931202814719,-2.44522150836986,2.90130474739018,2.1419754088443,-0.960443741028148,0.94662471933143,-4.28549359958105
-0.368906829455769,1.39287281561442,3.08847817896562,1.64866387497604,1.64840764486508,1.39802301037898,1.4495835546256,0.47646861503079,5.25844305877767,3.85400545807308
-2.69042718587945,-2.13642684807963,-2.49510104700526,-2.33921609818238,-6.34443715197183,-6.214593511015,-2.25029601425144,-0.435175857866764,-0.614466875917409,-2.39642039796236
-5.22092694303417,-3.65479344417948,-2.52600103931685,-2.37235305007043,-4.64315831078726,-3.44219567476552,-3.48411843641262,-2.07399621183453,-4.23942791595094,-1.92508319783931
-5.56766758103694,-1.90182688538768,-3.60688160521219,-0.106980881785637,-2.94673906034358,-4.42618937720582,-3.07660589297775,-3.56931521322149,-3.12145204069352,-3.95233385979871
-1.55923176365868,1.57505003515697,2.96390564921157,5.54694692172364,3.49593373611876,1.10029308058754,2.63182901488958,0.885467294705452,1.27099499359209,2.39444997356641
0.806466362506665,1.13002868001634,5.58203037115816,3.944647111142,4.11944461561683,0.619483340182,1.73716451408176,2.73458217303741,1.19255520211129,-0.595132312992578
0.917712317199221,1.76571984968809,4.85387503135233,2.58305582532623,3.87852408343416,0.892766331911594,-0.17337640131352,4.89853132216796,1.39114302205833,2.03601723420494
1.65188525287155,1.87568480697805,2.5197208329802,4.09924354061209,3.65883141786293,3.25465147732531,3.46635740931695,1.13300115739555,3.15634873030889,1.74127931689316
-1.98231735767045,-1.50325689809,-1.36323326488606,-4.11125165365077,-4.12841291051794,-4.64957826863071,-5.37232916785319,-0.0345001180542561,-5.4555923002937,-4.11348621740805
0.498726538686947,2.91185373517782,1.76757294763529,2.74230505487058,3.89238672725837,2.96844920441589,3.68651274246028,3.83955664940486,2.69417187602853,2.76150927348104
4.2371618108843,2.33564559710463,4.15846652889241,3.46878016846806,0.454064792161179,0.750370608866801,1.70554789911674,2.91139666346304,5.09033600728353,1.38641559255619
-6.52225644612831,-3.29951635261618,-4.94532020081958,-4.61687494711808,-2.22585502303203,-1.28447152943313,-4.38526944635151,-4.42405049533045,-4.14666786176877,-4.59225366056372
3.10521046295668,5.11666210102885,4.04541010410476,4.16722300058274,1.81228447911353,4.04603998740528,3.66425423200213,2.56005674722552,1.38321496610114,2.74738511933529
-5.89713101254047,-4.87434643422808,-4.23172399745446,-4.94821181434712,-5.34200514352765,-5.26928494080588,-5.91170349363528,-4.55788935018135,-5.91791315096406,-5.73160919475433
4.10959674004754,5.32135260316494,4.99124710972572,5.64403738968956,4.4938805280838,4.55764900887294,4.0459045344581,5.16944103983168,5.7525690354256,4.32133281233147
4.23385900809042,5.4555472605471,6.16272418714609,4.72761755232756,5.58278553024874,5.7039771825285,3.75538336283095,5.47892631027899,6.58544094908042,3.93944581167692
