-0.0241948674277745,0.115592240261558,0.230597542261176,-0.0923032056536008,-0.491834552063406,0.23070673020597,0.0636723012442821,-1.03946487488024,1.48358416144126,2.27090700542921
0.435710019547201,0.0462691607070949,0.150675504103157,0.00976303496252817,0.0277758342487785,-0.18526853821749,-0.0397509635624883,-0.809221947260681,1.66084122839535,2.98902380883249
0.276721257610915,-0.204722053249893,0.20236938127461,-0.0787855618514062,0.0570284518502395,-0.397012937660499,0.0882882867272177,-0.908629539138681,1.71255678444624,3.12457151015191
0.0262769558596929,0.373517767943375,0.471582777264566,0.200374217867702,0.372577355078864,-0.176123445074735,-0.0880315337018006,-1.06066424042462,1.59954491959606,3.1545594487331
0.688302808361888,0.120185409369368,0.125985285419402,0.0626815726607626,0.493798486176782,0.366681183367164,-0.212940654434223,-0.938593896588796,1.91668633561995,3.03780173624049
0.383530767529453,-0.146038708090801,-0.325099432490322,0.101067495058736,0.186722362732296,-0.528473470325699,-0.746402456692112,-1.06105867231164,0.965036256362616,1.80638360526236
-0.0185780449660704,0.172640007646,-0.327244793200375,-0.389931835017643,-0.128250569310198,-0.2419507415382,-0.777016703752294,-1.37964523136005,1.40995134838124,2.17444622307503
1.60207297056153,0.955579705013425,1.25982266601649,0.636697813314771,0.783262791913123,0.562471114765667,0.31122126531213,-0.749048080587153,1.75030990551507,3.53797113135687
-0.275391114779624,0.488113543925943,-0.224483300680592,0.90096633320787,1.53557950502202,1.30867284783589,0.433395377121224,-1.20542887099258,1.68912851150989,2.43652308669552
1.07628428921218,-0.255184725040126,0.593133327310735,-0.799115228431456,0.606034609789963,0.425147496436692,0.302045578482632,0.0592817669484607,1.783141461187,3.07731684420061
-0.676224780314665,0.468895569227641,0.213560612038003,-0.0444939234839334,0.336220494416832,0.276821997629986,-1.0455181148005,-1.26370535086838,1.3978024423893,2.54077558748562
0.499658188194349,0.0400129888424537,0.117843952893075,-0.574062694443587,-0.517699456560885,0.264515319399388,-0.361513782216134,-1.71905556830224,1.73226811266526,1.92149883316169
0.426171323615717,0.276062453864127,-0.317949770447925,0.740519819939346,-0.0715187154025816,-0.180062111949154,-0.39100158034744,-0.983080784361952,2.02547533579087,1.96029296908211
-0.131495868930539,-0.484035391086084,-0.538190097536196,0.0403852849081895,-0.420644491206251,-0.561140221802578,-0.0880065701791484,-0.644195088874105,0.738993448999516,3.04507725386594
1.07644988009248,1.32959839222229,0.9327107350425,1.03997440961179,0.622067954458841,0.842507126758124,0.542258316120451,-0.341860872422492,2.29894297979957,3.63050114025253
1.31057125891287,0.383560157064171,1.25265239973598,1.21978974789982,0.166678929754515,0.0668145730511583,0.400834903298642,-0.979193462899132,2.11995991655106,3.2185893540722
-0.124947966007431,0.70552521004256,0.561546396372443,0.443223651219024,1.30661363719933,-0.356333143633057,0.414470551369092,-1.15438458208865,1.17188084055584,2.58850892222702
-0.211851247744705,-0.357458218454038,0.132301343047546,-0.952394948772867,-0.597691997370392,-0.0641818674349216,-1.01492923607285,-1.20627054627306,1.08080949149273,1.63862334562262
0.675062292172613,0.811054177029715,0.458404099781962,1.02591623077053,0.753129961333501,0.92831909413021,0.671566204595014,-0.834103190782434,2.43425103702405,3.81020485623978
0.781975924627397,-0.30500086062033,0.847911174794419,-0.800085282018502,0.526417225342812,0.394174661054165,-0.175954998504396,-0.496678137390871,2.12783957902973,2.71237928421476
0.243993491325056,0.147531846641358,1.0900752233352,0.486708446470043,0.917516803888656,1.00887113595295,0.975308996549606,-1.03053770626847,2.21346155633668,2.79915807570415
0.652240837936193,1.7300049284488,0.795478086099197,1.20893901542276,0.585427549341848,0.252308977765171,0.436973344993569,-1.02609908908958,2.05405602414918,2.79744893238486
1.12358082006681,0.48335134124552,0.497257978915501,0.762193031420765,0.634122266588328,0.666373217468775,0.387450632160006,-0.61374094149779,2.59470216200446,4.13374582207851
1.40094403710645,0.254923263113333,0.58462303585272,1.47582788940892,0.790823468159319,0.633712813236398,0.411176948545937,-0.636992614063902,1.18801223259909,3.88737050632824
-0.635729364717866,-0.542954821044036,0.0276967239607087,0.309839311211361,0.396971494743713,-0.629449571828,-0.374544349480383,-1.60877658737448,2.3344788835394,2.51941556813689
1.01730458274904,0.417906040762313,-0.166955288146246,0.749700387818971,-0.0193000310540092,-0.259886431728196,-0.0248837355725172,-1.63643648947886,0.682121286041087,2.9986357265418
-0.400803082102977,-0.941466941536747,0.0668337216790291,-0.196591202033498,-0.479323038105933,-0.325704617791129,-1.0709935258381,-1.72907839507731,1.45718490694184,2.41355733158419
-0.340517019864579,1.11181173103746,0.234555089745349,-0.0682698214533392,-0.236229128928749,-0.391060290316724,1.20479702431886,-1.58919668788272,1.22907596105223,2.50002124286457
0.329006931021802,-0.0726752757207123,0.657250547445734,0.307709339912454,0.621913128741129,0.246738893146154,0.781770239627343,-1.20847161105673,2.55783719444877,3.44842263427554
0.823856057202961,1.76742229478364,1.37756307326085,1.51288901449434,0.138123659457064,0.27345904579216,1.02063956001118,-0.0900393953861273,1.19912008603774,3.22237577637904
-0.248952401938472,0.34224170455722,-0.0504039358009197,0.102078018654072,-0.315496039416549,-0.588967481771983,-1.04368902605654,-1.64009446736813,0.773856846201567,2.0177425360885
-0.644717079033196,0.646948236304185,0.233836759279441,0.548568460267728,0.114596189140625,-0.367105956608449,0.210136309686518,-0.829632940543775,2.72954812283748,4.1849486871213
1.75632048352255,0.906940533940044,0.926389906769783,0.681231630138181,1.0929984600125,-0.0931341040102628,0.528633083999348,-0.260095439224763,2.43425103702405,3.92118443599711
-0.432301612681288,-0.34969261508226,-0.0360654674044747,-0.377307341114265,-0.265440153650404,-0.741150701351554,-0.906213051542659,-1.67267946741867,0.719250039166115,2.33290933322407
-0.683992354587185,-0.293704917627934,0.0292498808032292,-0.790451470205693,-0.138562880832014,-0.569308241929257,-0.693536120857764,-1.64288018961305,0.469138628639313,2.50471235393187
-0.407177502287322,-0.255446428358009,-0.0580821709769488,-0.27193566004537,0.0685549086922211,-0.993072559846456,-0.284839020833288,-1.84263046668445,0.271298621383883,1.75884598582894
1.80258398340179,1.27187878285206,1.4723382202771,0.77574241155589,1.31763188102026,1.21435675812302,-0.0176995293042351,-0.265518469807976,2.6600416500138,4.44503318439401
1.07137092612513,1.2436978869628,1.32716822228033,1.53098933222401,-0.0281162192617614,0.361370467675155,1.6015050301413,-1.11855399811604,2.09437712785881,3.02272981998812
1.53375981861313,1.55242803435924,1.57656325665751,1.16240976507224,1.3632331703464,1.1929725098362,0.857234932213136,0.277828121930321,2.80017740733086,4.20490212301453
1.21163798766833,1.2099555746798,1.47965324563608,1.59226479091868,1.90846033649215,1.79836023640129,1.1091474162666,-0.21057683265286,2.64758676150759,4.25460935353394
1.60002086004837,2.00372922316649,0.711782095987182,1.66887085506788,0.992694834273709,0.829149533826138,0.826632437043421,0.804574651221963,2.51207963760884,3.80363227918526
-0.273448710603952,0.217041425342763,-0.279426256227407,-0.394717068032843,-0.712785353861296,-0.821983906298127,-1.32611340564689,-1.71195969227548,0.836427529181661,2.1869052895184
1.4326079807157,0.906739088512258,0.183088389088112,0.977676523326291,0.483905370035703,-0.15114670100326,-0.342144437425856,-1.41393433460291,2.83742991664785,3.44511879720664
-0.708706845952228,-0.341531626501576,0.00465581451936736,-0.492000628620893,-1.05189214161992,-1.37517235883519,-1.34996781273961,-1.36041318138185,0.927488804597643,2.16182434236604
2.11621055308781,1.66993349602999,1.90829308289194,1.94077846970504,1.90821930554745,1.54355486724221,1.36909002992878,0.812901511233828,3.1345082298354,4.76526074010447
1.77863339259398,1.55681571986874,1.70739193090383,1.22924000816658,1.40909802098556,0.876662812268764,1.53016771858,0.234197807530124,3.20306527449109,4.23223398425163
1.69684995304786,0.843238513100195,0.505019920044917,0.997754590273675,1.70464218573045,0.297622207643067,1.34592543959036,-0.0440895452830702,3.17021890351581,4.21421267689316
2.05346869736606,2.44705060378261,2.08396092748675,1.82725753884506,2.00442311749964,1.71469385858661,1.75071223962514,0.947901826818817,3.04851192463627,4.77679612667095
-1.09942553137991,-1.58086884224072,-1.17377740771622,-1.45493235084223,-1.31911833714059,-1.77315972665132,-1.28785850226361,-2.28477632812951,0.33640999545541,1.74842472116108
-1.00921904252881,-1.07353644304376,-1.16746781538581,-1.18846713283413,-1.65882191278434,-1.76804781226994,-1.98224856056352,-2.592606939647,0.232672891649352,1.34702972104467
