0.105557498712521,-0.0317413545316332,0.1191227908832,-0.111393745908457,-0.282810455703265,0.0387177003163502,-0.00442293623324996,-1.00645507030801,1.51145008992832,2.55719023638594
0.0215221525785317,-0.113970168918972,0.169397702960354,-0.0265376372748611,-0.439022460106627,-0.00658390540595055,0.00319306921264118,-1.02545146709013,1.48457702353318,2.45768380487165
0.468032678620935,0.282702092973154,0.273013202400026,-0.0911987724914969,-0.327759118291683,0.0500551438290402,0.0897818346074511,-1.03840400465669,1.63881059939995,2.85684763910645
-0.196811275892835,-0.0007231317281573,0.567461516042584,-0.24085220430602,-0.134539284085471,0.401353798192512,0.0641316140480159,-0.747427903657231,1.27028309930918,2.09934511824269
-0.018148513973994,0.688905302853545,0.420926727671827,-0.0650078887855737,0.142885821254157,0.552375578716471,-0.259829789136818,-0.82269034501181,1.39034072690018,2.0309119811745
0.244889444774501,-0.0174896838758344,0.854864701194578,0.439821064322808,-0.126401289721075,0.314381968770549,0.351000745741212,-0.455967352435407,1.34619890540262,2.63197906572672
0.378014341213631,0.321292581125619,0.21497095423952,0.113240952038016,0.0770922136071646,0.438952083112673,0.0208856649413929,-1.05787007132566,2.00450495160828,2.79667785162172
0.378014341213631,0.321292581125619,0.21497095423952,0.113240952038016,0.0770922136071646,0.438952083112673,0.0208856649413929,-1.05787007132566,2.00450495160828,2.79667785162172
0.276853904595484,0.423128549323085,0.192574347537925,0.434559398470433,0.361586675251515,0.479725370602095,0.0824524597122679,-0.490602193743786,1.88288249553519,2.96230611852751
0.750043165831918,-0.555171475464736,0.19948493813085,-0.353738798702955,0.575960359911493,-0.182092040762344,-0.3581744325107,-0.486050748992598,1.35956518259507,2.17090220633108
0.842392463515627,0.386835867786065,0.490900321464733,-0.513293819324704,-0.108605777415557,0.0569813073495745,-0.0754185091402354,-1.17406690584876,1.72739905054374,1.80743896057033
0.45684555491861,0.30743332042597,0.426499840063528,0.257458713107937,0.419765656708913,0.831948794975261,0.610331162127406,-0.442930480144077,1.95056016018593,3.63766713653497
-0.0955602069636836,-0.696350727519223,-0.275113369792552,-0.594113400431245,-0.349399154270142,0.126734971914838,-0.186030957286115,-1.42886979617016,1.52599343458508,2.27326181615674
0.40054939206507,-0.369856108629994,0.247928411492099,-0.59322803921816,-0.0665866004177932,0.0876185945041297,0.289292910761285,-0.916855282692693,0.9096381831121,2.59622224263106
0.921981261891006,0.369515817540732,-0.617955294993644,-0.933389368780454,0.768685420775806,0.674988074006988,-0.12578129079174,-0.864149382181356,1.9608246509222,3.15150563797587
1.02814165280461,-0.00460573154892258,0.308699604637047,-0.354084112912646,-0.159272163141251,-0.133219078898128,0.905109720835896,-0.838787117593155,1.53859485266326,2.03544463430018
0.875855642938658,-0.82267067012505,0.425159694824227,-0.690943902107182,0.0708408352939192,0.465982498496128,0.390412778567602,-1.03553436609917,1.08120135793595,2.05727990446813
0.305915815230634,1.04508788945119,0.840488616590628,0.728768557206379,0.615576262696607,1.21447006000379,0.531573002411234,-0.0533631738852451,1.85183998822129,3.08331688631908
0.671575992476783,1.0412774251599,0.00404757260165683,0.697966057882283,-0.160252313398476,0.982954910302249,0.641373703788427,0.336658579112214,1.73693572545284,2.6196169511075
0.0328300510778193,-0.255615092386292,0.383164722921914,0.272591455506751,0.494548013552184,0.752235575306369,-0.519872650049081,-0.79143527427537,0.732705887702989,2.57837714738914
0.822475300489206,0.922288898191384,1.05785135047586,0.812289714197034,0.47102033649122,0.938220061572847,0.573940538898153,-0.449990408278711,2.20312676971129,3.51959455200023
0.761295203630553,0.453590828384674,0.979778528588118,0.613700831645137,0.890811004803441,0.302183742470917,0.610331162127406,-0.0274022469928925,2.03838217423745,2.89872029103075
0.510763348219824,-0.590233857993688,1.04478143572247,0.291007797550055,1.26849806600414,0.669067826669894,-0.404133072728137,-0.532195602858693,1.74234221214906,2.89560078847631
-0.552744810529359,-0.678553147622482,-0.090216746216204,-0.674560790377903,-0.846752167148201,-0.427945584939719,-0.328480888221458,-0.804658628047131,1.03425931190223,2.29047750070807
-0.931332441150223,0.0369870054241729,0.290046053901027,-0.482431894335973,0.459044792978015,-0.0906327303222777,0.380321714364033,-0.542410979109955,1.9861237999975,1.81536065821016
1.06653893137757,0.502102610055223,0.413278727904247,1.05154983900954,0.768690574262902,1.43426824236326,1.14500744480088,-0.374809962036044,2.07902059989442,3.78974216435817
0.176192326780482,-0.429558076686043,-0.130822455709447,0.0720686654977555,0.447247380332425,0.703493963052523,0.285748056878286,-0.609745505319189,2.05213244764264,1.8011972116763
0.729880337071525,0.48270865590237,0.169216221033345,-0.605191471227473,-0.558637256961829,-0.0144080643646672,0.260353463239658,-1.13890717707684,2.08811913619913,1.74285083599049
0.664874089579714,-0.0557526721779734,0.348014450435395,1.07248893941679,0.556685259537528,0.11301285004327,1.18856160143138,-0.414601103840746,2.13135514262537,3.61548698625048
-0.185997691457683,-0.693371994085677,0.645834315969906,-0.509288800110987,-0.913528153052978,-0.757607919852974,-0.104389580218875,-1.37474091789122,0.565356958880679,1.65406940661347
0.992444827756679,1.07040796032658,1.02886562121598,0.672603706076584,0.858939602032649,1.24008490605422,0.878086744836543,-0.214362179241435,2.46474310036613,3.69226512230543
-0.108070294699446,-0.0699145723766165,-0.399783144121136,-0.596090699916587,-0.092495123871637,-0.380720048034867,-1.00370449899303,-1.93146800057501,1.69712790242795,2.37403440899877
1.14595653082291,0.346656981051692,0.159950477278218,0.348913458442165,-0.171418492096262,1.1484284604131,0.0339043612130515,-0.949681693959309,2.50330761102919,2.89531620955262
-0.166402861013505,0.00412715190973056,0.578934342696635,0.630885332785278,0.383728148919364,0.526754009162475,-0.256945409712236,-1.0738327041601,2.38150865267809,1.34131378944344
-0.203580229771081,-0.580225065894366,-0.225088527502054,-0.845556776283895,-1.21648780050322,-0.526556993643524,-0.919836131467481,-1.83439705472801,1.24150804865679,2.10501649165144
-0.730508075057971,-1.03476119922533,-0.782516553379095,-0.755421848952953,-0.699965022447996,-0.719915016809565,-1.07215373864913,-1.41629113588178,0.929051470428753,2.31128859704168
0.171986447439632,0.747164921214865,0.855100285322742,0.612363979128824,0.159777198643737,1.04451811827139,1.47481660625466,0.0986455226294931,2.5374770431344,3.12570450869943
0.877298096436682,0.397098481797668,0.882682902276824,1.23137890185559,1.58114400281995,1.79786844317543,0.331630516572985,-0.129932595018351,2.54123594137066,3.68926793700151
-0.15638599687395,0.00479215666655758,-0.656222838022981,-0.804788776114217,-1.30130388477792,-1.13299853054668,-0.907044532222953,-1.33887228051956,0.947617822927519,1.42766849136494
1.52876404254127,1.55767086778285,1.42611032644749,1.15073733032569,1.20098890440012,1.39871741508899,1.39863897949633,0.702016311988056,2.84093162709218,4.04026717841153
0.653233964816293,0.816571172273904,0.531749022495528,1.04931349683109,1.38617683918594,0.831013426808184,0.976640239145949,0.615955183305395,2.81332113089186,3.41767952472059
1.57338889088813,1.12761796231715,1.55443718906785,1.36090902960382,0.967549817852425,1.32410495711686,0.970029003332127,-0.067807033961927,2.96171709955673,3.38977235062068
1.11750329202729,0.276279061817767,0.433068335691192,0.132728128344807,1.14617931815957,0.708937343899956,0.746619557957288,-0.0576418957340765,2.99929728500953,3.07809301583008
1.50740991385291,1.62111625568953,1.9208019135887,1.37833978653784,1.11900972147844,1.61889956574256,1.25959205490892,0.723078873809346,3.11319009860428,3.71200755281587
-1.69262511163207,-1.28149075133259,-0.651025048595003,-0.527690596594007,-0.850906373201418,-0.334942523381131,-1.16400599986095,-1.9988253137579,0.417590896372599,1.66057353008501
-1.22329921252801,-1.39503838646369,-0.951088549873915,-1.15008357004097,-1.37539904959596,-1.32641138026461,-1.25093878888868,-2.34193827707956,0.557584650822091,1.33728062173746
-1.12395069800879,-1.26124955125294,-1.11038540583811,-1.34090194262977,-1.51231865242458,-1.19079049640496,-1.23393113295456,-2.23596326702932,0.28194189320701,1.32768203966463
-1.07633810196102,-1.03799292710213,-0.871884205663261,-1.74376461865804,-1.19538521328547,-0.913416523054833,-1.0656195637488,-2.63684446328851,0.742584082612239,1.32260142728148
-0.821256583931186,-1.09982325038515,-1.58423556923341,-1.50842871107301,-1.72448147742844,-1.27092637829658,-1.71028168529858,-2.24749590160958,0.548704836754281,0.992505905102973
-1.46098803558992,-1.7634695190137,-1.71430205820248,-1.37590771184242,-1.61432325387137,-1.36015587246402,-1.36157298999401,-2.92986341548203,0.423882729931734,0.680172165126581
