0.205757576059713,0.0809307004843266,0.190636523182167,-0.0412700853455363,-0.232029358907314,0.0227190959942396,0.0119606688408969,-0.924343411070458,1.57221269491831,2.62996540713085
0.23626509631723,0.224342728276908,0.484542329838271,0.0320365022587323,0.651483661887946,-0.148558606243402,0.252944221118664,-0.893749323568198,1.54990502167327,1.9704052022332
0.638148347257349,0.0101770261249359,0.398133587250694,0.173219912034819,-0.0961494004085229,0.214534319531998,0.410422434128322,-0.650966726658466,1.52506800824963,3.11288932982816
0.465770618729252,0.270371279844342,0.458830715232684,0.749771454003097,0.556006660875214,0.705285575531315,0.141452730293266,0.578906939281558,1.70125157496088,3.42773047695309
0.660262406995602,0.0668692780978042,0.498336603545904,0.314839442924921,-0.191477847883241,-0.0476587668501787,-0.0331273666438487,-0.731794500347618,1.22158516562774,2.95054023810923
0.140181802002668,-0.647249370794808,0.461073248641368,0.0570314360328853,-0.428961363088591,0.0823633261599926,0.744073817570776,-1.33499043872463,1.65703851288161,2.48930900295642
0.0617971378250218,-0.251541270764013,0.121275110650494,-0.0268652293083831,-0.502052074011292,-0.19100110242999,-0.311531060761488,-1.52529345647894,1.27886001135605,2.42330249084424
0.355914580908645,0.774501618816041,0.30587469496531,0.485408004797831,-0.0234936581599205,-0.255016626381951,0.943874479923215,-0.315972336241701,1.57197448709603,2.80071650132897
0.353762669112208,0.0758311813969654,-0.313565450624355,0.241284702187602,-0.730840917484981,0.129046689785609,0.771412104679847,-0.750629906683562,1.44846504474164,3.52583960777868
0.750217429484357,0.416816255828451,1.15051051658938,0.894549587852457,0.146686403324489,0.483742199333396,0.874245034112295,-0.659330732231676,1.49618470796183,3.29378966602685
1.43943647579126,0.60192877234439,0.601777598010628,0.128346273487848,0.644524079489021,0.285641693396139,0.0012842753590635,-0.824563267795736,1.88732200203696,2.21442112626024
0.846205401337947,0.180416257355587,0.943780548008604,1.15809670314323,-0.214397610673222,0.658227698364441,0.313454641425612,0.23874868820072,1.73046177606188,3.50909330431134
-0.131710207274567,-0.288832307958133,-0.838850798803418,-1.0138759824711,-0.490771086151542,0.027482921504621,-0.118574245011524,-0.810264444380219,1.47384113308199,2.43319444179213
0.649770691846299,-0.0318285998283141,0.298015423687247,0.196314097021558,-1.10959755093205,-0.494266958463206,0.0961687304056852,-0.814384361332397,0.778215032945186,2.37715255958664
-0.418889561416522,-0.549691007119503,0.71169436665379,0.730321093166345,-0.514151961066913,0.514760421926491,-0.216934258708799,-0.91027955315015,1.98946233029841,1.85878594957221
-0.141934026906091,0.611018198412506,0.93189522626011,0.389562475016537,-1.15246854562264,0.310248091438392,-0.0821047347735996,-1.12613224201965,0.850161736500833,2.7568768268433
0.498379314381426,0.609526026795191,1.26150630051697,0.485163938756196,-0.0816744985450758,0.272221475170428,0.631320918371172,0.12740192255915,2.16212766354825,3.17243871493936
-0.595843042717829,-0.820445739643351,-0.381473335209564,-0.6022593698489,-0.638278133274927,0.150707930571125,-0.119108171752277,-1.58123668497088,1.08611185499843,2.04776404117157
-0.17368695457221,-0.470474445975323,-0.0670169024916192,-0.648807586735912,-0.868999962511049,-0.459604728578592,-0.0557478190441033,-1.63604260223852,1.16977023681324,2.33272524200954
1.00588131711846,0.802645016579257,0.985696834014892,0.969942258784217,-0.0927552936165474,0.893324198393174,0.0657723008910858,0.38048538108257,2.29270066376124,3.5465757210773
0.48423182171094,0.870283512283007,0.439578192930576,0.936434576535116,0.528250652978893,1.21717083230846,0.888374626593729,0.280036558964262,2.25611623593977,3.36456699081174
0.345875532936847,-0.0699179890994336,0.188163341661745,-0.250315606053985,-0.437060351431195,-0.968572667323396,-0.875747853586891,-0.685132374370567,1.02078361615215,2.79030309760893
1.16984075186312,0.660640845411863,1.22511928180286,0.954153255615562,-0.155303016196316,0.312574168458008,0.74565632101481,-0.251131629864287,2.25871155075355,3.54578409353233
0.051191825518219,-0.601236017353325,-0.645344673618871,-0.982906570178619,-0.646874038089682,-1.00829176742452,-0.31040136449868,-0.861345408285395,1.0700629526379,1.86920884448944
-0.454556140946118,-0.24020355244104,1.43709847873562,0.202967239701439,0.281165306881656,0.766798129829576,-0.713907868679771,-0.705080128630458,1.78214752764326,2.39454798438269
0.0397529910455348,-0.659416643040907,-0.520823057095153,-0.322135187348983,-0.800442198700813,-0.133234589714862,-0.22826692111289,-1.79581712117841,0.98453801200098,1.7617038482379
-0.299103956707148,-0.342302136846474,-0.482280263241191,-0.733998927228219,-0.992741505489569,0.0544776898372277,-0.912214531085634,-1.29050486253419,0.722174273420643,2.05966481490362
-0.907072526115147,-0.935193619281081,-0.553204767815772,-0.0635654234648837,-0.83044499919502,-0.983786105490585,-0.405816987276755,-1.44943204006955,1.58577029435948,2.56760304394267
1.09917318664272,0.924882578714756,1.34338609463219,1.16101495709112,0.684567220219709,1.06267657001198,0.931666292990785,-0.0305658347490342,2.4491922429011,3.66118347414856
-0.438345243928044,-0.848419111107899,-0.196784318415921,-0.142968663788715,-0.559127509975729,-0.498667200035309,-0.953189248016899,-1.7320300230644,1.09976465431215,1.54681334813787
-0.149200304630221,-1.34293434973473,0.0319529799709929,-0.587826007660466,-0.406495456715544,-0.336875104204613,-0.233891309208693,-1.95856377784,1.38632048566435,1.85512067266242
-0.428657753959536,-0.130183671247205,-0.953102972919168,-0.138045512277654,-1.22070021280771,-0.551900523390531,-0.490868966384454,-1.53858101154626,0.335476299500484,1.28537706101011
1.36614496391198,1.05280655532294,1.42562293673745,1.27748259677857,0.802295752075665,1.11334672365697,0.992816765325468,-0.220945630391988,2.58320783744301,3.72765031693119
1.54028321373907,0.349900127145428,0.542530980171928,0.607400045034825,0.822346406996338,0.723486641121637,1.01396910373183,-0.595439049344764,2.50503490641092,3.60411974436224
0.468446550218108,-0.174676615622003,-0.00166339645409641,-0.264870702002615,-0.680608282665849,-0.140826468713533,-1.18580684086023,-1.60135971773892,0.471585165627736,2.00192363731871
1.09508563930082,1.20536848159377,0.788462610138688,0.828295132045768,0.637535858483991,0.271166300963184,0.772830234058288,0.169625733389569,2.54289014688999,3.00263621458427
-0.166913231393703,-0.254473026223748,-1.11371130290479,-0.367357041867275,-0.577297901106802,-1.17865390171743,-0.956983430537985,-1.65324366682493,1.22104212635643,1.45605236365259
0.279676242995836,0.135841604740471,0.886841172836278,0.523991592948383,-0.139305955177107,0.43565837353592,1.0863651639045,-0.139343153878268,2.60640544191939,3.29941541362938
-0.0475860496144196,0.212003646716577,-0.37144140120418,-0.885901360658653,-0.365075910885025,-0.123309599647414,-0.940120866864753,-2.19104271799508,1.46941479687866,2.08311833138948
-0.42620329741287,-0.197196435785198,-0.21336604450677,-0.724075275334893,-0.489246355559153,-0.240070866355323,-1.21942577589417,-2.05638278398449,1.27386482318165,2.02511093483584
0.685327893513406,0.397249164381226,0.184931310312324,0.452067422546936,1.23689706623644,0.242707225118421,-0.0632992936807262,-0.0812833771661556,2.62893728694976,2.5935075665595
1.68667747379517,1.68611701264176,1.78213677215383,1.52169121584093,1.09016393752788,1.68246922069277,1.27296772899452,0.490186222124906,2.91266173650083,4.09745653698822
1.57118834345007,1.47587357439481,1.5036514194752,1.50165196783946,1.18042456602237,1.52609531743432,1.39328346249836,0.627862645920784,3.06174283440524,4.20855676063271
-1.48207018054667,-0.733648527196467,-0.950932645979893,-0.899403575247824,-0.516268430567213,-1.25826160416464,-1.42972437540234,-1.51484638843529,0.162893057748221,1.86438923439952
1.20445949851703,1.6748344785098,1.55437279384087,1.27772316702596,0.97340095045556,0.718591598359153,0.74314138766833,-0.198112222291454,3.14305976746155,3.85675270196378
-0.394724601305413,-0.42167359590579,-0.88493606947373,-0.818790695146892,-1.00929845082289,-0.50913471854876,-0.789791930326706,-2.39485867387025,0.333680427235071,1.87729642411016
-0.644085419091355,-1.23747854798915,-0.806011222541053,-0.989508383162036,-1.4958256739702,-1.35200659293714,-1.33747519273081,-2.03614232643457,-0.0827626604592209,1.64619241202227
-0.481681123044543,-0.773280401198796,-0.863640594762106,-1.15958834143653,-0.622825020871195,-0.408392406777816,-0.51748071751206,-2.78305743163422,0.369769102265145,1.53085397825842
-1.09859025002724,-1.22341712560263,-1.11371130290479,-1.34561791143249,-1.53637718499427,-1.28162873009272,-1.29238715724606,-2.22869123715742,0.267864868831349,1.32561758104389
-1.09859025002724,-1.22341712560263,-1.11371130290479,-1.34561791143249,-1.53637718499427,-1.28162873009272,-1.29238715724606,-2.22869123715742,0.267864868831349,1.32561758104389
