0.105557498712521,-0.0317413545316332,0.1191227908832,-0.111393745908457,-0.282810455703265,0.0387177003163502,-0.00442293623324996,-1.00645507030801,1.51145008992832,2.55719023638594
0.322745981000417,0.171711769712641,0.318072147030877,0.0844072216674017,0.214434105769313,0.249735932775099,-0.0887466342943053,-0.948943827832864,1.66766877172525,2.59407501687213
0.274310253716342,0.138570397680784,0.284289752755993,0.0535994569973305,-0.120235073268349,0.192945620111509,0.153852759736441,-0.839963367567894,1.67527316088749,2.72251487806448
0.830507858529349,0.597145540477941,0.426903613916851,-0.071003799074537,-0.372707780880101,0.06139258734173,0.183986605448152,-1.07035293900537,1.76617110887159,3.15650504182696
-0.0625131935554573,-0.19619898330631,0.219672615037507,0.0583184713587347,-0.595234464509989,-0.0518855111282515,0.0108090746585322,-1.04444786387224,1.45770395713804,2.35817737335736
0.162365601620842,-0.100612459542598,0.484367637670478,0.151487542792943,0.123915495183043,0.0848317229342321,0.0846964812462587,-0.697995038400116,1.33913255448468,2.54267810417137
-0.205340909074356,-0.270912360939906,-0.0605378334509032,-0.0356862572883838,-0.338258329082303,0.0921391684986056,-0.158647240263559,-1.14353479613932,1.36277316088749,2.47251487806448
0.492954192927397,0.688066696654717,0.274081468569151,-0.0461479868827934,0.22577187106088,0.299700736419004,0.342684501783279,-0.0485286991584993,1.71139677081342,3.06432772699451
0.501996535061622,0.377072188117678,0.777636137943899,0.666644215672425,0.455915786808929,0.262055904889114,0.839032820829602,-0.806158594489751,1.77380383339864,3.06664847908623
0.240434521646842,0.431343362942213,0.332346245576744,0.913193155403183,0.653307243391562,0.319471772581662,0.693370794227493,-0.102092771087252,1.83060982865505,3.00835064007736
-0.0931395303259272,-0.299319024953119,0.437716502811592,0.270242999269143,-0.00897125004603472,-0.23252406740294,-0.0384382481014883,-1.21840509040848,2.06273560515848,2.57638740053161
0.124694978709218,0.162997381355417,0.0329003439386466,0.401887532558133,-0.0147919270728518,0.568603020562298,0.0117562647833163,-1.35281738383549,1.8906533919417,1.9754562940153
-0.499180050498191,0.0302950910753186,1.01580024120197,-0.370310662703584,0.0137318875323235,0.763989896068674,0.132686164329282,-0.48840073700645,1.02911610869003,1.64150000009944
-0.409138917252098,0.00325173523068734,1.07301789999359,0.648825275128878,0.0139669877340313,0.291443293182166,-0.435964675778534,-1.46566388992477,1.57935557635189,2.29015285164612
-0.121432918996777,-0.0229209248652069,0.281829677124895,-0.553408668612706,-0.668402179545666,-0.583087770379332,0.29433559283589,-1.34555555360278,1.22494205386911,1.95935521347497
0.915518575175447,1.03228556200906,1.16060779208344,1.15852220223628,0.292988067227519,0.730135702756137,0.484431272133135,-0.00318650806376236,1.90980521360136,3.36234425689679
-1.04872481896068,-0.355350208390513,0.299150173608436,-0.57173023649109,0.704412922221357,-0.613260193582201,-0.0125712979222478,0.129320307480215,1.34519180429704,2.08645924210288
0.295802048548293,0.673597674479221,1.12747869547472,0.623712371162469,0.138537602259083,0.701099586071463,0.070921171123034,-0.114872935755993,2.12257054825086,3.35799303626991
0.522994218507653,0.642682886742731,0.790691453138252,1.11871729633402,0.659831819294128,0.819428405835283,0.543107834047177,-0.758388347168924,2.42578268088119,3.83359569100952
0.448150310478447,0.877998453177803,0.266025904192649,0.980512542849324,1.0059838062063,0.920733040887841,0.169327855657786,0.0252506828204396,2.25431490114206,3.36742200066909
0.164117416250777,-0.309088004523073,-0.335544957987808,-0.369702296681363,-1.04998713938405,-0.409179527468184,-0.594626890973056,-1.55977141875424,1.07422132016623,1.66650018568615
1.31370199221508,-0.280926711408758,-0.0497462647232806,-0.177073658979456,0.633535796031675,0.548598094641156,0.812362933974689,-0.308223671689436,1.99095764612276,2.53232362490577
1.27072847978505,0.267070955980918,1.20908454372509,0.588022924146741,1.3572543537032,1.33444667657675,0.0529298710185636,-0.857116463278227,2.30425577194861,3.78099254808367
0.650471183714741,0.674326516782871,0.310819117595839,0.337875649984488,0.436994882917595,0.839186465908996,0.0461942661160357,-1.10928507234331,2.49755981328823,3.03616546685751
0.911301362541726,0.377094999233662,0.7076946081868,0.941323753884359,0.285797410015777,0.671797223522103,1.32037248640573,0.226017654862347,2.28772699247888,3.00846937997715
0.71094572686773,0.291111247203965,-0.828577535907397,-0.446447282794935,-0.707136105711002,-0.121554063466889,-0.95712404092128,-1.02952033946853,2.04497597702286,1.88683796726263
-0.949142561966917,-0.920263010290555,-0.58250390565621,-0.793262014864141,-0.75148146957817,-0.155794715798915,-0.48004301620479,-1.42346014937846,0.911984280346545,2.02623388632894
0.450245935550682,0.814957472468065,1.26346464285159,0.409056925541523,0.0618135052175183,0.740065037726155,0.0645906526084687,-0.00640357551592025,2.25591371383761,2.40780847580319
0.489904935714186,0.920101119922969,1.28942712152973,0.466822597493198,0.2470743849502,0.793997460832771,0.379247200006914,0.336133263074191,2.55503855678192,3.87766138445065
1.52039793804424,0.43941473454814,1.58238190663038,0.550011045504334,-0.31473765368138,0.631858809704477,1.29837601623266,0.0274650378042648,1.6816646739462,2.28783382274264
-0.98687163131654,-0.500480772326499,-0.237633465091989,-0.198800654852542,-1.23594997912505,-0.492610558618188,-0.885350004583878,-1.50238647078047,0.911984280346545,2.0851181838496
-0.579684236641784,-0.286459118257823,-0.520407941893854,-1.002415235381,-0.458326733674059,-0.0175642816505369,-0.698419967536287,-1.88128568161748,0.959019717361321,2.3683236147823
0.316366506159581,0.865769978030839,1.23297562964967,0.890610571640304,-0.539175654613081,-0.126163042572622,1.0716694661933,-0.0565359136072106,2.29747990617333,2.10685281785473
-0.622240341538175,-0.565505965277189,-0.388130536911046,0.618908589412006,-0.532565790136625,-0.0899364728810476,1.38301789737645,-0.627436305081765,2.22860938275735,1.93777849998248
-1.48928275056988,-0.58690160448124,-0.929369609384683,-0.18084442862495,-0.769450790544915,-0.162154659646919,-0.999503313173383,-1.35185129491271,0.29590097464303,1.92114100893355
-0.397763528921315,-1.04873378314284,-0.76042729302115,-1.26097362103632,-0.597803221455534,-1.06370167086846,-0.784460466335981,-1.04616193366664,0.295679481373997,1.98603717120219
-0.495773875573797,-0.582227291090585,-1.05880185704081,-0.76092224633407,-0.852790846227402,-0.542655733029961,-0.925819257550381,-1.85208294432779,0.787175336105339,1.532668963361
-0.982033196489869,-1.22334582139124,-0.793330585429241,-0.00881097682822185,-1.10059541960201,-0.760574663195999,-0.649604412384078,-1.52700015210749,0.730296349031222,2.46895959396873
1.59952577345835,0.990378921875963,1.67774109289866,0.928798924292212,0.629772381737746,1.25169352044828,1.56401946369429,0.418939591958245,2.60347014120622,3.48751390805323
-0.0300313442626858,-1.02347689172172,-0.242447457050684,-1.15111648651096,-1.40054517999537,-0.457150068278691,-1.06699672607977,-1.55741925763583,0.89161537918452,1.68483027311689
0.34632992940909,0.543487518303062,1.3588501215643,0.434403312693634,0.228650383701944,0.595704095527013,1.00895872292724,0.114350928967846,2.85743870838698,4.05512613352627
1.49919698450173,1.04035191273854,1.52570240508935,1.30437372994924,1.14652424901917,1.60783363276748,1.14930139641012,0.406819564979947,2.75178148243265,3.25303762681746
1.39757359364851,0.381130091747994,0.90812393307233,0.193297992060524,0.0158150562425141,1.03159566545546,0.957926476997851,-0.477525663159257,2.95860750609786,3.33201597439442
1.27229329644664,1.36840919055149,1.5074078650184,1.15604207537213,1.18967280598251,1.06381655168124,1.21571061401608,0.55481598161588,3.13110976995207,3.86354353530413
-0.806387052586528,-0.802428172999997,-1.21128407875148,-0.800434310955574,-1.00241225157451,-0.792752633566895,-1.10333429749367,-2.13260850499033,0.513699205171309,1.4835726295969
-0.790936723524559,-0.762539376461456,-0.476250273005679,-1.39409139925327,-1.25125038685123,-0.887211001319425,-1.00050714480337,-2.23724836178706,1.36802989635329,1.65234650552239
-0.919623291176732,-0.582697242528222,-0.462436483374098,-0.723043219140097,-1.23416526475692,-0.621293970613279,-1.30671237941307,-2.35254213969203,0.435787056051645,2.0229824741719
-0.965359167771261,-1.10109902380682,-0.95537966873161,-1.18606996449027,-1.35990449475595,-1.04672380137609,-1.08581666175116,-2.0796327890555,0.435603739399888,1.48284545657687
-1.13411192277508,-1.27141077601924,-1.1205466306044,-1.35106316739606,-1.52247987719087,-1.20095172117125,-1.24409235772085,-2.24612449179561,0.271780668440718,1.31752081489834
-1.49064832399072,-1.84009049560169,-1.62327929502872,-1.67819787164666,-2.16614792728937,-1.67061235306487,-1.66485887513651,-2.67798802799526,-0.390460586349005,0.615060910088101
