0.105557498712521,-0.0317413545316332,0.1191227908832,-0.111393745908457,-0.282810455703265,0.0387177003163502,-0.00442293623324996,-1.00645507030801,1.51145008992832,2.55719023638594
-0.0150867354539619,-0.0641930473669159,0.359466381277068,0.111058829277653,-0.639325738088639,0.312286767444366,0.0396368702362414,-0.894986952389607,1.44018899306354,2.70587568789652
0.416998385233548,0.564446546363825,0.560972433069135,0.210310878794738,-0.21255644041601,0.555336341813688,0.0235880934832339,-0.876883172314038,1.70027046523172,2.45386224324145
0.583039652859551,0.133841221175306,0.24725487964002,0.11676553254677,-0.418671671526276,-0.108148653383311,-0.264080057420568,-0.263623670110458,1.57241976668138,2.69633948180676
-0.0710106149485217,-0.320524795807974,0.101286606654232,-0.55072829672878,-0.397326632032314,-0.183117345989438,-0.26000408906398,-1.22850965025268,1.37478735768089,2.34069800311145
0.406772710406766,0.270997406910448,0.574255032145447,0.0153788443385985,0.200986616760864,0.796178738520068,0.570527894842529,-0.85186992192776,1.67978442848751,3.05113083482135
0.0481451458739071,0.360185137227142,0.728265646091808,0.0158448622393036,0.00592955736335232,0.0234246546605588,-0.351516306526258,-0.373828155172502,1.6659762027079,2.69911101362558
0.236860212461224,0.494209138135416,0.268285135995349,0.54538481151182,0.2967027648008,0.456569285385108,0.439813432629456,-0.229807780341369,1.74087389848125,2.78004681627672
1.08055749871252,0.413972931182653,0.552456124216534,0.421939587424876,0.0662804533876437,0.63871770031635,0.549423217612904,-0.6953439591969,1.7049984770251,3.15719023638594
-0.0275542679214942,0.220422337248469,-0.160191738381052,-0.631416087110306,-0.296468595231496,0.176286767444366,0.438877856953509,-1.00470123810389,1.66258281545736,1.95004235456319
0.853242362236094,0.531469316171233,-0.405968851345539,-0.400450817868755,0.331860100233591,0.512890301908307,0.527835128282879,-1.16008410256608,1.4694525713179,2.95796980627841
-0.307434223664081,-0.223374881199745,0.578722580606211,0.302495735387293,-0.421584383911774,-0.340285681752683,-0.331738182846752,-1.26101272424989,1.7378328604191,2.08858595651486
-0.424469429933694,-0.3979949063426,-0.466749530127216,0.223373085759699,-0.479896507808711,-0.0727199018390438,-0.453869889610226,-0.869484766530565,1.00085088505699,2.28313593978456
-0.0876594696520352,0.367302007124171,0.0238233820894685,0.152643459420092,0.592193470784032,0.10106873872566,0.647956394560865,-0.238148345900434,1.73948728245814,3.23683031929962
0.310775372078192,0.00848415951053028,-0.107753959367715,-1.11811768864886,0.231174874241579,-0.283719133988591,-0.128807877903956,-1.25288258727921,1.33168941782844,2.10431786262247
0.753021076394999,0.513034599592734,0.496338050293245,0.347390188502719,0.212947555178314,0.707907327186275,0.343798683047168,-0.462641800829212,2.02565362206274,3.59380480704017
0.532347530295009,0.104843905323491,0.183982961222002,-0.6263271446012,-0.776235639523856,0.440325119359318,0.0850433639123716,-1.08425182431413,1.16269465251607,2.74944360963033
-0.136470238741478,-0.733932509831681,-0.219102774960823,-0.630308983914543,-0.409455058021263,-0.251575345339441,-0.551516306526258,-1.10239958374393,1.00281830797106,1.84911101362558
0.575667979411301,0.730161371030015,0.625322096379837,0.50739613685923,0.3870759294268,0.612535705976032,0.840249560031366,-0.389178256918488,1.96818677094162,2.97381783502047
-0.248345080143768,-0.24713769903378,0.0708319806350902,-0.627063113191516,-0.418787977972247,-0.489313254722719,-0.794566301045547,-1.05202446560811,1.55399882721494,1.72295606762758
0.27955074113549,-0.196790688005221,-0.0212896328732247,0.676868113254724,-0.0461289950991215,0.913520554062508,-0.221275060687379,-0.796804379093623,1.23556294390867,3.10979248351199
-0.712657051072302,0.267250122315081,0.1033856918021,-0.478308417531563,-0.585174389931993,-0.538597672538477,-0.172865266147554,-0.825827634907577,0.498420086765814,2.18958558696026
0.328017588295523,0.486417240340146,1.20951842289911,-0.14822981335601,0.733821123767901,0.693129654559873,0.296723506760237,-0.121129861899452,1.60951091538085,2.83371751049427
1.18657737104885,0.973978995643837,1.29067871732811,0.601114930259421,0.253824659900469,1.18569690569321,0.290040096042693,-0.312704633689632,1.76983973281615,3.22109575350615
0.603329561004557,0.59036230096622,0.623086622544904,0.165055113409469,0.925140058009762,0.665686745277281,1.07310287188678,-0.0550605187390362,2.09945337266949,3.59795606762758
0.460897854779748,-0.361451424523976,-0.25347243835018,0.063929572283928,-1.01015175554292,-0.341449686506827,0.213230435783448,-0.453108056939376,1.87336755031394,2.2531112782706
0.406012124342859,0.307740349746708,0.747224553579387,0.625205489349319,0.0294878840967187,0.875686745277281,0.54257655609731,-0.330175726112308,2.23399882721494,3.6411378858094
-0.349354851357274,-0.587468604340752,-0.421740528533344,-0.784531026257316,-0.461384651745575,-1.201225139664,-0.122038828518074,-1.13619254195775,1.16485336538365,2.24083911390403
0.169710350026856,0.55286230096622,0.541741336933441,-0.120918912564557,0.0141032687121033,0.677115316705852,-0.538038828518074,-1.32204726542571,0.984629457845573,3.22545606762758
-0.899866858543606,-1.00758699729021,0.0331909233288833,-0.553531564085329,-0.638233520987924,-0.273120668387085,0.101510487777873,-1.25220023906407,1.0985991943416,2.75983390716843
-0.833147490954674,0.288504548109003,-1.10730748177479,-0.329723468133305,-0.888570373677718,-0.0286419115027423,-0.00218876034242782,-1.35693342296813,0.784557941476814,1.92313604620587
0.209778856398749,0.415648683560798,-0.00617460651717539,0.214190003658834,0.892370018966136,0.107985935135833,0.75168662759055,-0.373183339158906,2.26241718063167,3.28921570651664
0.439173716848713,0.521466952129011,0.937864947668057,0.628920659627957,0.374942429551264,0.558100538380729,0.717122010642765,-0.801604297540879,2.44095534895407,3.59438463905616
-0.110081770778951,-0.66261218600442,-0.242494219107974,-0.665809996341166,-0.659945251969825,-0.131595581865039,-0.474476163107125,-1.60093453533115,0.603729921944416,1.57114772798355
0.537589524670241,1.04217894394014,0.742782534482047,0.0250041550571237,-0.117319755031799,0.872949696969151,0.522999214454669,-0.740045430073634,2.33225811473554,2.97136238150865
0.677602562094633,-0.567134812825177,0.0757103289554381,-1.04007592864197,-1.27176392496686,-0.233433826751686,0.111453951405605,-0.784026477917765,1.60420262740193,2.14571348163996
-0.464533740062257,-0.370782909118068,-0.30282777617838,-1.20181189900887,-0.891629885554076,-0.0828745228782146,-0.749072807183113,-1.14252919509314,0.719313417026675,1.34052208988163
-0.216111966360347,-0.593582759659854,-0.649993772222845,-1.45680124192744,-0.230835840889064,-0.746870345440127,-0.523276493239763,-1.21203895280854,1.16335706922701,2.25462343383922
-0.28448810718579,-0.877383162960548,-0.503262804923367,-0.633813775617243,-1.45123563952386,-0.646554527987304,-0.0646802044447371,-1.49216307814569,1.11667361378782,1.92262694803106
-0.784352021350422,-1.16386904522541,-0.18565000747091,-0.616561568006641,-1.0419654824232,-0.280292078260698,-0.420858120813367,-1.51973236267346,0.27280022811953,1.38622624015305
-0.4030593347814,-0.476082759659854,-0.520338599809052,-1.15680124192744,-0.543656353709577,-1.02115605972584,-0.829158846180939,-1.47567531644491,0.593510915380855,1.40407398328977
-0.430780592778993,-0.946369045225414,-0.270171746601345,-0.829391756685886,-1.13243111435225,-0.959522847491467,-0.70371526367051,-1.48180132819071,0.983388463413647,1.86404882079821
1.2049406652186,1.28641724034015,1.59000622777715,0.823198758072561,1.12301031295709,1.37884394027416,1.07672350676024,0.0243246835550932,2.60951091538085,3.71176629098208
-0.665809768444765,-0.511690126858738,-0.624014102028607,-0.942753456989156,-0.984962972299277,-0.775217307487108,-0.946454513587002,-1.95392426665438,0.624081277162596,1.62407989997172
-0.645066307064708,-0.598782838328862,-0.787333036923926,-0.663518089745772,-1.65926038264493,-0.569239446681751,-1.15800097795622,-1.61973236267346,1.01280022811953,1.86261512904194
0.183622804552845,0.320243797597727,-0.265863109393657,-0.32986092398432,-0.255649551675883,0.491591047524002,0.704761418673623,-1.53893307494022,2.7056618737683,1.74871221134546
-0.942531558371307,-0.957726255382837,-0.91255318546594,-0.973077614728115,-0.862410524966985,-0.497287413767049,-0.851023577333199,-2.16558131745075,0.90082204017889,1.37433022574124
-0.676623144576025,-0.743936686386081,-0.85591680831674,-0.94440785854382,-1.05423807310318,-0.786670614806141,-1.18846942216789,-2.16443007442957,0.643332136097165,1.55774843900331
-1.16485576235056,-1.62151722363705,-1.0150603988991,-1.41548093554594,-1.0825314662633,-0.965987947573277,-1.55019059623802,-2.69764328014351,0.832179366579848,1.92888250480655
-0.849372449739676,-1.3488084319823,-1.21613043569906,-1.64680070249492,-1.96880902076341,-1.17498595982836,-0.79195378604852,-2.67725296224182,0.154474707349256,1.21728873137478
