0.105557498712521,-0.0317413545316332,0.1191227908832,-0.111393745908457,-0.282810455703265,0.0387177003163502,-0.00442293623324996,-1.00645507030801,1.51145008992832,2.55719023638594
0.522338175532088,0.714862557387386,0.0369575913954263,-0.292467059004584,0.32387544227272,0.194308854831356,0.129579568877388,-0.849560257981127,1.81542265258346,3.16244049879572
0.537435513246437,0.23841129593326,0.137491773675293,0.342959905475326,-0.330348774057278,-0.0504868430373748,-0.176117249562792,-1.26201343587044,1.17467277679848,2.15533890497102
0.426833587096041,0.281304702122646,0.609229768977707,0.371386004596624,0.265305487679063,0.804393960728437,0.261876853166038,-0.629367072829089,1.66569258913769,3.04807448423447
-0.156347263192241,-0.391364370404649,-0.303304244447061,-0.253733290421914,-0.54736072025353,-0.219218807620158,-0.395579398818284,-1.18502649887944,1.24689982537806,2.3129899921857
0.488352618072601,-0.629796726068689,-0.465320454386817,0.291966317954528,-0.626108907033213,0.14097792475424,-0.510772623291599,-0.538243142253563,1.01493189560858,1.93827853784826
0.131599821192278,0.106973921257268,-0.201948776510973,-0.952433491296023,0.0209508201675264,0.150581773385572,-0.433897527028109,-0.68863176172372,1.75608157079563,2.69019429975865
0.687242771310216,-0.0251607882135341,0.377802541145387,-0.0142293701944239,-0.324456562555864,-0.197870546980227,0.256193103934031,0.12715601868699,2.02056444234287,3.65910906633198
0.135663991384979,-0.823810956942443,0.184735535236102,-0.502806817937555,-0.455924504063176,0.0627823552779583,-0.129583001721464,-1.53801783797651,1.61302347319931,2.236397792338
-0.419883890655344,0.0620386761267603,0.913869336626267,0.022495861499821,0.638009342530884,1.03336134627169,0.569198712402836,-1.13672477471636,1.86827771394613,3.30914004330818
0.601549647159403,-0.986079782816333,0.38055345339654,0.57581942905206,0.00377631710397996,-0.616560201669504,0.00595931345940598,-1.19798892539887,1.25469174354515,2.31922282322168
-0.313531441030223,-0.240760837285492,0.496347039169143,-0.132928663276057,-0.391325264500325,-0.112230932632411,-0.168717335595238,-1.27173768267911,1.0067575009926,2.72171459621241
0.712321602158479,0.303848233046535,0.888037828865412,0.338024701267434,-0.2695230280035,0.774129367020345,-0.129153184059863,0.0839863643989838,1.97192964854277,3.25124663611603
0.150762281621557,0.715688411812036,0.231406038675327,0.490173020392141,0.0549702611132585,0.920337616559784,-0.314944178854127,-0.28816717591386,1.94123440378731,3.53945196749354
1.15120843340054,0.530157476004887,1.21347863964077,1.14873350972746,0.432504761601551,0.492280850196712,0.266344518759977,-0.667315200408749,2.09935074409341,3.3486773826907
0.136519948569602,-0.600533781935435,-0.247677863456745,0.392185953881358,0.165734828292304,0.0432291215937987,-0.00333766133542746,-0.79570203984216,0.967988740096456,3.27864698519351
0.349513616064928,-0.589634146942845,0.440517067818096,-1.13750990103192,-0.286006771494127,0.698894463143392,0.192518766184151,-0.728483451285621,1.31202541709522,2.70837172479078
0.256573047344601,-0.173655062619747,-0.588558385302513,-0.928099251902729,-0.381644884951543,-0.241475125950214,-0.182054007468054,-1.53749975356556,1.29505718526916,2.37950570017513
1.55611443682465,1.19006244028862,1.54343138732311,0.646713024324089,0.364527546003283,0.296261717426498,0.656049273877922,-0.620141492134977,1.79912945726452,2.95577797596439
-1.15569857500401,-0.0307128878224829,0.105041868631195,-0.0781165619472481,-0.541530714961929,-0.925730964770075,-0.489818081426825,-1.34593775352879,1.7640020683319,3.14771032323776
0.847514230258851,0.954667821632848,-0.32121545240806,-0.268022468341726,-1.01569627153228,-0.0241502964216804,-0.270172204744774,-1.62095945958777,1.56829426601546,2.65600855267933
-0.0353412813493946,-0.154251531380558,0.762756885712088,-0.0659581577160607,-0.985054867458365,-0.618753842677408,-0.259601576049405,-0.859544071142224,1.09574272836556,2.769770291448
0.830430086799523,0.146159260195049,0.0541468219702234,-0.0850564349254765,0.28118419576398,0.229167807096481,0.67236416867534,0.196229578814443,2.3169490694563,3.28857328450806
-0.51192305228932,-0.408608455723403,-0.666398844589131,-0.789367088096247,-0.644621657404334,-0.718219559643385,-0.692260492012671,-1.42950977613411,1.65155875399492,2.32795148775529
-0.58706570578173,-0.287165243806776,-0.675110086664982,-0.255507321037049,-0.917243441922258,-0.223505167802247,-0.791202684141112,-1.35531937330566,1.04903627049031,2.58170985737854
0.421015155756518,-0.400069223581267,-0.00810762484581962,0.0297550830911336,-0.74243635623621,-0.455174758419427,-0.23925158089491,-1.6446288158349,0.699482430384262,2.01969933362077
0.584001690012691,0.297865083982461,0.131959417778802,0.613773205852401,-0.656919292246557,-0.407800605138613,-0.586475914884913,-1.85449300639156,1.27454350196334,1.78360686817965
0.288377853746108,-0.358403902919552,-1.0627060432277,-0.685717671845928,-0.864669494656552,-0.954653087977219,0.170738619881945,-0.452986316254949,0.129834618555247,1.56372917504076
1.0822070992297,0.884037585476202,0.961004440533309,0.257788351307709,0.0279409336416291,0.735157613348897,0.714358491194501,-0.98318427976603,2.43658847504916,3.18718093368222
-0.0399205686344929,-1.00974004413136,-0.506531496158268,-0.325146494058435,-0.617340877953804,-0.592975287034512,-0.368433308252939,-1.60675686082808,0.910982240431283,2.14800067909697
0.439045224511502,-0.200470263418022,0.143194170547699,0.147619930013632,0.184577644848337,-0.0672786655225352,0.909895339771723,-1.14706249438,2.33990903256049,2.71824964941386
0.912563457150423,0.680064289756814,0.340066839697423,-0.491555074633374,-0.698076435280693,0.0196457665049156,0.0297665988483882,-1.95362930181642,1.03288740222458,1.8031722898223
-0.29189392056603,-0.863033774484481,-0.941061143567531,0.427830828360509,-1.09593592488909,-0.697358040898912,-0.587923905561243,-1.00534660591226,0.854172104638962,1.98454542622803
0.793760419818994,1.11594192076426,0.960145818268684,0.758473415069195,0.599969129894331,0.865308668236523,0.985396649289181,0.121223699811213,2.63095401896373,4.17824276080798
1.14927290917003,0.50566400435172,1.14812831175509,0.410525042682013,0.340203182810183,1.16436130094463,0.249670873075724,-0.235197061750872,2.34039767155453,2.80927890160188
0.843659816955619,0.446519130916862,0.578401061428378,0.729011993259665,0.0125894667455157,0.452536441265521,0.990527087450581,-0.620876865016985,2.45491800282569,2.96109716485456
-0.309568705672979,-0.647850168038065,-0.609427519556614,-0.814449683516946,-0.760934776883322,-1.09411615761586,-0.53224503063388,-1.30410571252658,0.477422981810596,2.03910944778579
-0.365783681899181,-0.273190528951678,-0.703381889859056,-0.690481261995052,-0.783109630543941,0.0709285670889858,-0.161340520581976,-2.08693650002731,1.03647436641553,1.82045015949729
-0.231524669225947,-0.676197464184593,-0.758173815174505,-0.75339318347876,-1.25062905630027,-0.592473546581486,-0.557448974982455,-1.47957064837488,0.494135062929525,1.60128860340041
0.772743447362073,1.12634001102867,1.43304144578818,0.72589988784187,0.734641819377163,0.616559287007646,0.858988567898164,0.0549282050584305,2.60664926997471,3.43331848975082
1.7363570081864,1.01439763443249,1.40699529223916,1.12312998994493,0.972450861742066,1.64327854713887,1.18590788034342,0.403953970022029,2.76380720505643,3.74164797327575
-0.0334524923092125,-0.777365811507776,-0.0215292425981461,-0.604917737978647,-0.511840180758145,-0.458808919533903,-0.108982938004683,-2.18369604781552,0.347894605463363,2.06878410711499
1.63554126674241,1.34300561563947,1.01042223446227,0.755351562037042,0.516553993980166,1.31195581865749,1.29551463034445,-0.195099118089387,2.70272177637609,3.17870673622288
-0.319585291704264,-0.307575553161878,-0.254430743363018,-0.970219125499461,-1.12912575054264,-0.632968380671257,-0.809009536332031,-2.01447062029799,0.747780006681193,2.30621678436653
0.776411387715791,0.340154894549891,0.893601252399677,0.652983617395024,1.0116403770117,1.2372218542711,0.935510597665925,0.367493261931346,2.86245348324111,3.06983666911041
-1.10207492224502,-0.921108446491426,-0.966253684662827,-0.94686743644915,-0.662446794331445,-0.609889130538982,-0.959316838906939,-1.79826514903956,0.472912173308407,2.12288557794822
-0.678428265735842,-1.3533628185153,-0.607851696348449,-1.02898373465986,-1.17510278279874,-0.341453019970408,-1.17162220332891,-1.90053497698634,0.563789817623649,1.46919887044182
-0.999003559331141,-1.22944400238174,-1.00977286568577,-1.00724699270974,-1.22842043524884,-1.1612624568899,-1.12318767206911,-2.23496015388047,0.4458074370068,1.0797175816132
-0.62455800540172,-0.779184840842693,-0.442504599689493,-0.699163466035336,-2.07668710328113,-0.872060286831464,-0.628519753723229,-2.52006905071055,0.412200238199304,1.54198243340638
-1.25574131367617,-1.50433782266948,-1.46326401420416,-1.76863011211863,-1.84527554805727,-1.60106922991643,-1.60656344378851,-2.78070548610105,-0.100643352163657,1.19441379545443
