0.105557498712521,-0.0317413545316332,0.1191227908832,-0.111393745908457,-0.282810455703265,0.0387177003163502,-0.00442293623324996,-1.00645507030801,1.51145008992832,2.55719023638594
0.0172734418819994,-0.176133075169803,0.110204698768716,-0.331061021318618,-0.340068543867789,-0.0721998228365441,-0.132213512648615,-1.11748236028035,1.44311872380461,2.4489441197487
0.479399930474307,0.2498639808198,-0.143423030231169,-0.255922281888606,0.0245248222651628,0.275804001112328,0.261706096024815,-1.08326958643704,1.49045133062311,2.75758002133218
0.890529642653306,0.707980860125005,0.723645495574051,0.367754305791511,-0.133445833822023,0.0430587670967649,0.0817326507750642,-1.31369293083483,1.35371080668055,2.22461562995572
0.192554119924005,-0.114266021268427,0.0489165790049878,0.282737183673133,-0.164469725401193,0.476119127189429,-0.112848998460315,-0.901629724700817,1.3735065169185,2.83349135994897
0.258640107034646,-0.064941925822405,0.223536202154718,0.459104484898435,0.188174309615029,0.000962110313293185,0.120252316504477,-1.10126051304349,1.74236950849473,1.96444965124991
0.283227676746134,-0.196596389527805,-0.0671748237334898,-0.0237320868122645,-0.646481105623093,-0.151365993095239,0.104403749775099,-0.729781563623693,1.69240882012113,2.40515075732827
0.137633924369688,0.260560473217293,0.330432063908321,-0.116156329236507,-0.134353593495581,0.357916508511101,-0.271230882375662,-1.16425116786686,1.24803977388695,2.89132315200676
0.352819954340056,-0.0736561869786297,0.36502234489071,-0.339386029643627,-0.569847955632495,-0.385483030856594,-0.312837486376037,-1.34297371480396,1.8853489074141,2.67416934497392
1.00495179325083,-0.301668101012826,0.332663069185678,-0.00455099861113345,-0.134492545222053,0.885634669551947,0.0140339725106323,-0.547841714057379,1.65395959577509,2.56390098575612
-0.14703331498688,-0.930782090970744,-0.222340623750946,-0.655611432983287,-0.251142616153652,0.512972442863776,-0.138497730171989,-0.968811554403625,1.71413892408267,2.39738272363725
0.220186979705301,-0.349557152740839,-0.582072318185404,-0.775098422025323,-0.312704304177321,-0.269694672465952,-0.469515943932147,-1.20805556734358,1.40229735247144,2.29131280844959
0.399557765136076,-0.331822495476008,0.303263400928806,0.539708258803838,-0.420264463188676,-0.277252390437375,0.26169444684615,-1.03045298557414,2.01272539911996,2.54639486436741
0.860823447728754,0.813572540698404,1.36500097374775,0.978498136162139,0.6921243348832,1.04647733995344,0.417268473858341,-0.164931528706643,1.91338847099343,3.62021411706925
1.4327339499357,0.731322042165374,1.07604597811875,0.632937994159493,0.125449412575705,0.362109920291916,0.0909737283983161,-0.174209877121677,1.97844286481278,3.79477923465789
0.68626102265492,0.891882423110876,0.526650907919215,0.879749725949609,-0.186342822170677,0.52723383561196,0.154969604364133,0.0909456553178575,2.07105763673403,3.65194112540654
-0.295644552443006,0.372602939420939,-0.384999740264429,1.21570853151468,0.00319957330415316,0.12347387715569,0.298391398076643,-0.324209508731966,1.35797779744916,3.06544392315673
0.325200355855378,-0.470259873050152,0.082496651065571,-0.5292508887656,-0.958605137212233,0.244732737910335,-0.260081312944258,-1.51227517612812,1.11219253744496,1.78576166495737
-0.6651662628995,-0.852480952686528,0.0437398843240975,-0.84792935307091,-0.762422326962903,0.262821873619353,-0.406283736687085,-0.695650941051502,0.929188018896666,1.82413960984581
0.85977172248141,0.315789412807339,1.20180725072046,0.115039914956488,0.166637530809676,0.990038574732488,0.824058579904721,-0.876316249444047,1.81064097006736,2.80434402204907
1.53551781617284,0.81223380074787,0.721889843650253,1.00012699141873,0.526655633762824,1.21591068277249,0.501437869627556,0.267426603573663,1.92568460093703,3.30361880781451
0.748109675479561,0.594350758776924,1.09933674707221,0.854165755101705,0.813421431061392,1.57007022114052,0.528176642565326,-0.252279075350168,1.81993508834707,3.538958732083
-0.534740198346301,-0.829217200949275,-0.0583244615389135,-0.698032811353169,-0.758687144515,-0.135056772330822,-0.89814394874942,-1.03188984251764,1.29945269846242,2.03629486690314
-0.768198129105916,-0.055442001821797,-0.0342634694380572,-0.258091484398375,-0.886776581125336,0.0206228225928123,-0.788376092123932,-1.49463868659408,1.14918868777934,2.36198366485535
-0.49096989399131,0.940750972460963,-0.449773021221089,-0.326965735741544,-0.219031284302254,0.729567589845699,-0.151751591099178,-0.762316147617378,2.29785414472069,3.41104869712989
0.803320310362842,0.355547861401115,-0.460483046368116,-0.740107854426908,-1.04628628074585,0.222989212589176,0.233247472512704,-1.74594789028021,1.5317887384144,1.43801851165038
-0.0557989720381086,-0.221285385506,1.14152920203543,0.386129591769628,-0.200782014935893,-0.164389432895037,0.554690078484875,-1.87562485656122,1.61024055351472,3.16882331738562
0.851403199797739,1.1116915182529,0.775260340085752,0.641215606859181,0.244802366243085,1.36372416569416,0.571652767904928,0.112504170548781,2.33966487825553,3.88125804127258
-0.607606400244761,-0.49952713526783,0.154260572474692,-0.297786505934449,-0.523724738499962,-0.538783480405356,-0.434773985379457,-1.71130302193082,0.845567440655595,1.94230990449712
-0.418252025097003,-0.750987386277665,-0.725731279777322,-0.396072834935372,-0.811910984803794,-0.477155315556666,-0.786735861403318,-1.36359792745087,0.982349560827792,2.06878974798545
-0.284960436565898,-0.86559364868744,-0.508965850390438,-0.923357590840952,-0.678667021512017,-0.420294284990962,0.018502214754375,-1.35976026714119,0.801966465557122,2.59712119812953
0.877077929447815,0.28255937555697,0.379604409692819,0.629959405895356,0.659706098774631,1.45826198433229,0.0194261338148177,-0.0612935902470354,2.23431237772436,2.83349135994896
0.795691743899957,0.543849474392529,0.633408505168914,0.42583569132098,0.20757562080526,0.64927670652753,1.29290830395513,0.216423966364129,2.43638163337319,3.34980107382436
-1.16678197293659,-0.894050059619046,-0.17150624522186,-0.281059850426984,-0.715886519777398,0.171986994476748,0.00244566649642841,-1.87941792619383,1.33927856631039,2.75566092358309
1.06857751415381,0.880871211039998,1.03916732165112,0.742513804393304,0.81837863675177,0.609222470802365,1.12724530810053,0.119152384343309,2.52862791813217,3.58949086562117
0.849285148984024,1.31063746915341,0.836779208935314,0.920741000774401,0.883554481301316,0.126582561924633,1.38692963643198,-0.593957036902408,2.43715699788154,3.54185154768405
-1.15003720446091,-0.536362349050705,-0.491444923246841,-1.04320048132098,-0.610192791819658,-0.581253719673825,-0.643950975290877,-1.45952256389686,0.346088235592491,1.7817307245277
1.71253568884894,1.20371955315683,1.25861061014109,1.32195809784442,0.271221387812888,0.862833869420822,0.881724836062357,0.292801100382131,2.49778776851509,3.23928305096845
-0.742582874908955,-0.116716442427002,-1.32742567877913,-0.890201464163738,-1.35949993850002,-0.327188019214459,-0.292881137863128,-1.38873358411219,0.447723903657749,1.32179579435713
-0.0645105284983638,-0.942105500189896,-0.338752666992258,-0.461533801930866,-0.759000931893742,-0.947676857506779,-0.982314092695835,-1.87641844027138,0.987640566118797,1.96195214114785
-0.750458300669762,-0.238173999329346,-0.123172398672673,-1.206602949664,-1.1597751484539,-0.640395774427176,-0.400606893744213,-1.98845796184416,1.13865967280949,2.0145248208014
-0.676395246246274,-0.617912362346049,-0.649460068242787,-0.825148397037816,-1.25528704998587,-0.935471671399098,-1.12591868025375,-1.6018578489967,0.968922853954082,1.76106556527131
0.041174736725987,-0.487258248413595,-0.329216354716629,-0.63076520715959,-1.50835902644954,-0.91255232288106,-0.422652749123402,-2.18821059016821,0.940246974396797,1.98043907621725
-1.3766173629363,-0.94631891529836,-0.663701066828115,-1.00326407763928,-1.0667871469017,-1.17777361310919,-0.968049562348549,-1.72649508720041,0.73294425497403,1.31423755265088
-0.254835401655416,-0.614729566397874,-0.683446094882077,-1.06366175391935,-1.04553591600183,-0.87865143573977,-0.846499226934329,-2.19275117748465,0.649467930153813,2.19384207893237
-0.405115956204312,-0.839195255900932,-0.260709663044258,-1.08014884885815,-1.01484044708613,-1.01208666185701,-1.23126208240802,-2.23619169131285,1.16238526306554,1.54924386721641
-1.18152717594595,-1.02269586417992,-1.11900310398986,-1.16985133372037,-1.03578468293581,-1.12058297095519,-0.868709461312383,-1.81277789858041,0.434992495717038,1.70653408736659
-0.997922070552185,-1.30474221174462,-1.1415596114712,-0.907739006803057,-1.35494591587738,-0.714357063286762,-1.30332518893651,-2.09210591517701,0.183030326442306,1.64301516947277
-1.17320274859419,-1.36660926564599,-1.08027149170747,-1.52153721179481,-1.53054473434398,-1.26267601331273,-1.32268970312481,-2.30795855075654,0.252642533328416,1.25846792927251
-1.35308773750943,-1.67953139035471,-1.26600066833526,-1.66086894177336,-1.89809697550395,-1.65087876406375,-1.54454529042807,-2.43460438972555,0.0569430861947935,1.02014333811588
