0.105557498712521,-0.0317413545316332,0.1191227908832,-0.111393745908457,-0.282810455703265,0.0387177003163502,-0.00442293623324996,-1.00645507030801,1.51145008992832,2.55719023638594
0.0721933084836571,-0.0391556124844857,0.298881784067251,-0.0528219250762723,-0.508929017595483,-0.0789037391389018,-0.189270874865226,-0.992518585052062,1.36830457468452,2.33638631081701
0.26977861622426,0.310045554182436,0.125348767381172,-0.230398800962642,-0.018211234700261,0.386502444591313,-0.186468445941663,-1.04301200999732,1.83867379158826,3.23137830409571
-0.0496151184526881,-0.311855127969233,0.349552950148473,-0.316352220967827,-0.401892053846458,0.0664859846635819,0.135963341194732,-1.1623728002389,1.62540064090895,2.78794057157707
0.586153307167014,-0.378053916416929,-0.142887649555263,0.226108763695463,-0.140106053118184,0.362136425656381,0.324046311906908,-0.874233242840957,1.50153599945806,2.57067218090318
0.0472167014737386,0.0852498571608219,-0.227644861642318,0.12746811932147,-0.653200358838776,0.080014582724932,-0.413231297302612,-1.19048792784536,1.32307691536233,2.15473400762105
0.125781018137377,0.107245143085398,0.429498299619311,-0.0730202290400983,-0.375179720820657,0.221667126852406,-0.197112667088877,-1.19792622500623,1.2232432783498,2.42616365529597
-0.342253204516139,-0.205252054358122,-0.0644757403285501,-0.205378708314472,-0.56476534292131,-0.40140700168255,-0.183848773553824,-1.2749835343252,1.39342246272077,2.18125038676188
-0.596678190190772,0.689715963939643,0.0413115484612565,0.488218674554561,-0.264822300572014,0.0286114475745908,0.193799162090254,-1.25463128801977,1.42614065008951,2.96532289075043
0.54118161065636,-0.605626855803674,0.0374650060091152,0.0738425999673296,-0.206625368928801,0.308353924689647,-0.0522987219004089,-0.758836459692831,1.33054846470496,2.98024203708701
-0.198625845569007,0.467217351838512,-0.332292541096983,0.143062254532371,0.0658090428631709,0.137582126727713,0.540746689341255,-1.37663535102932,1.65763628013232,3.06534473907086
0.92645302110058,0.258474234191418,0.996492698103854,0.804481423698056,0.0753984995206152,0.248605760017843,0.727494400161698,-0.983610111428937,1.82488292574922,3.3845750514411
0.456977046117038,0.426604827855884,0.124701997249072,0.868806830768121,0.532060683199444,0.369572026438186,0.639379846915736,-0.389505762084222,1.95339178333534,3.39363982938196
0.25735775284105,0.147678679656231,0.180054742490997,0.26345137977782,0.0640385802519924,0.411159336252664,0.178268706980319,-0.885704783363696,2.13226458830533,3.01245000378078
0.608715625732327,1.21431935455238,1.01737170582705,0.447308675847116,0.174155058752275,0.693406838095984,0.499228549906302,-0.80668000915364,1.46315004867314,3.52405516754071
0.181790478952858,-0.419430555173455,0.583688576955581,-0.0890771226351931,-0.374122685670492,0.960193944841689,-0.197284497211295,-0.928226477010166,1.21473811291195,2.88425278344554
-0.119614107538818,-0.630555738611334,0.195684802877597,-0.214272228315172,-0.390635361301609,-0.531320293908113,-0.817867093530419,-1.16133059643276,1.3916295929035,1.9614197139809
-0.134896243755149,0.304936733666533,0.0761672318284449,0.235509146836889,-0.269684065883454,0.720025004240973,-0.306505646950745,-1.17242263622477,2.08658815677408,2.48820817316519
0.218809185395318,-0.0413076869624352,0.216593888632981,-0.50561688908372,-0.991097089186244,-0.399482048362091,-0.683770005710857,-0.528492255741247,1.47676288019786,2.17880685056807
-0.0625014947301424,0.0779731981219669,-0.687953518422354,-0.0895413385130183,-0.285619458651533,-1.11355643098674,-0.33189895516923,-1.32104744807966,1.57248383413658,2.02986955109168
0.0628911265842395,0.0651373919554789,0.382401476393939,0.483037283621234,0.515444073921005,0.791238788163456,0.521144067628549,-0.546096786629101,2.22186569161976,3.39656000719234
0.184676936958582,0.14180196038005,-0.222533811868736,-0.343914269057247,-0.601949531615477,-0.213162545520221,-0.046417775503263,-0.486228719507616,2.03234391444418,2.38648573232775
0.580455734804787,0.519075987330485,0.810518752252823,0.371984815828314,0.181332245425238,0.828884513310205,0.741845720483168,-0.486732255809077,2.17704105402675,3.38771503176389
0.221135408889449,-0.00734180551862162,0.212025262243962,0.022743499268724,-0.659793382730307,-0.0835246412539942,-0.145034033611502,-1.72957719076595,1.24729920464369,2.63944626693879
-0.00186782067201519,0.62085808944932,-0.264607407228359,-0.520584700408859,-0.112383646028904,0.610156044011487,-0.276051747172895,-0.538245306399662,0.957217595841001,3.21515069253128
0.588982253340671,0.387095889354055,1.54890128469394,0.424492208770847,-0.016125933155211,0.492490429693042,-0.0215200419791318,-0.773325092736541,1.85757163655875,3.28437261051985
-0.120803733536113,-0.421452749065174,-0.140839015972087,-0.303337223950695,0.0656941487500551,-1.15086986382257,-0.598423475425093,-1.28860098474417,1.19810156488086,1.88801417281067
0.166894648579624,0.52796013800568,0.635770322456105,0.392337597375125,0.683946667770276,0.497959950603377,0.237610141620723,-0.753686654323418,2.27104497265753,2.93032456474415
0.81550070827622,0.490628357372694,0.73796883174341,0.546289433459799,0.842775272358305,0.400836280798757,0.840902451332098,-1.11109668922867,2.30108997838896,3.38992442661313
0.000410275706662494,-0.163427575415459,-1.20411395671012,0.166018664047593,-0.446049399152499,-0.287162808504367,0.106317461947704,-0.66662572486769,1.98469123999126,2.08306445971962
-0.0757286842602758,-0.397497349620939,-0.0220521991198648,0.135106366312394,-1.079085633361,-0.146997232347407,-0.533722780144249,-1.46397364868845,1.14895514414125,3.14073865968299
0.751315865699181,-0.0667632140807637,0.454911394497232,0.682515025851391,-0.078577516655539,0.597007994434634,0.4435113000959,0.238417590684204,2.33559717204801,3.10434985534926
1.21755872247594,0.655797416318885,0.587467698379114,0.125792261350286,0.70119882583579,0.661117554155941,0.462217972994641,-0.700663127027476,2.38768287272882,2.99639916750227
1.245184003212,1.22664812816002,1.54890128469394,1.04638275603453,0.744223264253969,1.34107011192703,0.92229031798575,-0.0785232399316003,2.34264626342442,3.5455666403706
-0.26740583747517,-0.266924282206721,-0.00012558803405438,0.0425360103352192,-1.06368758650766,-0.425529202942645,-0.235662116403838,-1.86115473205331,1.07288077209201,1.98513496219992
0.497251079825176,0.439742012654795,1.15483251948147,-0.111428743468338,0.566394514741841,1.73468281599044,0.816907221539949,-0.632571961596884,1.75334313349371,3.79509362835901
0.332378156409243,-0.282722502078035,0.326013389441466,-0.472917451407884,0.340249032966924,0.266862971942015,0.240600419894934,-1.17610020325596,2.47004906548452,2.63844542497591
-0.844238973472011,-0.56479039504336,-0.799361709690853,-0.247078956220533,-0.518474242034766,-0.23356951226937,-0.111032744335595,-1.96594334322912,1.13831576157011,2.31974111833981
0.0795238286949769,0.419325742286749,0.631170612377115,-0.410814729728408,-0.445537124460923,-0.490985242360653,-0.592464930506907,-0.950116659755711,2.37870312706085,2.10666521416479
-0.25276889810213,-0.37561924097529,-0.435251425073556,-0.704919640604375,-0.390635361301609,-0.42152239345821,-0.38609737071592,-2.03901917788364,0.883752312638165,1.95899676379675
-0.879868349632375,-0.939504477246196,-0.160414952368785,-0.73819484279039,-1.08703659851778,-0.570575230258129,-0.862086370068024,-1.62057240664727,1.05226723716972,1.64619435917895
-0.0974132044064379,-0.963879817546134,0.220783901387626,-0.962336850449407,-0.624729326396306,-0.842133047144329,-0.40454067968727,-1.99198553601155,1.01213089761532,1.45264711207389
-0.886763831095884,-0.90389671312734,-0.715291183967509,-0.996887538821651,-1.20681548353962,-0.967712823210975,-0.722708067502301,-1.42716341442621,1.1960383136358,2.4410800358963
1.30649552323728,0.815642904581447,0.839233564577105,0.794382536036038,0.864577633909597,0.944018558003544,1.15228495067376,-0.153705338203886,3.00459898249374,3.84103246514842
-0.732277421767937,-0.652881070648231,-0.591243436913595,-1.21751293170351,-1.25216098453131,-0.862055730753158,-1.06548356172716,-1.93050190287479,0.726379928194511,1.76564002709723
-1.21411379079461,-0.852546118281212,-0.172143251780337,-0.834166097841644,-0.826105687935342,-0.244242884383233,-0.618003497010699,-2.30510670343293,0.548315528047542,1.91896620794668
-0.714724616678016,-1.65683168860254,-1.05887254940102,-0.769703111171922,-1.43840838858145,-0.442866484420523,-1.00904312177352,-1.90889691570988,0.391491048970377,1.90113004254471
1.63171006400627,1.82090643799199,1.75507812842977,1.36184266058028,1.20631682888969,1.68121173691376,1.47597028419823,0.814699073957491,3.38221221997535,4.23780605379732
-1.13019152144701,-1.2232019131652,-1.07436092853131,-1.24052012253004,-1.46440474265962,-1.08322309677759,-1.24737195653269,-2.22301792514467,0.371082040737716,1.36565044809372
-1.16901810352731,-1.43125811304386,-0.769850034926154,-1.43575520604245,-1.52129503892109,-1.05291700041104,-0.983439643879895,-2.28177578531353,0.505997655834321,1.66853758650244
