0.105557498712521,-0.0317413545316332,0.1191227908832,-0.111393745908457,-0.282810455703265,0.0387177003163502,-0.00442293623324996,-1.00645507030801,1.51145008992832,2.55719023638594
0.216381842007368,-0.358413126749294,-0.122313141862426,-0.203202444522139,-0.0848844613660135,-0.0853613699026592,0.107798449703508,-0.95104825833762,1.4520417480497,2.32802225753466
0.0499913181287875,0.495391218127587,0.00145781750720625,-0.0561507381798561,-0.225772059265096,0.117722992275705,0.170396842736356,-0.928761973807884,1.54865441836618,2.63637096352065
0.265624612695231,0.182187859990875,0.26544037852684,-0.0473056200160791,0.168607377150778,-0.153526111171976,0.0549560678556451,-0.991681087834592,1.29757931629042,2.646961093918
-0.363336699081524,-0.193982381274792,-0.229152528182873,-0.124760993834929,-0.526228239218139,-0.333784947785181,0.121197373680837,-1.08625012557124,1.44581350471059,2.02262856851834
0.15859626992979,-0.159619780792197,-0.0226404478191591,-0.406405262726062,-0.372565704491807,-0.351283718144276,-0.0790157919410213,-0.980915864368762,1.31958636691577,2.34457199726349
0.206531193557114,0.683415222718669,0.137711420885422,0.465975146048445,0.100872890873379,0.158172646412427,-0.160044091828074,-0.840095136377994,1.63385130618593,2.26795629060984
0.886999099776201,0.405128158944146,0.452049233393377,-0.150221006574908,0.217164076270418,0.444055043258932,-0.164525385721026,-0.653511733718686,1.58228061852787,3.03639036262877
-0.627647305428687,0.167145311252739,0.154952800195767,-0.245868931912574,-0.666327241118042,0.152916128330005,-0.33815244618748,-0.631510617448648,1.51141797185048,2.64376151986334
0.0937808584749525,0.136287608057434,0.0774739080743297,0.359862431703511,-0.366539345793732,0.153532880444341,0.0358775814983983,-0.582238658006092,1.70102425588422,2.31416033355234
0.196084540410189,0.0236331010022435,0.576702805794821,0.200507620532177,-0.0790896627914912,0.20867238643483,0.591261659071741,-0.951542957309542,1.60720508494047,3.02344347105213
-0.193876263888231,-0.405753803864287,0.0894598207197184,-0.627521559870789,0.187871711494382,-0.529588165161163,-0.0639132590599705,-1.27034183724714,1.27295616266828,2.16954090599117
0.615589010541568,-0.0483482717160083,0.0344353240019193,-0.54031642360998,0.0621342347883213,0.545759247308766,-0.241052382620073,-0.474817815717513,1.35031731004415,2.79054842184801
0.936022021917412,0.245035149112775,0.878252149262503,0.0216851116997505,0.303046573116745,0.0903055136367031,0.277077446568712,-0.406583648537257,1.51878257118652,2.53200477331903
-0.6511297961909,-0.106547552569144,-0.386433490295114,-0.2549752579165,-0.164486714004091,-0.484882659785482,-0.657189364160196,-1.00236536558991,1.403044450241,2.06907396685769
0.148610796684688,0.647066973900963,0.905815162898092,0.508193053118547,-0.016798168353858,0.557974842179692,0.423466818032431,-0.338546074815821,1.82144344871719,3.08872668553299
-0.256752701126227,-0.374956878911193,0.120888772406035,-0.448904054543375,-0.161819351440151,-0.0982975780660171,-0.495997770847819,-1.25197620338392,1.03928112174348,2.16621269093313
0.721883819136452,0.307406725717205,1.07997624121252,0.693887869895476,0.0359851232718285,0.261222854133286,0.432604946650995,-0.238183777062357,1.68689176686491,3.24789780664298
0.0138829786696748,-0.159571181905071,0.317965677132383,0.631374258806673,-0.0473154228861489,-0.104770641894658,0.463606195752481,-1.00348480063515,0.973818991882874,2.66502867827611
-0.248844059992582,0.258854775669467,-0.103667889459406,-0.535010075626432,-0.350537767433831,-0.30724230596636,-0.456739494126925,-1.46223162058344,1.24688287972918,2.22691083190683
0.733636316446511,0.356189679951125,0.73040805734088,0.405847633401888,0.281452867180747,0.252748615893045,0.919222383963794,-0.912411183160675,1.8703522714906,3.23495480237881
0.0283970048853602,-0.4484080211983,-0.258032381530593,-0.41670983786248,-0.676092768628435,-0.0752145913503163,-0.433344504860701,-1.37847887983182,1.18902945500769,2.22824286796489
0.345983526214314,0.431268568772915,0.413573489850939,0.203906180531204,-0.0401929398476242,0.196019576605867,0.267398436907558,-0.4590968243452,2.04263884789894,2.76198812084856
0.236000925149867,-0.497473468368663,-0.112521822455385,-0.0264345910425654,0.114636114504713,0.421781575176829,-0.399750478994241,-1.27141819674859,2.06430059157433,2.61306786297955
1.21242175913282,-0.00434591904387294,0.45227858140899,-0.0441072828350083,0.12142999164063,0.613811308815131,0.592149313356241,-0.540701870356464,1.81348210963275,3.09814401715839
-0.268082370968688,-0.145518809528977,-0.424192850273249,-0.341191454742216,-0.990650927613625,0.0478078426301768,-0.166796811692877,-1.24171649799018,0.786721018030835,1.74226329569835
0.0582869424636376,-0.63926361412719,-0.15157575312081,-0.497203765195597,-0.875502989700318,-0.00162998542529463,-0.600829904339226,-0.978840140943645,1.16937931056116,2.41139036262877
0.607730730845432,-1.01096426120313,0.614838680122932,-0.247614593158711,-0.259228253142883,0.240861606185831,-0.284878416930372,-0.974759248293743,1.8479960782328,2.09224311650553
-0.376901213944015,-0.0272348713261412,0.0709810223699461,-0.478042945156579,-0.571413815896086,0.298742524156401,-0.686385087996657,-1.34279643959134,1.06464104622828,2.33259825726416
-0.193834852387951,-0.384430735374031,-0.10089228862346,-0.0305881011500109,-0.36346880191659,0.307699084837099,-0.570005777651829,-1.49057969082287,1.11903898095075,2.46369219305488
0.0139407910823675,-0.127705311506569,0.128968904146911,0.130275741287065,-0.928355281294314,-0.42661350241482,0.0763145896824637,-0.989626786685382,1.01989026067808,2.90142002051822
-0.440240873671893,-0.245003839352524,-0.252448435373655,-0.826202195989517,-0.576636899443191,-0.205318443613733,-0.632747699428475,-1.35395497587125,1.07106304576995,2.17161810613777
0.364178188367693,0.148168690445878,0.248433135710786,0.19895108167775,-0.165255596769096,0.759720835112588,0.940104799898684,-0.40003414284071,2.22080969583965,3.34826528709588
-0.271595537346296,0.102264707967255,-0.668686186340913,-0.410147671709604,-0.714678284885317,0.0450628937535375,-0.433051433125713,-1.78714538937113,1.46769962265479,2.75509937520615
0.181899083386678,-0.835866707651151,-0.501623486690012,-0.563022534477161,-0.454342589444831,-0.233144621134186,-0.294500400871204,-1.54995932911802,0.670432552647404,1.79294496859293
0.406944455437494,0.0394648573355861,0.253862406726915,0.346366520995103,0.374885653576515,0.41272292128508,0.290354230636571,-0.0774850399468151,2.32737331303644,2.91915526246077
1.10308134939653,0.575958397166167,0.050100651241022,0.380351932135686,0.165899237693548,0.747971963430674,0.407253985093708,-0.897540529443446,2.35721416184281,2.80092866147555
1.19602175017093,0.327224403085418,0.97092239375201,0.919319948045263,0.481476663216142,0.230188371374665,1.09902962904664,-0.340205936714238,2.21297487915492,2.76760224014052
-0.727695282068803,-0.573478067857801,-0.528348798049463,-0.567537905001748,-0.912915561772803,-0.487771946827233,-0.383728654480081,-1.63765708181642,0.706949783061115,2.05164948807609
0.570798190893713,0.480103066480468,0.775529913534888,0.936393797975603,0.0793534509798041,0.380054320814055,0.780773704135656,-0.225592095124203,2.37141836739305,2.71745601609983
1.22638968280405,0.887139131744579,0.899463245573812,0.287033634443916,0.546732508947888,1.01503510198818,0.895322097573491,-0.322129316509927,2.52429204917644,3.45633820323718
1.35296424135735,0.319340502737747,1.35078477589236,1.09291141995817,0.73520736950811,1.19700138318726,0.792325322136441,-0.293146677295375,2.34226183227095,3.10296407644006
-0.507469321210851,-0.183871171975852,-0.188426137355383,-0.301956359338584,-1.06825106873009,-0.781734142727645,-0.121977795167419,-1.90831183423374,1.11736141997758,2.29856954673077
-0.270583959484834,-0.576678433034316,-0.679809190730773,-0.656329033606233,-0.658780783833762,-0.703224347002542,-1.24933758732557,-1.34434794119401,1.06061291893564,1.6423586692803
1.43765930495226,1.19805390408906,1.40360554950389,1.1434415768148,1.02341143335221,1.13272426846085,1.33054059161821,0.112487147772138,2.59122270362147,3.71186530269894
0.0617807498367554,-0.477022429459097,-0.501519259681849,-0.932532596225427,-1.07455710847426,-0.480347132699611,-0.978513197667095,-1.78387970945304,1.0816204896232,2.10568628957819
-0.989591852162755,-1.21774620934258,-0.249959755781534,-0.970091290538603,-1.50150345589494,-0.0311395257908758,-0.452457552750919,-1.50924879826661,0.655097805246983,1.44290747910116
-0.539291964074345,-0.728002355625194,-0.834019696807752,-0.229028796179963,-1.31959001312431,-1.00143515449168,-0.762535270588429,-2.03825101697019,1.01558635594973,1.31614806354864
1.51215425831985,1.46141104961583,1.49785379288124,1.44724441116526,0.994289818773065,1.48996509468932,1.00327008441714,0.208927698339694,2.91417082679254,3.93783012408937
-0.854033977120169,-0.704773954295053,-1.09296567675297,-1.51585736840331,-1.30790919433023,-0.316155882037378,-1.4701861230738,-1.81674989420156,0.769338907838919,1.7873816529358
