0.297135853213917,0.0633841071610575,-0.0130493031321819,-0.0426833140399115,0.0010781287202779,0.102358226227936,0.171002845928065,-0.966727661475701,1.54074419800919,2.43853886787882
0.176498304843814,-0.144437316744559,-0.0797625281786845,-0.0593555557310683,-0.0149817248466293,-0.00881909214185961,0.147699707159699,-0.91738936763231,1.40554047141269,2.41286806925746
0.176498304843814,-0.144437316744559,-0.0797625281786845,-0.0593555557310683,-0.0149817248466293,-0.00881909214185961,0.147699707159699,-0.91738936763231,1.40554047141269,2.41286806925746
0.379635087042205,-0.0327822551422418,-0.160582174596164,-0.035903032592873,0.0440308790352907,0.00196797719561287,0.127638565155768,-0.828237323912263,1.44954804609602,2.44672353940965
-0.0155139065555305,0.0398573511726154,-0.0568544688559371,-0.201387958550889,-0.0895745135605038,0.0386713560629905,0.195040274266704,-0.915544103262422,1.54246740372531,2.30508400998646
0.288144348761556,-0.0303331463489979,-0.0853987124819112,-0.125580721293982,0.174315732662749,-0.221094399615843,0.233240546011796,-1.01477931698954,1.61192320719711,2.50289290369454
0.563868300602946,-0.0262578227449756,-0.362440334867334,-0.236961940138203,0.374404636857553,0.670366159110814,0.215030710356006,-0.924903019803847,1.5872421899334,2.88760070022408
0.396712455356674,-0.111291017443112,-0.326402769246675,-0.0571578876688251,0.256334499065635,-0.565226750803212,0.234869565596979,-1.10108074086278,1.8048719160012,2.4755724585482
0.195192463537958,-0.23280735418017,0.394907887071981,-0.0854182631635674,-0.153301835465761,0.197901474267657,0.0104910802360536,-1.22517809398231,1.11335037447789,2.27340405062434
0.420142820744259,-0.295975928453063,0.391937246960544,-0.0710402317136748,-0.296811669123081,0.522695224265012,0.452735558782298,-0.594471233621296,1.65238973101348,3.07575349170254
0.0695364424892153,-0.0305786068991458,-0.638510037550708,-0.500420308425154,-0.200646708170577,-0.48852747372098,-0.0702968828516999,-0.93356971340497,1.47278768555211,2.2768628375978
0.256248230653763,-0.464734980189319,0.15295247779309,-0.338010174411348,-0.50320978831281,-0.266782135183927,0.167583815807637,-0.674326119949938,1.29817657846083,2.5961712342252
0.112602790424494,-0.520534920540647,-0.322917394669947,-0.262495586277688,-0.0660610804727221,0.0933593961895768,-0.372347640856129,-0.841373506220012,1.71213269597914,2.17876858019183
0.955584177419992,0.670780074559789,0.797430454277456,0.636287239782305,0.454943087183446,0.320128276279193,0.348723098972564,-0.394943547198873,1.86606678720216,2.88927460283277
-0.165061785323322,-0.302925810145377,-0.575695803978214,-0.251599532050763,-0.495588751129723,-0.165321801877225,-0.0446545132485381,-1.22095182642626,1.21096713372346,2.32432950007928
-0.221607410041673,-0.500597705660364,-0.565451753545045,-0.452144818772082,-0.325997756971958,-0.583902753916531,-0.00354021732809334,-1.19021273213887,1.41179138918786,2.19255477079694
0.261199074278309,0.44635709449748,0.823069828445165,0.852771188215723,-0.369457185826051,0.0872491157159111,0.0553434469440008,-0.845858321270472,1.69196851278085,2.11335303382202
0.503475566132578,0.133872828965569,0.0429417383011887,-0.00822042455455724,-0.749824595866657,0.243999093101001,0.251627200933225,-1.33143017863817,1.80032657787189,2.06473504012762
-0.201886546720886,0.058908504926701,-0.259383145935476,-0.8277847593888,-0.220939599433825,-0.350920287987612,-0.513904282028418,-0.857231875718439,1.13026542523689,1.96369255891896
0.382090410106972,0.0579918330530119,0.0363365430287458,0.670907602163669,0.708702485679687,0.822205838606063,0.301208479089524,-0.300613051842836,1.85410506471412,2.93918385873114
0.0493080748686181,-0.0732183067221216,-0.378650807528706,-0.592012958550889,-0.345422466776878,0.435553507092739,0.737803432161441,-0.767517787472948,1.46915913304862,2.56550067665313
-0.11569525020258,-0.418313423481441,-0.0721203418961969,0.547466821335324,-0.095097148460195,0.155955125001949,-0.659501771409125,-1.34535844992087,1.56535852387589,2.42294035042601
-0.185840333627176,-0.226756315017897,-0.758708382102817,-0.720112233672232,-0.0877560307560329,-0.331340087486359,-0.196705033908117,-1.09185741806894,1.10169894324243,2.0587819274637
0.813653096793715,-0.166688004615262,-0.327746256157683,-0.26224998307097,-0.376699243579071,-0.834031525110203,-0.149608466047717,-0.287904241806717,0.890448899658996,2.0371188374034
-0.326310246836184,-0.378976237913233,-0.437489262518338,-0.796085416992926,-0.325893678953885,-0.600796083324028,0.0228114643685312,-1.17205859254585,1.28449201719029,2.49707030421666
0.890070658730045,0.684921094140055,0.661786246456468,0.380763634073794,0.716877768987444,0.75661194004391,0.427981814583685,-0.652015519400985,2.08394654233662,3.05401098880236
0.726739713221969,0.0862014826138693,0.430544853598921,-0.4442475999691,-0.0805403670043183,0.644247249590419,0.742081144469557,-0.93124301936509,1.93393075592297,2.4863489185876
0.294785026168884,-0.12349210090988,-0.324890388494263,0.876019138825833,0.540658424200176,0.308318642696242,1.02686119636768,-1.25642084852507,1.3899682353967,2.42983647923372
0.525529652091828,-0.437846234671704,-0.322724218029924,-0.588591914168641,-0.322079685434076,-0.174430438183531,-0.067471765672371,-0.499282029547788,0.825877409842005,2.98032196600669
-0.404483443356477,-0.763344657731078,-0.294980108914284,-1.09545549651787,-0.176789598069455,-0.376703292251634,-0.361308685551632,-1.26885173765515,1.59405450912393,1.80205785014943
-0.329509121866535,-0.635350405060072,-0.796986047803306,-0.919091307833186,-0.202356468447722,-0.619223380779115,-0.12423217155373,-1.22717845229289,1.15631179731799,2.05837348367068
-0.457376192430094,-0.928425654640874,-0.506103104817935,-0.604604953719898,-0.384531691279455,-0.451844905320272,0.0914618136199838,-1.59837862668105,1.21071547570505,1.70508910866871
0.789350592308175,0.492709592246011,0.755621140354896,0.530424180468333,0.494734925573691,0.255452673981469,0.2755795954058,-0.49906366099329,2.21623889707675,2.60228017284583
1.02305896329695,0.286851643939689,0.632828531331984,0.452764703187385,0.970171954941701,0.432164576170025,0.896526839353705,-0.477834313825012,2.05417341567865,2.32715722082439
1.01680510634126,0.814001441759219,0.95610157120596,0.745912073196552,0.76743412700295,1.16068250464397,1.16330530302666,-0.166969000315904,2.2782891242058,3.29186152917678
-0.23790066355595,-0.311488971359752,-0.253260674576279,-0.777655428609404,-0.971682244675261,-0.774944690135173,0.185403298645299,-1.53563199974807,1.08712359613766,2.25733988059663
0.949015768071218,0.149202556883446,0.586950761649083,0.281523551577731,0.618241943138266,1.34927030648707,0.919501701705461,-0.580379067319139,2.25869130827618,3.10958485879087
0.594913600888555,-1.03970721755264,-0.244388951269577,-0.400625369111088,-0.223350674770141,0.147868780731193,0.0305605989485682,-1.61482633281012,0.758093725167866,2.18798327781661
-0.673408643397636,-0.764236216078847,-0.654153637831006,-0.566090475713361,-0.848683825301395,0.0034269951607348,-0.144186699417507,-1.66554410326242,0.792467403725314,1.43210830148444
1.36647719230536,0.954059850120916,0.826259930666994,0.950939072670285,1.03087298429845,0.988810082458771,1.11448067041893,0.158604781350894,2.43639015135918,3.43356564467281
-0.430870354822188,-0.671337379575137,-0.517088303999581,-1.03207022752276,-0.470690151431642,-0.193365158624245,-0.76011106343701,-1.60484835953363,0.830066861725241,1.81688801046015
-0.462847026634169,-0.689522779729713,-0.824493129529189,-0.73640487761377,-0.557135381001654,-0.623709909725357,-0.602649295399366,-1.55053711327457,0.758573785265278,1.89491646510067
0.266853132154987,-0.338233382961791,-0.95005585880669,-0.704408974867916,-0.78364314473381,-0.82697939122544,-0.112404109097433,-1.48613206075437,0.58018714384038,2.04778736919689
-0.325955868681078,-1.04313895494602,-1.02380369453637,-0.686500500364685,-0.358176217701282,-1.00394881466296,-0.723393588994594,-1.49413649206591,0.956190599468215,1.95125252377122
1.27498645402471,0.95650895891416,0.901443392781247,0.861261383969176,1.16115783792591,0.765747705647315,1.22008265127495,-0.0279372117263781,2.59876531246027,3.4897350089577
0.904979967056112,0.430758889014023,1.05429783922509,0.570141147533561,0.920105366750306,1.30743205748245,1.3368917593532,-0.383885673742526,2.69480799308721,3.37040527461455
-0.409519111465459,-0.563972288279356,-0.949827524726536,-0.534678638016507,-0.900117007174967,-0.860034340978752,-0.820390889939264,-1.85448338201806,0.461577708545255,2.07715996478756
-1.00235601181869,-0.946984754090543,-1.0436965741191,-1.18823006381405,-1.07641661882366,-0.948170749200167,-0.791801830996454,-1.90238620852558,0.555625298462156,1.31824190472331
-0.787379714499862,-1.13768485840098,-1.13440530641286,-1.05380299166354,-1.09275742591257,-1.0590147334007,-1.06857228619425,-1.81445335724733,0.603317940109176,1.68115194010529
-1.02321040401442,-1.48759960628644,-1.39396766775852,-1.17355374861521,-1.28256094499605,-1.34156942824702,-0.947793060355115,-2.23535730071004,-0.0299237231476278,1.10317828187509
