-1.8791905648492,2.90171557422001,3.45592330428117,0.710894323746929,-4.17356386739809,-0.673065662913714,0.460022395641039,-3.50002910117501,3.51539131741711,5.74091033707861
-1.8791905648492,2.90171557422001,3.45592330428117,0.710894323746928,-4.17356386739809,-0.673065662913714,0.46002239564104,-3.50002910117502,3.51539131741711,5.74091033707862
-1.8791905648492,2.90171557422001,3.45592330428117,0.710894323746928,-4.17356386739809,-0.673065662913714,0.46002239564104,-3.50002910117502,3.51539131741711,5.74091033707862
0.12498666133169,4.02329265570463,3.52704463553925,0.590452960898553,-3.79984531615453,-1.51365631916669,1.7449348047814,-2.40375326425648,4.30395528278374,7.1665748835652
-2.62208505955459,1.8105547694437,2.53333445676599,0.18714164747275,-4.69517066889306,-1.05285044475894,-0.106194333253413,-4.05062835014695,2.94675841345834,4.97283448402671
-2.94511665764111,-2.86654726843689,4.18693851536476,-1.77743396435629,-4.2794973845691,-3.56618707799672,0.980725353457972,-0.0466714024959671,5.78240423999554,3.00712457318663
-0.797945844606307,6.92426036681104,10.6784271547812,4.18020591426203,6.20775867516195,2.24722966521277,4.19256619107086,10.5570961382605,4.62110933473379,7.17093520669247
1.57242720200801,12.3780179489544,3.1267881394249,-4.330625453718,-9.2794973845691,11.6286181168085,-1.57825831260373,-1.19328794384935,5.80593365176025,15.2307270576587
7.17678334641266,1.73698854968071,1.03463686134685,9.46042706574501,-9.1397697649365,13.2502315077563,10.0498614448175,-4.49876782098583,7.96050353854603,10.3753669168994
7.17678334641266,1.73698854968071,1.03463686134685,9.46042706574501,-9.1397697649365,13.2502315077563,10.0498614448175,-4.49876782098583,7.96050353854603,10.3753669168994
3.29596607932194,7.80278016752953,-4.18221963319113,12.7146589623479,-4.28058323153081,5.35033312538283,13.9564652437401,-4.15313861300988,3.22065418558024,-2.37455604582813
-9.77493163932191,-12.1120828383665,-4.38437185494701,9.33888891033118,-6.44098645729567,-10.0307370645083,18.2239163495524,-3.30686869102919,5.60186471502153,0.787624523580353
-11.4807150490891,-4.41718567079343,8.04944629820858,-17.4827106960302,-13.2422668495134,-1.68194006591511,14.5140276617859,-1.7069073584262,-9.95498902517585,8.74130078531015
9.91218229553816,14.3742087389581,7.34232817042643,-7.95643738316708,12.4585472032518,5.43083401983721,1.73828342555831,15.3468613869901,22.6524723673984,9.65009184149582
-1.8791905648492,2.90171557422001,3.45592330428117,0.710894323746929,-4.17356386739809,-0.673065662913714,0.460022395641039,-3.50002910117501,3.51539131741711,5.74091033707861
15.3346457096762,19.2131521720411,19.6487190721506,-14.9557154953844,-1.01995699367938,-1.58856473047323,-5.75183997889906,-9.43524373476233,2.363425080125,23.30616781736
-1.8791905648492,2.90171557422001,3.45592330428117,0.710894323746928,-4.17356386739809,-0.673065662913714,0.46002239564104,-3.50002910117502,3.51539131741711,5.74091033707862
-1.8791905648492,2.90171557422001,3.45592330428117,0.710894323746928,-4.17356386739809,-0.673065662913714,0.460022395641039,-3.50002910117502,3.51539131741711,5.74091033707862
-3.9659224295774,5.65965629206827,2.48537796887258,1.4833101037557,-1.50733519469704,-1.62531885018405,1.09276089173792,-2.53660350580237,2.59607719192693,2.24946613024955
-4.01104275043302,-8.63481011109379,4.91795372644834,-4.26576225245952,-4.38543090174012,-6.45930849307973,1.5014283112749,3.40668629618308,8.04941716257398,0.273338809294637
-20.7979458446063,-20.4090729665223,-10.43268395633,-0.264238530182418,-19.5065270391238,-8.29331087532777,1.46529346379813,-15.5298603834787,0.750141592798304,-19.1448542669917
4.39353670787808,13.2731441456486,-7.46798973919709,3.11089432374693,-10.6829978296622,15.088839098991,15.6095240567706,-5.17961566448251,26.757496580575,28.5186881148564
-3.14591057672652,-12.7809791831518,-15.9200833019972,-15.6955917844161,5.94967054598037,-4.60490707958114,21.5951607141488,-10.2602626761679,-21.8780448427339,-11.4208360668808
4.83603090700993,7.5655517765973,7.00324957017875,4.80520527657974,0.250248116469814,26.7069596899945,-6.61058596880619,18.3434706786236,-10.1171394202766,-0.607413303733048
-4.01104275043302,-8.63481011109379,4.91795372644834,-4.26576225245952,-4.38543090174012,-6.45930849307973,1.5014283112749,3.40668629618308,8.04941716257398,0.273338809294639
4.83736941139616,-9.96367394052362,3.80858421943999,-5.10460102125871,-1.92709504064118,7.72640939848829,0.203983243182879,3.62885439818984,-5.5721345976561,4.7031318148741
-6.01712159933195,0.174442846947287,-11.5440766957188,-27.5748199619674,-6.67356386739809,-17.3397323295804,-4.08543214981351,-11.9782899707402,-15.8394473922603,-17.5924229962547
21.6228980482413,9.57480358020296,4.97065063657688,8.36982948647858,17.1595504689524,24.4063632990067,11.5763916436895,20.7316836965113,6.05573425467201,26.3028805413564
-2.92152927452662,2.80535152538319,-1.57773967706239,-10.7732386268636,-0.183236486445704,8.13193142333337,4.44772602972625,-8.81050630856533,5.1770019052805,11.4215228280359
0.190414940445413,24.8338105833972,22.910692947332,3.78714164747275,4.61517415869315,12.5320552156184,21.8938056667466,0.0402807407621424,9.32973713686259,27.0316580134385
-25.1690820767444,3.7801384927354,3.98309257131369,-10.3353309800714,-1.18343802504897,18.885473711288,-21.2954782487934,-18.4207563487519,-1.0465614213383,15.2438172191635
1.15439842603757,11.2249972011592,1.22813159206099,2.11265169239961,-3.84815449489849,0.986343680833315,-5.4550651952186,-9.28722209894483,12.7861972361689,12.6142100187003
2.63403673694108,14.3360720316806,5.06391407241062,3.82850169404826,-2.53269393769544,-3.34800004138492,11.108264093636,-3.1809598876419,8.92069616204849,17.8704551685393
-2.68300014397126,9.09329585210103,3.60078350928198,-9.43344957280202,-14.5008366768834,-7.00052558178498,-1.63366977540408,-6.81530936817018,4.96600846988467,1.91516742068608
-1.71856883499651,1.27652403791996,17.7323352081353,8.16543007943267,4.45966582326159,12.591306552277,-9.79861295278423,0.667424366317233,-5.53186044150357,-2.83840833545865
-27.2308309433554,-22.4317646597412,3.50512033354657,-12.2774339643563,-16.0186278193517,-13.5661870779967,-11.3722158230126,-13.8304551862798,1.09490423999554,3.00712457318663
-4.53018575246141,-3.24348312170945,-8.6659378206011,10.6766598574503,-10.684545981343,-12.3469896525,18.3965185151886,-6.36269754578141,3.10850936248013,-13.1667584497681
22.5291638875126,26.1315659677879,18.4532384305654,12.5472174804031,12.3927317958831,1.95570777571157,2.12075630483085,21.8271379572774,5.01993860298908,17.2589060967184
-3.00495121393642,-1.24772798698825,5.70592330428117,-7.2176771048245,-21.5861512799855,0.755505765657714,18.2618799807804,-3.28051690605307,-12.8482450462193,27.8213299174982
4.07885139319276,17.7863309588354,1.25004095133999,20.297149583214,-8.19270262337895,-10.8343559854944,2.84184057745922,16.2456284670632,1.73761353963933,22.6575770037453
-1.8791905648492,2.90171557422001,3.45592330428117,0.710894323746929,-4.17356386739809,-0.673065662913714,0.460022395641039,-3.50002910117501,3.51539131741711,5.74091033707861
-14.3481061202018,13.5465983474701,-7.24377823528169,2.37113735296299,-2.03269393769544,10.9902352527327,-14.391735906364,23.3366552885099,13.2064104477628,4.99527985297129
-1.8791905648492,2.90171557422001,3.45592330428117,0.710894323746929,-4.17356386739809,-0.673065662913714,0.460022395641039,-3.50002910117502,3.51539131741711,5.74091033707861
-2.70520201791359,-14.7267073442954,-19.2315760541159,-10.1787778083322,-19.2543907707,-6.35236599658604,0.494934804781398,-11.6894675499708,-18.398747419919,1.99416109046175
13.2705336787398,-6.235327240867,-7.42182026076728,-3.78540254704629,9.72027387026508,-5.46266520625456,10.5399778718833,0.843923117747208,26.1873189756419,4.93633688386446
-25.802259514784,-6.28997069186032,-13.8606805322543,6.32292445858277,10.9023207972491,-14.3556607622072,24.4753490093719,-22.0022269580515,16.4173248749162,5.36006574965722
6.19773251207388,6.81475905248088,26.8705574506226,26.0233943237469,-2.50689720073142,13.7269343370863,8.23780017341882,22.2142566131107,6.97692977895557,9.15000124616953
-1.8791905648492,2.90171557422001,3.45592330428117,0.710894323746929,-4.17356386739809,-0.673065662913714,0.460022395641037,-3.50002910117502,3.51539131741711,5.74091033707861
0.283298875636582,10.9468051594021,17.9009310052812,7.64951750477712,16.589081217722,5.16752499333926,7.92510998650068,24.6142213776959,5.72682735205047,8.60096007630632
-24.1868828725415,-15.5073753348709,-9.17565564308725,-22.4709238580713,-18.6180083118425,-7.33973232958038,-24.1828347472161,-17.3461829473289,-1.09999329796751,-12.0715896629214
