0.236817079028866,-0.0405266047917507,-0.0464059156554332,-0.0510194348854899,-0.0069517980631757,0.0467695670430385,0.159351276543882,-0.942058514554005,1.47314233471094,2.42570346856814
0.236817079028866,-0.0405266047917508,-0.0464059156554332,-0.0510194348854899,-0.0069517980631757,0.0467695670430385,0.159351276543882,-0.942058514554005,1.47314233471094,2.42570346856814
0.328231741669809,0.00206243795650013,-0.0172728648566102,-0.0298292314629536,-0.219455122497428,0.172195371970276,-0.118236148918285,-1.03828153220977,1.51254766140954,2.30462478389292
0.560570922297857,0.206686180615667,-0.0603308404640663,0.0267539765318628,0.0533382194505544,0.260154774498455,-0.0711796454007024,-0.797434178382586,1.46811188524263,2.58876400069888
0.354082453011124,0.029992510106854,-0.362760140882254,-0.294557862699528,-0.405925002693514,0.0262359106962993,-0.134209855152864,-0.828665017820985,1.43074605429974,1.98856315553373
0.251944354124024,0.347275156186268,0.13540346665452,0.431639706700501,0.395480142161986,0.259402441376794,0.282663864583973,-0.925575406270928,1.61033341994866,2.70179983666155
0.389084166779825,-0.240723712892305,-0.0569487804440285,-0.246999036403517,-0.282256654830893,-0.0372154664431273,0.227422239420347,-1.03344917639059,1.63124961412525,2.70048503024731
0.0128798320653032,-0.000863143253289234,-0.295693664943182,-0.561836742577798,0.0373372462258686,-0.586214533682998,0.0753548132370737,-0.81772164452748,1.50779236936097,2.47070157391107
0.716024887447199,0.372540823936824,0.281009208136335,0.449105650700497,0.641810259671345,0.559752147616888,0.413035207226445,-0.732314142171747,1.76487483387463,2.79230336107562
0.1703835125953,-0.376374966955902,-0.55094944904512,0.317159394831801,-0.148354512995302,-0.307203383083758,0.273388183033618,-0.797088100352822,1.14499825656686,2.40010695859663
0.410775353969792,0.10594457109119,0.47057488975042,0.622736983991558,0.770337079684308,0.54139412675655,0.566088512559306,-0.284781548743758,1.42083546251594,2.71215776315637
0.606236230549629,0.422075117584564,0.482574509990765,-0.112106468912605,0.0327710995563802,0.178571621715226,0.175605590404086,-1.519050762979,1.74871500284004,2.61034470499746
0.168520448907753,0.469162633757804,0.775402592434373,0.168094726083857,0.653774610499076,0.0946926716443832,-0.125891830699606,-0.543999675835451,1.59895978596163,2.43289443487533
0.260162631573071,0.635519152009449,0.221255115006168,0.352508311779632,-0.00664262838183699,0.331866209492736,0.219657070807948,-0.779212192871424,1.83806621347093,2.66939504782294
1.15228689862922,0.421183222035786,-0.348792378925605,0.227074489352376,0.294584428438699,0.239696509359338,-0.0695608937819508,-1.08329696424537,1.18233996485533,2.3503529864258
0.566326979765046,0.258472694366757,0.156338246254501,0.229633527999806,-0.357951284999592,-0.402614433608761,-0.231026584289365,-1.33298382510918,1.46447073833262,2.97781658611698
-0.169963038462149,-0.321809064936241,-0.323555123682403,0.45058108470935,-0.624835425359997,-0.0753254874784197,-0.308742185501193,-1.2089686284755,1.29516434381052,2.16018787252598
-0.149422294321896,-0.432623358266884,-0.124818677320505,-0.261975564865303,-0.409488409640698,-0.0254833091025538,-0.251819295987383,-1.40187480797138,1.33682523042421,2.2075172971997
0.987454312256909,0.264592096965309,0.073801561885974,-0.362205136112557,0.423055695714227,0.783974591076031,0.71907301628137,-0.358604425924072,1.29767773467957,2.60859880433418
0.119268247608684,-0.495292390178046,-0.417584702285763,-0.565887130192478,-0.460646703756678,-0.0399112004789546,-0.335657875550228,-1.31823954585705,1.29962717318086,1.61874067032663
0.139678594105987,0.0997930799074237,-0.257084741253887,0.194685561326505,-0.110143040753015,1.03787670892246,0.323423071992258,-0.439118666736173,1.71920759276128,2.53274038330023
0.983116228247307,0.827704983077874,0.195759438599205,0.801429828884626,0.825242208118143,0.643305807578436,0.695799796906546,-0.425006570194502,1.87991717262134,3.42607240797033
0.114596092869938,-0.200366058495193,-0.529892365612008,-0.258635257097739,0.946263476110739,0.565592212257553,0.757986211179285,-0.991940074115408,1.6290936306116,2.55335543931996
0.673154537851626,0.0945813980843075,0.846341687618486,0.357244176503122,0.735015800581808,0.694164287018404,0.657841507677872,-0.477695165293295,1.71561590320443,2.19463831817761
0.788740852351819,0.220748367199556,-0.15625114362417,0.226434098299248,0.681644967700398,0.64033747700754,0.415043541295056,-0.358224489094733,1.96896274838589,2.98050001309765
0.745631723905569,0.212415604286469,0.37327215463396,-0.286107784570267,-0.141027105961626,-0.371580869595017,0.905001621594463,-0.50912536361191,1.76798251950049,3.16798219187775
-0.504052035301424,0.268294765057295,-0.238021444398724,-0.256524309896044,0.15241660189203,0.346372379871622,-0.79686008660721,-0.61274622342957,0.661212666921605,2.05065301083594
0.945186306913242,0.517772153466346,0.164028133894908,0.367945043529382,0.673685613991497,0.91804951134056,0.313435739214682,-0.340703409151817,2.07999999713074,3.48321838352535
0.68745469756585,1.0495157402308,0.732234794730285,0.384296172124012,0.800899068222612,0.967402128288475,1.01829940658935,-0.423898133257322,1.86248781917657,3.19271968288625
0.738400245706349,1.05350575352602,0.391640013549843,0.502171211476132,1.10183845142006,0.902569821556808,0.860540743955994,0.246677389035162,1.97005789075538,3.06036898238664
0.161456449529242,0.123497938951733,-0.544458235429601,-0.514485582620953,-0.250040967727367,-0.362489975282646,-0.130164663891427,-1.42520711803992,1.05742721988672,2.68178979729129
-0.0949106576008713,-0.124909123310995,-0.840218993690328,-0.747483345226895,-0.474226714832137,-0.638836997617673,-0.198983629721507,-1.3049784001084,1.2828177613227,2.15492161103377
0.400423162385825,-0.0139643889891608,0.57145340967898,-0.46180654979701,0.0358328361239218,0.351549029964754,0.0445725688437022,-1.7556257660505,1.48189812441674,3.17149416115164
-0.235006672998789,-0.743979497142473,-0.0566181031056379,-0.339836706949043,-0.394247873537221,-0.153493752734494,0.0173818784637746,-1.66756276773446,0.996505256555833,1.73661677212561
0.448726592991166,0.327969152105334,-0.464079149142403,-0.774151909170038,-0.14856498481929,0.105221294308692,-0.246658612184901,-1.65361129868743,1.18049421549061,2.29799982578736
1.04172428685537,0.546228980448025,0.848307550795153,0.74570990778009,0.82168095455689,0.423525587798216,0.592124402533477,-0.342588987776919,2.2235814820455,3.10555958745751
0.545353329759139,0.5020624379565,0.608845203121923,0.759125403645528,-0.0271474301897358,0.288745488520392,0.785610004927869,-0.594494549961249,2.14441579327768,2.76250024176838
-0.289987962189353,-0.569411614820025,-0.487632146729862,-0.255940857548848,-0.843236885500337,-0.843950021833233,-0.703027173595479,-1.10231999300808,0.811522848206659,1.97553804259626
1.16659064208638,0.375436414876798,0.771990819681583,-0.0114280795365636,-0.0677597533035161,-0.0633943862689355,0.577500499277769,0.0073923315597903,2.21826057119572,2.72296617367955
1.06658384326893,0.736973908253254,0.156950977088626,-0.0512554900541106,0.416695593392818,0.32867768359557,0.476461753121887,-0.429354874033282,2.26183373722327,2.5364882349003
0.398136663279065,-0.833870492259619,-0.248582771058095,-0.808091792841843,-0.278265648076411,0.0111393577155588,-0.274301092592358,-1.57032350084106,0.662491077937512,2.06684190002915
-0.380791590603122,-0.86839130110838,-0.0172927800287479,-0.0458209335825612,-0.377340607068283,-0.258975845266003,-0.769457151436018,-1.5359044710116,0.689428126384078,2.20204694170442
0.993881584056952,0.742193066825622,0.413991827936129,0.496546302931347,1.09841598031324,1.07769172515286,0.776151616643367,-0.422761766536196,2.4471844245074,3.3707485872304
-0.097631081506251,-0.346470660735807,-0.366918736168254,-0.945473817711966,-0.680028721140099,-0.846087575814104,-0.360399243206638,-1.62314825814375,0.91410834544439,2.3872419301066
0.619621453680919,0.182273825193116,0.537744799773339,0.544830900917295,0.729534523433533,-0.0792126495018605,0.703579283119403,-0.248939376212061,2.41687761078069,2.99948087731702
-0.517809469698743,-1.09358427075264,-0.598969896939498,-0.77609441111254,-0.382727880746891,-0.648899584812187,-0.782134728810211,-1.34164548672162,0.259844487674489,1.96235720753604
-0.249688167923595,-0.978238427080186,-0.53254783216217,-0.541051676069805,-0.756373842628147,-0.71106801982545,-0.277643332049078,-1.760777636623,0.443415947841694,1.83316207834091
-0.69028767893728,-0.73856741421094,-0.356300158801986,-0.542424282814021,-1.0650828152351,-0.191265802471254,-1.02105006521815,-1.83611798415004,0.875286768885748,1.75502860941689
-0.469935114834716,-0.786874370412633,-0.216393768895596,-1.06325761614735,-0.971897698465081,-0.532961941581186,-0.433731977900065,-1.97278826950984,0.856055999654979,1.68668396386636
-1.08276908546005,-1.39554029533172,-1.4334570391053,-1.45026502890377,-1.0584129388746,-1.30092802914673,-1.05499824829898,-2.05143289697404,0.0793506266256203,1.27157961192995
