0.236817079028866,-0.0405266047917507,-0.0464059156554332,-0.0510194348854899,-0.0069517980631757,0.0467695670430385,0.159351276543882,-0.942058514554005,1.47314233471094,2.42570346856814
0.236817079028866,-0.0405266047917507,-0.0464059156554332,-0.0510194348854899,-0.0069517980631757,0.0467695670430385,0.159351276543882,-0.942058514554005,1.47314233471094,2.42570346856814
0.236817079028866,-0.0405266047917507,-0.0464059156554332,-0.0510194348854899,-0.0069517980631757,0.0467695670430385,0.159351276543882,-0.942058514554005,1.47314233471094,2.42570346856814
0.369117573939153,0.184065001526404,0.096737159044007,0.112829301208258,0.148241958142492,0.175556437721616,0.243963515295156,-0.75214736991188,1.67777746887092,2.54203449034151
0.0073828207682522,0.0413045147528413,0.258924427625574,0.346830027480101,-0.227402663675332,0.0718571958173033,0.0748658694778296,-0.861940445821136,1.30374951554853,2.55101364226541
0.419646404310751,0.044651480704751,0.0118601859422129,-0.00863902804041738,-0.43195844693168,0.297621176897513,-0.395823574380451,-1.13450454986553,1.55195298810815,2.1835460992177
0.027860573650566,-0.0450558107950161,0.304871573866532,0.0416338187564048,0.151944842007077,-0.087530432109768,-0.397920752502341,-0.462921111792314,0.964906506060127,2.06637557318711
0.884324765566848,0.453898966023085,-0.0742557652726995,0.104527387949216,0.113628236964285,0.473539981953871,-0.301710567345287,-0.652809842211168,1.46308143577433,2.75182453282962
0.704995819331723,0.173982521989399,-0.353499479218659,-0.0666506797095893,0.66644707607651,0.469091928596613,0.209522630295119,-0.678198901633026,1.68889108035841,3.17551290457729
-0.10243482063084,-0.101278543339349,0.694387658162106,-0.176165291229791,-0.243082410549728,0.768037799282845,0.347110593591215,-1.0266702597813,1.48140663993919,2.40970956286256
0.118225049938588,-0.364895050679448,0.258368679069338,0.179157787500587,0.0965482574725757,0.453378289936267,-0.255957887108226,-1.21881925338013,1.34802161036491,2.73596617241646
-0.160278798131246,-0.0567782864556231,-0.403940997189374,-0.502705200296505,-0.214233666600706,-0.280473045493465,-0.432287847178698,-1.15723125580423,1.24145163069246,1.77125970400081
0.584469998939084,0.812762337256171,0.33303138287878,0.465248191091785,0.367709672601102,0.662362667107534,0.697932577878345,-0.641307024046546,1.44662483216361,2.25408556439282
0.926004203032747,0.638116647029308,0.0843201873042029,-0.0632804511125754,0.774333500017091,0.209551677732042,0.211505148201871,-0.525581909057144,1.66552796203313,2.83072098580364
0.538939186989557,0.438540121243356,0.106359806116442,0.2732084812149,0.304159861023109,0.342406150677936,0.53294761796851,-0.732130450010823,1.86455317375877,3.06426186019303
0.541351254530783,-0.44092082099286,-0.0674916452326239,-0.442978637921543,-0.557561511598611,-0.121200499929293,0.295493202296813,-1.12483983822717,1.78935689353956,2.97526659192649
0.241327035504125,-0.426317284700078,-0.315173833379708,-0.00623612566737453,0.074630867415425,-0.0129323624809879,-0.267869040507155,-0.385080340509268,1.05744261747026,2.52852658765913
0.922300949996608,0.0613409673644462,0.510778835077705,0.160674113501607,0.363067177268893,0.46860579533088,0.574097820322684,-0.579155288747554,1.69308368368454,2.73362135713119
0.218359874631262,0.586303647383529,0.36904858203908,0.0870110465327822,0.509848835607301,0.673459790748486,0.595196254583544,-0.400243246466132,1.18345723526613,2.74516099841893
0.223708723206678,0.38884978485922,0.874642767949364,0.288361513432615,0.559870543618651,0.708783628576896,0.127711677311626,-0.43460171720067,1.26790251400446,2.84039840515848
0.400493685503831,-0.200358794804175,-0.848080177260923,0.13758726518362,-0.112130061407824,-0.333046179979525,-0.203390068079644,-1.23592892517392,1.16205363352487,2.33871536104596
0.789407627546576,0.494692958223214,0.372717330725016,0.314669069925903,0.428635829695567,0.506049780698582,0.608022600384924,-0.558129502970106,1.91620979189583,2.89878965730967
0.513446247380046,0.280154371878831,-0.635372648065861,-0.348721845807382,-0.499414702499653,-0.334468158287991,0.133777873534925,-1.35774843407644,1.28273774608815,2.27333796147628
0.947136464278509,-0.0411343229741983,0.369214700007357,0.187632057624916,0.296566317211633,0.67816806537466,0.38401743524055,-0.624632655110638,1.33192170085596,3.18287054037405
-0.349393944970177,-0.435991072412415,0.107387659190773,-0.580646058262113,-0.305380578259137,-0.169430003995242,0.35504968752981,-1.24959555229632,0.756166394774846,1.79634908751953
-0.440150591967259,-0.18024615153217,0.415591174945544,0.208470104219121,-0.19706450003546,0.506231544315952,0.0626889490940782,-0.712633093359134,0.889620539432904,2.89279646412413
0.743705496751077,0.632386596692285,0.54826005157313,0.296252546096862,0.974364964639559,1.22645518245356,0.765974243198345,-0.212938355727319,1.92349518593026,3.20483841777377
1.05948584930638,0.872720752601155,0.874642767949364,0.825995922034766,0.820416449325847,0.762547069437111,0.970005584121662,0.0595643775144986,2.02395090110124,3.0726564696746
0.306415882091172,-0.0338609587262108,0.195478460349389,0.82247636832145,0.174715296506362,-0.276963844362791,0.535654642628697,-0.341074664444073,1.8849027175773,2.24777082489601
1.19523269586553,0.785608252665398,0.608424331928102,0.949230736286484,1.29057231740586,1.07273472819074,0.666719137909007,-0.522569769789489,2.05660733303833,3.15890325358311
-0.0150395687222099,-0.533738710907083,-0.310187724377408,-0.390058276228479,-0.45684483824207,-0.142645659744336,-0.461601503395073,-1.1002068178636,0.765040912323801,2.48802193551494
-0.0656022758098437,-0.498930679494637,-0.875899003213037,-0.418093962137993,-0.813403410966402,-0.316133658763413,-0.245340805567555,-1.10334883713465,0.906659250525257,1.7218911518526
1.1185728735442,0.200205973144571,0.444345512369524,0.337197047748918,0.268828621554228,0.845587531323244,0.154263994937702,-0.400067361662795,1.96009946184084,2.40268231725805
-0.333387853287219,-0.390361943718497,-0.474769150842686,-0.61577308807545,-0.290548516720973,-0.280770764568739,-0.352732080656613,-1.51658600275978,1.0130340173128,2.14212453018772
-0.159073663051124,-0.878380291385961,-0.103682419083897,-0.123155666119552,-0.628577853385665,-0.73451063074925,0.423260380222193,-1.06059261532479,1.90515606479934,1.99292518926213
1.35184241279601,1.00925972422102,0.728479621784645,0.98478343377657,0.571123153570384,0.664986795839226,1.25094969913396,-0.445392098756342,1.92503704472651,3.31671627814535
1.22223833101801,0.247921173675781,0.800800237764882,-0.36463178911385,0.694567489591342,1.25806559204302,0.702609428971363,-0.421042502537676,1.95280401661791,2.75145003858356
-0.611834868967136,-0.611229595515227,-0.811555887925045,-0.96210049840148,-0.476972193096348,-0.448142223919797,0.110476865415237,-1.14840417825345,0.88859567719722,1.75391575762461
-0.477781503584109,-0.486001835491025,-0.791899985545293,-0.291360029902681,-0.488608604775988,-0.718522903188672,-0.347501181223635,-1.45687912285803,0.514303455752373,1.7505612981224
0.583785778532128,0.794423674131364,0.314760931080174,0.694304277562312,0.734401699816586,0.892053315552594,0.714851176363557,-0.175755663752757,2.30088184192932,2.93945981776376
1.53504524620364,0.877111783935622,0.71439822392304,0.399057905326719,1.03748860652273,0.718758877071179,0.805899645873463,-0.243327762112164,2.25899782646916,3.14120998330092
0.732573441889284,0.0541155808632321,0.287432483337895,0.864369958602137,0.445301035046261,-0.295675272559053,0.741849657291454,-0.800417610779735,2.23417969199332,2.31020578847561
-0.479278326872045,-0.82747706279476,-0.897431239478245,-0.92643369984512,-0.1867971566091,-0.725548702259583,-0.346270850064918,-1.23773035631715,0.608635841617226,2.04053267836869
-0.535661667672658,-0.824720111742016,-0.203231438985577,-0.472931694845117,-0.81202502121822,-0.097736185248146,-0.662989868518648,-1.86169110138875,1.20050812613748,1.98933112583126
1.26636634614104,1.01436130019103,0.96613888721195,0.938035373573658,1.03917633060765,1.01152770031037,1.10258340810618,0.0793117098522725,2.49167035039265,3.31879191354314
1.3783190079841,1.16085512560812,1.16971465450875,1.27181138144777,1.44665972635488,1.23402505077138,1.32885835692429,0.00528946774716804,2.5184841658829,3.54266298661981
1.33680036714382,0.510342982417461,0.968782728307545,0.458523167388833,0.67266009851927,0.937111019386455,1.41621639784519,-0.441327060111462,2.32381781461975,3.1461694450915
1.3998244187069,1.03214841239063,1.4123051079032,1.14858594257448,1.11078863370421,1.20127946853618,1.28843147995003,0.123834899323046,2.52713940096227,3.43627117254521
0.615326639976258,1.12423134594981,1.01828815273555,0.857510089037772,0.981572332819072,0.520639165359326,1.21214774837175,0.150047180942283,2.62725657048379,3.35092693038688
1.30196161191533,1.14150104497783,0.984176405249468,1.34754168141756,1.0037618715689,1.2580179960334,1.14657373150827,0.0829790664608055,2.6843907637013,3.5882505988572
