0.236817079028866,-0.0405266047917507,-0.0464059156554332,-0.0510194348854899,-0.0069517980631757,0.0467695670430385,0.159351276543882,-0.942058514554005,1.47314233471094,2.42570346856814
0.0620618895334392,-0.165089759137302,0.145797740349735,0.0390704249597822,0.109018438390668,0.203897442424882,0.259136943216266,-0.702937103332556,1.38739220311899,2.31966627145811
0.167530490505141,-0.00556841160910565,-0.068910511601613,0.11929133258798,0.0427892989747604,-0.0827551237118551,-0.0182551516169778,-0.743483517858227,1.33144493914533,2.53235622856954
-0.0778431531349532,0.0437160139502262,-0.381227344226862,0.339820469754158,0.343132306226143,-0.102039956766485,0.00954051119484906,-1.13184509991986,1.56460574934508,2.79863465323713
0.285102948042131,-0.274378900129763,-0.201360190964463,0.187309141760812,0.531305015144923,0.125752579840526,0.193570012706188,-1.02428050812581,1.53848598695684,2.5745575862095
0.208392669137392,-0.239973160921566,-0.0658503549004854,-0.125234191678808,-0.309509396617779,0.068253230288928,-0.227970651042876,-1.14929098130211,1.41570550386735,2.4684384746153
0.16618396937642,-0.523158938443388,0.294771437148864,-0.14947620920863,-0.0573834510015879,0.305209465719119,0.0869309888028867,-0.978491134154165,1.43137015151759,2.70538199946685
0.123071453954399,-0.212447375309256,0.146527439697558,0.455269081112004,0.0197030103999855,0.47623711863389,-0.0689099559277849,-1.14887955188299,1.80687105717118,3.29320945995579
0.502826259913489,-0.210907091286013,-0.0894524303032002,-0.0344532773806315,-0.367903047575804,0.0862122422241941,0.0482833802489876,-1.22432443944736,1.58856045589594,1.85537226729403
0.544851508552215,-0.270784754745697,0.379596532677345,-0.0515939857621308,0.17217365491146,0.160727552378561,-0.022886780286629,-0.408412285172215,1.29358154391721,2.42790266659415
0.460475334010886,0.432959200674421,0.0966844481803244,0.348939148282032,0.550709354312278,0.338056897265337,0.155749254869382,-0.362197703951244,1.50469861630608,2.72589011569319
-0.144426947195227,-0.549928066079109,-0.395869861538767,-0.0414016742887568,-0.341790897084981,-0.399346054619306,-0.143659876147406,-1.09442297500991,1.41685955039212,1.76740579145098
0.693940243927861,0.27402669578604,0.214861447575851,0.380952707721965,0.521318317707175,-0.0785463983652041,0.168914977927453,-0.49577859417579,1.59293426910102,3.09674029432499
0.168411792924189,-0.477099570778668,-0.43685454526249,-0.532403711846347,-0.107888993396069,-0.532914135908131,-0.164849015256636,-0.886045498372322,1.02771653618271,1.59553914851006
0.860431269716227,0.299802379893445,0.639569694100664,0.471628648738203,0.257275844213247,0.603503395250886,0.511133640521368,-0.637180465773517,1.77093019631048,3.06317575238188
0.0566027431467879,-0.655689288953934,-0.169871395187499,-0.107580995965927,-0.178228726824655,-0.555464101610756,0.0504208380799329,-1.32864993367457,1.35797531108206,2.3518954476133
0.3831585424435,-0.343906481342359,0.400470128447474,0.485029881651632,-0.192244060468558,0.144766082722481,0.220326886299979,-1.14228923307741,1.12917735659962,2.50632471551009
0.0697944725888342,-0.343609542641179,0.0721491243992901,-0.367234141167442,-0.373705138845104,0.688695019992495,0.650052174557029,-0.482242670034494,1.64528404782996,2.47125177387528
0.798312660395805,0.836857775810663,0.412475881209684,0.608514248072949,0.385777103852809,0.336452193361316,0.629610702041559,-0.43860546907774,1.53152115865752,3.17598766488391
0.185779801432499,-0.0729822371737592,0.636537841107876,0.0320620037885415,0.791451969841076,-0.00841506106183754,0.568440264466873,-0.882874461836624,1.57282974066367,2.49099954341653
-0.100617844495293,-0.128578845943101,0.79563131918685,-0.311500882695812,0.435472559683461,0.68232591817785,0.241005619907613,-1.25615137339983,1.51157524900965,1.60504048686945
0.175529580635758,0.0470744088134118,-0.609128487794964,-0.101773192604729,-0.409385556690131,-0.703220938355498,-0.361395021299421,-0.830347053292317,1.11826224421178,2.09931984098574
-0.272026484705423,-0.743799273535285,-0.497782068256757,-0.433347877231168,0.0110100303173558,0.122562803529128,0.0428873326280895,-0.273755390244041,1.59849566050804,2.66523435959206
0.0777502709694808,-0.363338656441679,-0.240419219424834,-0.716207904952009,-0.518070879842229,-0.258108481737449,0.0548216598191432,-1.05094353197561,0.835025488426196,1.95009371247058
0.405683012606138,0.407181349211841,0.330560292136377,0.208242563836191,0.441528149737698,0.00536364522060773,0.831975487983464,-0.232091398534382,1.86792075478028,2.90346210884645
0.0595997964291828,-0.392062448133677,-0.20475306081859,-0.717493127271028,-0.272371942531625,-0.291790091238655,-0.548624844134449,-1.41520727959275,1.2971666731022,2.08666192901195
0.607116903419798,0.310558296948024,-0.423417032053818,0.0401137808511723,0.509486605923159,-0.630032071966026,0.840734467832487,-0.804638828856679,1.16156255836376,2.68876778749305
0.0705640237644277,-0.611982413854361,-0.853599022861028,-0.386885546535822,-0.614656519251849,-0.772669297446481,0.0209998782273662,-0.812230771356682,1.24110854260221,1.58232389746433
-0.30807926559242,-0.208820444129431,-0.284118546034899,-0.114684844383092,-0.22965491482908,-0.55995554789001,-0.688986858934051,-1.09526588183571,0.786556511537645,2.15574216831129
-0.12108323910475,-0.509569756761732,-0.569053999279127,-0.676821745540175,-0.218021216449667,-0.345216495674732,-0.267477991748801,-1.30791217309059,0.852497735407802,2.00649615149497
-0.251361126503277,-0.496144357537588,-0.517417590406896,-0.5235703704051,-0.442081657565585,-0.448068412092938,-0.291297521178386,-1.47602615523606,1.01129714667299,1.96201599544699
0.217309230605291,-0.383323877268995,-0.988243267520841,-0.308356352152969,-0.573615243454476,-0.705111093455351,-0.436947977113256,-1.14149906403961,0.939982839037486,1.48069788120417
1.15717545886258,1.020222779818,0.816423873007739,0.889955128486253,1.10263378958889,1.30049686767751,1.32390746065867,-0.104074935723866,2.02054861849806,3.66768507916485
0.518275107842664,0.803164273768326,0.426287458191428,0.283833558671657,0.342695980827213,0.334657913612689,0.491373674203372,-0.23523253697192,2.15135843248148,2.88316254965087
0.782389819410316,0.55996287074878,0.464086506350633,1.06137946631131,0.865167748347512,0.582805427518579,1.20026414793447,-0.566741258422192,1.9281665640306,3.12980491092725
-0.268704202932605,-0.144467810378471,-0.403341898281536,-0.641378335127141,-0.383932551382152,-0.360475342783528,-0.58322596865313,-1.58835010512511,1.04868354593489,2.03997590489296
-0.158659162959508,-0.579300451615869,-0.65404099144854,-0.446152797749244,-0.481083751768065,-0.612212388675362,-0.356349722393969,-1.65666039530149,1.22356278692466,1.95344761139816
0.123524507992486,-0.517607185843002,-0.585005014239429,-0.292678333327166,0.446958712290515,-0.883463042659435,0.330732912731751,-1.05187167575296,0.838023886513747,3.1720320352655
-0.412575191855867,-0.321000993621289,-0.590016601204637,-0.458258249686116,-0.642761504909233,-0.575707034556758,-0.178504193938684,-1.68848832347089,1.04614211639689,2.04491102603231
0.125094195261682,-0.638667129677767,-0.851646618301049,-0.547832702750433,-0.428322392099253,-0.621636879318447,-0.164018042927915,-1.59526283899288,0.982647282368894,2.10623294428747
1.1101656839076,-0.0901051924454911,0.371993519454294,0.637821732932481,0.285221977386995,0.00526860848643046,0.740816451845604,-0.499658300059794,2.27436743641254,3.1309356408486
1.32358031805394,0.689027598882422,0.510574450718152,1.1062928810586,0.791189803022698,0.719826535315699,1.00214049365745,-0.0154402225849021,2.42680646080278,3.42918590595995
-0.728854344908964,-0.578878779655667,-0.64818279221478,-0.720894389411754,-0.787854195891389,-0.650836663849294,-0.615307390317368,-1.51078944004597,0.635692690721739,1.62629579712348
-0.641128109106357,-0.600362164927483,-0.50163471022238,-0.713125673219084,-0.330808134521611,-0.703547590703092,-0.836658906462876,-1.57354470671654,0.477796840263244,1.99207835010836
-0.602627602192472,-0.811988348763416,-0.923634267408829,-0.708880171768938,-0.639552944020702,-0.77528769886723,-0.555833413041139,-1.54912608227043,0.784873881103771,1.93374487340379
1.11614709548854,1.07290619912437,1.1620538125559,1.06241336903063,0.619468018839957,0.689819095697834,1.43248210601169,0.367367320721,2.6118645620282,3.63416319677947
-0.348132284138129,-1.46806086552912,-0.524727954898801,-0.64668783819387,-0.530957170182344,-0.932835336154646,-0.343947286094831,-1.97090329084932,1.10748840863692,1.64377363341902
-0.7375583645331,-0.873253800013281,-0.749886129458754,-0.810648284970755,-1.09597343664204,-0.529324380813118,-0.862263285372163,-1.82324095791522,0.383433393902358,1.30279408519377
1.57790716617965,1.33312393514534,1.31185070227603,1.30569792227783,1.38718663511734,1.38119988058999,1.53797077150454,0.353242137446865,2.84056543935592,3.79128428812992
-0.854311251354968,-0.996156652984115,-1.164879891601,-1.07681407983848,-0.945964703337389,-1.04625424314336,-0.885041325450214,-2.02208930286723,0.350852462459927,1.35393889618099
