0.236817079028866,-0.0405266047917507,-0.0464059156554332,-0.0510194348854899,-0.0069517980631757,0.0467695670430385,0.159351276543882,-0.942058514554005,1.47314233471094,2.42570346856814
0.313825686409703,-0.0980911422802373,0.0600946964277612,-0.0511630726046501,0.0378295651804833,0.075259063376919,0.113791762336254,-0.808646957208558,1.4282521370125,2.42625326807464
0.0797061568092043,-0.219590847659223,-0.125428134219932,0.103096155015717,0.0522129125972075,-0.10500948691823,0.166781935980647,-0.885620644417215,1.59017391114158,2.22866984145328
0.222066601031524,-0.331105068563557,-0.264791407478425,0.3360870530818,0.130805634628539,0.0605875942539228,-0.0220750881788145,-1.08638744527775,1.7113973743469,2.56158968974175
0.307644556388062,-0.27698082767231,-0.324448086633097,-0.47039654153157,0.169509589673173,0.230955312241126,0.110138043299317,-0.598322254641809,1.30322675006123,2.05315486594197
0.23920927478129,0.0722008259741082,0.00474960395497465,-0.166459665973027,0.387799737999651,-0.0330612683173241,0.333639112781598,-0.731111805223964,1.31307475702364,2.46427796407617
0.174803438484926,-0.198452956782971,-0.516904347604736,-0.299351583055398,0.216451397275751,-0.292616672274057,0.247613895895346,-0.917343620876381,1.20190673406821,2.00316376943652
-0.0280936619934697,-0.616523670525325,-0.403284033000868,-0.24567573205039,-0.306169853535304,-0.181151698612418,-0.0237933917966066,-0.848769420751615,1.3015228387587,1.83746159862973
-0.106981247370182,0.0209183588550008,0.130521943074922,-0.254081623700989,0.0358908829454908,0.0700434475912545,-0.30765262554557,-0.998664452833729,1.3051570724339,2.71411039986951
0.586863824016496,0.0802757702660898,0.515151436041511,-0.382189488705028,0.55049883002762,0.162589271218729,-0.25019790649677,-1.00779473583852,1.43300234415796,2.65473690920232
0.678978087857393,0.0657250977091449,0.266536541534747,-0.055956827789383,0.553736589839737,0.331995837980447,0.490899595254263,-0.897941785396406,1.66860451728777,2.70213235484495
0.0619563383368923,-0.0265633211211715,-0.137860592097009,0.0382967860353842,-0.364574180305123,0.527063828272959,0.168800075075819,-1.21207859810917,1.56651238559516,1.53487319306475
0.286215244642635,-0.420003792882647,-0.0981138955157704,0.0226199627626255,0.363622532970009,0.122124848194511,-0.301070989496282,-0.627087385588745,1.60832023549338,2.09482888633717
0.546844280182042,-0.250715568723054,0.0563738537596827,-0.447308366034011,-0.0518671745684179,-0.492553665567064,0.202580317165708,-1.04535764454558,1.2862853472012,2.53106038595325
0.264980315641295,-0.0906455357934258,-0.707068805507122,0.0507337664807156,-0.0708284846434419,0.146649659608677,-0.46333460502273,-1.12598024280012,1.39124211928305,2.15914305574554
-0.133029534515817,-0.66747937303461,-0.209750753541568,0.0304286856202928,-0.285923774881065,-0.15478629002848,-0.225185470374849,-1.20065774327247,1.46660624932404,1.5614808282576
0.499250730634601,0.0798477581370128,0.127036847875639,0.136792286274175,0.278957757097716,0.461545607034744,0.244903753818039,-0.427732707203188,1.73878614152587,2.55070932080578
0.118270717059955,-0.614296610576459,-0.398265523869728,-0.025640758316687,-0.184718751281587,-0.261221185959469,-0.375482600194197,-0.60732056847129,1.44448142392912,1.92599207945769
0.20417342718687,0.31277209297516,0.179546329944697,0.134632496686257,0.272440609639572,0.343308568733528,0.144908338917839,-0.842363973140212,1.83355334555304,2.34946717960365
0.394418798066651,0.266407888843698,-0.385017041217314,-0.339120382141138,-0.236609669145784,-0.165272739434804,-0.100521519067276,-0.980494841967596,0.89615381221183,2.17077304664441
0.211088091035727,-0.28756217791428,-0.354323804218483,-0.343227227093282,-0.259477050588428,-0.135048614775143,0.0619486791412844,-1.16933124182673,1.07314233471094,2.3094243988007
-0.137855680783604,-0.123118049173055,-0.0390278211792673,0.120052661294773,-0.715205638701758,-0.0696105877223646,0.16441195866138,-1.07771350384916,1.79832611586351,2.1791491539658
0.0218353762973836,-0.322630900505789,-0.0969076236623723,-0.297734691685431,0.00452008726082542,-0.19341409472995,0.489701894344041,-1.19455964991585,1.20825215354476,2.50876631863804
-0.0252291152867341,-0.382802223918564,-0.111150677931353,-0.64667373267601,0.142849343374886,0.266107283763579,-0.0969876680848072,-0.802824474045741,0.915592469095002,2.31989689125145
-0.122857412649301,-0.364080896845006,-0.39369812893825,-0.44454325515068,-0.345655475815153,-0.502033420611957,-0.198108025189671,-1.06867610378404,1.00779893546277,2.03419020630064
0.243429960821586,-0.506686289484852,-0.71470857727836,-0.0305175197559499,-0.661841866889931,-0.430132438816094,0.174875792964762,-1.32435888158979,1.6101052029345,2.8126141702159
0.737343453617922,0.0425688226424225,0.567995523526648,0.158705597184631,0.22053840583225,0.122506593574962,0.246040783167939,-0.415704712300903,1.87172983919776,2.51456401364924
0.771881453967194,-0.493616552502484,-0.574999643208156,-0.0267769409530781,-0.0815694053187579,0.526675275629618,0.24991703537437,-0.613360501878609,1.65148382746847,1.93007130775906
0.80495898187069,0.118547135296102,0.509918695064768,0.363554103424106,0.363337915977456,0.39784062144723,0.832328356048668,-0.66954986446112,1.81664899974582,2.60559296500448
-0.235876823003521,-0.199885588432756,-0.425280691209836,-0.446319031293109,-0.48230317789479,-0.293390144191172,-0.256341225916988,-1.2573686065427,0.903135583155997,2.11747390798016
0.535652567313528,0.107224577004137,0.336357500749713,0.747083289664925,0.384464656559736,0.267112134189921,0.276342168245563,-0.281071319973089,2.03559606860753,3.05997185436144
0.756250589518186,0.619465118134139,0.520836431092153,0.481762816789668,0.529529149945292,0.567810656971322,0.691425879244625,-0.316283016872613,2.09176536243944,2.98913724212469
1.04268939673233,0.78619214536475,0.641575726537988,1.04068347979663,1.11702338218509,0.848791063933933,0.787272530433499,0.00926644893980483,2.18438209003754,3.45254280032258
-0.0988111481656263,-0.803578813627092,-0.356216586911888,-0.502826663801152,-0.506317682654171,-0.224314770306359,-0.251382567924902,-1.370086415632,0.780371250373588,1.74799262519464
0.926844416438585,0.837328847788527,0.602151230099148,0.711712261482182,0.827902436644565,0.556406265742388,0.555272849948815,0.0041422701759174,2.11317021025839,2.68982175328527
-0.0337183358331141,-0.721273526991496,-0.195274606872396,-0.359213455956238,-0.512196626542932,-0.268975015796919,-0.338015466579409,-1.62189996925675,1.06296118597431,1.74243692160769
-0.481373386872897,-0.526903268301911,-0.712350822266112,-0.225522935865166,-0.764377782655329,-0.557190537875355,-0.234759696878583,-1.1432949730214,0.782291296009841,2.01428090022267
0.4711634054225,0.531804341426016,-0.182191480715607,0.410544430217542,0.830328186476126,0.294909081828437,0.267841361342415,-1.02352907322926,2.30869797909523,3.21140194148913
0.0480567282240195,-0.608829748880552,-0.592515745339307,-0.692437849130107,-0.44409814566289,-0.237530556641617,-0.623367400631406,-1.22280358371458,0.78621028539551,1.78497849154918
0.929052551316138,0.41825997648052,0.692624816909689,0.448202811986345,0.591062906709866,0.326263079441176,0.952862330322485,-0.469791535521811,2.09614108410522,2.76092528949365
-0.174939262535132,0.013642641362828,-0.133806390946883,-0.753692618068949,-0.201179343631568,-0.486454237265103,-0.359738067846667,-1.31057946453121,0.5139951769743,2.27571814521492
1.32941521195178,1.09000195156904,1.14525256116503,1.08552977112449,1.03815883695299,1.05898896952963,1.14491833256117,0.439174056871043,2.4035847103231,3.5530392068674
-0.275293544125082,-0.828406149920053,-0.456355024730314,-0.518521371679228,-1.01517642485641,-0.271883092375122,-0.181081808622112,-1.77777691539007,0.926349784069184,1.55958138172169
-0.570262336692265,-0.810155340060609,-0.826853310109302,-0.672382559359627,-0.68125510018227,-0.710856725616988,-0.635919314843633,-1.58295616773957,0.736763802614124,1.43239304856741
-0.751056914545768,-0.849572151073185,-0.992989674436718,-0.974724610663977,-0.867293681627159,-0.678604128388612,-0.544880143094842,-1.7452788102418,0.878494877238553,1.73394133409703
-0.782532015272623,-0.505653123040417,-0.497761833189121,-0.269180557729207,-1.05293478355884,-0.656143786140513,-0.91149117216999,-2.06661581923426,1.12315651947467,1.48607572558883
-0.655412106996636,-0.754102455902635,-0.826887116912648,-0.981111261438179,-0.726523301632986,-1.03481739164252,-1.13987536246317,-1.38914571497644,0.353109391432582,1.68718130901286
-0.386467881175547,-1.26950699847976,-1.09711174817143,-1.38992711368096,-0.694987498771518,-0.578061559808364,-0.672985832424141,-1.8308176953248,0.696099719630195,0.977801967886921
-0.39451139755893,-0.645793885952954,-0.69353223460081,-0.991254111371659,-1.16731962431764,-1.07603390088726,-0.447168934783612,-2.1244889394548,0.511721509796867,1.2824597582399
-0.487932502943191,-0.874593901263136,-0.931067668262913,-0.893912647262875,-1.31704437676167,-1.13540555962118,-1.03359756858403,-1.99945412035801,0.402116545531561,1.24182455859882
