0.236817079028866,-0.0405266047917507,-0.0464059156554332,-0.0510194348854899,-0.0069517980631757,0.0467695670430385,0.159351276543882,-0.942058514554005,1.47314233471094,2.42570346856814
-0.0505412905824485,0.301675730050304,-0.0482962797334151,-0.154174265997759,0.107533216674709,0.295969930292203,-0.0830051692806553,-0.829296820032124,1.42900679821288,2.32820340601106
0.0741429269186553,0.281147579022864,0.123933262548956,0.0447863895980327,-0.077922008897216,0.0213106927527169,0.0591598812574821,-0.903547768419624,1.3524167534353,2.49536993729533
-0.204775576120783,0.128991435879554,-0.114551361434151,-3.64799248202541e-05,-0.191156664941511,0.15240126341849,0.0928888597013613,-0.858000760180112,1.32341440674416,2.46014487006763
0.233343369122994,-0.0332210394133489,0.041731704750506,-0.150972391838527,-0.0920959031041497,0.0425871274916725,0.195706682581791,-0.713853799267855,1.46868834848097,2.52383196966963
0.0918477658617913,-0.3106738720137,-0.370746636401924,-0.0717235162106168,-0.165176884181571,-0.0876748062403945,-0.0607958479698559,-0.983227461993603,1.46551157740533,1.95898975299383
0.410376693591402,-0.0191002399706953,0.0393078689186301,-0.0863376306244905,0.0382079406227728,0.255948880763119,0.225666191248445,-0.794323036851553,1.42441438778257,2.57623264890513
-0.162402512509873,0.140331415360475,-0.339619849230123,-0.196545381968633,0.0679817049389558,-0.264039299491181,0.138625955667926,-0.964699605483501,1.27719029203676,2.22678103834004
0.534435291661784,0.219176435117877,-0.182457401348348,0.352520294455515,0.503410676270009,-0.037139915863033,0.135259529561937,-0.969929172652743,1.59060827295142,3.09839693025137
0.546942727485822,0.338032330461617,0.481913366546079,-0.267593384631235,-0.0422635566764989,-0.292260295072533,0.0540068245904384,-1.25917678430903,1.40170087041228,2.07769765440944
-0.0438827105785661,0.130814738786177,-0.0538660091852273,0.0600893889859127,0.31091991840625,-0.0289658281120393,-0.0152818060874311,-1.21878955580995,1.45154839102847,2.94133234592742
-0.119634779865974,0.319351675867586,-0.0846899185292294,0.020604775063483,-0.227363062094654,-0.0417841653466002,-0.111515489265322,-0.960119485127621,1.32682378176783,2.80276302205033
0.382632733310844,0.0654984666269214,0.29148313191722,0.161513573809062,0.234987630330868,0.234227212899952,0.558856527512915,-0.862650291236504,1.64061378008037,2.77623426016017
0.298837399622398,0.27825404982389,0.276238573337418,-0.416806539821183,-0.267671658424936,-0.268771221493483,0.494112551055688,-0.977546948485873,1.38245009404749,2.55157071018219
0.112985277521043,0.415244874065636,0.367795041161821,0.633700950005259,0.368037573176484,0.56618875981331,0.623132529288916,-0.611413420921303,1.36217592873175,2.36019837101565
0.192293523671652,-0.0505898439038386,-0.308863151007985,0.153107959817447,-0.0114151257873453,-0.106167974209914,-0.158966824457509,-1.11282511406822,1.25778955128541,2.83024680592264
0.511009879118766,0.415305617975374,0.339801977534573,0.227017324946516,0.377801004607874,0.619545455259038,0.490766843786242,-0.473385375564728,1.72685711787917,2.82675150757727
0.727197482757568,0.568385861581829,0.0502789360761812,0.305230245559876,0.413094538773619,0.718332344105941,0.558471284344764,-0.575670242354417,1.69978012809474,2.9127035365727
0.32865489668207,0.0438587922524505,-0.443227335444738,-0.178901686184576,0.187678265818321,0.180180292907583,-0.503430053536122,-1.31447569021272,1.59435666871872,2.35269017451985
0.750951757391071,0.544368579550654,0.350056576435729,0.628072655468197,0.200576495285104,0.477317673810164,0.637544196206074,-0.874105538994582,1.76897132259289,2.90313019656819
0.45049229270408,0.422555463641488,0.330140614737251,0.299881899915666,0.542498751387374,0.622493219689768,0.759063414717558,-0.181280830699398,1.60366791772521,3.07121180638417
0.937882598812284,0.112809288519681,0.084569478934837,0.121127993959649,0.485927880076432,0.308719051405747,0.822684117993006,-0.450974831890262,1.7049485329692,2.93101800593182
0.501172995787909,0.776314028089877,0.360929823650146,0.310425800474005,0.250788813808047,0.262732043785144,0.576388150087717,-0.964239489484459,2.09145120456882,3.13960214403811
0.64996264340768,0.677987011045179,0.645882621718585,0.5702427188638,0.239393666471912,0.491743772491345,1.01874823336358,-0.685631910055856,1.53727623866027,2.96095462284022
-0.127721211199251,-0.362433799731605,-0.25433484654622,-0.0732484053965555,-0.554920714798991,0.1164780126102,0.120051788108431,-1.26149835130691,0.582077591153934,1.78817587366526
-0.221715061247025,-0.226037543546874,-0.1461979440371,-0.251071598567648,-0.123438622461167,-0.441771375680522,-0.324655887173671,-1.38147221084111,0.766995627915973,1.73107013453399
0.427725434123226,0.185983466191029,0.572448724243656,0.0680025742299588,0.101951072981124,0.515363768279421,0.258628817635995,-0.562143175947337,1.97783948971602,2.53075247949923
0.809445443220505,0.508923944658799,0.238885715790044,0.675177445157544,0.396490913071843,0.469423835851153,0.948305911652363,-0.544180530469125,1.87658504584596,3.07833138363949
0.198352893819152,0.528253487669729,0.0351548406330025,0.282123683927528,0.454186283023885,0.538338077230973,0.97469025343577,-0.498958382230443,1.8392630412258,2.93431217072752
0.763993870280028,0.86848582953536,0.286887114793197,0.37695437530114,0.498874933477761,0.212627793427595,0.566475125520278,-0.287181803438308,1.96320587874898,2.72219545520838
-0.00904393580731977,-0.139644370347303,-0.341096672878229,-0.436645466807879,-0.0224013977915249,0.0610632199667676,0.300599219192566,-1.36610010348853,0.714281381572261,2.11756265974122
0.897337238654571,0.314502981007066,0.785694676060543,0.408070546750911,0.396490913071843,0.712450040415819,0.860067564304704,-0.162725277434652,1.99089381400088,2.89638663155899
1.07055324216264,0.827764289369049,0.594196321968115,0.214946530937965,0.766389417832922,0.638993698641663,1.17402345382081,-0.235499934426828,1.77618397601923,3.66236401223488
-0.450382091774815,-0.229533598747503,-0.842886305092671,-0.164409993563745,-0.377445605408186,-0.786039272698186,-0.403308080230149,-1.31270763998141,0.940869730697749,1.99972753405693
0.00187102960317853,-0.439029201096545,-0.0957155803497133,-0.34687742305117,-0.665474416883561,-0.648896513238426,-0.486157061272148,-1.26067480950166,0.872724652845292,2.32039808294985
1.24721242651953,0.214688220057738,0.33629400434382,0.531954476735786,0.507951419012481,0.636310467501951,0.287844694353534,-0.426403817567916,2.07905298450118,2.79880894105777
-0.343481332791721,-0.152843554599715,-0.378573974437964,-0.858635360144816,-0.244774364050169,-0.56137036024112,-0.546500513253825,-1.33732585251935,0.624113086596508,1.53876573560373
-0.781509872368208,-0.301117652721137,-0.731465525235104,-0.48575202658014,-0.764069195532401,-0.215458813581809,-0.181779100725786,-1.07125329961342,0.571021861111393,2.18528080730168
-0.193276508030684,-0.185716664395902,-0.667379915213886,-0.544939780177047,-0.619505248374435,-0.506824035738337,-0.422288395939701,-1.52003850537056,0.990439068307105,2.05548993021254
-0.54528717677069,-0.426739087330969,-0.312893944694167,-0.551684001147089,-0.582626054267583,-0.49224433614199,-0.16665016161794,-1.46609520158924,0.740453975553224,2.08341576013118
-0.124260947189338,-0.682460451606631,-0.643801311695931,-0.698274904350985,-0.274146470195746,-0.110165063318827,-0.411026552537653,-1.66389921063281,1.02250360327624,1.68875986971904
0.847675865652127,0.813808214280168,0.596731283046874,0.276326989640796,0.910345383306099,1.07277471372561,1.11446746748687,-0.066580641836917,2.32656925605285,3.48808112818291
-0.419230529766862,-0.774494715997662,-0.787764808417701,-0.589417135142728,-0.556092708456724,-0.244177821433387,-0.309046447773353,-1.56571846216291,0.947578994560617,1.83478026875834
-0.676321569478112,-0.305318829824581,-1.14415454771084,-0.373075325513164,-0.49627583225098,-0.381037872216324,-0.436156739134967,-1.20587807788596,0.505601790200596,1.91641138876713
-0.281222999731184,-0.278839592695485,-0.759492975704541,-0.795911220641379,-0.397691675036474,-1.13986586675837,-0.422535863490711,-1.16934373156646,0.616381970949463,1.64442706974769
-0.189218423929714,-0.193556598670551,-0.913807744595723,-0.632533411624931,-0.376774283270276,-0.504965600076744,-0.550707895053751,-1.60773898792679,0.9659572121412,2.1646523025396
1.03758978065507,0.719482832215955,0.757917231747574,0.476423053220951,0.802082477976593,0.624235798768875,0.906042095862302,-0.36000987067246,2.42198753279108,3.29659379836853
-0.727811243047326,-0.941336191251602,-0.951038453252599,-0.914756359106361,-0.74403856904712,-0.88949830043818,-0.593762368757632,-1.83031932897601,0.616755505220446,1.56491233978922
-0.66536109239153,-0.796552213830846,-0.927133297320494,-1.0892647027816,-0.988879985406897,-0.90309255392905,-0.843084641427287,-1.79067263989326,0.502964517810989,1.42277986213043
-0.66536109239153,-0.796552213830846,-0.927133297320494,-1.0892647027816,-0.988879985406897,-0.90309255392905,-0.843084641427287,-1.79067263989326,0.502964517810989,1.42277986213043
