0.355824279720562,0.122740976367428,-0.0202562998291104,0.0502006531513087,-0.0226615783080127,-0.025827114381436,0.0159266977263274,-0.929883712038021,1.5082805468337,2.4684048218974
0.355824279720562,0.122740976367428,-0.0202562998291104,0.0502006531513087,-0.0226615783080127,-0.025827114381436,0.0159266977263274,-0.929883712038021,1.5082805468337,2.4684048218974
0.430622951641061,0.182863684279645,-0.0568764537297579,-0.0063565731948888,-0.0303299511860202,-0.0449644348607372,-0.00195709687779855,-0.901147912246511,1.51314392495104,2.39596891978421
0.360371475169352,0.270983437454647,-0.134065069366691,-0.0683311107879707,0.018860217450106,-0.021150375039819,0.100483050451852,-0.833543755576234,1.47429723986817,2.40290927046899
-0.0710875044731911,0.013709975076817,-0.083667460862409,0.112229944328442,-0.1934003104078,-0.263970360686658,-0.106882933917706,-0.73386015294886,1.27518551232084,2.02135204585496
0.633500488933173,0.605739441209444,0.0458502432695225,0.0799434479605174,0.0901090246881555,-0.0854034901371896,0.161737699828377,-1.00550462415422,1.53278181658146,2.39778602894375
0.405343586737461,0.449281484415359,-0.0137082613283563,0.1334315208875,-0.0794725442454479,-0.0337298574441099,-0.0677729425418213,-0.854487612422436,1.5235819927338,2.36941697216032
0.665647238833046,0.420378302059427,0.252707939880868,0.249630345817326,0.214051127769897,0.0620698906187422,0.177562876634716,-0.821005465724475,1.55835064066839,2.70102073236229
0.16216247565296,0.133103536657719,-0.158140496847999,-0.0215273611725761,-0.152980466056689,-0.0519316724909583,-0.205730960060177,-1.19688300007232,1.42570620181311,2.19763459242811
0.534462391456364,-0.0236735648276731,0.262602362400795,0.240407220893728,0.0653537726253999,0.293725880868175,0.26116942074692,-0.633637482265355,1.48043897741056,2.50620015607989
0.0745199894198314,-0.0903427496882911,0.194870394827295,-0.211649736656777,-0.131443965155944,0.390408519288217,-0.126336421818278,-0.948527270839354,1.55165658300827,1.83920869861641
0.332245531948357,0.117428809221864,-0.131691158379961,0.196280318011795,-0.218012886916443,0.488066386771844,0.102948322065714,-0.719243914797538,1.38122058433323,2.66414044157028
0.471981699517202,0.102988746271037,-0.0054501378092397,-0.467581416221633,0.078628713100513,-0.503008398257661,-0.0876999356498604,-0.735077626084726,1.22378559849177,2.21628481411168
0.535179840713822,-0.117208445351787,-0.0494177712181003,0.0348300327507848,0.21104447965507,0.250218446205717,-0.0036536019270037,-0.850571388947959,1.75621878646406,2.51991096857506
0.538592218588997,-0.0922291446922772,0.0421554501760906,-0.11696920163985,0.188492030575569,0.231376033757651,0.128187386945158,-0.810551974721529,1.64523453170234,1.84510466338353
0.150906246933677,-0.307586892485031,-0.132029772258321,-0.187768675246365,-0.405175239510199,-0.280208120599638,-0.218265339744398,-1.40443073533397,1.3386932093549,2.04534823807932
0.298588462304431,-0.0778307131747925,0.106575550571402,-0.63737145338514,-0.318148938304917,-0.253677698083193,-0.131330532583801,-1.2755693970459,1.30334400682257,2.29785554039894
0.0976311483623721,-0.39572840829509,-0.636644546492653,-0.482295229990235,-0.358198803645037,-0.365705703570645,-0.0531866050745198,-0.925255916103791,1.36560294134448,2.08859187060388
0.278967449226937,-0.0824372359847773,-0.239393413676135,-0.181055258932901,-0.350888769563314,-0.420068316229267,-0.140904549223105,-0.690387671054521,1.11033305457125,2.60957545028609
0.889681030104888,0.326724650897712,-0.118582623653752,0.343675938860461,-0.180398719573963,0.0402543262941432,0.345684040189008,-0.55231637240432,1.76874014638726,2.41113496588598
0.79227563658171,0.580580960674461,-0.456315201571873,-0.159405792026586,0.511809890727648,-0.259924430634972,0.243449119838051,-0.476782245620829,1.66945727109377,2.4488634288514
0.753319960126054,0.087757605312585,0.144845883189566,0.517208611719003,0.876969180054845,0.439746440309927,-0.0087398624671578,-0.83992728323738,1.85623881524486,2.52540214478164
0.946921347288018,0.39650428018632,0.0169957072596634,0.23899237489812,0.17608013319114,0.0976294206063929,0.422134707490433,-0.781887535747073,1.86029156782851,2.43617892138869
0.862092360723455,0.743704712085262,0.270595101545823,0.260372994471191,0.63307612661002,0.14231075867447,0.525452617088312,-0.546207395330662,1.87908460616235,3.15464195495116
0.927836796733034,0.475901470241532,0.193803783092326,0.239045938392357,0.664134022821574,0.55262011676346,0.354864056670054,-0.370825617025203,1.87640054948772,2.92451880847197
0.798062182845131,0.669544012148497,0.261884930605397,0.403479492378882,0.211845905743935,0.0252931763804806,0.560103793051944,-0.429836436836674,1.90406447980602,3.05170662470224
1.2160543858606,0.542380817324826,0.315013995649833,0.216593678768576,-0.138820623739333,0.484462712524381,0.23153858958462,-0.118844522920119,1.77243363010441,2.83235017903629
0.891837243837828,-0.135821010680027,0.474382791903349,0.17255654959694,-0.29294672943582,0.0480287586662647,-0.454310142033173,-0.91497183006491,1.88934684588012,2.70237311382937
0.105361950400753,-0.580387098124848,-0.730376850622189,-0.39081619475237,-0.0385614970821857,-0.124395112655533,-0.451109923719582,-0.796305679326166,1.08256568291473,2.37135734664477
0.0580447102103601,-0.172327572550956,-0.512249859922836,-0.650384676239385,-0.367842005187949,-0.404820492437706,-0.285116560365131,-1.4020586590589,1.13483371057525,1.8705380664845
1.1267263048395,1.21155897077975,0.796224785278015,0.739668123852207,0.532036210719429,0.610180732418505,0.32388110862064,-0.468013219579694,2.04754256050003,2.93347323909832
0.526475853234998,0.678505369273834,0.394021419440346,0.304967706045859,0.612336102703321,0.182318614775277,0.284091076068798,-0.509713008545321,2.00017570817995,2.62159239427676
1.19395887623836,0.506421007700289,0.513225620090966,0.118194809877903,-0.0344987161387365,0.465595579070856,0.304218877075535,-0.592968598779971,2.00922780132481,2.67524635389967
0.0720916189387213,-0.603254339791823,-0.549077029601718,-0.28157139993222,-0.472159198614729,-0.308472676846105,-0.439446708466751,-1.51228233153759,1.21898450054633,1.94679528389442
0.297990514215602,0.0616691888838095,-0.459105188409328,-0.564904055859986,-0.0546065298315037,-0.537594326451254,-0.432207454647923,-1.20082242783698,0.588739139647906,1.8739094309775
0.63158861909342,0.755991682991446,-0.699864791296525,0.261499984735206,0.135534156193845,0.621120751227737,0.189594848331422,-0.827270812373531,2.04606141799792,2.73592753324171
-0.19322183626538,-0.727707222335859,-0.328356131958989,-0.762900307879236,-0.382633632012382,-0.725756368943887,-0.376751011070433,-1.0991041980659,0.739559853984789,1.66281739513121
-0.0206600422006443,-0.174319353572874,-0.368969803362086,-0.597145847110781,-0.380554016737496,-0.370575571861757,-0.159986171907684,-1.57200825924964,0.975740091720979,2.11812994582649
0.48213732031794,0.996500888455842,0.027090551714663,0.811678506785194,-0.117416219934594,0.696826820603002,0.716908113369129,0.044377127924316,2.01006930649659,2.80778507892821
-0.133327506837882,-0.226639997302302,-0.51655723812681,-0.61864517736454,-0.64006103115006,-0.233563203498079,-0.704872733819825,-1.43054094310324,0.968580634643657,1.90495397853408
0.97773835108825,0.843331029030261,0.683154157542232,0.603219910699999,0.757779767845066,0.749653467121687,1.10496399523474,0.140912615721401,2.24598431122892,3.21433964337477
1.09091439062102,0.65575145224938,0.300416526514042,0.231612755202784,0.320958105020069,0.0436487685065645,0.544490990553895,-0.813948749358474,2.24874711957063,2.54233894320341
1.2502950827886,1.00253581542719,0.762795677417783,0.813315557952652,0.789342179961521,0.774707696286804,0.817715034269742,-0.0814757810989696,2.33281605609858,3.21564105093175
-0.229531278053095,-0.473889969995931,-0.609903465291003,-0.557275718198139,-0.795057027388506,-0.622231911838918,-0.599735736901079,-1.64915258042224,0.836806719747122,1.6925267125589
1.15966782665181,1.15205918592042,0.826385387894745,0.935284658947665,0.82163177561223,1.16185493419669,0.854845990465462,-0.149636031670088,2.46796371509214,3.25306058895385
-0.544451430508713,-0.546624572098778,-0.632687520143943,-0.636281459533232,-0.59696953709494,-0.398716035668764,-0.403582853785445,-1.87994310936194,0.892919316567207,1.6688138626555
1.54778048775243,1.2461635465701,1.01489250022936,1.07875727518743,1.00247493492218,1.05767530767446,1.14793424354063,0.12750654349437,2.61679792081964,3.53188740607574
-0.343499297640823,-0.701484612372245,-0.961726522388002,-0.821650729070511,-0.776095131045014,-0.790550890976971,-0.782559872834664,-1.67842324650048,0.686635250729571,1.62956750002317
-0.463847851426979,-0.696931154780113,-0.839928430976651,-0.769471477996232,-0.842333709455554,-0.845499245528977,-0.803745433421214,-1.74955584318556,0.688608415686161,1.64873269074986
-0.628943214043372,-0.890184103469359,-0.98103811244375,-1.01526072469399,-0.803995457379568,-0.745858285465292,-0.792694747871347,-1.63545897589013,0.451830812833251,1.50833843120463
