0.326108496683786,0.140362293418055,-0.0638823875589943,0.0181293429837881,-0.0571583934646836,-0.0371375840286419,-0.0439586653713301,-0.989449584098719,1.48885280510789,2.38260328900178
0.0985425537072931,0.0890766745867148,-0.278592754993721,-0.073342212459971,0.0147522968441223,-0.0468255785687969,0.116640086180545,-1.03641854772479,1.61318979635502,2.41637396027471
0.172681870007561,0.0252086214477186,0.100147745927862,0.0677444448693242,-0.0052972425076076,0.155481920159416,-0.0393024105475386,-0.737683718183826,1.63293511039615,2.77386648400758
0.440465670272964,0.452923997042313,-0.2668454105976,-0.0848301636452157,-0.455070761283248,0.289461168940704,0.256803638458294,-0.735768998459792,1.37375697396676,2.23963769936734
0.77285386093157,0.417539527683728,0.341010849327581,0.278797541322782,0.134146955797331,0.316214908001095,0.133765578851257,-0.926532415975986,1.81897805552204,2.9664575318988
0.0608118747178767,-0.253388429170057,-0.25822876529839,0.175162617496646,0.153485976613235,0.16983026611398,0.318843999055008,-0.982427640065054,1.72593364899055,2.51244396869905
0.422851943369091,0.261173775535119,0.378524126621535,0.0373058882289862,0.193254109619452,0.251309796701898,0.469043855909203,-0.681866625397104,1.56842524583642,2.49588392567944
0.177339879562959,-0.0298795195779223,-0.202991654993797,-0.110206944019565,-0.297093447481878,-0.180575644758443,-0.381492426650598,-1.20941888661017,1.38591155156224,2.24342253559488
0.283606358557587,-0.395524901714351,-0.521842265376943,-0.171064962336838,0.0728904220470201,0.10124388209682,0.257969011299836,-1.10964005885628,1.21478469671972,1.95358609633666
0.733214344204142,0.202538459221164,0.313615761959881,0.522260417063049,0.23891858655012,0.472901276074985,0.0973508023630081,-0.663024713632398,1.72064991446158,2.8114044324715
0.498707792015245,-0.0560103655608223,0.155342510426808,-0.140808594548553,-0.0634641718074824,-0.362475926166321,-0.115611385592617,-1.32335542261465,1.33138208135823,2.38259673297685
0.293819682784445,0.471727272990833,-0.255620065537296,0.141130404284264,-0.533178419065285,-0.24163680958184,0.110154398544805,-1.2646632054786,1.32624462075492,2.24755840706173
0.654924758142535,0.543355960660427,0.222455218113217,0.267944294871279,0.109384907793644,0.319080032551669,0.538942889032815,-0.523128340575403,1.7008170067094,2.58985717501214
0.776408271572238,0.868810260299897,0.456273574861111,0.43224305168114,0.600771362538569,0.129923563819059,0.393135430228013,-0.212520920889469,1.56503603031714,2.82866313126595
0.00552329968152002,0.17731241787649,-0.26808147513495,0.120253308434002,-0.0994677699679311,0.0400393292367103,0.0102713910029635,-0.343165539381871,1.76213329155593,2.71412803913621
0.329424592172563,0.327129974379242,0.122443865296194,0.0795526334678921,0.39992251427909,0.233317447423471,0.171677918330823,-0.18799739665086,1.72860373505207,2.52893174780882
0.170611827212794,0.601894760752976,0.258493546387909,0.371157394577674,-0.139127846154325,0.706395831961679,0.150362852045953,-0.536417847597494,1.21018773623788,2.51540995807355
0.679382166019632,0.406247212970823,0.209188610900605,0.369123827356176,0.434540876917044,0.351463452240788,0.283284312539769,-0.585304506378512,1.82763319570175,2.5086360575216
-0.0688323966389335,-0.230705125140621,-0.489307187450606,-0.2780352630657,-0.401877886744056,-0.289201549030393,-0.420258146314636,-1.20972587053057,1.2122606031119,1.92823752815503
0.621021727102534,0.168171620135303,-0.0911408605220665,-0.765776171158391,-0.173900194612774,-0.469640669448091,-0.49793171091253,-0.779802617716519,1.20640842188235,1.81191042536345
0.907325773775537,0.299215494204254,0.483944563817487,0.802339734399244,0.07144714320776,0.236146013165361,0.219925989607828,-0.259433970380131,1.73654753267701,3.06744989160724
0.696160845503204,0.555598602470657,0.092309081429518,0.139359231453609,0.174139510542496,0.654634658854301,0.229886225153443,-0.70878556444965,1.86237996881118,2.36667153214366
-0.418231648767672,-0.0820166377995057,-0.485371277024834,-0.564825237016944,-0.363453499512581,-0.219593257419862,-0.559080574135991,-0.889825011240102,1.11965088693286,2.07945721555677
-0.127556705845955,0.0228871623997058,-0.504354270570482,-0.217481432240235,-0.401753999938028,-0.527407624547981,-0.184469553380495,-1.23237884413051,1.05937430452738,2.10657175114348
0.662058168971015,0.630055719393572,0.35643484879158,0.440833696458411,0.362854857351735,0.387631913922635,0.404821029229894,-0.568290835665105,1.95053569800908,2.8389478168729
0.792429740207103,0.541498846986499,0.504519128178381,0.65140510579323,0.622893420006819,0.409753607681203,0.166095948828362,-0.636175914762873,2.03289425588509,2.9990049327395
-0.135038756412146,0.0127716217857337,-0.306513853647575,-0.167372392225873,-0.100772417854092,-0.188887335719958,-0.217212359899668,-1.59513025354069,1.31192875043704,2.27314620210288
0.0497903338524657,-0.272354544079571,-0.377621465379291,-0.296785639694353,-0.415324917230238,-0.237147008678519,-0.481121921202349,-1.35532343064691,1.15485233723068,2.16987785271151
0.895081518569778,0.52476206520474,0.307608685988059,0.62643270963852,0.608069042172463,0.533022811285075,0.595960708745406,-0.300634320944983,1.94963922043435,2.97342686469253
0.579896923903406,0.773792185222547,0.378192686978095,0.76914209781422,0.225007263089495,0.19250716157947,0.566012873652712,-0.690255518354597,1.92086873110195,2.69283251693962
0.831621352620986,0.891849805821321,0.588578781795556,0.706182320721409,0.736831123438982,0.7108643918669,0.577184392091335,-0.355324874237356,1.98429018990278,2.88877919975658
0.91633671376765,0.73887384886862,0.160910089391578,0.206656087066068,-0.0797154501689626,0.442026509011003,0.194597672064375,-0.661857102724987,2.09450526909161,2.98283916791178
0.916657531078748,0.833761716040936,0.0647264762056167,0.528486894943864,0.443261416466196,0.44112238394484,0.318318579353796,-0.35172671649412,2.03381440077668,3.13670179540732
-0.143516695305854,-0.286010328036099,-0.502434910779841,-0.358461945203005,-0.489461648891682,-0.469405555083907,-0.475711245794664,-1.35196007653041,1.05638977319585,1.98168802938265
-0.454093994943133,-0.340533530335274,-0.275917773042554,-0.0941726535762717,-0.677472007946622,-0.135968857042656,-0.372389013064193,-1.47170789780386,1.08601513342436,2.13267477416302
0.867922013388002,0.624079684689106,0.433215976108161,0.38727045990213,0.399295757766307,0.458781058062426,0.23712945318226,-0.846008908564425,2.19848278389751,3.06529446834441
0.0871185166188528,-0.0473735720026133,-0.434767951585323,-0.551997509184564,-0.676762871240245,-0.205797438339577,-0.293153347176646,-1.51181944895411,1.12567505795338,1.90079352934351
0.580582431490463,0.590978067847186,0.657674643031047,0.727051752477578,0.705944158123005,0.396906872895713,0.63169898935509,-0.735071770571234,2.13765123143098,2.92890099889637
-0.124818738097122,0.164590629598894,-0.114688354078378,-0.220312786308131,-0.711470459806574,0.00168775781142255,-0.242933070653413,-1.37934182295317,0.874107018684225,2.49519971968985
0.544622458550981,0.00967332965726464,-0.936667734281877,0.065627257567734,-0.362159437630541,0.17186129267514,-0.186570576878657,-1.56901163985414,1.12280622057467,2.25280854919069
0.954541952101819,0.747322552960938,0.574210417545063,0.666995128519295,0.480108625056982,0.596626427780417,0.395709645888262,-0.432216814071311,2.1631136241011,3.02062460813374
0.663012954335494,0.547103757300637,0.362156490535146,0.753127497688574,0.943422569176545,0.658016140615665,0.710210913491019,-0.572770436011623,2.06363198642728,2.63812022348097
-0.371544986891318,-0.391840782531576,-0.654517176512842,-0.222870226032995,-0.754402166428176,-0.692217281618698,-0.654463668735925,-1.36253210813588,1.1392083721445,1.71174960127784
0.806145070898965,0.399429650931008,0.24699844145655,0.41850616823108,0.556422190118627,0.0893836835939632,0.587518018566494,-0.509899369127933,2.19319218334623,2.69718508026751
1.02924744801986,0.79847425013905,0.545676957077186,0.57279884883105,0.497973707433688,0.732354866108187,0.648379648828214,-0.179626706550851,2.32450012005051,3.06206286020474
-0.109839433196503,-0.455544820086621,-0.86636667756165,-0.489968396680002,-0.386168194020415,-0.75350611954904,-0.743368674853473,-1.66579506199652,0.830996642939022,1.95112164765232
-0.413850288213997,-0.53664889980909,-0.7011758703898,-0.626992349891758,-0.764743633228286,-0.727998305532597,-0.782537091782051,-1.76126038222595,0.787745937356716,1.66153296305602
-0.451093575855074,-0.636839779120805,-0.841084460097854,-0.759072729555072,-0.834360466003544,-0.814339656567502,-0.82116073791019,-1.76665165663758,0.711650732569029,1.60540121646292
-0.757355340138457,-0.746047904700515,-1.06016460193454,-0.916080458515605,-1.10676868116353,-0.859350908374158,-0.947648116203781,-1.80800663866324,0.598502719005684,1.5747047556025
-0.817281534710134,-1.14455895862647,-1.26264418793887,-1.0799522350999,-1.05465406884189,-1.22518638159136,-1.19584489769464,-2.25513496194554,0.484291893186088,1.22744320704451
