0.326108496683786,0.140362293418055,-0.0638823875589943,0.0181293429837881,-0.0571583934646836,-0.0371375840286419,-0.0439586653713301,-0.989449584098719,1.48885280510789,2.38260328900178
0.25895715356515,-0.0420940317071093,0.00436249976133574,-0.015233555225341,-0.128421542256898,-0.180395570457163,-0.0354461693326223,-0.976965587240884,1.52029921261319,2.32691138273394
0.120426120697805,0.0536228921625247,0.0162974459415223,-0.168955641723159,-0.139534344052282,0.169476297158294,-0.180638639456427,-0.894683339842437,1.38971368841659,2.17449589102247
0.304208715518313,0.170186003084028,-0.0776592589737084,0.0674042020156471,-0.0670419236787385,0.0625210269797621,0.0408398993620254,-0.783946820585316,1.49676775125409,2.42059086770164
0.256662110723777,-0.123252004679283,0.301882948094571,0.140122567518921,0.0106638624549831,0.126371788441196,-0.183383593480484,-0.823499214265462,1.44817779723786,2.39837215596307
0.383551732431127,0.0777584856514929,-0.158949905294034,-0.345517355748395,0.0901101644949852,-0.497152438822524,-0.0795532610353656,-0.922823899095363,1.38220606285108,1.91397190583208
0.463989636684433,0.0221497302558572,-0.235442652051219,-0.084429258641343,0.0676842712389749,-0.248081683003753,0.25768850022005,-0.757350698654508,1.51527865211793,2.45429418860219
0.652841456647073,0.371770510644846,-0.109031440244773,-0.188670259112517,0.189792778019145,0.257200986430674,0.162621785834187,-0.643098492211715,1.51171371823401,2.16251399932418
0.344301471934396,-0.12905718719421,-0.138268324813587,-0.237859365637283,-0.138114675863209,0.0650225778116959,0.0549209436676262,-0.890844497735711,1.3828310733727,2.65482739657306
0.654964987952655,0.602047655031119,-0.0234141709793816,0.23292584943113,0.335047353554596,0.589609622094575,0.22049097980003,-1.04994871820562,1.55916301626056,2.38076469609641
-0.0951030644310444,0.402565681926412,0.152123768639531,0.346093514779376,-0.00926688775098683,0.118940701320031,-0.376372455925929,-0.605682601659787,1.2426800117039,1.98417058311618
0.26796745894036,0.163085204560343,-0.30711421454506,0.195232482343652,-0.211897108857008,0.131416793125806,-0.149591760324439,-0.82861590467543,1.26956238522621,2.4237623659383
0.174089846614411,0.223883989276378,0.00638941733991671,-0.238387436103006,-0.246094930902287,0.0074365827257008,0.0634002146764334,-0.743358177626272,1.59497981493321,2.20521479862287
0.420303548739862,0.17975126948225,0.152834803999867,0.11644649733413,0.0892972693477432,0.00369211695553529,0.127258666979607,-0.554919751281551,1.51929648962383,2.73044813580671
0.435746223548502,0.0878648733452602,-0.41790334452343,-0.322505080162792,-0.328748008894779,0.162506341389373,-0.291438471378838,-0.888956770205305,1.20380949991398,1.97785080252165
0.518100025630673,0.193547979716442,-0.382492347355904,0.137921947300697,0.000474055129136786,-0.0628568868780244,-0.152423294983473,-0.854222563392985,1.75262166422328,2.51719494883737
-0.154088392623053,0.258166278851399,0.171970885962722,0.244895326116499,-0.0485250122889221,-0.0107420951955182,0.469168808736909,-1.03177051368273,1.61293664481252,2.10058758564233
0.646964111657048,0.388643424052127,0.224887665916941,0.419198861700366,0.0765314461075088,0.516061752132155,0.525301296678006,-0.892220609864397,1.62254264468008,2.5330043585205
0.943856556279115,0.697853314942772,0.459223899983952,0.274931531400194,0.352119387451762,0.319288945495314,0.432645726803417,-0.551428557353987,1.6471396878484,2.8683129396792
0.178250132720183,0.420907669432173,-0.302210231587217,-0.196774946701227,-0.118625019601955,-0.293666189400905,0.260041393416616,-1.11781659881674,1.72567450489232,2.34420817416689
0.196326375430132,0.0694276818083036,-0.443799897875288,-0.306350684325047,-0.401236832202754,-0.453705204192783,-0.0744301110238477,-1.20556730512658,1.34184335901335,1.65838273167277
0.348083713279945,0.105379977659483,0.198820448229979,-0.441006631254171,-0.171948466768774,-0.0396312346253838,-0.164461538989703,-0.944581091940788,1.79633896233715,2.38732092204374
1.0683852397845,0.701172166558711,0.470188086188562,0.258535030442956,0.0835242766628356,0.395576266528549,0.554694485880053,-0.72061867776404,1.7804570452432,2.82679066938395
0.16664750243197,0.0903521814504581,-0.04720358121651,0.258682071631462,0.10975204885787,-0.516925166621648,0.0388259637630401,-0.698230014387664,1.29724450701681,2.98928376970526
0.837517221732386,0.331733604925,0.395566185945393,0.479619022672402,0.256032218459353,0.125266087934371,0.196786967058192,-0.441946702824631,1.79163812818938,2.60976071127678
0.223610251210575,-0.177840638041951,0.183172660189143,0.335942147765729,-0.329659932349777,-0.311211425338775,-0.0676749699437759,-0.758393309845077,1.87565543134702,2.5697016806713
-0.0495228753897109,-0.248699766471929,0.0714148661373892,-0.0865537837405126,-0.277471732176981,-0.232629521919942,-0.631973590970719,-1.29932644904638,1.22391001404823,1.86082793007543
0.229290083508557,0.399822497360487,0.240787875522747,0.447356218864926,-0.343694220729995,-0.00888442764886826,0.430940951923504,-0.802851865066421,1.06043313042207,2.5778946348657
0.891793195896708,0.512654042752314,0.468227044952945,0.253246167485057,0.355509347172579,0.441025251608487,0.42800886805514,-0.517756573348197,1.89849188315116,2.76322456379376
0.234117501776521,-0.451259379205464,-0.756728568518154,-0.263619866487323,-0.528809754653,-0.374398717521872,-0.150369007177278,-1.05294213385043,1.24708734810447,2.07811397424916
0.564361916847985,0.429701574018284,0.605644365506387,0.769275859769658,0.276731949506899,0.232671731889825,0.36763728498294,-0.188811405715556,1.8506526207099,2.82166038641821
0.492847816648913,0.578098416638049,0.265851813142948,0.246968303612551,0.282644096702011,0.258602856873089,0.22043087926015,-0.713555170099466,1.99673782485249,2.80116701401712
0.856502627392091,0.402522775115594,0.0114779553544727,0.0964665722761835,-0.688670359591984,0.167851122313488,-0.103513367921462,-1.12224204313413,1.98123258651927,2.53686693246659
0.593488175828171,0.912792477612945,0.461656981793762,0.109802375833292,0.544445884610183,0.220692820860587,0.60642433795285,-0.712849916018321,1.87655333986725,2.84444091661481
0.763106010228644,0.803986193054914,0.545529873393145,0.315341131864066,0.488361050833201,0.230404163702663,-0.00512048207706972,-0.500064573130576,2.01576805121797,2.88559999355133
0.396773661474029,0.69744191922787,0.264415559987086,-0.401662325574567,0.375707910473954,0.299725011512482,0.0636704188169931,-0.51919962107046,1.95756717974513,2.73321449621018
0.853798422275649,0.291553382354946,-0.0527870942095907,0.0375565517522899,0.0566199947046584,0.455788197933382,0.522134535954925,-0.58625154528971,1.872578233557,2.23553236550666
0.704562170297152,0.422114479630191,-0.525731461183253,-0.24786873260763,0.0222901085518627,0.0440949847797296,-0.233724107991603,-0.634792431572365,1.90775907164128,2.35445142319937
0.627570023758105,0.458707229662052,0.472221917370793,0.393403097902629,0.625123444497897,0.765886132367868,0.272530049647155,-0.645351235859517,1.97917529553985,2.47555193342036
0.894454064109324,0.746554310548039,0.577984888088188,0.497923649836339,0.611922801974481,0.500698320191281,0.656632747570894,-0.395567576635568,2.01543270064351,2.98534541317806
0.222075355635357,-0.727246391297992,-0.450763817852413,-0.100058711658243,-0.25031975670916,-0.696895107270208,0.0128704363955366,-1.43155713427679,1.16194940674663,2.05927739004529
0.411535673904132,0.149798793791338,-0.179749301813005,-0.0551610278895525,-0.225104744326122,-0.408097436358445,-0.370869149194008,-1.56382665472306,1.06680905049566,1.98252565779231
-0.0717939582784788,-0.0207994820191043,-0.846375836513815,-0.161778380108112,-0.506924621625953,-0.323694065117683,-0.262672168855925,-1.33085980065338,1.06227577264447,2.30829140246099
0.760201433422387,0.780464956790348,-0.202179427724616,0.164927487560542,0.451982385683214,-0.225910456558702,-0.038826675122133,-0.642994776610727,2.12462044608751,2.65432872272846
0.880126823021611,1.04460712395976,0.511345187309388,0.492441420365386,0.528667121210875,0.704200913156454,0.613696390306478,-0.278661182212197,2.18082077027125,3.01579143406432
1.12824753411694,0.94250133085121,0.738256649874161,0.820268380416943,0.744980643968471,0.765001453404513,0.758180372061825,-0.187310546665564,2.29099184254104,3.18474232643494
-0.0305408619882886,-0.19317065548827,-0.306284557942386,-0.727005020673242,-0.380969381296462,-0.599663509789115,-0.783803169001657,-1.55085881930619,1.07147576858649,1.72456421926858
-0.48533506239422,-0.659284948492315,-0.886861958376856,-0.805344617287399,-0.796191804501828,-0.849780605403029,-0.812290794650584,-1.76095723919398,0.699557705697759,1.58944387145801
-0.451164661044779,-0.643056189105721,-0.874562381365767,-0.480277057180015,-0.807871841431837,-1.01104479243413,-1.021798330474,-1.64462076243218,0.514073689885534,1.37864154974592
-0.419083896433267,-0.678876037421324,-0.772094328254088,-0.898117448101664,-0.730257127457804,-0.703251812048953,-0.729901406691188,-1.87082543131448,0.564681539587786,1.58048539362536
