0.326108496683786,0.140362293418055,-0.0638823875589943,0.0181293429837881,-0.0571583934646836,-0.0371375840286419,-0.0439586653713301,-0.989449584098719,1.48885280510789,2.38260328900178
-0.0139784566732175,0.19138698939515,-0.0747208247560204,0.182272543776204,0.0870065564318727,-0.0622417287452223,0.00112074768024284,-0.912849848838661,1.71953223253573,2.70913110089151
0.381825967028924,0.0753690612633496,-0.198355938444237,-0.0835004452680078,-0.186896047366814,-0.192883082629624,-0.107640902031811,-0.688604038772064,1.48947126149592,1.94261272937775
-0.0312642276668163,-0.305846909590643,-0.378586848642501,0.123784519447277,-0.0675569410715365,-0.125172713981846,-0.0496111981902625,-1.02130564516863,1.28569017625828,2.210005968276
-0.00608398111933506,-0.0188199022431191,-0.27178419028694,0.0580724803920576,-0.240063125017237,-0.219901178094263,-0.224660696909224,-0.893183263670048,1.30530896761516,2.32525054068069
0.3696820216899,0.0804666567402934,-0.217335141386385,-0.109594194113015,-0.420452903417972,-0.257562579877539,-0.0492137319593547,-1.12950780883865,1.57998300205191,2.47380083067797
0.597392794674701,0.529049244521644,-0.255749982319322,0.385602244607495,0.35154000871442,-0.0454051224712456,0.301950113605774,-0.921074954113534,1.47797106493077,2.44626228836621
0.64031170453717,-0.0368774176755577,0.41361296662349,0.0264498373994089,-0.16808218626554,-0.0493470738770082,0.228679699486668,-0.570782810712118,1.49941215880333,2.37572942106756
-0.0115409793750122,0.305949520042682,0.166130205728757,0.0470753744096132,-0.435738664777032,-0.0993946466270884,-0.235432399853415,-1.21607256325064,1.34927876444113,2.22789041185586
-0.0203939006103153,0.330129788148532,0.133820904091149,-0.0761292432685164,-0.274844325655922,0.19057670791423,0.117133564242213,-0.598324644887275,1.15152337271203,2.37529624518737
0.475081647248095,0.541125810664915,0.495751971273225,0.546450861637043,0.221308937636348,0.308227820110978,0.110535919141227,-0.967884486452219,1.79323362425864,2.60713027537418
0.107407185832701,0.536635997320124,0.0548865578433029,0.14644675688228,0.0603946098009919,0.099440407776464,0.188660113033567,-0.867314590364263,1.77308437671267,2.64548140048625
0.69086995609942,-0.200021185604706,0.126022053336856,-0.114567236943434,0.0623133823282477,0.118293645211593,0.00730869093873776,-0.654713708235811,1.39634827562714,2.8796843592435
0.238589229727342,0.361142770713666,0.017985896504091,0.0851530801814668,-0.220509819494418,-0.0585124123706083,-0.361857829816932,-1.2914500271237,1.66932651860279,2.18634625805745
-0.0263418403197365,-0.483067062818082,-0.0641605687416688,0.138431757807941,-0.11989738677184,-0.201556870250325,-0.268776277642854,-0.987317647233053,1.17218702791327,2.42202212485055
-0.0791042380314227,-0.182868767862665,0.039692137512147,-0.0671267001223971,-0.179292743566228,-0.26178599484819,-0.185393681202418,-0.438201086996326,1.23432628537593,2.64652612373638
0.780457043631912,0.326550950181487,0.126829503043299,0.219588530604756,0.3375668155145,0.407710651256267,0.270447928824449,-0.609618361656665,1.76437979719235,2.72084517952822
0.237425075913888,0.484779791099215,0.30979704509426,0.0597412842845108,0.259458745895391,0.601269789697113,0.524310571454306,-0.931655226487076,1.76249314522071,2.85248985935321
-0.381009350978944,-0.144278003013186,-0.406848952368182,-0.171024531226632,-0.111080965219702,-0.583797142375851,-0.409958598975605,-1.0722369034177,1.41721595181515,2.26029998490315
0.431593983425535,0.815812192033505,0.483630524510525,0.342237767706579,0.562978795741865,0.430538730577941,0.49122423794099,-0.167623379905424,1.4719848483426,2.89505744844941
-0.101348583041071,0.447176413405688,-0.0668229355047916,-0.350164231059233,-0.34596420109684,0.300646401638659,-0.0708034258113703,-0.376190382795269,1.12696457186775,2.58347457693035
0.159721988063381,-0.0833287594058544,-0.189374858170599,-0.470118540486759,-0.00261032834199698,-0.457607244671216,-0.554716226542136,-1.32788176089567,1.62986651078496,2.74870751522338
0.397503070696162,0.49733516347993,0.230620230242053,0.541689552407872,0.226436719973362,0.405508774848084,0.499738475184449,-0.533445530729356,1.86798261193222,2.99060869349426
0.770228205709256,0.401627867264965,0.138945868229635,0.228592472121404,0.0432272865597853,0.642566809696968,0.00101540496721952,-0.563252414042701,1.9428835919947,3.08310615799418
-0.165070600486054,0.542143144002941,-0.278139383294084,-0.174532588389916,0.123248545010538,-0.055253089853328,-0.0529114890915741,-1.43814090022854,1.13671151384142,2.03110128827611
-0.0116678971199139,-0.0818881500474171,-0.54487846212544,-0.236469557404642,-0.342286366582172,-0.646457273822882,-0.487835834427574,-1.16370949173087,1.34014528744651,1.87253820479844
0.575906820288394,-0.020398611354239,-0.502756426225774,0.220325731972602,-0.197388297623559,0.00842707328245262,0.126150339156666,-0.969590451270791,1.95084447765062,2.4800050705999
0.471257635654632,0.571030795419648,0.249854803093259,0.436518724959192,0.31986475067016,0.597126069940149,0.639962933800105,-0.565807752039484,1.79326043139829,2.46712533714353
0.345409369107605,0.720161902058782,0.224624570833883,0.4942962581065,0.185089397965833,0.48079144605123,0.14464640267532,-0.750618985241411,1.98525794586509,2.67485335972718
0.26250251202517,-0.200021185604705,-0.369083796879397,-0.491530587728774,-0.448157821860234,-0.462175282628152,-0.435703793958564,-1.17827391765989,1.07196858065787,2.21214509222779
0.0770396780950164,0.0682634745686521,-0.350135526353809,-0.622756168308911,-0.314345337914542,-0.690813314296483,-0.156754632682855,-1.39224096761528,1.13475193679808,1.91442405007045
-0.0777808077290781,-0.0116390577050661,-0.0940877842565376,-0.309095787906264,-0.302577241632223,-0.443348091340431,-0.60940369154934,-1.10164105754674,0.740039947443211,1.95423584492753
0.616729871582649,0.641309651449367,0.0354315130984028,0.31032047131978,0.434352714449768,0.59606639635996,0.52275769699747,-0.232721978800224,1.97810491517414,2.84750406375334
0.782950986100565,0.775069757291165,0.0676699892747982,0.552245336174449,0.199322018715191,0.292316412288741,0.38004857027372,-0.538905821086421,2.00204080545276,2.58151197207803
0.390647053876795,0.217786839183099,0.413558331015796,0.771835396185491,0.447412697500812,0.512611686286347,0.109051638657903,-0.335290791757574,2.00237907033835,2.6068352578084
0.849075996235158,0.190778374732584,-0.325923534063587,0.231023206461652,0.320043427347426,0.351321195515325,0.278383564531039,-0.576019897281678,2.10605143076158,2.94539924215351
-0.101636002072673,0.195159357642141,-0.494392299073832,-0.505324800081874,-0.0549852284956933,-0.482976426371889,-0.52783618998629,-1.56510565228933,1.29877468161255,1.59276071788745
1.1577273866392,0.79074843483498,0.27075692935037,0.413778737554031,0.872396922974846,-0.0874274078498306,0.475584981002605,-0.636821755131945,2.1118359488733,2.86791699978889
0.210750943645926,-0.0785520740719763,-0.48187172986917,-0.463241574715,-0.402785310859288,-0.0884293434578664,-0.769922621102406,-1.36826097276982,0.916338962766603,2.36648363117942
-0.0774800351467974,-0.496241892222678,-0.558402314080575,-0.478169132608761,-0.67779857540831,-0.390505781126962,-0.274929318439246,-1.57239868072211,0.827810990281213,2.00032997098225
1.15761657059387,1.02183337252227,0.711666040492361,0.810650861443525,0.814498690726446,0.790548407362369,0.753508533077915,-0.151493086844307,2.30499195909946,3.12417433045289
-0.241582003587364,-0.521458452715338,-0.704738212616485,-0.582617659535235,-0.616218808027033,-0.707593711567122,-0.626281086127924,-1.56470725704234,0.806658123842092,1.70934187816535
-0.255282260789857,-0.791059561031868,-0.209388673180897,-0.492864706262534,-0.29566294792955,-0.374334892800655,-0.670768512367338,-1.73381915882563,0.844156147520769,2.01566332423822
0.831912889168057,0.316252027559151,0.201633090152177,0.220687156801021,0.530641435800383,0.186282359753207,0.818577277862224,-0.454306798018446,2.40324579282291,2.99579766135342
1.2132872895358,0.973269651943504,0.787821234111117,0.996397718307515,0.944847823454165,1.02162166138957,0.809235323763113,-0.285745655319175,2.56676474251504,3.44951639572943
-0.357393338736455,-0.597410976328747,-0.782859394161135,-0.574282909964736,-0.625832804818086,-0.549058966882684,-0.761445304509139,-1.85642628359143,0.996084114242793,1.87883576745718
-0.38435422879685,-0.312835586633562,-0.646098875947982,-0.823470057091687,-0.937603218788394,-0.87762663635421,-0.467789667511566,-1.79172611715508,0.63549801476303,1.69297464814691
-0.423712167674266,-0.603519442102703,-0.971917412513644,-0.65466161416391,-0.885275966672036,-0.81559562135181,-1.00227214112543,-1.77315384207172,0.821354008051549,1.45201229231017
-0.496862859158306,-0.586186787211453,-0.887473636025895,-0.974805274645795,-0.805183034249621,-0.900237398066117,-0.688014256951411,-1.77301202901462,0.58842824000773,1.50821354275866
-0.680674930946926,-0.843415581974277,-0.662469623644047,-1.06402129836153,-0.891438358653507,-0.851148654954731,-0.967924306905332,-1.89743172427066,0.375296258484276,1.50113001497662
