0.326108496683786,0.140362293418055,-0.0638823875589943,0.0181293429837881,-0.0571583934646836,-0.0371375840286419,-0.0439586653713301,-0.989449584098719,1.48885280510789,2.38260328900178
0.334053247611316,0.284839136790576,-0.177494497710612,-0.0783938049159738,0.0163975022066206,-0.0823203065807245,-0.120835150884882,-1.02008739725127,1.44851300513257,2.23316377614105
0.334053247611316,0.284839136790576,-0.177494497710612,-0.0783938049159738,0.0163975022066206,-0.0823203065807245,-0.120835150884882,-1.02008739725127,1.44851300513257,2.23316377614105
0.285631923552469,0.429509667256011,-0.113568737148568,0.0647642776732685,-0.110223103593534,0.00749985168317036,0.212622303235785,-0.847214755791096,1.50670463415371,2.28665443448139
0.189872183976886,0.304186919608272,-0.180882504559111,0.0221805502435515,0.076941223393554,0.00344683155577369,-0.121658743071408,-1.13247466246863,1.63877641091385,2.33565674375303
-0.0444040916760017,-0.28005688739805,-0.187364843619748,0.413710678005026,-0.0607758970468588,-0.27248808522034,-0.162493837407171,-1.00679012746757,1.31424885820093,2.15148376706044
0.760659850370986,0.601139263210731,0.61832873508837,0.36016534401307,-0.257092144966971,0.204230456659546,0.220527783560455,-0.97481173677531,1.70484891497497,2.65175823488596
0.479367654650326,0.348606426828709,0.182551038004141,0.32324435895622,0.277204665819194,0.332164636982865,0.304995777197952,-0.829012042116016,1.63909757492937,2.81069423690554
0.504732872100583,0.134921960881278,0.152126488008719,0.524734796174462,-0.184520359464825,0.170882955910899,0.374803305616401,-0.939431035551618,1.49627159546095,2.15118463431564
0.386180036166355,0.416049509323492,0.118193522425162,-0.0580301455707712,-0.376982432151216,-0.12269658504593,0.0580030531391475,-0.726073334398418,1.6861734065873,2.55504182598436
0.51218816796274,0.388790701361599,-0.261079191968136,0.0395298144037206,0.116420176737419,0.119071949301846,0.257845722513408,-0.771184171814013,1.72344310073946,2.74093592826785
0.344415563302841,0.457629552695077,-0.249870931302026,0.0530378461806537,0.217750000718341,-0.237105371939041,-0.243103226101727,-0.734704535910943,1.08631072779762,2.09729545516743
0.651285807689024,0.824498067011305,0.318834059595386,0.478321610250351,0.0430656872395744,0.555866344579185,0.0598590903304356,-0.770395790870538,1.7446711269037,2.80506132046706
0.329967051405101,0.190523437365243,0.311109245628461,0.232388427806905,-0.448429839234289,-0.150821153088298,0.305737886538025,-1.10371840437224,1.35407635005492,2.76206071353911
0.600301553468874,0.439516923234153,0.32839390579916,0.373437370721981,-0.076800791068972,0.314966782187998,0.156912887670352,-0.582877523724683,1.81288209602766,2.85549527806359
-0.1073785267091,0.258150775051671,-0.494372835381885,-0.181482816405361,-0.495043356358099,-0.0430482104459073,-0.0463232175953128,-1.31303093488678,1.25767687403815,1.87078478420184
0.518204374575222,0.625832209499834,-0.00453846569235672,0.166263997903741,-0.288494628812175,0.272134348135565,0.437599523925729,-1.13502600913382,1.77706527007699,2.44629027607596
0.51974335429569,0.0824462056066312,0.117447630960349,0.236570876965258,0.497459713403242,0.887574369006125,0.122629378891237,-0.908325136619667,1.50737343630099,3.1283883975808
0.452659257686431,0.283286145848243,0.275983462128566,0.380493037840265,0.0224350194290311,0.210295219008778,0.197267428666826,-0.794035341509988,1.88248748605197,2.52812803630568
0.362593825069307,0.518221998079692,0.1978864263495,-0.455804319578804,-0.45339667765504,-0.361624106911251,0.0382598192490306,-0.233006639972341,1.62579928895142,2.65798274208066
0.0203388348805387,0.0259446697792475,-0.00999600411160562,-0.544441532579347,-0.182509071915949,-0.532179602681934,-0.174524174215928,-1.44108727421693,1.69720000749488,2.36346710757829
0.0228995536438388,0.24467955240259,-0.463557826378297,-0.10504180633413,-0.0784948795737089,0.0435563639323922,-0.279817747445696,-1.31275203475125,1.00801612662773,1.91492355304429
0.165714152880929,0.247718357767392,-0.239196877852086,-0.107382487193192,-0.723201790129663,-0.641578875285004,-0.16279278389578,-1.01591540187868,1.63573963968986,2.36583183408445
0.977748342762307,1.04215708425987,0.549524872163093,0.484731373942995,0.0578763087469693,0.0460191614426931,0.58796450141635,-0.401146173399285,1.83495532994532,3.18042922066773
-0.147384221000081,0.339057405949479,-0.629305314773535,-0.258279512707205,-0.680642769490587,-0.385088088015322,-0.370940672935394,-1.00498032783737,1.16750865425421,1.81000648887099
0.85374668763856,0.411719077337653,0.213821923469834,0.719914128982748,0.210307970613773,0.18899306923769,0.386766388469302,-0.817159562562466,1.94568240766613,2.7937499313042
0.255997674580598,0.028743050807732,0.126351315617745,0.747624875442002,0.691872332609415,0.614483094515728,0.293578952163439,-0.906408628761945,1.95271206901665,2.59113544256428
0.515404086398384,0.230165784320381,-0.110267605872666,0.334900051500303,0.449332288924794,0.62658512643719,0.754548898455764,-0.686231856473042,1.10742258852149,2.59807296441074
-0.607582927014596,-0.290251892986568,-0.582844334334267,-0.109810308279499,-0.522217713934983,-0.212855231307195,-0.198405637126043,-1.44069373117419,1.30312063627588,1.79851854532262
0.635051860765035,0.560848540696999,0.591403731585305,0.214582719248258,0.724440519805294,0.345226881946754,0.00430656973599924,-0.370510941074902,1.91188871194248,2.69237607942158
0.580523834558063,0.614125081393562,-0.0580503625151664,0.333151314326286,0.230208296839297,0.102117336380296,0.335910399507902,-0.548820883365983,1.9332776293374,2.55455956242761
0.392906756436629,0.266338985663014,0.0662595398326107,0.2584093737873,0.299402744957184,0.276051705115857,0.11984639791262,-0.615182887602275,2.03642160486154,2.83916754029867
-0.328480236455595,-0.290362760422577,-0.357014715867202,-0.193868144453398,-0.539570453766191,-0.556978166250094,-0.660678628824962,-1.18780980626217,1.2130837157587,1.93719442650749
1.09584254760658,0.521161736290614,0.523738554902872,0.364860694762271,0.676680648280478,0.692773756531839,0.453330098773158,-0.306586282245041,2.02737904342165,2.91768595673115
0.0612707946601548,-0.398044023882735,-0.618124184780395,-0.112960890793795,-0.233037790449608,-0.311235345563589,-0.747476253311029,-1.33402962717122,1.1462306031892,1.87111728756603
0.203212105846478,0.0287393822833178,-0.43123983931091,-0.374880570868007,-0.822802113301593,-0.292123605169559,-0.365563477051931,-1.54583220639765,1.37901749491841,1.7777023031583
1.14499750932412,0.925561346254346,0.577647720938281,0.661315751057701,0.568536356435184,0.785561142512407,0.502495852672134,-0.349810408566182,2.15920624256712,3.1418279198821
-0.199844845577308,-0.0564692696721115,-0.508516981323494,-0.493202677856852,-0.55994938813731,-0.478681394114283,-0.37104543228263,-1.46135056473989,0.961952412420901,1.91170565324205
-0.249826308485426,0.0986135984570618,-0.767147161175527,-0.523652061088973,-0.629717068063732,-0.153588344323623,-0.344997659877661,-1.50318065142982,1.12056033051184,1.85408220438954
-0.0695312471614408,-0.422707963764225,-0.879067333480988,-0.512934756445806,-0.180514614282127,-0.726967268836114,-0.305917296453486,-1.4316338111908,1.08194440345934,1.90975058797432
1.120930965316,1.0370228991367,0.925820451313027,0.789028217490781,0.664677647758936,0.748471827305286,0.81443800748752,-0.123425118921709,2.25101840780148,3.41676001716038
-0.0407655933101751,-0.343345298326133,-0.550228197403587,-0.903040172002851,-0.601096121454699,-0.580167204018136,-0.365309620665414,-1.31348714232064,0.702376604160404,1.4601433100626
0.0350384083952007,-0.105858528517465,-0.687240452747893,-0.496597811557116,-0.555435635804081,-0.560974613605296,-0.522106618547257,-1.68251136466368,1.03423077365093,1.79967815613212
1.38909021139061,1.14661377267994,0.869994776543931,1.1713380342468,0.782805988592739,1.04703875214985,1.00244384603024,-0.00237813968231293,2.3273478480916,3.54216671989039
0.121649949519639,-0.0625739604141415,-0.680455225321141,-0.595009711949231,-0.546630910046664,-0.426513953307421,-0.808429859267556,-1.82334391450239,1.19705196095124,1.80868133191961
-0.383454777575518,-0.56788529577546,-0.712633866941024,-0.584951385703478,-0.738761038101641,-0.75654180703051,-0.685843618067214,-1.76425440218131,0.808205821318046,1.63907780680319
-0.383454777575518,-0.56788529577546,-0.712633866941024,-0.584951385703478,-0.738761038101641,-0.75654180703051,-0.685843618067214,-1.76425440218131,0.808205821318046,1.63907780680319
-0.427660347537319,-0.613406550803051,-0.8176512317801,-0.735639501237317,-0.810927237685789,-0.790906428249747,-0.797727509592436,-1.74321842831982,0.735083960886783,1.62883444478067
-0.660748217039666,-0.787839863765132,-0.794921716208051,-0.735597688993076,-0.743877846859357,-0.835072375140244,-0.91245119859033,-1.96168501067149,0.671305033840771,1.42279373402157
-0.464922884722443,-0.614774668459888,-1.02419141927228,-0.86734580694647,-0.800175373921154,-0.837219559385836,-0.618597233205957,-1.97710570232096,0.461529007789896,1.66424742507365
