0.326108496683786,0.140362293418055,-0.0638823875589942,0.0181293429837881,-0.0571583934646835,-0.0371375840286419,-0.0439586653713301,-0.989449584098719,1.48885280510789,2.38260328900178
0.374132466156645,0.2617297724385,-0.0490464070923349,0.0551630067137763,-0.114992452301556,0.0401803990124098,0.0764308819529347,-1.02584369035749,1.56090592135016,2.39852503577033
0.46766628562851,0.139420082362778,-0.047779144068816,-0.0878128680714882,0.0117523366565107,-0.0484964617505849,-0.214543733569464,-0.973346340608541,1.4611248797669,2.27749441127984
0.489018458203417,0.365810991128509,0.0894694273715275,0.13477985072359,-0.0283997179117703,-0.0163483976608081,0.11402212632559,-0.84237373142386,1.57537843631725,2.58205977191827
0.416073656134049,0.0358650303654958,0.0225058749695196,-0.104393628007836,-0.128880678462115,-0.328972413016289,-0.0278036860437678,-1.13896614948542,1.37586024062527,2.28406924364591
0.402672770694262,0.0383903695139843,-0.0658504928848384,-0.240555462265598,-0.201986427781455,0.0332626603905793,-0.138682021051561,-1.1324921815713,1.36716113491181,2.26857623627617
0.483480349593839,0.142400355356886,0.071913665092484,0.24783863022747,0.252651516354058,0.0524622906734337,-0.0159001506879826,-0.801477027633241,1.63270181838115,2.49625197994502
0.453094684415669,0.343148170927852,0.160621561647287,0.0715847629053993,0.163153657376219,0.182335966102568,0.298891178767523,-0.802912608815429,1.60376785511406,2.44246563300882
0.425909183349571,0.338261888056494,-0.0548831407543259,-0.223626553736543,-0.121159886566598,-0.0310203293432794,-0.1146170191591,-0.725042645209812,1.24496974042435,2.37581172307133
0.528476299550343,0.0327364106698647,0.0621717604074099,0.171721808340511,0.149284951697144,0.153500447824026,0.0944604580923843,-1.00023056016054,1.32812238796576,2.68118900754457
0.153060692227805,0.36323246865406,0.325835688726246,0.0223695058060404,0.0877055222508564,-0.306387923241668,-0.147236916970477,-1.01661406503076,1.67622761934837,2.28692782019198
0.109132064216899,0.0589317406382711,-0.266693300081645,-0.0691952780773907,-0.21287902422038,0.44919094595972,-0.447118734562405,-0.89114077057014,1.36185815657323,1.67357074327124
0.906050942839062,0.645661737397166,0.384505873050111,0.214737206800349,0.371387062472025,0.356785930697401,0.199309972807466,-0.741526615651371,1.75907533643206,2.706437881371
0.374684370376536,0.403890726210322,0.252387042058798,0.435097749684159,0.260890569585175,0.141816468220429,0.404539250677243,-0.600402338829292,1.51789736683113,2.73950472435617
0.112097620926392,0.312453813925865,-0.495021964047704,0.301657086829292,0.177887185473787,-0.302969172620051,-0.0526641660070977,-1.27074526848658,1.64268651594779,2.1704006912656
0.464429478902083,0.0909910023854804,-0.439902519754302,-0.339123636558449,-0.0874345343786848,0.0299944637468282,-0.221181027401483,-1.31080759570619,1.48067290637122,2.2213318381773
0.287828120481407,-0.0593906592045502,-0.290379523494752,-0.0200185312169955,-0.285306294918927,-0.319888151695897,-0.415173376982501,-1.19046920440472,1.32204081519209,2.15502633054319
0.68231398641574,0.388968894718829,0.490327925477595,0.274165034639665,-0.0277426660592462,-0.0394776584804442,0.415253559929052,-0.512153519483949,1.6258089804192,2.240324318294
0.546750226792609,0.68451067923691,0.0958933053533583,0.786872497150129,0.571388517847953,0.2421419593756,0.0439682054394262,-0.800057303216711,1.49818735351822,3.06097575979841
0.284684773089349,0.139758393783469,0.127818840418927,-0.0981504720778214,0.135824807002321,-0.275103574502265,-0.263312808840133,-0.802562515513384,1.73891589536649,2.16698326962017
0.175510627803576,0.219300566324672,-0.295701091568794,-0.288863282609684,-0.00810180357828566,0.241470579488058,-0.212708300320552,-1.01265699086248,0.974351531242219,2.13028205034634
0.305733892245948,-0.172927299345438,-0.246497230029855,0.200863128036703,0.25273035677705,-0.483181136857057,-0.0747305582328957,-1.26819737127923,1.80540727545973,2.33120836243204
0.335103058010954,-0.447164085013604,-0.425361296656593,-0.0407482161257849,-0.322303305949878,-0.723713182386599,-0.0538701370844303,-1.11233048623088,1.44641892464482,1.95918874826823
0.526423582648803,0.318988237148199,-0.149893522864824,0.320157974486105,-0.20130361873532,0.0137360442098461,0.266390176389841,-0.987682224957223,1.82899363527322,2.252430113556
0.89425910568627,0.287463174394238,0.368358095816848,0.53609169659769,0.133763766603916,0.426640953383412,0.687014328357277,-0.436684224528744,1.64870223390504,2.90912990615524
0.447433830622476,0.663954045975134,0.424602885916433,0.621664913863264,0.23068445728951,0.402812022364602,0.0303388242380101,-0.824345753071213,1.93816445245564,2.65954736827941
0.328109667292805,0.234159074643691,-0.274854824782219,-0.34412029638927,-0.231845528575207,-0.177507947453949,0.0565750238703776,-1.43551767478992,1.09256802410874,2.01706069652839
0.537164823152863,0.728284338676484,0.531702705425701,0.376812928577563,0.683158768724814,0.161334615843101,0.767007200952456,-0.722007819050245,1.77629692081782,2.89689186147051
-0.142439635941245,0.117054772223037,-0.353627587553846,-0.231808261347633,-0.381895397409021,-0.423404028597036,-0.476050765031578,-1.06625432843879,1.02100743418505,2.29503336548888
0.786928837166888,0.658932311976926,0.252820537694994,0.190571619644906,0.336319577009123,0.394958888730624,0.424127578103693,-0.778631793918381,2.03079639574198,2.84041998677069
0.457923930840232,0.219801906118775,-0.306509859865755,-0.410570321492254,-0.185508908799437,-0.560922822832248,-0.387203090872004,-1.28335066493811,0.943920342172584,2.10231563545771
0.907181506668372,0.586194405793464,0.344440702812685,0.332348507779874,0.183515010385011,0.532039286393685,0.57394331976388,-0.812624074152804,2.053443234783,2.87342327186259
1.12107128167154,0.96424943980579,0.469155537353788,0.809733849764332,0.616343564849654,0.867640341101044,0.430564489454072,-0.0472251879350611,1.98849314081279,3.1107227456855
0.0853766719365548,-0.300614640096192,-0.19782804389271,-0.106248766468948,-0.210239143560359,-0.582487756244486,-0.282764635520584,-1.3886165400168,0.891837879734754,2.00117708668006
0.035616010687426,-0.437242061463544,-0.420913472427025,-0.364654466530805,-0.58087277308888,-0.222625814984416,-0.747592774081191,-1.15425995435798,1.12191185398671,1.93306272356457
0.11210836153187,-0.455448939099493,-0.472602070732682,-0.454896722399865,-0.33828745334366,-0.222831312684292,-0.428567940638904,-1.54788713706036,1.2753600533983,1.70598186247509
-0.0750745556197939,-0.219894456056237,-0.327629890337473,-0.223498078383564,-0.154085142613804,-0.072569644225308,-0.605446363278063,-1.6366962576898,1.29528740049658,2.00883769486193
0.893660624454705,0.150758893355746,0.184977932538956,0.489261767437156,0.661927310698401,0.520532941543483,0.458618986607393,-0.36851321194501,2.05318445544348,2.65016572448527
0.677467502520404,0.613656725968067,0.315678143120939,0.308441136653791,0.164346581659695,0.501379867078991,0.317302727156692,-1.00446161490313,2.25565372116254,2.96861401002383
0.228860315479256,-0.0149803293716528,-0.574557019398052,-0.525280701319043,-0.217868788487003,-0.460230893042402,-0.680961644017225,-1.43073680762828,1.08799055140869,2.25084195925425
0.926669253065148,0.74904117975133,-0.612526224936589,0.24021683043052,0.587972382030787,-0.503253435708605,0.280273795302873,-0.879960384237932,2.07807315786858,2.38323961855892
1.10382360245042,0.501079660993867,0.13362640866468,0.415037692427655,0.611869446539168,0.373623746576139,0.116251489232132,-0.437765308452485,2.21181177402378,2.95757670633247
0.122896683852599,0.0117918478907726,-0.440695360233774,-0.353149846913309,-0.743454866346224,-0.509106226706459,-0.12108726813332,-1.7308343944674,1.13705427047602,1.72969824151371
-0.25122238139336,-0.551154140335336,-0.720965561433213,-0.55046778195662,-0.618694733503619,-0.539402841451933,-0.386273214644599,-1.55279521571627,1.21225958075347,2.13117225950043
1.04807430317173,1.00744377639422,0.686570075753291,0.663043557772925,0.724542023173401,0.832045409641058,0.908300242718505,-0.293488694215078,2.2521392522662,3.10924167456514
0.0157646830986396,-0.0883818355926369,-0.820517665174268,-0.269997463903077,-0.367091966712927,-0.198980842578973,-0.600435873700867,-1.68259819714455,0.938104025843763,1.78593921855185
0.127913408327889,-0.363426037866795,-0.480108842998926,-0.157489073243704,-0.494261518799524,-0.649124323776669,-1.10547188444519,-1.51970537648549,0.79526293986285,1.63588291717525
-0.371751445629655,-0.620385385251219,-0.764818539645576,-0.673528930237262,-0.66477252346412,-0.552228252486368,-0.748580311022106,-1.71543712894537,0.747214306189746,1.82278090943012
-0.420160160032631,-0.605906363298363,-0.810151044275412,-0.72813931373263,-0.803427050181101,-0.78340624074506,-0.790227322087748,-1.73571824081514,0.742584148391471,1.63633463228536
-0.807431164265436,-0.838852067593298,-0.901021658290601,-0.869628595361936,-1.04004571179093,-0.915414597750301,-1.15074346803788,-1.88067837665735,0.44393316166473,1.39105475180003
