-10.913971047531,12.8733686526584,2.78731997105621,-0.664235963434244,-7.07180531727304,2.37482647054659,-8.67855869313871,-5.34447413341137,0.323870466568067,27.4482962504857
3.25139524524208,9.78182871328828,7.47469657488571,-3.97542933021427,-22.6397893702199,11.2054006306083,-10.8148646680036,-13.6728271252002,7.08913602159004,-0.422035027664707
3.66206526810646,12.1344425914799,9.24952881221854,14.6587991599842,-15.8618959360855,-0.541266857224699,-1.13140724956222,-21.9984956038528,-4.98831381728771,27.916241884321
3.66206526810646,12.1344425914799,9.24952881221854,14.6587991599842,-15.8618959360855,-0.541266857224699,-1.13140724956222,-21.9984956038528,-4.98831381728771,27.916241884321
13.2317851325813,-14.3245742973176,13.6321771515673,-13.7678366904651,-0.413699162337732,-22.6801173102808,0.625698315054553,7.29390895755514,-0.672324000326761,20.7765949712944
-4.59722604789559,5.31742022232487,-8.75348738176159,23.7015944062706,-10.6591997502632,-13.8644212160166,13.7352541629771,-10.2409950948769,2.94819514763373,13.2793319263227
-13.775462774979,8.85008934854887,13.1173268182616,-7.91969524749544,-21.1019933946507,0.463161965999987,-14.6444920970154,-8.33890257758668,18.43327280379,4.24310228355264
0.0430469133114473,-0.273211798028598,12.6198153047519,-6.37445707057093,-6.0656533525904,-7.47491063340661,-24.9716338777552,-9.58151270816303,5.36907634093244,-7.63127781641333
7.58654413110314,4.71455948529813,12.1999412283468,12.0611216350581,-7.4421819406413,8.37977720075058,12.9401946709955,-3.8379330588149,26.0474150251692,30
-15.1399062782982,-12.4794455752857,25.0767410834776,16.4653513649679,3.12168567621326,8.56692045568332,5.49154374006655,-8.75343688351607,0.924564982981025,-4.45665305080889
12.0506851299589,10.3128780071204,-18.8246088351269,12.329282553911,-5.515919827072,-24.0524653890659,16.5867484974398,-6.76321223079535,4.84524101702699,-24.741376018387
-25.4900073631685,13.6122947138368,-3.67488887010613,-15.9872710868527,1.71828530153939,5.29091979831787,-16.2257101367152,11.30954733703,5.63605475042385,26.9803506166504
-24.0042863207273,16.5615082797774,-1.43366778857068,17.6946185245143,8.66978584185001,-0.248378446031992,8.9025695302629,-20.5095389197619,-7.40028618193182,13.4802925021276
23.3339588265786,12.8753978531698,-24.3565035757417,-0.541324633157263,12.9072513247376,-13.0699285159849,8.85678813923466,9.2698837924773,-0.341102339057723,0.642421968324431
-10.1244973633205,26.3216445147273,4.15095633469257,17.5966336017831,-1.61725986272759,10.4517495474697,-1.361485522407,18.1337867361539,20.6179881136269,30
-18.426479817565,13.1275360708051,-12.0480698114653,-8.16079297552546,5.44797721504169,24.8254904234652,-15.2391666725143,21.9829286578015,-9.04219199010121,-24.6392975250129
-18.9604938095571,-1.92359066367834,-27.9942530177762,-15.8609678618061,-9.90300122552861,-7.77713585498124,3.14354099679247,-5.60365756978763,-17.2202235914868,-8.9595879802275
5.02875712951831,27.7604808753959,9.96502901422988,-4.75959078336813,6.11097124806214,-0.046188471390451,1.13685411916663,-9.80793561169518,-24.4468970030312,8.44769128910437
-18.1498106164201,-3.213413074852,10.7642144621515,7.89974030000596,10.7463378273351,28.5146530414838,-3.98796714317135,-20.4755584464273,-0.963209681895549,-25.8960680486297
5.9277461615708,20.2820439626426,18.3169811016942,19.4751187407369,-4.83164359147456,10.5981926528878,28.0421372107694,11.052605184887,-2.03187441715334,20.0056564857216
-10.4585608239835,-18.1769863293961,-6.86093041415606,16.549534833199,21.9375822098205,-2.33305686281367,-16.8337442329768,24.6666492494342,-18.832615560733,-18.0379395711926
14.5828315047381,1.44852253296247,17.9981441518401,-21.5183740716862,1.16902141650499,-5.98489302698841,5.58322516298173,23.822629486223,24.6093807491854,9.930522731769
-4.99727964398081,27.5673074115881,17.4361844294734,-2.83208721528836,19.3970224420843,-21.2040738074488,14.6572942754569,-4.42922293185934,-7.29101882172042,-19.3034865743134
15.0077994868887,-4.44478889856081,0.560286075502333,-5.60988279098449,-19.0740010492806,-1.04864590482543,5.58481348108164,-30,-15.5923697334637,0.0528417379984536
10.5908601562575,-12.0471976893284,-6.12038778894747,-28.1198653183791,22.7225601516949,8.62335878362586,8.9569507816087,10.7911804642775,-21.1762712967204,11.764582155224
7.5842716053855,-20.2845636431773,-2.48594561784481,1.562066235785,-24.6289453395493,7.28170253372048,18.6500078142612,-17.938751041673,24.9665783386608,29.686207335807
10.1326439135693,-16.5017188602923,7.20468772034288,24.6132411597001,-3.88646006923765,-26.0628976094181,7.5514709862158,-18.9772961096768,17.7388615568466,19.3713289626766
-9.59790348272239,-23.7737085509403,-24.6105033873801,18.8277880023902,-4.78883660598269,18.0516334137989,-3.82511215900966,-12.2586237558343,20.626979164816,26.2829820519819
13.6392692541101,-0.103612205321145,-15.9412150088854,19.7421691127965,-19.0045274230957,-19.5645161048349,-10.0917347927609,-15.7494565564425,-26.3922190650328,1.34219952281859
-15.3163700566661,-19.6255066454713,-3.38855334469224,-16.8800844778351,-29.6594555245522,-1.07160381954474,-14.2460603519401,-10.1373951763261,-5.30398579118878,-19.3909490918523
11.2669841655159,1.86890857033275,19.0387129284306,30,-19.2082717175312,-5.51408076417132,5.32398125650032,-13.4736198494114,11.7096212977814,1.34291675437304
-17.9851476399314,-19.0937900569266,22.353799489847,23.8309206773029,2.06671322446088,-14.3376084442466,-1.89478212096617,-16.9052304167645,-22.7235041427035,3.56345303442905
-7.82421714614458,-27.8140273109939,10.7818751366949,-9.59543870388979,-22.9306993235453,6.96948778956379,-23.4897457123825,3.26216678966206,-5.61965776508984,-11.6981400680256
12.0262273114701,-6.39142388497208,26.2729573095075,-8.36522367753965,-7.71223317868493,27.2146283125803,-17.4630595606605,13.3450121524566,-3.35511950969374,22.1018150597416
-12.406313647846,-14.6061820416997,-0.33878914464422,-16.1379018106776,-16.2192997459656,8.77426705288512,26.848400762875,-25.8401478319008,-6.99698171089849,20.8899225504681
-5.18473807280859,16.2832155393526,8.26251106799558,-5.19295837171319,21.037937288066,-10.567256814674,-24.4998190848388,-27.24732598769,-10.3113129353877,-12.4921416359935
30,8.32268631322986,16.0178167836121,8.19051531697348,23.5306693604526,2.58230642962783,18.8024973983944,-3.88937492786556,8.76572412736406,19.8671621197925
14.6492501288458,23.0415362855461,15.3676226316363,-10.8782174750713,9.6649387758269,-2.10518388307212,-22.2241552821817,-0.0995860121244299,-28.5173460305334,-10.5158563875359
16.6224483864223,30,17.0524079106008,-1.06136640321938,20.3894117968135,15.6842884789461,12.5707365429167,20.2669056508625,11.2391048945203,25.9001264940915
-12.7868327388917,17.0154151930794,-0.197874046109071,13.5048319624773,-30,5.52403159589327,-3.71763162722217,-21.3071558036499,-20.392969143863,18.5001884455053
-4.35902433483159,11.6033770811255,22.7218893537016,22.2266948133873,-18.4819446653681,4.05185664529673,-6.38794967328879,13.9222100001894,29.5224794932511,30
3.11339666272712,7.10492022232487,-8.48353507651517,28.5293254987076,3.29961660990602,7.04055615954904,29.124318351813,10.3023607609789,7.77790257449045,24.4181074365268
16.4687672561153,-4.15189065216338,-27.5462700376713,2.89622588011981,11.3492433028552,-4.74429570806255,-18.7009960664405,-26.5655373618954,-14.3944217893939,-12.8479008533128
8.74383811559379,10.4726597984197,30,22.6208987918878,-1.59737785720883,23.3461601325626,11.0035976570169,-13.3759662436844,11.6044892192103,14.7297944167561
-30,5.79003531932503,-5.68237699864076,-11.2892359634342,-1.81714693217987,3.06232647054659,8.55548386005278,-17.0699054912508,-27.4432528211032,-0.748567861012553
0.48397834602039,-2.14151138601358,-23.873148851463,-26.6088870867114,19.9815658448691,26.3043564402901,6.10780868474131,-15.9123649102562,11.2173603939658,3.65584281842708
-13.4250648757344,-4.80277208536743,-30,-1.12308091840469,-20.8890870115563,-19.8055976866048,-7.80397622183045,-6.36430590568773,-23.6647080781727,11.9716396186304
24.1428233935236,-4.22509407359411,27.9901017972853,-6.69342758684038,3.84612196517939,20.9519471578096,-23.9417306358183,-0.497863145806615,11.3683583910445,4.67437267195132
24.5507755703753,28.1513501060122,9.35569933531166,11.2862553667088,-10.6243478288932,25.0585109485613,-10.4331121077889,11.1911662424586,18.0879796052445,-27.5353696292278
-23.2285407820975,-15.9003703959313,-11.4605880300595,13.8126780496713,21.6748949919436,20.7874381155398,28.470198782271,4.25218356617462,20.8257964967957,17.9919108919491
