0.326108496683786,0.140362293418055,-0.0638823875589942,0.0181293429837881,-0.0571583934646835,-0.0371375840286419,-0.0439586653713301,-0.989449584098719,1.48885280510789,2.38260328900178
0.245140373262833,-0.142656574506473,-0.407288980965588,-0.133811876174412,-0.0657111614514138,0.0936834898546472,-0.0448908750812264,-1.09335511253255,1.32375846548525,2.19091901712883
0.197928792857353,0.182427359800671,-0.343659751404195,0.105367344027936,-0.0780361199336323,0.0673847904093621,-0.0375735666734929,-0.75266576699489,1.42592605223487,2.65142024418477
0.753196717684757,0.212590169439341,0.316754698207082,0.234675226335744,-0.102337080273468,0.284629173847963,0.111629936154602,-1.01009831923305,1.7939556313321,2.86249135074465
0.531451671744764,0.288135324697513,0.00414796141993001,-0.10827452657894,-0.0664815940450555,-0.186512786043847,-0.0998640560401644,-0.990829385973966,1.72552124418592,2.28554579696016
0.245028591897474,0.565934863774133,0.602498340350406,0.155097210674092,0.421635894585673,0.118547957668167,0.0453774431346083,-0.744940654769851,1.61626599719688,2.4941626950584
0.208468062042326,-0.32923537395008,-0.0616391960563945,-0.030738997077392,-0.0954177654365095,-0.439446199252968,-0.118421021576185,-1.29966365892439,1.52029174637785,2.301421999109
0.533137883657611,0.489703989139001,0.104843866327944,0.321475266680139,0.228045383341062,-0.0948344051218625,-0.141603065154898,-0.752654752520496,1.70446990660923,2.41904242789708
0.537138571188635,0.393879202160281,0.0205611369069795,-0.178410253239214,-0.0785714042505257,-0.234858009769946,0.0758076132739811,-1.3965302357438,1.54374916606168,2.17308779571328
0.500619645566055,0.30520345586504,0.393158457970895,0.289067426538762,0.177313604875987,-0.1261557430564,0.32116962827413,-0.913705866821672,1.40000179576551,2.83900571147543
0.0484203397834282,-0.109006999744537,-0.0477383454208274,-0.221397406020738,0.273379459024147,0.197882027254683,0.292573977553793,-0.849991471721762,1.25304911430926,2.62870342282952
0.57612259620247,0.0831828133385806,0.109078464895403,0.248061299516514,-0.0836474695705255,0.282031486089666,0.178473865080213,-0.43183153495271,1.62758911684508,2.66786178634803
0.794104300033231,0.249224538178024,-0.204634634319185,0.25592293473664,0.403471543491884,0.196600094069104,0.317589904810557,-0.62600248384064,1.63190342885613,2.95088065427256
0.53326502977225,0.247218804245851,0.0419414698332645,0.267663811411115,0.288896243493268,0.238681061066826,0.174309260731773,-0.546470474664445,1.70939145671772,2.53464479309425
0.475203120018735,0.4875687769775,-0.401843000384137,-0.0956250649783247,-0.0314527158168243,0.148966763062806,-0.0608940154365542,-1.39622610740143,1.71118000028538,2.79899701422064
0.0108756950223637,0.386582819406318,-0.0175582456341963,0.0289813181085799,0.500515379506594,0.158437391231419,0.205934086615109,-1.14173918088264,1.24149389025346,2.45445228528184
1.10923176165184,0.587663838587736,-0.0645999131656075,0.448079182304051,0.223771441825623,0.193959994303289,0.0332903738639126,-0.68776669493517,1.69480993479213,3.00450683666944
0.405089454174536,0.313348290363969,0.234185553505632,0.0738378066828207,0.175299223401253,0.0536070707033259,-0.124139567268333,-0.59513085961653,1.64226303795485,1.8575569216653
0.181752608590097,0.137826282056724,-0.0206310715360451,-0.073589734584346,0.389270177963888,-0.13622895670492,0.0402731405585891,-0.972603222912735,1.89127025793808,2.6959293303836
0.458432555083489,-0.0610814675713854,-0.0932596588017038,-0.408199971814968,-0.143630429517918,-0.477610708437938,-0.407513567882529,-0.939366934188028,1.56352688569643,1.97821216526113
0.407998521345248,0.735909018092647,0.580301881061445,0.451206804704998,0.308846237889845,0.348720346712638,0.123356830775072,-0.831652516747463,1.90333607901728,2.81797826657406
0.944871234328772,0.511171633833245,0.388431096187804,0.427992137962047,0.321516321006191,0.352933012397932,0.506401526457094,-0.411503836338093,1.68313605011692,2.54424990111018
0.875924988479996,0.592820658379832,0.627950516943118,0.026368940706006,0.16650721633881,0.179901002301798,0.226642930196307,-0.661563240870921,1.86565524336118,2.77394067329866
0.211167463760544,0.268472001695168,0.137094514873587,0.119365780563431,-0.103095801061828,0.0199131237161008,-0.0834386208435571,-0.787440273063793,1.88676159671339,2.53398286765135
0.227121867312062,0.407477677978313,-0.685634363644714,-0.448442909422931,-0.013951487303258,-0.106229265891858,0.072277921749431,-0.841225641146511,1.60921872870102,2.08332141060554
0.410624273946415,0.667781866666971,-0.0866486654880492,0.083600227035325,0.41007226773464,0.703049163584327,0.322853309822538,-0.620012121774094,1.81533470607599,2.79848819397187
-0.0209901149217672,-0.201212202352928,-0.556089114384261,-0.199577478496618,-0.54936512028995,-0.125580980255057,-0.464662387961845,-1.34322316900438,1.34734337114562,1.96249715692631
0.666413998286113,0.188521203155767,0.522464583471488,0.491575335976235,0.262231956471383,0.415724036324727,0.468585905731242,-0.698792148227728,1.94104301971406,2.87971703276413
0.688993747786523,0.619143962797969,0.148077151032436,0.640600096433322,0.540778298101788,0.252670696073161,0.27841277738515,-0.579547027626524,1.94043700251203,2.76832668075751
0.103706904255479,-0.241819739562011,-0.650572119858995,-0.371382058762445,-0.108828985993451,-0.512320025677448,-0.150394587436112,-1.4665105248206,1.45039178523332,1.92498123659466
0.202284934893695,-0.170422414781536,-0.374963599247095,-0.350638097135132,-0.32541993283745,-0.231452741545768,-0.28144198350547,-1.35807454001958,1.11355921719866,2.24508558864015
0.514500852294957,0.408508451643388,0.0866823987212272,0.400553181883644,0.233294362053218,0.893402735352197,0.0886818018135571,-0.997047459110322,1.8924765282609,2.36520039648088
0.669339659736209,0.68882663861272,0.430796844677974,0.113870536684894,0.269187410387572,0.448784313792603,0.139275519620835,-0.533714012578018,1.99097608606998,2.75948234113487
1.07087095719188,0.534202519353578,0.613924509527837,0.617929943316876,0.428323297085023,0.648510575465214,0.519830226430364,-0.504707483653537,1.97739378646837,3.03401793736557
0.545643108576937,0.246998892681534,0.117625024439592,-0.241691146151553,0.0746494672383064,-0.391424147942387,-0.515872271368777,-1.35585812541546,1.89680746217268,2.2321460600659
0.460879386171657,0.162473142474659,0.449089310554213,0.619544437323411,0.414539719742864,0.256561241176057,0.53976774972301,-0.410547354253093,1.96055091831544,2.84809484808818
-0.068838458529733,-0.235486325995103,-0.531866992976954,-0.367678890063825,-0.164391531484917,-0.647762022204789,-0.624110813693714,-1.22721318544976,1.29320018108898,1.86809187525699
-0.173832712380834,-0.424355402414614,-0.436284547646275,-0.588496741405902,-0.486447127554238,-0.145880639621192,-0.161589041053749,-1.14408499099986,0.842457347585419,1.97810517156399
-0.557286434110788,-0.34615849721443,-0.457840644217588,-0.475590278138138,-0.130307164154226,-0.15243200230463,-0.153110806992829,-1.49718472145808,1.08737752175088,1.88629661196896
-0.0132648302495335,-0.186144220731945,-0.130923596750538,-0.616630672034475,-0.379141211127884,-0.246818625978374,-0.615177137307208,-1.2808152437688,1.09385157372151,2.15187154658992
0.0568204705955711,0.049138148282245,-0.565991097278508,-0.371756013426613,-0.674328845793824,-0.672772894454186,-0.45481939382444,-1.2844839019026,1.40017070125677,1.89095768680706
0.069680338228797,-0.21526591822208,-0.545981480372979,-0.550760333820841,-0.471538848985127,-0.46524100694491,-0.0652396756041227,-1.46959241382732,1.18399894445591,2.24614776174593
0.505076314838242,0.700773345860995,0.238713967648149,0.702070021857661,0.720283818614655,0.168101392293866,0.497492632890636,-0.483622042517865,2.00465327605435,2.71665774567659
0.814470197565942,-0.0430335089219732,-0.247270233066543,0.135630351690587,-0.136131709294874,0.190385667898604,-0.281732168810933,-1.31968118732592,2.07552579037911,2.32334813052204
-0.311220109170981,-0.327437097073792,-0.60362467227789,-0.505585920523102,-0.33231185975238,-0.529807758064115,-0.280197115391659,-1.62204472130131,0.755284547436517,1.74761889853002
0.940198646545205,0.727168756461633,0.256835436051659,0.57020104007705,0.516993368104724,0.436495762457127,0.619583970845264,-0.364036701184054,2.39649159091448,3.11932169961245
-0.217163108992009,-0.569039503127741,-0.829000348297507,-0.618145778564776,-0.689245670465533,-0.748259874869439,-0.516865528675179,-1.87779270410309,1.00711215200308,1.9316823529409
-0.673277773424119,-0.545156138723864,-0.868674484753193,-0.829363863043798,-0.701787570540293,-0.597924664778425,-0.598603469466624,-1.76672650043382,0.665570555132589,1.54667397045953
-0.492827039469308,-0.615013759338121,-0.777420590434767,-0.718911520848592,-0.947764495138814,-0.991694420231562,-0.78477045502747,-1.60773214413676,0.640844626387044,1.59388353917852
-0.745467433557741,-0.953372044370133,-1.18815153472738,-1.01491567483999,-1.10004869854998,-1.21737191266909,-1.15249637970951,-2.11722102305958,0.419032002887986,1.35761970510122
