0.326108496683786,0.140362293418055,-0.0638823875589942,0.0181293429837881,-0.0571583934646835,-0.0371375840286419,-0.0439586653713301,-0.989449584098719,1.48885280510789,2.38260328900178
0.380815467046502,-0.0209701821559068,-0.1906766459322,-0.135496700735135,-0.258295576397108,-0.0239942929485554,0.0965915738631197,-1.0919561396895,1.53869331547471,2.50536833558954
0.179438984482642,-0.211289081747216,-0.244190374632341,-0.0551307102674352,-0.078226264958956,-0.364369424725138,0.0267437577877871,-1.05772334777037,1.52064180385206,2.13895720721664
0.0350198003010425,0.0575648713172632,-0.169315687915549,-0.201414058992625,-0.216872355003919,-0.2174561799684,-0.138643486546826,-1.24185163924783,1.51109966787972,2.27403699043362
0.293294328880415,0.296996161682646,-0.125050423398431,-0.151687586144202,-0.26116096803362,-0.241987278227001,-0.0973064845944354,-0.810633120779711,1.28388842352531,2.35808023840888
0.512385473888442,-0.274310376527186,0.385876900689966,-0.0337100154978635,-0.0281293764032068,0.104589108228481,0.276216226802909,-0.975887440193176,1.48960530248936,2.38022960131593
0.244782022402568,0.0803137260318796,-0.351487431923609,0.360051394600494,0.379192855788925,-0.0109849338492673,-0.0778979104604711,-0.493508355986124,1.38668367840832,2.25143281248067
0.129068882726184,-0.24271161571879,0.132277113641121,-0.239372751620413,0.291454551196389,-0.136774426308029,-0.110666738052246,-0.972160039388156,0.998570158531449,1.95017563941096
0.0705751706406539,-0.0887816195698574,-0.105042278652859,-0.123953917936888,-0.0748929137327819,-0.111464403477205,-0.119019209267373,-1.07277897458471,1.67452706635849,2.00079404330894
0.385573162291697,-0.103762200026786,0.13172537628341,0.115077042998789,0.119571329152002,0.718116201104141,-0.000395888026128222,-1.1274097589202,1.58730847051872,2.78738270644859
0.357255771473231,0.46902739948175,-0.385258742328983,-0.0725560278107394,-0.413798657731044,0.508354074374683,0.0978904450266519,-0.794874112262325,1.48312030662399,2.55978023675732
-0.114222610315495,-0.171752995325522,-0.192356288731213,-0.416275254419905,-0.334218897458302,-0.269443704557822,0.073983532833896,-1.18049384820771,1.37460509703512,2.35158087934131
0.291794402830259,0.0174145693778836,-0.308969349119975,0.137938898801265,0.0232700133066943,-0.506085271477848,-0.226119895611482,-1.24854571282958,1.46155922334086,2.53465858051211
0.0168356437647841,0.233630356048992,-0.457926789660103,0.00424311289817586,0.0683805387338668,0.188515749434317,0.0560062671130622,-0.984888968779644,1.7293652080413,2.26433946188106
0.815844020634598,0.54675892051473,0.182920299310895,0.285692244117274,0.18160479990559,0.363393290591556,0.390037580564152,-0.499124181725397,1.61440366277932,2.94925731618388
0.431021475505153,0.554219938453361,0.0624794552198097,0.571694674349657,0.332883481846273,0.190245446783335,0.515560623745824,-0.945460459634171,1.57397280612222,2.45329335198157
0.687382998831154,0.623526773927544,0.395357739866875,0.0523940465088588,0.144683187810536,0.215155578915857,0.120084819753391,-0.358252168398759,1.6900508885113,2.51030506276485
0.0236115158838258,0.181923484079257,-0.106838410372701,-0.224582175541237,-0.62321928569121,-0.152518043346484,-0.488191264545942,-1.0677001117243,1.23202161431093,1.97970920142699
1.0627370345125,0.338163859497684,0.154248593828847,0.469094313286001,0.0387970145470667,0.383001110368462,0.536262484366801,-0.928551979797027,1.62193669183916,2.70836347112608
1.237005365534,1.1152982253677,0.648153493081408,0.246113237599144,0.259638401570222,0.56168869956485,0.273571749054298,-0.254901135485853,1.60875928343086,2.61634474003704
0.729521658919848,0.368370482484309,0.291853034784645,0.716149900109148,0.123586649277414,0.114218638113844,0.297955491393876,-0.598711441590497,1.39620504422998,2.98739547049383
0.756460150983492,0.725713241153337,0.712927434124235,0.211682949331771,0.169661077028341,0.663734010462762,0.646793636507626,-0.689700849926579,1.69652325714875,2.78015349114581
0.727628826433781,0.415078498398748,0.731649247406752,0.247431246569689,0.670613123780518,0.178289464677256,0.140934222840936,-0.47776293954943,1.71712035095917,2.56309369998221
1.26520085425581,0.747414229664158,0.412842994613015,0.540617468273587,0.269212161143982,0.592061552518348,0.509134059084693,-0.593676645689935,1.65491312958471,2.7697838934762
0.705034880332599,0.380545106335816,0.52241498502469,-0.0656837419975392,0.345386165878452,0.0862024015565452,0.262275057319393,-0.850359178822655,1.89487025491031,2.61712254398647
0.462664157335394,0.605315289932874,0.451233656511766,0.521960752938424,0.470604420414776,0.4635048620691,0.199203101934659,-0.814300075366655,1.89825712212053,2.55739094452576
0.627447782398072,0.803627599540504,0.18821845277714,0.65722708734469,0.327456991150701,0.0700052731142153,0.370327048914384,-0.505578616356783,1.76535050096042,2.69395860035709
0.598404218075865,0.447427221366527,0.269376006943948,0.243861413385697,0.336808128628062,0.137682082728035,0.387894172549961,-0.690455048378759,1.88009525510181,2.569364780553
0.71690853006216,0.629038519314298,0.228109246375933,0.137121391544099,0.26150223185556,0.312989348397712,0.601588136224343,-0.429276723881685,1.84102366452734,2.82974776922485
0.0240021774770461,-0.280767265502872,-0.367243853817452,-0.403106344457735,-0.419022468388652,-0.313550646753379,-0.328357367899498,-1.38290381646999,1.18402159400184,2.01816702120823
-0.00603812307845134,0.366313355201937,-0.623648417814295,-0.192634530206519,-0.18850337929468,0.450758480332962,-0.0275362236300118,-1.39057558410431,1.01838840475361,2.05605501403293
1.10261917045006,0.881854123278863,0.874644732944712,1.14709657790022,0.836694289977203,0.88414358892693,0.499498010425205,0.268091625740965,2.02567811902787,3.00657183604696
1.0983591280911,0.733873120074185,0.814256863884658,0.365267652139138,0.188774739432928,0.504711431328614,0.555064909545154,-0.655384123769826,2.01394788254308,2.78572245668003
0.228048060996578,-0.32728165094672,-0.214613938137149,-0.210529333441027,-0.392892366126434,-0.638523761632228,-0.379362960560388,-1.16904272287274,0.873307410270989,2.20071965425703
0.225535963940912,-0.345645506831231,-0.712654667910222,-0.288557925224931,-0.761808456959169,-0.591759860714123,-0.141503664232118,-1.37145924527956,1.35350813028953,2.10854293876414
0.809287114200521,0.182380555772442,0.264656437015835,0.896363807226173,0.514320570977168,-0.0978269478231824,0.404526781565331,-0.442664602070421,1.99302180837487,2.69594890309275
0.744821327444227,0.531906607770823,-0.00872196506578965,0.288138608417025,-0.459619246701923,0.545916668589984,0.0398125559146951,-0.418764036649261,2.06579722473916,2.71312305381249
0.197903368478658,-0.431066278010517,-0.379497005499194,-0.445191120336675,-0.676206012512303,-0.330177877068935,-0.503142338840718,-1.44732504197418,1.2031385193936,2.11049444546437
0.149912633704428,0.178378002733195,-0.434467589539675,-0.18717719569129,-0.0157184255107426,-0.281144189108446,-0.374324587531848,-1.26199962705639,0.682135906807485,2.41913454282685
1.075904529956,0.523359599223814,0.260254046391425,0.925798023270738,0.411979392753859,0.258267126014333,0.821302571275678,-0.34190360704527,2.00037190931385,3.01888839354522
1.0403942109695,0.854648007703769,0.65040332672672,0.732415057269502,0.657127320821031,0.677148130257072,0.670327048914384,-0.275163869813005,2.2031385193936,3.09688900328749
0.913855016437119,0.763513759384062,0.585014941440378,0.559253202016269,0.522509136873503,0.604800677623482,0.667491865169364,-0.290043915095785,2.23150864079002,2.94485451454071
0.884480028063997,0.208208308695088,0.272944727744936,-0.0706567176087612,0.349118781355917,0.137364492553104,0.181883116502734,-0.562092764672996,2.20442407301927,2.49884002694046
-0.0428055625838669,-0.259369014384198,-0.585915831328443,-0.44098820565515,-0.447533058804675,-0.308858238468252,-0.581110226452391,-1.60887763639186,0.820718936629884,1.93270963224243
1.25429564881899,1.11406275571644,0.851176282050503,0.885152337086873,0.78870869607596,0.851703935274792,0.89524084147657,-0.167052766302886,2.32577495782902,3.32637197854077
-0.174275779752439,-0.314508672854985,-0.577395146520926,-0.543419091484555,-0.639862732495468,-0.576867493296636,-0.533330587094858,-1.59562419487431,0.897203529257594,1.89780054996934
0.801867687647457,0.161063773132678,0.586583337110688,0.761760367777398,0.303617464777597,0.437189840829214,0.348013757765594,-0.0425815297531196,2.35514123534475,2.89365118616608
-0.10002297966804,-0.370749703197024,-0.777324726891746,-0.767751048044747,-0.856259863346636,-0.560795885326092,-0.667621120135634,-1.49671345902677,0.885420783630701,1.54212293550563
-0.270239733391823,-0.51933176410507,-0.46753985796755,-0.648342149124858,-0.722096670526049,-0.601873876256776,-0.765487025740193,-1.64761552455604,0.87917068590141,1.91014442447013
-0.563531366075863,-0.863894716879008,-0.877852709521751,-0.977121815266466,-0.975523245284388,-0.889851867823128,-0.704973996123633,-1.73493940265327,0.62021243087775,1.68831557321886
