0.326108496683786,0.140362293418055,-0.0638823875589942,0.0181293429837881,-0.0571583934646835,-0.0371375840286419,-0.0439586653713301,-0.989449584098719,1.48885280510789,2.38260328900178
0.241623233937698,0.289976248923058,-0.281917573520271,0.0567689408568501,-0.195032088421808,-0.0832753286550101,-0.132607385025181,-0.813546874363209,1.4656471341674,2.29939345449974
0.517271054734409,0.362410800132999,0.183881024253689,0.157507992407998,0.0404869386310763,0.180583416919734,-0.00762023511165927,-0.98148507689134,1.7113153876334,2.5872215309777
0.291372588964132,0.284738317958009,0.0553803078173671,0.0713401823574592,0.079901802007978,0.17639252697596,0.0384342437635406,-0.878640235025394,1.70877057586166,2.54996754168257
0.0973517538819291,0.200288004281132,-0.0967918659714157,-0.110910840157722,0.0565538638534496,0.024333387541156,-0.181500099349057,-1.05861313435138,1.33220335918954,2.58611908316127
0.0215763178458863,-0.0908964537255625,-0.127685626556967,0.0111204304912986,-0.48442441524864,-0.285637358643527,-0.273797687155202,-1.03542644204449,1.45669792336519,2.03335575458119
0.421661565076364,0.502941499789791,-0.0748965677074886,-0.128955553652573,0.481256059036492,0.128452506736702,-0.146284402830372,-0.647107044938174,1.4823627733885,2.47299294853308
0.333278169837836,-0.356200536115953,-0.386194347430757,0.0801596654178739,0.144069440951135,-0.238718033251258,0.259962731879599,-0.835914435285826,1.36321708286427,2.48063654093652
0.456620284193233,0.158073675888954,-0.212212276866891,-0.0851277464744236,-0.194599632472088,-0.0895581398339651,-0.0604228329547785,-1.43652541035427,1.58682330651638,2.53933912933024
0.218789135684199,0.0144699611608677,-0.159930437943177,-0.0288904608314113,-0.302166111616643,-0.22316773106603,-0.062195751889719,-1.14838158406404,0.983042446348073,1.90518797514386
0.165138794006539,-0.18394044903723,-0.391641470280002,-0.28427641946478,-0.356504868488755,-0.201713551688811,-0.26124645307735,-1.16685790466941,1.30975158135147,2.16681347811013
0.666227194736654,0.112011951066054,0.137884545524825,0.33210280013412,0.234194300891304,0.27400864938035,-0.0374940632087522,-0.432482985926724,1.54153371009841,2.96286874407383
0.464661880697468,0.51104973744753,-0.147624083171078,-0.365249311137646,0.239073872703836,0.137917105846953,-0.367098929568277,-0.662997961566171,1.38800229014578,2.81077604538063
0.373625712654248,0.342458953958234,-0.451582435439762,-0.237341730325211,-0.404476042835689,0.039573708638018,-0.198546452215703,-1.26947487633348,1.74506336427093,2.25644522092381
0.231148501858027,-0.0411477408000037,-0.263920056495943,-0.120676621545984,-0.303640422679301,-0.169431538079314,-0.33266407378534,-1.24487285773019,1.06608629244628,2.03049910961371
0.254503974178423,-0.475940316382189,-0.411689248974955,0.0830176816918255,-0.153492263960045,-0.186032608107244,0.0509890398839469,-1.45215882583215,1.40105874748856,2.38339433389748
0.478558268689952,0.390399685943311,-0.251425680106546,0.359662007530836,0.0493380770902976,0.559537992050559,0.370514868512316,-0.894668649173073,1.84042205991277,2.4308387701783
0.214129093742492,-0.0046755164657149,-0.077921487954024,-0.0421018534587824,-0.430419632935568,0.124906908947195,-0.21845215103108,-1.39159550568536,1.79030748530295,1.99396818073065
-0.311151384618473,-0.150125200648272,-0.395482046282274,-0.136407932147977,-0.569101437794785,-0.539377159115793,-0.406782603661175,-1.13551334034975,1.2170284048617,1.9372829981378
0.304945270762284,0.529658186892581,0.143391291293118,0.314302417495106,-0.160138178244408,0.212396778531611,-0.457960475191176,-1.1440867029076,1.76278830495998,1.98559551471753
0.680160424299837,0.57481351293025,0.347702978294664,0.574226903959398,0.53334224838384,0.319335211468544,0.248724261457938,-0.382667906525846,1.87212806643193,2.64085293032172
0.619289287935809,0.442122818748658,0.432437977820838,0.214906455071043,-0.175539782605029,0.35688510922955,0.256488976638,-0.708372362949953,1.92767007777722,2.56442553800051
0.767733867711685,0.684566887353649,0.727216645322003,0.414653364106813,-0.0582040060509842,0.313012846804095,0.551482267678075,-0.618938000133808,1.92407357488948,2.91668369278255
0.540594936284044,0.455852040161565,-0.0590683708336016,0.143632333594344,0.433717141489982,-0.157526711916654,0.437746383675705,-1.01404612456793,2.02229530331345,2.9237988014139
0.360661280319328,-0.205698766700292,-0.24636790010508,-0.477389834421433,-0.174225052646584,-0.0600594379933554,-0.143929594550795,-1.3240561696946,1.92808936952395,2.36449563168484
1.08524508731143,0.927034394047608,0.413432592961795,0.496332346253032,0.526654333684909,0.795909499473453,0.820573800671476,-0.699661561556224,1.85658979819969,3.41310566871719
0.846837916172004,0.374780382446899,0.42572462809365,0.206301176799251,0.619107431531805,0.091688144765456,0.603309474591117,-0.534054601214001,1.84778745743455,2.67631386822098
0.642786367219888,0.318372974344302,0.417215010216891,0.734113175697613,0.247838112980088,0.475988297816101,0.786104931415533,-0.475893418016778,1.83733923529344,2.68177887618446
0.671859164710235,0.510006500020747,0.219040198429557,0.820630402593586,0.341152532323161,0.849437680433242,0.643409606010364,-0.495979253091572,1.90302198506284,2.9020037180381
0.837711402273654,0.774682126872274,0.5394295963194,0.564512519034033,0.701986734577144,0.631099394930905,0.412153687461883,-0.416126335999947,2.05085403177834,3.02005198517986
0.919948166698134,0.692959504910532,0.414275233773811,0.470105202256447,0.514702376293909,0.520958621933418,0.415182728780948,-0.356724167478037,2.00429714640251,2.78008600714447
-0.441112221959141,-0.45956633715651,-0.493369916251633,-0.0302196815934794,-0.698132416206518,-0.486478711140125,-0.494762996724102,-1.31722768868281,1.42492793479993,1.74771049970932
0.34638294468381,0.34012299827194,-0.792860488310493,-0.537351388767217,0.140761986648614,-0.0954752412387939,-0.0540747274614929,-1.10169539769397,1.02646043615092,2.70374377197228
-0.112144284571336,-0.50274574018698,-0.232275219431801,-0.0367997678328562,-0.621245318283785,-0.538509656788159,-0.528824454936259,-1.18880004908812,0.89467719845243,2.0214839130178
0.0722260561940586,-0.131119815789229,-0.595930602491974,-0.040824543881662,-0.770875273714962,-0.549923386746909,-0.533516223938554,-1.156722248091,0.924165254555321,1.91802754242535
-0.190553076216437,-0.051925295962511,-0.414894557864402,-0.406525607999765,-0.596100946476123,-0.54905647452071,-0.304986974908673,-1.69130796061016,1.53203108970726,1.8315668915232
-0.219081373108373,-0.379013298115269,-0.888189350523756,-0.425087097215726,-0.549084016037858,-0.283904754304105,-0.235046409415425,-1.40805906948516,1.03204279812404,2.06942829770531
-0.0194065201760968,0.539617307775215,0.0704414834257283,-0.103444239449847,-0.136825664494054,-0.319464692436882,0.294246640313314,-1.31443369468176,2.03950963139163,1.83047804134898
1.00720171693563,0.90470358374195,0.258173493352022,0.741810962605875,0.201462500690358,0.352662011768651,0.15514080426344,-0.464288505622447,2.14322481502768,2.73697513989125
0.852997809242776,0.731699682034273,0.397522570416191,0.598378973328648,0.64234077670979,0.257322142768075,0.58939374668409,-0.78831432746721,2.20579107055376,2.8585152666048
-0.159335214692215,-0.384139616297111,-0.626289313353417,-0.544153487997296,-0.559144494511666,-0.505786295467596,-0.702636666890857,-1.41341844158267,1.14833537878623,1.8747677931868
0.0175419503910441,-0.482164038858267,-0.590905256216261,-0.670663414268097,-0.334639677741748,-0.597981496830813,-0.452088213092801,-1.51797449128285,0.989221854727345,1.60006449896875
0.480200283692692,0.772543196006789,0.148789752550112,0.583535304308679,0.109170094690905,0.725173014780838,0.770141560836711,-0.585957308196126,2.17706325878849,2.67801632217037
-0.230213660236629,-0.198850360450866,-0.784636296900482,-0.541977448661285,-0.912061916720599,-0.557390176475709,-0.394585881458087,-1.32802481425178,0.750741168755999,1.76581220963541
-0.202218398403745,-0.457448408566445,-0.722850112591836,-0.517229771300667,-0.612550109141434,-0.661354904609671,-0.639759439005383,-1.47558874020173,0.914552503410684,1.75387587140033
-0.0672678099544387,-0.470451403758105,-0.468222993661166,-0.238602115160657,-0.516055125730951,-0.557270272467658,-0.623814232707493,-1.72277302640416,1.05642020064946,2.18743259808396
0.927719158375107,0.836129444508111,0.361355188941891,0.530610919992289,0.707006190859747,0.727078597310639,0.0786106607236137,-0.0259331701422632,2.32535831368929,2.52341325746363
-0.256656376190754,-0.462433771842132,-0.642389358430342,-0.63717590418587,-0.872746113736212,-0.732283320443292,-0.789981146956072,-1.58737415508359,0.835020823896859,1.67726109447493
-0.329821611963047,-0.644479089980913,-0.364829568422566,-0.491327898232442,-0.805521756660997,-0.248036822990306,-0.737859649023725,-1.84507119106433,0.896256380120704,2.31725163820985
-0.67867943521696,-0.719914662002973,-1.20275476379944,-0.968806716953968,-0.998145130493914,-0.990994512519069,-1.04020998475794,-1.840219936203,0.64621155203126,1.381665868172
