0.326108496683786,0.140362293418055,-0.0638823875589942,0.0181293429837881,-0.0571583934646835,-0.0371375840286419,-0.0439586653713301,-0.989449584098719,1.48885280510789,2.38260328900178
0.683674119861297,0.498205758485077,0.320490009683501,0.0061719290451745,0.0265970454470504,0.217212504103514,0.151527464862004,-0.8135028265478,1.61207098590371,2.4822185923226
0.178403816795223,0.350303223638063,0.284957428664877,-0.164895777497015,0.400213264309656,-0.0101672117507653,-0.0600473081633761,-1.09651978537867,1.56653212639272,2.16127390896024
0.15255919088101,-0.0304249544674364,-0.309985750971628,-0.0907240677564151,-0.303261756877317,-0.0813592821418494,-0.254310526666588,-1.16633637655155,1.41809808812676,2.17255022296404
-0.106842621280689,0.0189199381259787,-0.648602545084286,-0.0961868241350788,-0.187323371523538,-0.235605174180119,0.0612740778216311,-1.12365037266519,1.3901129812224,1.99704894118332
0.244532856479553,0.336932863251394,0.0132891045439056,0.0110947778665522,0.299609642579274,0.133911483422911,0.12498445101917,-0.699468632202958,1.62145101168515,2.21343986685435
-0.037747292740295,-0.391912669934979,-0.41789169149125,0.0232131617689137,-0.429625767073528,-0.251412138429569,-0.198811381619722,-1.01257635685893,1.42829622447338,1.96121366895271
0.387493565063562,0.0596458066299849,-0.349532865425029,-0.274632208252896,-0.180004732566463,-0.245851235591736,-0.352392212820011,-1.12624868654309,1.57841770553911,2.30699433754043
0.679943065419699,-0.0210175792042324,-0.518873895554474,0.34502818338543,0.048576168743053,0.162735483867259,-0.301191209132286,-0.771322227888989,1.40059589423375,2.51616747200781
0.135415385378773,-0.0457202358175957,-0.0501395648652409,-0.533063483429675,-0.0800802186418969,-0.23027387523058,0.132571363723151,-1.05357965113167,1.01355521408485,1.9121314025171
0.165602256185765,-0.44441367652016,-0.229523154346109,-0.0918452068401073,-0.433426849633595,-0.513168312040677,0.0130104567829861,-0.963578182746214,1.36438034687525,2.30924290575139
-0.0497134117142121,-0.0196235813484249,-0.14959020106424,-0.413293828718441,-0.280466808371756,-0.576630379603694,-0.31879090035739,-0.987908375222257,1.10781144265813,1.67742416971986
0.475501602193686,0.466553188834397,0.494743669008767,0.552216508598639,0.335644047836699,0.402508266034944,0.637431772531212,-0.81073265503766,1.58847339518702,2.73327847451907
-0.252956724972004,-0.12700507057164,-0.0674954528755738,-0.428012942022631,0.130710066259567,-0.28793331083282,-0.395417371681741,-1.21930779549062,1.05960165467351,1.84774237412914
0.436143707951392,0.438303788542649,0.13732485590177,0.285249304129976,0.161394302018561,0.38018114314924,0.295112800460699,-0.97640837387441,1.89775784827009,2.63115341327684
0.753698924016666,-0.0213381757304987,-0.275403256001809,-0.114395508163564,0.111322522995468,-0.0366270190997273,-0.233943608807934,-1.47288152982413,1.42830425265013,2.02003082852253
0.563829509961717,0.683043235581716,0.0749847990630061,0.615068263022965,0.0864520390754899,0.429373810315464,0.357852007814952,-0.453738948368922,1.71895884517037,2.88589171293801
0.655138233107635,0.690636547251653,0.188685482413712,0.285033042005241,0.251169051628542,0.294458671951838,0.073076211788039,-0.603951388716488,1.87644965927822,2.64706358836438
0.333656033394471,-0.265486854719792,-0.383795645275458,-0.326586990877666,-0.462601899935406,-0.525206352247731,-0.271628131591058,-1.28747053503847,1.50726665020246,2.29960541315161
0.443782088778542,0.373212202812557,-0.296824127091168,0.352566965049799,-0.304161472583172,0.372851149648818,0.156541567956724,-1.54906972631377,1.59647949748177,2.6728491307384
0.131365548320057,-0.295641378700419,-0.240510337074268,-0.298516867216227,-0.358434165088177,0.0275409099274386,-0.413304716571013,-1.15306330504701,1.19347308443585,2.54128162400625
0.714646621987332,0.308034996302025,0.332244373004386,0.563336067200053,0.154109212169119,0.63355322750724,0.358455821550199,-0.852039759296246,1.91138801637549,2.76326564149512
-0.224801027614725,0.0493987516779809,-0.51469392911384,-0.232531791975899,-0.138210592852775,-0.22853561287281,-0.533757370585764,-1.36087364477018,1.53288690795785,2.2726746123404
0.345012957604949,-0.204609637897746,0.0850340183257292,-0.187904406676561,-0.20227885419668,-0.0642210284875539,0.0220137378384461,-0.917245792103997,1.86833837612182,2.16574119154148
-0.037201408761013,0.163549445334989,-0.400564919516352,-0.382870291246177,-0.0436448529473449,-0.289400446983055,-0.364444497399008,-1.09683382121016,0.875419639505582,2.00342027454873
0.110872322803499,0.53542157962838,-0.1643260203682,0.32875338735717,0.439406786337295,0.300555519119626,0.175782091359946,-1.07275783555273,1.9328082186871,2.49127273476011
0.037883282936979,-0.361001029874672,-0.651693356739098,-0.304546421110263,-0.226396509473789,-0.257655947401064,-0.0869599495425711,-1.32213501483177,1.08203799473927,1.94227307422551
0.691908291961392,0.0628733460114885,0.308588451461141,0.588896301671431,0.276006537095942,0.120934183454144,0.30768790583006,-0.777317841273381,1.92411839420295,2.46784767217999
0.00193800161913343,-0.0588840173911454,0.0587246226437813,0.199328079785432,-0.382050922968527,-0.328881682193102,-0.315734674945093,-1.26402966313465,1.02871562896771,2.38554371638313
0.860647185329802,0.681334388455731,0.60682235995791,0.404974687587332,0.486075549816392,0.562247247109168,0.374657450773407,-0.430907061821084,1.99557754152737,2.97146276990853
0.0476891897797554,-0.329925186492504,-0.706789178133506,-0.458766047186116,-0.359347759717267,-0.324847256450242,-0.451564238088139,-1.0631191352139,1.22264764463382,2.35449822379804
-0.390431903054859,-0.275966790149156,-0.342750411757698,-0.277911689130523,-0.322258981944225,-0.408832438053486,-0.200919292917984,-1.54117517884721,1.24625441890732,2.06319754922001
0.501323638569256,0.681604680944047,-0.0184208046870981,0.165238978661887,-0.121973305436404,-0.0840993345826926,-0.0356063334208228,-0.690957353329299,2.03670125382253,2.70813313207131
0.707211299424166,0.549523400699735,0.595757212653337,0.761674871933854,0.289275227755032,0.648202998196989,0.275160412569254,-0.62977737212701,2.08791999351719,3.06007013454342
-0.1509502103562,-0.0566347714159292,-0.53125289829356,-0.580310669500218,-0.515027520545793,-0.621859481298278,-0.390769949275738,-1.09707318736137,1.05771575380259,2.09211727938113
0.891489770346283,0.719902998949435,0.648414985622765,0.602591320594201,0.812335884892408,0.784597573725696,0.828533008203908,-0.215495175797564,2.07517631182125,3.20987870802833
-0.195727834102669,-0.0184073909513204,-0.751501898902565,-0.190511484116589,-0.419709932755496,-0.43759269459636,-0.439827148886261,-1.46524781639187,1.02825210472771,1.8421291374853
0.359398332588448,-0.257456554960813,0.0909025629266682,-0.0570718047331879,-0.0149046087238429,0.22359281107154,-0.254849051802626,-1.22096876878994,2.05137196129236,2.04201906077709
0.479282665312998,0.350361893371192,0.273430497261611,0.299231574823463,0.680682111101173,0.159795602872656,0.538063340880014,-0.658256450454084,2.17099591833164,3.09523369293954
-0.288632946351662,-0.283657532473151,-0.616809562068099,-0.344125669691951,-0.37266263953769,-0.638743447980064,-0.477458368353023,-1.44076116542097,1.04252768846845,1.84540516522651
-0.0986821453359227,-0.180657487273937,-0.907996421594271,-0.185682185614808,-0.406668722531187,-0.395674518875368,-0.0621062782076441,-1.47095334586501,1.05110557168329,2.2786585704936
-0.120035664298916,-0.329178324303571,-0.382863224586183,-0.482692565240671,-0.492421242062632,-0.640706378562334,-0.563028242287694,-1.48599921647528,1.1795451901524,1.86666053137934
1.0253252638137,0.507876397128781,0.324499535605734,0.397258189318488,0.415113321372264,0.448772880500126,0.503319203466754,-0.614126735032754,2.22539597363051,2.89515068198135
0.103514941662434,-0.730511051851655,-0.211018760673521,-0.100201540661825,-0.655317813409908,-0.678432736711227,-0.251175273294059,-1.52014347597165,0.93075902587328,1.96381754755044
1.09649587799631,0.743865765036011,0.625654328932327,0.509190037697086,0.603830940621375,0.446851205879386,0.478489235485747,-0.260182907030697,2.23041519751484,2.88463307924413
-0.281962834890642,-0.640753592965089,-0.802943497450501,-0.372414208601485,-0.57153808149167,-0.668213742235746,-0.421100741640642,-1.33705767403341,0.83124362803286,1.74219028556185
-0.253109805669548,-0.592452798734358,-0.681627313444471,-0.571130030862525,-0.77462828363028,-0.581778401082164,-0.636967752258235,-1.41486591163839,0.85399560886381,1.82100718556223
0.699612581902248,0.849236696183129,0.0942622226339561,0.631175584899702,0.59392262837489,0.184591139889097,0.596699636168732,-0.277456052341495,2.37192189911512,3.11399025414228
-0.514324705937426,-0.467859731615406,-0.966955758620229,-0.514337672781308,-0.704602197665191,-0.862182297524158,-0.70294730829086,-1.56403324634399,0.906873323625907,1.833579821352
-0.817874090716107,-0.641246659513598,-0.893136922289377,-0.882516085262287,-0.714031498336695,-0.926309349930961,-1.03836836761084,-2.06329159304005,0.746817300435385,1.42060595314979
