0.326108496683786,0.140362293418055,-0.0638823875589942,0.0181293429837881,-0.0571583934646835,-0.0371375840286419,-0.0439586653713301,-0.989449584098719,1.48885280510789,2.38260328900178
0.327305498936151,0.221083486425692,-0.199325715325329,-0.158080049862796,-0.0624650030244451,0.182616736520707,-0.0414326817254568,-0.859196053966579,1.54253565059078,2.41319286726586
0.491358043133558,0.137918384090823,0.0134635189719242,-0.0801788321032286,0.117762858745456,0.0847902330295427,-0.0462901318418468,-0.861261292633955,1.65215385124292,2.64885756989855
0.451077959791813,0.220976177936128,0.180092616012253,0.056046223465988,0.04997429370397,0.0489775242529817,-0.00430068696285468,-0.961980372823971,1.69279742761595,2.53401065150386
0.603594344482996,0.56445495210507,-0.0863920422954757,-0.0588978544800359,0.169865060197243,0.157020939327567,0.0274060301888517,-0.840594877924461,1.56420290945238,2.61273965145249
0.44136650058092,0.320609421283989,0.165859429774292,-0.0193801594474735,0.117733855601269,0.223218149307422,-0.095111515838792,-0.77680360060953,1.59183201970321,2.36047396420653
-0.0220809244374608,-0.184565059418292,0.099482940042896,0.209709182012332,0.278996469468044,-0.224407100302321,-0.203655156677924,-0.732399321135518,1.24182854307895,2.13702306242659
-0.00400944363068989,-0.214302924012838,-0.0640799053456937,-0.172063298987695,-0.292305014557712,0.335906304458114,0.00957389849401452,-0.832980749647529,1.57416072368082,2.66580595641216
0.542463917839894,0.0620033403452687,-0.283795436797545,-0.148454125561056,-0.183540843050336,0.214845764988344,0.154476953989358,-1.26533968637247,1.4681929603279,2.3142154460704
0.219269914800421,0.0221523014553544,-0.45239780311269,-0.22844977910243,0.0130765355225403,-0.0345677996376741,0.388147863312086,-0.886858193688735,1.25293377339266,1.96374148873746
0.387844288819602,0.011251255093884,-0.196720252749162,0.0146047150697914,0.277411039272086,-0.0688992301248706,-0.219639082596109,-0.811685125607357,1.62720846001952,2.27576701672589
0.113770254862505,-0.122558863263889,-0.0129251528978044,0.313144470882958,-0.372881714639732,-0.416808903297869,-0.0913494594267408,-1.07058425177463,1.49732724526664,2.30288361488367
0.448670061590032,0.191947724632113,0.129558710399614,0.336127983881963,0.130432041370109,0.0618204313920925,0.199311619304678,-0.894898805799321,1.79315126097988,2.73861818719729
0.553089918421419,-0.108749243701058,0.158078445971768,-0.231406708217713,-0.0692079945959654,0.292616863637002,0.25385322308059,-1.1278598150192,1.70493465924827,2.36026491639219
0.525384901591713,0.313420907317674,0.348247106910511,0.388833925555234,0.232168297639873,0.590888322600568,0.162283340308961,-0.713748790631539,1.67203411337073,2.55857785898139
0.465602548628063,0.378302999475438,-0.302942731028076,-0.21335358418042,0.203910547263834,0.0411197055210447,-0.0292358179125329,-0.580011292633955,1.72907692816599,2.77269206873305
0.467569392946064,0.102425611897923,-0.492581030732717,-0.26916192892015,-0.461009340793892,-0.424944481861777,-0.242428874711105,-0.918521848845016,1.14511297977565,1.97133144330698
0.477660041546409,0.304833372184026,0.00608140339768243,0.432734228495686,0.128770210737522,0.0112814239001641,-0.0701390521869219,-0.617632185919342,1.80480924969632,2.64079103792041
-0.0159178177223396,-0.272201468214286,-0.336734867604447,-0.235351914494169,-0.387002959599882,-0.255312939420564,-0.233593569546083,-1.29105123249501,1.28528704868703,2.09461361514374
0.553484472447487,-0.0833880872156483,0.054125593216088,-0.350255223103533,0.402442121790103,-0.137565536201226,0.55557851837586,-0.635797101652522,1.62176039412532,2.77464021748353
0.938172057874345,0.409574753471521,0.378766156826113,0.394408061564153,0.400437528409103,0.38471228709761,0.483236425685123,-0.451901263159011,1.72553907614989,2.75858899649253
0.316611882833737,0.169546716923763,0.148264389028014,0.26424613058339,-0.0469069474039043,-0.120691524535123,-0.493203589647462,-1.21157010190455,1.70579680385516,2.0066010518511
0.801548330252798,0.618754149707124,0.115062886856997,-0.10741822130109,-0.296030408729569,0.29547950525259,0.235508720601882,-0.786623744515574,0.947866581998171,2.56418626739159
0.499544748685822,0.549410913272518,-0.237760114743931,0.390022828269979,0.598928585849729,0.518236460271689,-0.00352530915150823,-0.604385704598259,1.91647801399495,3.06133983980567
0.676383248789913,0.447193315735786,0.524125005812479,0.190013487265733,0.240124605961173,0.317985400447659,0.365358057216658,-0.555308075175345,1.97059612622088,3.10017184327144
0.0934356139953269,-0.0777274660490334,-0.421746656982322,-0.0880516100374694,-0.331110861517559,-0.25888042951518,-0.658156202166822,-0.930774919908054,1.77920587342925,2.5659909792238
0.384441398722789,0.342643541565266,0.209427917729135,0.231418034355019,0.578005173405592,0.215976880404023,0.631487741580903,-0.510857843749673,1.85473212211843,3.01685859506392
0.175475855353373,-0.112905303838057,-0.417453064653527,-0.315859015810044,-0.388805537678613,-0.643557727886167,-0.577869613637663,-0.947123442249715,1.19019970881767,1.97680252085445
0.275565706429682,0.0385412827984282,-0.355420088647792,-0.384299900736318,-0.435876626339855,-0.565711957920971,-0.489803239311527,-1.27285997366664,1.16914441652786,1.91086484020372
0.810909614435431,0.531301431049262,0.22521904604216,0.562205949950276,0.542631139882376,0.482715245677491,0.527152845803466,-0.34230341419946,1.88283292993878,2.57400795253648
-0.532592664288633,-0.00428922139231608,-0.473037693863494,-0.401546037498645,-0.329995018442796,-0.617652515530184,-0.552131469585646,-1.19780256034671,0.993639272715476,1.39144847918728
0.228881469171901,0.140988245624138,-0.295128943768069,-0.610399156573139,-0.273019542829669,-0.103006028520275,-0.661283168565398,-1.15512529325269,1.09557831609701,2.26003190367956
-0.0826368444700929,-0.127854419634185,-0.43398442330409,-0.409252880946959,-0.102694027879379,-0.359633846555914,-0.324159055464843,-1.60308536015553,1.2808593608102,2.15594687246171
1.06469685825737,0.807770238812709,0.783740390427864,0.522853723952123,0.759355375191942,0.661391993854253,0.667777412055368,-0.421761066628337,2.09937359874835,3.2330159728261
0.342594508214582,-0.194975200718055,-0.374446670174373,-0.565881679789403,-0.705341917146609,-0.514200968909982,-0.314740530281426,-1.41337465222479,0.97056582121013,1.84842727776616
0.566363201807847,0.459352299455698,-0.10215044226098,0.102993883693342,0.21568570036867,0.237382379873088,0.129914367205309,-0.577976942263331,2.1149785401809,2.5057102559249
0.809446827729237,0.728084368856136,0.556916810520245,0.758991394897486,0.280245220716796,0.19980104449406,0.416598600520447,-0.378597163412604,2.08253707195061,2.48908947427562
1.01623592258343,0.910466312928436,0.653335195190555,0.760092694417448,0.674870669870642,0.65085432362883,0.557371499505253,-0.297763018016669,2.18923738711981,3.06367583076245
-0.0853321136742314,-0.54131427866416,-0.422605659759093,-0.411089267717961,-0.559772948852531,-0.878782687939475,-0.441576600084101,-1.37247227472121,1.08343367868314,1.75078910200194
0.260803410798484,-0.317352823095678,-0.575972118410348,-0.354812261402911,-0.422563016872399,-0.369970199679212,-0.382591026559342,-1.52749664134678,0.983392668276108,2.18038698472587
-0.159079365518855,-0.206734324420668,-0.0175416608541876,-0.580087452518465,-0.285074333030869,-0.540531083068824,-0.293761049483094,-1.52753029739757,0.891440906440657,2.25224674205687
-0.157688787021796,-0.198184607867361,-0.149331762878379,-0.244976372812017,-0.44343840481148,-0.600203904290408,-0.701939092545851,-1.51484029986019,1.03328197377494,2.16710700803394
0.0550814736419842,-0.48606460281625,-0.37010576341829,-0.526097324998926,-0.0982329823964154,-0.474971642509384,-0.504097587944632,-1.71382837432064,1.21796334233809,2.28896002877015
1.1078553157929,0.746113215009982,0.870461961021917,0.859151651307742,0.66486060533218,0.699061399523645,0.797585538111158,-0.142835329093077,2.24895719029381,3.08482526022879
-0.186712016136726,-0.435864016503907,-0.53713386910567,-0.4010921360203,-0.673122898805065,-0.516745536462681,-0.686347546181761,-1.55153662219318,1.00579419704928,1.86273768761444
-0.301186112299745,-0.754203744545398,-0.402199340248915,-0.359593001603678,-0.958423845206534,-0.708223442422538,-0.712374175554121,-1.36915720659759,0.761477581364647,1.63324595142795
1.15286575456872,1.1764742619533,0.968364622594357,0.837712112679124,0.832288418641,0.715219986896626,0.847970111180041,0.142438700558763,2.45743803996654,3.39886936599546
-0.317945197278206,-0.733898893581647,-0.509908685955302,-0.685681501017145,-0.683823020196095,-0.82966194624845,-0.818254229022278,-1.66827728840356,0.739478554971517,1.5260813670083
-0.2684660109342,-0.356359234481963,-0.867078545890085,-0.860029334087932,-0.719448114258241,-0.659324709838956,-0.874958382240612,-1.66260392573132,0.791091136609834,1.73303486225944
-0.164162248542175,-0.57959058533344,-0.803704911932615,-0.829718452772517,-0.810876626339855,-0.874777891986905,-0.615221299512196,-1.68046866931881,0.688375185758625,1.53936134370023
