0.326108496683786,0.140362293418055,-0.0638823875589942,0.0181293429837881,-0.0571583934646835,-0.0371375840286419,-0.0439586653713301,-0.989449584098719,1.48885280510789,2.38260328900178
0.352776765161696,0.320614613280665,0.213832066590673,-0.00628238753381616,0.105335449306434,0.016797969339098,0.150374108924987,-0.875075667472909,1.51759358197092,2.57756425145487
0.588800163413812,0.218138470629357,0.423301002223506,0.162961916047926,0.144465654110181,0.238937762790012,0.214270024097179,-0.843377066140029,1.53840001457028,2.37980699317263
0.295550871942145,-0.187505606318077,0.0933255385872349,-0.0760751527871272,0.506491333016192,0.260121730049072,0.010983416186575,-1.03191174274685,1.49505198434713,2.56728666137126
0.589413501752645,0.213952194854113,0.309831179841899,0.230850434296952,0.229079201251688,-0.0589588439020177,0.148130276049994,-1.01752119875255,1.57294717739118,2.89734837656716
0.482033887784717,-0.309282697304962,0.0273461754691776,-0.147272380016893,-0.286128239093951,-0.0210048968620501,-0.023696953149849,-0.975946136920906,1.5342914339523,2.50645375825422
-0.0103572704222277,0.130432290334096,-0.246982103726674,-0.250730378640713,0.16150279598516,0.267101784665585,0.181852772983525,-0.767147116861382,1.58976882642894,2.36292405369025
0.531771210815079,0.307625810099578,0.132148670689263,0.221281789241836,0.113941423713543,0.177169501427604,0.15825635262657,-0.745336376264011,1.6806057957665,2.59267155286152
0.268281643028253,0.289403314150545,0.052931324473393,0.415712880828218,-0.100019287837689,-0.142628706618704,0.108184834320619,-1.00752007872348,1.69767098044023,2.42464196140205
0.742060933068091,0.279999128979711,-0.199537540630636,0.219760897566994,-0.375518746596558,0.410001165274986,-0.094204907722037,-1.1572154220297,1.59572184420901,2.15868189175472
0.4017090616571,0.443933810544665,0.0435550937235927,-0.078718210758164,0.0703367725507527,-0.0986840364249443,-0.203783541751949,-0.61432511666178,1.63874533065022,2.78009711545163
0.510474785757269,0.318507132603993,0.118291916733705,0.34759565128648,0.0895975324732098,0.555484599939411,0.151652715713471,-0.972830039969902,1.43423116097919,2.84753954572865
0.383228039727442,0.307804153883171,-0.283226996438487,-0.0307078663185374,0.467045347687996,-0.248101039178143,-0.127015143776646,-1.25301547557159,1.54475620403454,2.50891907847546
0.458209395397214,0.271482423286502,-0.108730159182863,-0.146085952420573,-0.372502401311028,0.405710381257365,-0.120589801707701,-1.28387139361871,1.37350179683356,2.40783772848905
0.466732422277489,-0.00863070984334463,0.394209090288232,0.36707992454905,0.10459142707967,0.246855959601599,0.157719675814117,-0.530623570233067,1.6559025246903,2.86224405785756
0.741992017795378,0.480915507601699,0.315853449762369,0.316193211791846,0.128029301962882,0.206726758605834,0.445472810765876,-0.782345935626373,1.74242967379777,2.43056100087565
0.554705619230562,-0.295976941722182,-0.445925908593267,-0.109401948035703,-0.154807134275712,-0.274382771130544,-0.263240209052493,-1.25508872122211,1.61416439813436,2.36091426944609
0.463480724540541,0.375899293539631,0.538357819259292,0.573747331588328,0.433493185529469,0.514168587535696,0.329025012911733,-0.72422582546884,1.7845725440694,2.68899298655686
-0.342451806878585,-0.241520961695864,-0.0490823215136419,-0.270534793606538,-0.280341926244196,-0.0931176504944345,-0.387217902190629,-1.01045751694424,1.11782135393511,2.30711722246841
0.783175880506224,0.51962998596513,-0.153123218756926,0.435195148734001,0.287076888128936,0.265339448224526,0.617550792501737,-0.935824250751586,1.41759923798386,2.62055337454754
0.327043721498518,0.701193167805,-0.0730806059733614,0.308054582006573,0.219884444628606,0.291981722726234,0.287623410105356,-0.836673082519708,1.71644861800925,2.27189480251357
0.536609742461732,0.551923926163844,-0.367338713387406,-0.138049608065308,0.318726283690455,0.232148372704095,0.330037773084299,-0.683443131350045,1.70942073894245,2.18368663610303
0.891179244641718,0.516928135680973,0.760055647433449,0.66978677263054,0.355444107076692,0.304019395719359,0.357591900799327,-0.720419432742416,1.91316393530138,2.95045330599211
0.580186271732401,0.255187297358767,-0.130453739841487,0.591506316789174,-0.329525874470669,-0.219401504494701,0.162258001101881,-0.527894691403273,1.72086258491289,2.38222960512014
0.69464173547907,0.685316846902295,0.219206951620287,0.523353018913495,0.10808365037763,0.55163872339411,0.134021814925646,-0.769802385331565,1.82711048253509,2.33465415626721
0.681109835250011,0.479412566885101,0.555315924907865,0.146456611457703,-0.0919763950803014,0.161759550498356,0.666100807984828,-0.949667935789938,1.28348703419114,2.73808962652158
0.736006039722895,0.626499818678596,0.321301698816132,0.517831362713209,0.329211504389986,0.429957554277011,0.406961292644867,-0.505054635446644,1.89684660484314,2.85889268470546
0.932714060251401,0.605037240562249,0.272150340571168,0.387429779453572,0.0523440700470716,0.4656247019428,-0.0928970897422255,-0.968090107159976,1.96850840801813,2.56834167636841
0.179986097646004,-0.276124048316619,-0.304458732516591,-0.180209217037539,-0.458528161430095,-0.377094406650734,0.0917885273051209,-1.47347572273012,1.27250449522328,2.14141261160629
0.252928729303279,-0.324895242558531,-0.586109483005415,-0.277770304351163,-0.210416425271563,-0.256062696651035,-0.343344316933639,-1.35717776368949,1.21330461456602,2.1218446517983
0.66142488392013,0.0548922079479693,-0.480141914625635,-0.201266995462526,0.132932607546439,-0.170870805917624,0.0284507413281709,-0.500108498827401,1.83326573760931,2.2684383841392
0.724779593029302,0.625701019403899,0.0261401180674123,0.625781255962033,0.252919125915161,0.419034151212861,0.238079929383742,-0.524333305028952,1.96185241094155,2.87097538202504
-0.211682200990632,-0.15033538100055,-0.60055501725488,-0.435359029109235,-0.455829489810198,-0.401141628518025,-0.434656339789935,-1.33828679340104,1.29857796367026,2.14202590327604
-0.00575236510629462,-0.227023957163988,-0.482502135910528,-0.402268173710408,-0.435077107125153,-0.43652312580444,-0.468274181118525,-1.37085648859484,1.16403690133067,2.01649392225142
-0.399740272310941,-0.195754434584991,-0.588070314638149,-0.331082722661322,-0.31669228777432,-0.410431269758308,-0.465084140271897,-1.42330243516326,1.15084819380501,1.9401296191833
-0.239814596543057,-0.254582568392684,-0.492560796444589,-0.628137412414228,-0.404588514038418,-0.476076861854609,-0.546929542082598,-1.22774953907545,1.11412172185471,1.89573485247389
1.0282980596585,0.710429268492405,0.597464870177638,0.718158519737887,0.498871239932199,0.699709161396369,0.717138336420138,-0.306345142401295,2.05619906202302,2.97260727621884
-0.330302040282415,-0.164839733037099,-0.239132194382178,-0.359286908098254,-0.531085494647646,-0.526592701991182,-0.250208619107974,-1.53039935840736,1.07347017471791,2.03251491346365
0.772296638715368,0.655799196029562,0.569444551164693,0.571325067569538,0.758751636523102,0.711485546163268,0.698188556417969,-0.265252334775448,2.06522360442692,2.77020134270331
0.896260470334999,0.691405884485214,0.541394302025985,0.646098418029586,0.589027375750842,0.453969939180598,0.309070179289768,-0.707110568265924,2.15695290757009,2.69885628410889
0.0985249307118557,-0.438821212948225,-0.292996949066596,-0.0725058214582183,-0.542601969407014,-0.3603781954766,-0.226756334872315,-1.57782769312058,0.935643663091951,1.90734718155205
0.915545135797319,0.807676123199687,0.487611991664334,0.687224719808723,0.607974780625254,0.61091993703814,0.680023939031561,-0.325325362635685,2.16184226774117,2.98388912065182
0.821189960247199,0.540679673942141,0.542643398272837,0.607169081669071,0.571256972267963,0.642422852863257,0.668636789960661,-0.340071101013937,2.26712726357245,3.09565287499725
0.190135596230307,-0.361943433345087,-0.409537010515262,-0.329579496960139,-0.381802344616759,-0.443601905182349,-0.560134573709487,-1.76869291278383,1.05550029601861,1.64802321835311
0.00337473400745114,-0.0204065029555578,-0.119733310396266,-0.6844712640012,-0.643615673585137,-0.482632217462398,-0.321371772648681,-1.58005034266783,0.761108103936062,2.14233581839613
0.757752824033096,-0.027132459546133,-0.328518217016416,0.305914766251741,0.15667765457801,-0.322980827143466,-0.168339081459947,-1.05561927773092,2.24254154753845,2.17528710266444
-0.249000577123515,-0.832178973468544,-0.542254517276387,-0.485071916561029,-0.575077763705397,-0.684410181267469,-0.689536713746755,-1.43557262479627,0.933663836387589,2.05598529101422
-0.235236269308059,-0.606876244719048,-0.794607679299793,-0.48939838367921,-0.560576920510863,-0.483282714971726,-0.546226175771953,-1.68043195276622,0.879311132509214,1.76601029291377
-0.400316838520918,-0.613530564843705,-0.789439649737744,-0.819630369232258,-0.748390969202026,-0.70604303929303,-0.698637931191619,-1.7077094485372,0.825230836771499,1.55664965988488
-0.283286330679992,-0.55729227055439,-0.862082579339901,-0.786676529839048,-0.89164134282785,-0.817963788336064,-0.75040941514712,-1.81626162314324,0.81682220544333,1.56752232389873
