0.326108496683786,0.140362293418055,-0.0638823875589942,0.0181293429837881,-0.0571583934646835,-0.0371375840286419,-0.0439586653713301,-0.989449584098719,1.48885280510789,2.38260328900178
0.251462774130175,0.140366652074216,-0.0624813499716342,0.0973100516770727,-0.0545291675154104,-0.0843912319394778,-0.0755352556742557,-0.932336574901338,1.47213294365001,2.29820389661961
0.320952418283082,-0.0330482737343769,-0.143673719837407,-0.0376986610359866,-0.0897472677009591,-0.155930853397964,-0.124131008311003,-1.04563384794484,1.48269862421211,2.335807821171
0.319978392309056,0.240408216299653,-0.0602792916849145,0.155712352153816,0.0885744106207192,-0.399044306342672,-0.116202889917768,-0.898555925866918,1.44888487698373,2.42481364293545
0.495305455781098,0.000857802353509268,-0.169848627616665,-0.122168818689425,0.197330646197127,-0.329844069368247,-0.126514793803771,-1.0542738313906,1.51493491634705,2.32302155043893
0.387514186235111,0.273990269359966,0.256141021019166,0.309269570265175,0.278461776860558,-0.0142948611081801,0.399204211754438,-0.755894677361024,1.34315360223337,2.06619043644468
0.497620933184714,0.371429608273267,0.106082938282265,0.124610597152431,0.29393630930935,0.0693594907118962,0.250091371922103,-0.776355571981464,1.58707910947712,2.37500046666268
0.208524269322729,-0.110676088374953,-0.161478441255513,-0.0982381191601066,-0.160618343004727,-0.126758341170554,-0.221878003562719,-1.16689170342237,1.29215286221145,2.25884938959855
0.0894800929056973,0.348179621756871,0.199544094366461,0.330349473979186,0.345027789407071,-0.070624295050198,0.0183033876078808,-1.05601544831745,1.79796819245891,2.75581451186471
-0.0502254334106564,-0.341099556965707,0.153125983532209,-0.125774133449087,-0.121543223276089,-0.251344357688157,-0.0126201088009632,-1.25248346952612,1.23125283464122,2.04894552623408
0.661800528646432,0.00312920600319308,0.124827718338318,0.103866308078329,0.347841049469573,0.552331794752969,-0.190199669397313,-1.14114005780771,1.51262267493298,2.58699684146175
0.858435228119992,0.404740070798097,0.0314367878460351,0.117466146516107,0.403507383239771,0.109245776381571,0.35453829072522,-0.63220689085747,1.54576964814613,2.53848167398591
0.584662915950032,0.0328092293426414,-0.0398960575335247,0.17189658836268,-0.191378776192602,-0.163291894036944,-0.0945711186161574,-0.732212721675546,1.21925669423262,2.51164408458353
0.403613007861504,0.326165407950458,-0.144278574843469,0.750694288100191,0.305575144780842,0.363400495775707,0.244096306750146,-0.888734785907142,1.5974480805298,2.54521539053035
0.327220349887751,0.246166025114968,-0.547202511163384,-0.255942299420106,-0.190892803879047,0.0961921914283258,0.193486483456179,-1.03117378420366,1.35686293476298,2.36963246804818
0.56177191994082,0.0177763194029677,0.073404698230723,0.226436836410331,0.199740492089848,0.328266856610861,0.325370563418503,-0.647952429158868,1.68156351426852,3.08054717788134
0.553381223956514,0.481271384327146,0.370001909961667,0.150094152367952,0.583337474303911,0.458730184566399,0.33104133462867,-0.716722311371446,1.72600695530552,2.8839401873975
0.630808793109242,0.635514416101013,-0.134937768699897,0.394380142070424,0.234387970290688,0.241720972514239,-0.0166697723700312,-0.900955823437426,1.31827866666851,2.70631502327994
0.0190571735619117,-0.285918132314697,-0.227178915657683,-0.24795404127984,-0.217529206505334,-0.268505441707431,-0.355731899041565,-1.13156885821656,1.19525485301598,2.02358533934196
0.179289304054681,0.12650352524282,-0.427974411404717,-0.132290449580455,-0.316547961845659,-0.238501858330441,-0.0927350448995084,-1.33760916346905,1.49864021336149,2.61189471114995
0.566750207913733,0.621645715877948,0.23441306698646,0.319397841926706,0.319635864908522,0.0480896886986308,0.0959014744888098,-0.489449584098719,1.72600695530552,2.75315664868557
0.672585768782582,0.427447991787135,0.337205170404541,0.551855506222527,0.0344036388087003,0.270154222605977,0.424464744325744,-0.539774591430264,1.62609188793153,2.5417103901261
0.543067437491531,0.388350780590579,0.690653252174484,0.387376537232557,0.205630966654839,0.09263677553781,0.280098546173044,-0.47407284545739,1.68226784002897,2.94174805897526
0.527716581472512,0.491069456057272,-0.284595748583526,0.235314332533719,0.390920710529077,0.370516271603033,0.562200003318869,-1.14047060525877,1.6908725157702,2.55048207190965
-0.251952371347666,0.307544289999992,-0.533880917267968,-0.138131898975505,-0.0657037847207058,-0.159420106121883,-0.484764508351478,-1.15730685161573,1.37233343336592,2.24611215535803
0.587750837255414,0.251042635356532,0.375806799643112,0.125937702600377,0.371482678823105,0.324441047428482,0.238084900779906,-0.926315666126658,1.89936529087877,2.63883812420131
1.21971618894607,0.677549521967422,0.640751095096896,0.678993869154072,0.341546745530184,0.720873011180724,0.457348160276199,-0.777012051427503,1.72089577392203,2.66141075539757
0.845427942758606,0.245877346100334,0.392040565876879,0.105007470042237,0.198714270760579,0.321341873874763,0.110978709557335,-0.615011838375462,1.90589611637512,2.63126236662555
0.609587573002222,0.449681000876127,0.310247624305621,0.846122305843206,0.320103278021121,0.0284000791959475,0.503194022305362,-0.499128908497826,1.85195276958825,2.81097476345696
0.980501925299501,0.420400273806284,0.0289710968452158,-0.0442119120760663,-0.0115327372492277,-0.0308794654355041,0.197199397776756,-1.04294140999967,1.93192679594922,2.23023714012676
0.440856713524115,0.385821197528761,0.540665503175219,0.45445290881993,0.409107196120953,0.175349027800782,0.513307719532356,-0.490076132640896,1.94644124404527,2.9610826844984
0.692426127989909,0.70614035207492,0.585198417397744,0.546098200458216,0.653784794157835,0.296632217984623,0.494846616677348,-0.331691540360911,1.89010941250742,2.69460273938995
1.03932576615339,0.569316873305934,0.620279763052647,0.739995790784882,0.665745145477533,0.750957006328095,0.549343485530415,-0.307531566182145,1.93213328450976,3.08833504641992
0.790743088939335,0.429350746044407,0.566317449633754,0.724671034314931,0.608011374945169,0.0551234961047823,0.307586345295542,-0.518056961215113,1.90796935638901,2.46658341355815
0.935246092832139,0.564537926935279,0.423312145802624,0.566280960413021,0.473250010795093,0.476335055396634,0.463524969828098,-0.443291078605,1.96771039075895,2.84193127833582
0.10377648087351,-0.285774070218309,-0.433200569377176,-0.209143384288939,-0.295001945261724,-0.53538933228039,-0.333214863718438,-1.29509221732756,1.07019251802655,2.38260328900178
-0.0905581699828802,-0.25219969005302,-0.50505885814723,-0.4201823453279,-0.240724827031117,-0.295758273683814,-0.631732960042176,-1.24269633734547,0.971611425797544,1.9028053092038
-0.331248457949998,-0.297841863776023,-0.609530389307461,-0.234601755523743,-0.558345615731999,-0.527827859887131,-0.387167259761066,-1.21933925586992,0.987769745328335,2.03157666232582
-0.111739889409226,-0.552528793214896,-0.314128265291953,-0.524711648048974,-0.72106039901409,-0.667294489761601,-0.286468670648666,-1.22240152471252,1.21410358288979,1.72652348848242
-0.0378259956590176,-0.209670650730036,-0.334901801231483,-0.269089131882766,-0.399538032364613,-0.457839002451665,-0.45218572135826,-1.37277451890741,0.85032322143006,1.88391160431395
-0.0175380827388999,-0.130702751336007,-0.476218742414155,-0.311046380696352,-0.774994831780337,-0.840021105803181,-0.178238391610201,-1.22924159667979,1.1119460826896,2.00701218570655
1.11482108405097,0.700611019293625,0.43659358830781,0.8127545941131,0.386160737512597,0.437473801694558,0.276921444135197,-0.436102960518412,2.0880286410549,2.85820038342659
-0.030761137125997,0.0411098253906905,-0.227763648917166,-0.260946764629788,-0.377289935749729,-0.407258102154049,-0.695999521061385,-1.23892985132622,0.768075441128845,2.15660482239792
0.315580542302191,-0.265810609364475,-0.291040654352636,0.00452033887042524,-0.502929932013308,-0.613369571219533,-0.508872158222337,-1.59221059781864,1.04898445428063,1.8818583147979
0.135873052079788,-0.218290355893004,-0.599415126924649,-0.686790292658232,-0.681666501264276,-0.660028580967002,-0.342260154138844,-1.50389713921106,1.17592153445396,1.74222453346778
-0.0551008571283072,-0.27511398426612,-0.723236731844845,-0.601523809546077,-0.639290872857437,-0.705981071514178,-0.681660599092099,-1.20350966367834,1.05296022835766,1.90719400066232
-0.247290380444477,-0.35128910296057,-0.618179274668675,-0.417872822356454,-0.574507435378912,-0.576460845667579,-0.531727470090268,-1.54049070715836,0.894724947660249,1.8824513869163
-0.13309088884982,-0.381784341138984,-0.864077137440486,-0.596773548024131,-0.195081048822828,-0.695093852464331,-0.598689570976951,-1.525705120014,1.07711235010136,1.88053155107603
-0.146258609362218,-0.40705298215563,-0.402046705872017,-0.484855403223343,-0.358969240541805,-0.643794814733236,-0.725286218983091,-1.59532869615986,0.747614696979042,1.96530790171244
-0.209708239404219,-0.732681213148353,-0.606071305816522,-0.507882967839743,-0.854811072805267,-0.732379258790256,-0.726512026839975,-1.45231849037375,0.588565111733673,1.61082777864223
