0.326108496683786,0.140362293418055,-0.0638823875589942,0.0181293429837881,-0.0571583934646835,-0.0371375840286419,-0.0439586653713301,-0.989449584098719,1.48885280510789,2.38260328900178
0.176817051576564,0.140371010730377,-0.0610803123842741,0.176490760370357,-0.0518999415661373,-0.131644879850314,-0.107111845977181,-0.875223565703957,1.45541308219213,2.21380450423744
0.244335630452833,0.013414660177998,0.0870604609544166,7.52719056412166e-05,-0.173202273330153,0.160834276170341,-0.187808508850511,-1.08363480160371,1.32293363064731,1.99969803410424
0.212512365119431,0.2704089198076,0.0287118866501595,-0.0895143859275427,0.201840037063239,-0.109531562401447,-0.055173659277615,-0.93834309932931,1.5838340794983,2.27607344341033
0.274505948791288,0.116074094330368,-0.294604832058015,0.162236505943868,-0.0892670745493894,-0.145152333510853,0.142540889261233,-1.19206039175597,1.53558881049717,2.42569583061691
0.496096759530946,0.496479127902964,0.291342738061809,0.415714640572235,0.089632447986483,-0.212791959673301,0.076296520180762,-0.807180955300909,1.58347508274226,2.29768427279902
0.315796339882377,-0.206458840886809,-0.22346505211582,-0.0935266650557612,-0.122336141937235,-0.274724122767287,-0.204303351250676,-1.10181811179096,1.47654444331633,2.28901235334023
0.315796339882377,-0.206458840886809,-0.22346505211582,-0.0935266650557612,-0.122336141937235,-0.274724122767287,-0.204303351250676,-1.10181811179096,1.47654444331633,2.28901235334023
0.572265486024152,0.181403124489462,-0.128648487631244,0.101999603282027,-0.305554034900905,-0.116508335313191,-0.373399790332204,-0.719735817352471,1.1795355732361,2.09229062669684
0.711599899369761,0.17481841948377,-0.24665803907143,-0.134399194981949,-0.0597021748288656,-0.246489591238771,-0.315874513996788,-0.820164050540522,1.54937161370374,2.2121685119129
0.319439936134927,0.0587404742464431,-0.16437218300261,0.0178283674260579,-0.0156032962165931,-0.188535645072844,-0.369779507186223,-1.09447072461433,1.30603933589106,2.27151544670315
0.435003989715651,-0.187480762188178,-0.180977010441442,-0.284419624623978,-0.0546780530874953,-0.216425257221797,-0.176719231434509,-1.12515336691061,1.28471806160339,2.23476828294689
0.542947106063624,0.520695864297168,0.191160201858007,0.509761375939668,0.271779886343224,0.247852256329848,0.344140088827159,-0.727895466581629,1.66423345384897,2.74593584846718
0.411257990213455,0.277528892539955,0.0883683473582549,0.0619043823612299,-0.000424333745695255,-0.0183785293264555,-0.119615390042803,-0.993023987594619,1.24322748157541,2.66774115722156
0.411155694692846,0.352709694582033,-0.157442388854222,-0.152319379639406,-0.188648963729716,-0.27094505472046,-0.54145264234405,-0.753998637217931,1.17697643986397,1.85678560509862
0.334001759818962,0.314298794630354,0.13969910500832,0.354657701722628,-0.090455220281341,0.0716270004806309,0.318222265053323,-0.753735045402215,1.68314651373074,2.41419990175089
0.359465453403048,0.629607801337031,0.217965857072854,0.555005540471295,0.342454562377408,0.194512980554122,0.31438446593009,-0.744760421542183,1.69365012805276,2.79336193310994
0.348242303151748,0.386263046827051,0.0418790228627187,0.435421935704558,-0.0637378836795058,0.26325970569511,-0.0523885907609475,-1.03508693235383,1.06019545508484,2.25792999521665
0.467652370728795,0.16213129340383,-0.166566948778088,0.13547052219676,-0.251258718887162,-0.016335610597745,-0.00681798338181497,-1.20163975881907,1.2654313427181,2.72657929552404
0.222563570801098,0.440819826329545,0.0555032725725324,0.0882518715955328,0.277325680196974,0.0726686939581921,0.0479006857181515,-0.905956154239713,1.8459392478437,2.49902833313833
0.0838857627000609,-0.425607096373305,-0.130759791006289,-0.0671715542100113,0.100617026245211,-0.110116021648159,-0.330566241003718,-1.24812334680309,1.33062415654767,2.64571134661984
0.848172350298948,0.0671732595891315,0.177040031562374,0.341462244804874,-0.374249438526677,0.286748788050022,0.12620227260277,-0.902892566876941,1.8094895465218,2.50920850824609
0.388906671986624,-0.36536491044255,-0.0591944499720761,0.0982258749496115,0.0250123207833859,0.175415233048469,-0.220990727204203,-0.989249911901935,1.01177740027528,2.4304304402017
0.669133369685641,0.60249692312848,0.276048264123523,0.231091851321073,0.645031012083384,0.175856565452434,0.544141409215536,-0.563261559864209,1.68530541384635,2.36739764432357
-0.078141641146089,-0.192928249997589,-0.361312697512367,-0.102287124482467,-0.472996048372437,-0.564282770487786,-0.243710245781392,-1.43661724253267,1.49568041857377,2.41836210048172
0.180747325344128,-0.37492280318386,-0.453129684472122,-0.24920378579411,-0.359977948581494,-0.373828668814453,-0.392627758608837,-1.26076893674764,1.08293161277364,1.93762290403349
0.00167024989898124,-0.1959331473438,-0.381420099198047,-0.309470398410748,-0.380163353396519,-0.379396222372337,-0.372847916134106,-1.33209886961619,1.15321389377399,2.07388004737301
0.0909400419616715,-0.361714470167961,-0.259074494952032,-0.214605581304001,-0.26407829254477,-0.216379098312466,-0.399797341754108,-1.34433382274601,1.09545291931501,2.13509549019532
-0.071928463814479,0.0647393809434244,-0.327057771066108,-0.258403922558311,-0.356467633732355,-0.415631900304994,-0.133092280528499,-1.32292971315697,1.00776663299859,2.15090160189184
1.1554115057875,0.770444220379873,0.986811394951926,0.828442110546453,0.544794892470508,0.442790354383057,0.711383623218333,-0.437279896864294,1.8819261184953,3.01124039838633
-0.234290008920199,-0.316258711148155,-0.564409257948878,-0.184813325712305,-0.48116361199045,-0.366919420659794,-0.424476169176505,-1.05171608472138,0.913510339354464,2.03178471232286
0.534470841612478,0.60661993257039,0.0766738827842385,0.388677001496336,0.0475837641064509,-0.0474554592038338,0.317348215439654,-0.87334036819927,1.89987941408077,2.12405935893998
0.91240900908855,0.662845862180353,0.490113066327497,0.645687175057139,0.453380992287675,0.557189208696197,0.461829963570571,-0.604927528620973,2.01710551999237,2.92455518219366
0.114060986253839,-0.160060343313185,-0.255082085778536,-0.589373700118659,0.011235337719542,-0.249132316647883,0.0803300319801572,-1.33158123513793,1.03256718367922,2.45428825050241
-0.0728097549029068,-0.339667652812011,-0.606278156914455,-0.26030223184389,-0.226051832523218,-0.149841564750287,-0.455746057977921,-1.43425502822366,1.20108618080912,1.87168998723152
1.11682038470486,0.498827659607698,0.0894037165087677,0.509818869632656,0.040006184279351,0.497065424571908,0.458654985923727,-0.905483609665379,1.95293874273617,2.54432379364087
1.03756117870227,0.927239898261944,0.676148244170034,0.822980722048343,0.626490170643689,0.659945429429057,0.642615807208192,-0.272597110222886,2.03995861387627,3.07668387702264
0.898879487047219,0.625596312840224,0.549151372031721,0.941046736808893,0.467239774765679,0.592466212326871,0.788181751531595,-0.292495970317927,1.98894823645933,3.15606505413681
0.476968326948377,0.376900585638638,0.176509072210124,0.249462921864151,0.436795957773527,0.23038457944916,0.840173343823741,-0.63564747057467,1.98238086279615,2.76706215351883
-0.240121166590309,-0.269420358199889,-0.447405983942376,-0.479295422232162,-0.0722332317998128,-0.361555557082461,-0.479921271494696,-1.2989004256006,0.847933473137233,2.15988786597946
0.612682555935219,0.659974222822961,0.330309120101049,0.700261912666892,0.448626928823747,0.128156726195978,0.140224531496183,-0.331307369088325,2.06070139057059,2.61474002044192
-0.204495852236927,-0.432939541393032,-0.475091354804509,0.0194126835361813,-0.529063106280591,-0.105372957547232,-0.570199566950853,-1.66539546658163,1.39685377470459,2.05606493171271
1.17256595970778,0.914653098776762,0.597669670998327,0.80105449026468,0.700366239018299,0.811559860300218,0.790853638362183,-0.217328714504222,2.15822755822994,3.1174600246323
-0.265433843435516,-0.421383626299843,-0.557171706990714,-0.377751034616618,-0.650193434861798,-0.434053932143775,-0.538402047988831,-1.44310319747512,0.96090803331323,1.67530749167829
1.31140970467531,0.94603810811942,0.57535384439465,1.00717387731951,0.890273858003469,0.641684363229356,0.610917877620751,-0.393972592609349,2.19645029479517,3.17660350932545
-0.180454391272843,-0.580959254345619,-0.407744072497502,-0.492889441807997,-0.599438066059721,-0.220760022616346,-0.756471457342461,-1.8310133331653,1.25424486715152,1.89792223548197
-0.332301834996356,-0.442623115436686,-0.693714769528596,-0.546882291650287,-0.743372843054942,-0.709917584269573,-0.727247206490438,-1.64246012392152,0.67009560017764,1.70682086332401
-0.358823010165529,-0.54456921343126,-0.748813894408309,-0.666802163865527,-0.742089900313999,-0.722069090877957,-0.728890172220645,-1.67438109094803,0.803921298258573,1.69767178215246
-0.404504728234144,-0.600076947713351,-0.758738487055701,-0.736144737300655,-0.737595267024862,-0.745117200918077,-0.756808476391228,-1.68806605449225,0.758594580939497,1.65520149251154
-0.595731335581815,-0.200206388405235,-1.02615416337842,-0.52032702581515,-0.839266840495202,-0.782735907938961,-0.789384754921957,-1.85447268465069,0.836471584754089,1.65288333946258
