-0.116208491698259,0.522359860917666,3.23407940999465,2.21516721034504,-1.72821991970877,1.32483657022836,0.835454565830364,-3.35597514471478,1.78452465380277,2.64505785498132
-0.200050570787859,-0.314631804465893,3.54408853307088,-0.742979512504483,-3.61194666070886,1.42680310243679,0.396012607526501,-1.7178082263338,1.24350983864881,5.48146570652749
-0.200050570787859,-0.314631804465893,3.54408853307088,-0.742979512504483,-3.61194666070886,1.42680310243679,0.396012607526501,-1.7178082263338,1.24350983864881,5.48146570652749
-0.200050570787859,-0.314631804465893,3.54408853307088,-0.742979512504483,-3.61194666070886,1.42680310243679,0.396012607526501,-1.7178082263338,1.24350983864881,5.48146570652749
-0.614957665382454,-2.12242750339062,4.20971353307088,-0.580164386454063,-0.120567350364032,2.20641982717546,-1.30041596390207,-1.41686408786016,0.646096045545356,5.40110856367034
-0.614957665382454,-2.12242750339062,4.20971353307088,-0.580164386454063,-0.120567350364032,2.20641982717546,-1.30041596390207,-1.41686408786016,0.646096045545356,5.40110856367034
0.708864781247199,-4.13657085017388,2.54084601082105,-6.59735995341055,3.12942026285457,7.65976594711746,-0.500671641899103,2.62499497946683,-2.43346777043966,8.31336932292514
2.57886687483876,-0.54388336008124,8.18884594683925,2.14194999013836,-10.3129108997007,-6.14498623962608,-5.04900060789663,-4.57284555950464,6.92691825548882,16.9947833931687
12.1842327776747,1.79923422424844,-6.14839348119752,-4.97668606680543,-7.9556042898198,2.8791847378129,6.5307363461587,0.84109821150378,0.507357650774912,-0.986221791436634
11.6387654930607,-1.45071592331895,12.2441857901876,-7.40649613906709,1.6001808022198,-0.918279629831737,5.21838660364476,0.0095433243240457,-1.68325991588657,1.83979482201978
-2.41556273265536,-14.0213006600233,8.24569836963353,-1.03027912833253,-8.37555073985159,-0.261140764190101,-7.30460237679536,-2.36581451804584,-7.66614741561536,11.2919107168085
-8.84060356617957,-19.8701873600215,4.83368129325187,5.85702048749552,-6.27861332737553,14.4078329127349,8.96744117895507,-3.83762389453656,6.67694637115654,-18.6700069442439
6.12239861583366,8.36342914982612,3.89585956095655,16.1064443944155,11.6568927903271,15.1597659471175,-17.8083639495914,-6.91164295156766,8.36198677501489,12.1754382884424
-3.60092597116649,-7.33890174113407,-14.2166208059561,-11.2717922342846,-16.2519947233565,-10.8865709649702,-16.5845980350087,9.37584900533995,14.4418426482288,6.11379581881031
3.57278102270956,-16.1357282352959,3.69219367005554,16.3660795009601,-13.0611419486361,-7.26457586007174,8.61688744729775,17.0603198249493,13.3019130953304,-16.1458954511103
-1.53504977575714,-15.3171190619341,-2.57592971308157,21.5408353007159,0.329117932402426,8.32813319591467,-4.85053901593546,1.44310490046699,-12.86800891814,18.8711500034352
-6.59939267963721,20.6659369742279,10.9272409513794,1.73610670735007,3.36018841019422,18.7399476336759,-13.3878036046843,4.8432993179579,-12.8615979765365,28.6110489933342
-0.200050570787859,-0.314631804465893,3.54408853307088,-0.742979512504483,-3.61194666070886,1.42680310243679,0.396012607526501,-1.7178082263338,1.24350983864881,5.48146570652749
0.63951942624281,-1.92280549380885,3.58817114746573,-1.46991643063019,-3.33113805736425,2.47673748511204,0.364007713469231,-0.826697788913194,0.107569099264655,5.35174339125192
-8.69381390709052,-11.0894721604755,-24.6471229701813,-2.83355279426655,-11.3311380573642,-14.4797842540184,-0.747103397641879,-7.31318427539968,-8.07424908255353,0.614901285988765
10.2777054422202,-9.89275711067583,15.1245713987099,15.4998868700616,-10.8286852161794,-11.0273568409504,5.55242395360131,-24.1599535423829,1.37395216736943,-4.97651584423069
-15.8295255666577,8.3217167107245,-2.95235734564328,18.2840341590652,9.31994164010213,23.8805791556015,4.81073794691249,-4.55543493333922,-9.99446495696088,-0.317791693057915
-1.02986475997705,-3.93022320231536,4.87533853307088,-0.417349260403643,3.3708119599808,2.98603655191414,-2.99684453533064,-1.11591994938652,0.0486822524419086,5.3207514208132
17.3911616614916,-13.2652846462478,19.4214782389532,-22.4276402188923,-0.756930986727667,3.59970045958653,-5.8837492972354,10.8440054773572,-9.25390395445464,-11.9988914363297
24.7574009908004,10.5218142429938,-15.6322309122559,0.957922601872003,-8.74464270566117,8.77087705822857,-10.0461261873536,1.48213783660968,18.8165322295603,15.0959780185773
-1.02986475997705,-3.93022320231536,4.87533853307088,-0.417349260403643,3.3708119599808,2.98603655191414,-2.99684453533064,-1.11591994938652,0.0486822524419086,5.3207514208132
-0.0323664126086598,1.35935152630123,2.92407028691843,5.17331393319457,0.155506821291315,1.22287003801993,1.27489652413423,-4.99414206309576,2.32553946895673,-0.191349996564838
-7.719272661668,3.28973243483779,0.229271610769763,12.5308595558906,-7.90845496329447,-9.87206218095043,-19.5784232254696,0.0709481116973976,25.3150817463358,-2.28983270887773
-17.1284636536829,25.9676114294528,5.42570860000187,-5.91667361393071,-8.64014849714397,13.8856176963718,8.10435033645095,14.3441695503283,-10.3079770145598,-16.5833954511103
6.76381042563382,-2.9129243936026,-0.67371112618606,-11.0971149430051,-0.579791740687492,-1.83251650885386,2.83812388633922,2.01275218845847,-2.3920327529774,7.77277626310425
12.1842327776747,1.79923422424844,-6.14839348119752,-4.97668606680543,-7.9556042898198,2.8791847378129,6.5307363461587,0.84109821150378,0.507357650774912,-0.986221791436634
11.6043498123429,19.9287445259854,14.7831386379223,2.98446111934176,15.5284576409634,20.5767702937744,-3.25635347586577,-23.3458964184762,-8.53080973739248,4.33714427902464
3.45201942624281,7.75461386102986,9.93432499361958,2.94184827525216,-1.79267651890271,4.54570300235341,9.01785386731538,11.3608022110868,9.83729882899438,14.2406322801408
1.61778013328226,-7.95850989588186,1.53760348857122,-12.4517403943166,9.87078718641799,13.8927287917981,-1.39735589132471,6.96779818526745,-6.11044537952812,11.1452729393228
4.30717076049488,4.80293188455254,6.2911298402683,1.30144676527477,1.71329473369527,15.7134015512184,10.790849321337,8.57083955899642,12.1502363065568,16.6216280967704
-5.78714734498141,-4.23622457950695,-20.5709908320085,-2.6976910968045,-4.41850654339106,30,-2.66580057928669,6.87870144160444,-10.9549028597639,11.7811434723707
5.35778432046537,-0.773134915696588,12.8336033606076,5.02687949278121,-17.0138751386925,-13.7167755816889,-10.4940138233198,-7.42788289267548,12.6103266723288,28.50810107981
1.44834295565457,12.0523497856943,7.04055209984668,19.9538123829291,-11.9025666287928,-5.83979477295248,-7.50778715832564,-0.065828223695803,-1.37630186847728,22.3565743091263
-3.03390954626123,-22.1400938885079,-10.7870335187798,-13.861223698343,-20.2776873825164,-13.4028567032085,-24.9213932915287,-15.5668137332234,-13.0742614571643,4.75212098481587
-0.200050570787859,-0.314631804465893,3.54408853307088,-0.742979512504483,-3.61194666070886,1.42680310243679,0.396012607526501,-1.7178082263338,1.24350983864881,5.48146570652749
-13.0251154544979,-8.81340913029664,1.34946989331403,-21.8623617954424,11.4862120661059,-12.515298559215,-16.2057679054814,10.4094584044155,-5.26397179036203,2.25502650463303
-0.683921538529795,-4.54605072338481,10.4671654561478,24.1141633446384,-14.482534896003,-1.83986356422988,-7.32457562776762,-7.50352251204809,11.0458813801508,-17.0302104740641
1.47908942327348,-3.5309791831518,3.63225376186058,-2.19685334875589,-3.05032945401963,3.52667186778729,0.332002819411962,0.0644126485074139,-1.0283716401195,5.22202107597636
-5.49960317260953,9.16163348679023,-13.800157192397,-4.78087126718463,-15.4375625857174,-22.3493850868434,-12.259715158798,16.521988728945,-2.26993625824753,7.36357768084995
2.32365884633213,12.719991028282,18.2776683018068,11.6399749219144,0.934052046557852,17.9862530523951,26.7069332374209,12.0628763027213,26.2546900481073,30
-9.46574373165193,22.37131215325,5.64957465623766,-14.7267313517206,2.04929672524445,21.539237485112,-2.18731193462461,-5.68080919474874,-1.81550782381227,16.7803148198234
1.47908942327348,-3.5309791831518,3.63225376186058,-2.19685334875589,-3.05032945401963,3.52667186778729,0.332002819411962,0.0644126485074139,-1.0283716401195,5.22202107597636
-4.87660960601525,-1.03374774304897,0.540298807040198,-1.14024610095986,-8.8839636101898,3.22673748511204,-7.3333607075834,7.72156475934935,26.6460306377262,-17.1482566087481
-18.0005215471974,0.187547269167929,-4.9588701597317,-23.4044355876664,1.71329473369528,-8.07970189705747,-12.3520078215201,-17.857731869575,-2.84976369344321,-4.71170523656294
1.19507498179837,-13.7085197795231,-7.6319880037279,5.3157978550841,-10.3311380573642,24.3338803422549,-18.2650245445953,-8.82669778891319,-10.0924309007353,-10.545692506184
