0.307795170999861,0.12653089562253,-0.0755866646868963,-0.0113332083614249,-0.065451713389918,-0.0437455150916792,-0.0508091971691704,-1.00238707337935,1.46528063721298,2.35231604417102
0.330727787029264,0.106337861954348,-0.0949579100363754,0.0372617833675299,-0.0945838514800711,-0.0217936613976142,-0.0415345462198548,-1.0349606187467,1.52548635650063,2.38523225070452
0.343035182677073,0.107017668783258,-0.194901810613816,-0.134894255836271,-0.00775127884017757,0.0378496521864704,0.0341061250828409,-0.934484243947296,1.53033510599284,2.48261960155021
0.500555419705796,0.276533032009656,0.0711382693790574,0.0953160760244047,-0.00287358757270822,-0.0215539016775467,0.0807470804166762,-0.846826325554288,1.577253411099,2.48417265362802
0.431476914561814,0.257259809982774,0.0965766281308297,0.144879486612146,0.0832487598153689,0.0985927706381234,0.0362241749841734,-0.879896390854236,1.59634633516774,2.47157595966868
0.412145861482213,0.419123355364957,0.151377119735911,0.329875119331334,0.160266080139222,0.092720053524263,0.121970538168493,-0.969336953366619,1.54125150096257,2.51534665183364
0.518129925914078,0.0212819902234453,-0.0510566140147434,0.201289505851587,-0.0228879135400195,-0.0401822426808659,-0.00737348496885637,-0.946928949333262,1.59626164270685,2.29082979487557
0.181023313752915,0.137215660315475,-0.284993875190306,-0.110095955946357,0.210198634063373,-0.221358649306976,-0.138672321758995,-0.753782167814563,1.40312831409705,1.99106383214591
-0.131166068044142,-0.0420187124305121,0.145663364042553,0.253578881665612,0.0814973884555126,0.111724018195338,-0.312030754920571,-0.974603492974821,1.43917197905582,2.0372999148719
0.253435372673273,0.239875050000308,0.0807560852938147,-0.210686965739675,-0.121447417960946,-0.206142858625484,0.149838897406953,-0.935465538427245,1.40456286720952,2.49371315736758
0.0206017646635402,0.298925840840532,-0.216970185871255,0.416447875794965,-0.0171835871270891,0.17910663882188,-0.028187696143319,-0.968934025946549,1.49328330833103,2.1557116148272
0.642058209236758,0.134579835613742,0.0860388975495538,0.174275881254734,-0.295774540203771,0.0125231536195636,0.125315564250024,-0.793543952788187,1.50284942755018,2.30755310142824
0.51271565014646,-0.0471274999430556,-0.14508012336191,-0.328181443015487,-0.289701391234987,-0.143209802142863,0.1186909492285,-1.07117060604038,1.34690367580937,2.17356712663303
-0.116567671109217,-0.0732372094404763,-0.267644307205133,0.0526974482292903,0.0812508783927877,-0.278100698327998,-0.279444073137484,-1.15017654517693,1.45484318092579,2.38973943815143
0.328950616905472,0.146591991277709,-0.167727932445416,-0.333446394054504,-0.349349911352754,-0.0962386777549065,0.231371731104441,-0.849281382256508,1.51536135955928,2.18602330700187
0.200902636591329,0.00329449859013989,-0.0281135869516044,0.221501029693731,-0.124947325323692,-0.309608889232516,-0.23985967926861,-1.11544219979657,1.2645204463474,2.26872097315855
0.0740423836696008,-0.081711190499217,-0.310855422095035,-0.0866949326352872,-0.232738226044152,-0.160451815078,-0.264148354222118,-1.0177485376686,1.12533894799058,2.0670644720912
0.760963532714542,0.446986843542936,0.337013185678845,0.157918916612767,0.227427987462164,0.571239460038079,0.300157481803057,-0.684272754382196,1.57264960987241,2.75761960699131
0.326108496683786,0.216078152448892,-0.0118199125890303,0.382330863572974,-0.428129875032038,0.294857584366981,0.383953751361634,-1.07121994933968,1.54476605485374,2.34156024853334
0.73685041529757,-0.118036741219464,-0.160902590561227,0.0459600875119219,-0.189640322622089,-0.0537777190313569,-0.129590041770406,-1.29409806757565,1.4685286779754,2.10555581901727
0.790880325442399,0.295542097449243,0.167368222458038,0.257794818953086,0.216804357055525,0.0946922666485514,-0.0383249588735586,-0.571747318818601,1.72827113545821,3.09299290843519
0.582226787293119,0.4629817090266,0.169493885209698,0.506051982732423,0.355113028602202,0.359171601666085,0.32673870774421,-0.830776513945726,1.7947696294828,2.93675105549885
0.639843782237682,0.155677460056868,0.00344847687354094,0.142380553976441,-0.293667573391364,-0.0186369809883125,0.0968839346480732,-0.977960358501401,1.7942928668915,2.33697869708981
0.585748750088513,0.365584813280534,0.139056488706308,0.421545372889916,0.277774117103448,0.361437697923542,0.380204758046745,-0.369526637989894,1.64023070718919,2.43637032047207
0.461307241868823,0.0786458919803797,0.0398000081266524,-0.456365262729971,0.352244433864514,-0.0351737196485125,-0.178922535205377,-1.3653793188646,1.81175232260137,2.43780060824597
0.65516827808288,0.324894010672662,0.305460545448361,0.381564520754865,0.451108271500098,0.491674390818169,0.188406455924661,-0.370755272715023,1.86191678325217,2.99929550104635
0.508013700857565,0.312835659311176,0.391942159520777,0.406076453995539,0.245252523598595,0.110364928910756,0.598608625586313,-0.608642585493897,1.79757757184139,2.7706948057706
0.257024422307571,0.121928013751394,-0.255609786511434,-0.0420280184002211,-0.231323276377773,-0.189303677894451,0.129068541571283,-1.52623494668675,1.33996812642063,2.11312362832543
0.174588299841208,-0.156363655949005,-0.301070792403438,-0.234929360778407,-0.369513231317573,-0.346108231670865,-0.296294646566678,-1.34472658736716,1.10817995610899,2.10313533201528
0.0619268865413316,-0.0825391423627892,-0.437379915830199,-0.235751319649067,-0.521470690951933,-0.273890549632062,-0.542902971228385,-1.26159712257139,1.16966602957606,1.90699557497916
0.83935441900332,0.259232668247698,0.0506228925919186,0.652988687909765,0.499109403711624,0.418617798943789,0.638668547227297,-0.635667340761155,1.86497339271415,2.89333610015033
-0.156681319916128,-0.345831563714121,-0.689589952082547,-0.365028181109235,-0.473568690839642,-0.344703008710318,-0.238504616122462,-1.27317606577647,1.08496403478585,1.52581656964023
0.990124891301114,0.405743343847795,0.0655539068455832,0.401529794197602,0.221850216660666,0.472269434025059,0.0727226303695497,-0.7817307114478,2.02488409776102,2.71133440040221
0.455675742084149,0.291400682341906,0.442725541956424,0.307226259283348,0.445618852273681,0.597223649451534,0.276997911091854,-0.642533284539248,2.00599511501021,2.63567293001781
0.042993845329283,-0.282318464645482,-0.62681252042605,-0.48352805760323,-0.639528858965822,-0.199599257372346,-0.72525450181642,-1.11182799560492,1.36938469745581,2.13731208567303
0.914228324215123,0.900668001542158,0.741549036835665,0.450105985802175,0.539345533580904,0.454650092916366,0.810631848948803,-0.274672586885395,2.06535581875137,3.15450610890943
0.675888108275875,0.533477573189621,0.222491706136544,0.26884150402268,0.27822106568036,0.0643004363656701,0.106298137534982,-0.799208982127068,2.14098127760147,2.65297921843353
1.02215785848205,0.760544544830545,0.518414477964646,0.616510992647234,0.725106627472333,0.526749196502838,0.469977311543249,-0.22995786112454,2.13049293204891,3.14805898773034
0.0563970878911944,-0.31852170070823,-0.53377959754431,-0.404043931612394,-0.431607732671732,-0.520024740924609,-0.117380104431536,-1.47164984603466,0.903579048027964,1.92513124562665
0.974450486289601,0.806113447641768,0.574898648233912,0.657542855583434,0.579850894951151,0.612539019509445,0.622495506945423,-0.336486990412801,2.15084344247153,3.03423060996232
-0.173561570726358,-0.508883161894961,-0.715702803909023,-0.35921398755758,-0.333203528425739,-0.409155046784216,-0.496747468393129,-1.497515684826,1.12901058557552,1.86949141047673
0.940205288892615,0.783507338637889,0.624150166877668,0.686184420785954,0.634032654972126,0.623432933824159,0.594710319109393,-0.350813765009383,2.18228083707284,3.03948075612782
0.0516790306698308,-0.394276966158092,-0.495467686817486,-0.193983230088498,-0.38682613381944,-0.488268158886792,-0.116483651913099,-1.74177662095765,1.24477947984312,2.0309282455966
0.318784105206128,-0.182585598470507,-0.516996570003224,-0.106643549673213,-0.0525718156459158,-0.182049291977716,-0.495581409730093,-1.73281133668539,1.26246419629631,2.20161889690854
-0.0180417310183886,-0.490392304564179,-0.428244161444181,-0.442281187637557,-0.592316624847698,-0.196417938622475,-0.317249702456572,-1.6237778796109,1.03298686716945,1.99577968434437
-0.342600815644564,-0.47206781671634,-0.823216116716205,-0.438291680339355,-0.42956480312774,-0.650690663428976,-0.398532715942959,-1.49633221320271,0.888991745410069,2.04149970172823
-0.275432301339486,-0.130719902431845,-0.569884823879441,-0.396709634141099,-0.756587861428331,-0.708995923859139,-0.475369105657127,-1.5838731597745,0.86451793239,1.99202494740766
0.128635313751947,-0.119641403853384,-0.515258618083698,-0.51851152871712,-0.450416159436964,-0.528470720144575,-0.624359258075251,-1.73416414013642,0.801626170751412,1.80220402859979
-0.381380614191085,-0.538078564445811,-0.697435736206032,-0.635401482297747,-0.687553248111575,-0.698152969259542,-0.726875583974308,-1.67239966809308,0.860694933989135,1.71789485304412
-0.299428044601654,-0.561041358253155,-0.803171425119054,-0.705074910436467,-0.596479275611367,-0.794836706580862,-0.851608591540451,-1.55154376420824,0.808907028965205,1.82647308464664
