0.326108496683786,0.140362293418055,-0.0638823875589942,0.0181293429837881,-0.0571583934646835,-0.0371375840286419,-0.0439586653713301,-0.989449584098719,1.48885280510789,2.38260328900178
0.289481845315935,0.112699497827005,-0.0872909418147985,-0.040795759706638,-0.0737450333151525,-0.0503534461547165,-0.0576597289670106,-1.01532456265997,1.44170846931806,2.32202879934026
0.301206572811715,0.150278698781781,-0.107906219056883,-0.0246295349006205,-0.104725719716715,-0.0593702800361688,-0.032636223821524,-1.00511029981058,1.49124817675147,2.36427202783915
0.301206572811715,0.150278698781781,-0.107906219056883,-0.0246295349006205,-0.104725719716715,-0.0593702800361688,-0.032636223821524,-1.00511029981058,1.49124817675147,2.36427202783915
0.232716178017743,0.105066480774023,-0.00940318176936944,0.0326535955044186,0.00363780032523442,-0.0375824514067411,-0.0882065994935848,-1.03376384900375,1.55412296595408,2.37477232017015
0.232716178017743,0.105066480774023,-0.00940318176936944,0.0326535955044186,0.00363780032523442,-0.0375824514067411,-0.0882065994935848,-1.03376384900375,1.55412296595408,2.37477232017015
0.335347077374742,0.0723134304906402,-0.126033432513757,0.0563942237512718,-0.132009309495459,-0.0064497387665865,-0.0391104270683796,-1.08047165339469,1.56211990789337,2.38786121240726
0.359961868670359,0.0736730441484609,-0.325921233668637,-0.28791785465633,0.0416558357843284,0.112836888401583,0.112170915537012,-0.879518903795872,1.5718174068778,2.58263591409864
0.111823219012898,-0.0801170730962921,0.0312477709560345,0.216220654732755,-0.410813142618297,0.139133813379429,0.231674651071322,-0.943391721523812,1.54662520244001,2.33297159277766
0.300649144093854,0.11294995700216,0.0384843399339346,0.0181274518299065,0.047936382614051,0.202361758994117,-0.00101115780606109,-0.701950829172736,1.50810851470041,2.75408386325373
0.279391575630268,0.0171733533117161,-0.283424840135159,-0.109891201147693,-0.175246623029931,-0.163123907391716,-0.204215048444581,-1.21566049515751,1.36949766543324,2.24705470411118
0.49818322628064,0.69788441731186,0.366636627030817,0.64162089567888,0.377690553743128,0.222577691077168,0.287899741708316,-0.949224322634519,1.59365019681725,2.6480900146655
0.536845332439842,0.374157326547494,0.257035643820654,0.271629630240503,0.223655913095421,0.234323125304889,0.116407015339677,-0.770343197609752,1.7038398652276,2.56054863033557
0.396621317196607,0.0591408931593356,-0.220874559595414,-0.106693260773021,0.18578574532565,-0.230949926049382,-0.337672614625872,-0.792052041234062,1.45054715590622,2.59192878337521
-0.0282947750873971,-0.0518253058664718,-0.119410908159346,0.568929953791611,0.403847479030423,0.0331943988116959,-0.222375723333035,-1.05835695540498,1.67034923793218,2.30989594055377
0.523418992203132,0.415508197464335,-0.232985478337859,0.214384804054129,-0.164168782017973,-0.167648856807378,0.249919647227773,-0.501640826620174,1.48881141945068,2.16948985367089
0.831797497948009,0.750981762444603,0.225430069895056,0.305142019376995,0.141956650783104,0.196060215540839,0.272096960418809,-0.841956958729987,1.75925595161723,2.82508116510797
-0.321311567255151,0.0490318478761694,-0.197032521689122,0.0849880163070321,-0.449450353853366,-0.311214006789749,0.0212445873114283,-1.17143999238814,1.52208447551707,1.77035143618176
0.385586265895755,0.270947429313798,-0.128557583497991,0.131460367637504,0.249532138032016,0.213580230374369,0.318713350590013,-0.612281573194517,1.66088553506415,2.38927973571674
0.131454032420866,-0.0707883515900476,0.358203828901211,0.176420652200039,-0.236426787391475,-0.0734650137906204,-0.274429193524086,-1.204394163234,1.268038146749,2.34175464871212
0.710151355144371,-0.0977983129711643,-0.0382308404704925,0.384449668719386,0.0113825663846445,-0.0432269013330899,0.0292116954336173,-0.904408314567806,1.70367048030581,2.19905630074937
-0.211198960662942,-0.134991912092864,-0.444720968753565,-0.169479613356077,-0.21015589137621,-0.417012845203461,-0.330441115740228,-0.786904497917845,1.16474572751981,2.14266601919975
0.18076224866276,0.339387806582561,0.225394558146624,-0.439503274463139,-0.185736442457209,-0.375148133222326,0.343636460185235,-0.881481492755771,1.32027292931115,2.60482302573339
0.567250533680154,0.0608604681053736,-0.147790634973151,0.141338555975445,0.0297551094130694,-0.06264381931005,-0.359832641607211,-1.40631783439479,1.51331494137608,2.43363009952895
-0.181521578167559,-0.0263144997153692,-0.301134560556649,-0.063196916786196,-0.0101977661270786,-0.369775603115571,-0.145105004724824,-0.890199979491367,1.01747897484574,2.33571879575401
0.247477866368385,-0.246075546622966,-0.279317725299532,-0.1982119417078,-0.201546829869926,-0.128965027664835,-0.292268281973482,-1.203164953436,1.09525416688207,2.21713563591186
0.0823451105881752,0.0441114800051021,-0.0676498112737753,-0.106581503660603,-0.215642045606971,-0.335700257874497,-0.126883771825736,-1.37333069709836,1.13272120416134,2.27033022837746
0.435924659943979,0.390236569575803,0.479031632961541,0.398368561615271,0.359605367506277,0.797556070483392,0.435618496165703,-0.630580037752641,1.89220575367265,2.97554462332814
0.200973253063897,-0.255377705501143,-0.396333480472268,-0.406890211785523,-0.125807961915375,-0.481609640134219,-0.467677149168941,-1.24033048068491,1.16422239736041,2.09121596439085
0.892725618694553,0.748888495037193,0.332854638293662,0.151498960412551,0.320506041946634,0.279352340976396,0.344273225879935,-0.792459108959217,1.95504384285566,2.56868451995968
-0.178023729344585,-0.303784674416489,-0.557828456631076,-0.191519208254362,-0.40831805862362,-0.283766046127357,-0.484338043072907,-1.04604749123848,0.76182509087327,1.75152565518063
0.160935794583401,-0.328195360696192,-0.00594765968430805,-0.141778622544043,-0.136285428917938,0.0848303411449249,0.024150378171535,-1.59731322358122,1.23791388077285,2.26974903122881
-0.155046250013651,-0.572110330576275,-0.514505928753938,-0.48572612022287,-0.564718490829148,-0.320777556553594,-0.308658909173743,-1.30013950913443,1.39970336896512,2.29487648678508
-0.194852046097602,-0.17175056538412,-0.258572700307519,-0.356851385496777,-0.504264047904963,-0.511267900432003,-0.378813026140862,-1.20706497563933,0.90090217629938,2.04179281113967
-0.141271303294479,-0.193023101645439,-0.36937041857418,-0.0441506176700114,-0.561031029451228,-0.544394105767959,-0.430866312317099,-1.2705970254743,0.949794986253103,1.88364950724105
0.508777872388877,0.184529750520394,-0.264632521134515,0.171202207007989,-0.41858240298471,0.097621122530455,-0.173070162050055,-0.499992016509063,1.91070954134558,2.11228519952489
0.340564487787875,-0.144758236474595,-0.319164492031738,-0.261702158688178,-0.391633318606724,-0.463930168946846,-0.0974497173356647,-1.40334864556614,1.06805321933282,2.54682544198148
-0.114519693737547,-0.227253016742388,-0.516754762741399,-0.350530272980974,-0.516222909421347,-0.60345079128746,-0.199884760572573,-1.41584332982506,1.17018795443472,2.21140933031371
0.262651592054485,-0.511156767030312,-0.241296848164234,-0.462519999470825,-0.431754073192316,-0.523040675243651,-0.543915405670762,-1.22999956975989,0.850643899508,1.6586974849737
1.07930379822642,0.743310989131549,0.602009188176002,0.607916433260698,0.620710751817722,0.577817854469443,0.485359991492169,-0.390649438032245,2.1445979274187,3.01996095979293
0.808365847323188,0.927254671680237,0.478274581873751,0.777318631504726,0.594556485713849,0.642764241710607,0.480380752136708,-0.381826038101874,2.16333612118403,3.11364597546832
0.261290735532851,0.132768585113121,0.323467165397836,0.205823247223051,0.186807017368115,0.469664108384988,0.155476133953444,-0.855754315199453,2.23898731239892,2.71213539160407
0.09636036870557,-0.159380783944206,-0.512339694423381,-0.366826409228601,-0.307895856591527,-0.553361772819202,-0.657896718468675,-1.47447340983051,0.89379635103404,2.02419620935576
1.04231890504684,1.00050806933748,0.72229070115663,0.589621261623406,0.561470349418904,0.894176127464885,0.614546930413621,-0.655281668377249,2.30625017368041,3.09233163275726
1.07792033182711,0.981123452935867,0.909488831794071,0.903422343973103,0.770451506858263,0.707283307232962,0.794945136728836,-0.148007347881209,2.33109878528228,3.38658123400899
-0.29678076732219,-0.71051663256973,-0.473115265217863,-0.28845805401121,-0.485474299326336,-0.378493220076727,-0.669354750679381,-1.44796749301376,0.674820897671667,1.88450740963426
-0.279233826644574,-0.606695782408983,-0.519751512744916,-0.691489288859967,-0.731321338173379,-0.650421604787295,-0.297581066233481,-1.58950628385714,0.970196396773542,1.73462505264447
-0.290995501075154,-0.41146721608545,-0.537239673478224,-0.745880648634438,-0.488799050697535,-0.717965793021728,-0.717994639652917,-1.62177493470007,0.894565739168963,1.76709270120788
-0.431000636141549,-0.558650333385269,-0.673119995928661,-0.631063218654873,-0.660079013834058,-0.701299265566033,-0.751923413652877,-1.69748066316304,0.890406151794789,1.71105550601086
-0.505493854310528,-0.666021465993664,-0.923222061416258,-0.755211110598561,-0.837850629452171,-0.914833026984788,-0.772682965546026,-1.76958266375809,0.69691560758963,1.69718897857941
