0.554488367233912,0.289199940760623,-0.0572595705849547,0.0384642462361039,0.0358055647024623,0.0431140604767574,0.0447521232145215,-1.0220484956391,1.48475776429948,2.33412569230961
0.56149871148922,0.207843498583845,-0.218625450153117,0.135128952658517,-0.183788713776049,-0.085360683239922,0.0168858035040217,-1.05353363937608,1.4440890121596,2.22142951685167
0.56320562508269,0.352423749103687,0.0717922149220628,0.263292159656091,0.0395383470932751,-0.0524865819011225,0.131892930103149,-1.13757069888217,1.52763852124266,2.36219737309628
0.309591497425518,-0.257747751588241,-0.287349816852799,-0.0985516919342678,-0.172638154222788,-0.0417906680417506,-0.132919805616361,-1.04340607549883,1.44396769321635,2.11801883304528
1.01051127580103,0.491193700348959,0.0925371777260547,0.0719411462587409,0.135478783611188,0.196246160266985,-0.131652544593669,-0.759612831430279,1.44598979112024,2.31834555196178
0.742705532513238,0.51019088938539,0.101129445820012,0.236887256372328,0.322707590458063,0.0385945520840355,0.256403111050305,-1.10930743604305,1.60923598348464,2.29223910594977
0.662441615399705,0.00419681609595673,-0.29872609980717,0.0428138309897485,-0.104056566587735,-0.121800931825641,-0.0764731791163957,-1.21734815424487,1.41598637571251,2.12269760777857
0.488830348924897,0.273698664289913,-0.133844812390983,-0.0768858400084768,0.218892895312117,-0.145478467179757,-0.156446143747681,-0.741933608804981,1.10569084471979,2.18719274850253
0.423449375904827,0.0174961764585702,-0.184125835921999,-0.280869406546881,0.0206016694593919,-0.208511326908495,0.226221598753926,-1.29692114617032,1.60778417281056,2.77933878128174
0.559283955774846,0.328675750228638,0.430951756856281,0.275686406823978,0.317991883835274,0.10745847352504,0.0871735092137149,-0.744934915716695,1.48259517362105,2.94653581420271
0.517640513580667,0.464429321314027,0.511372408801825,0.401833386272262,0.204860077755099,0.279213194821706,0.176218264908294,-0.963910069824804,1.7136749507238,2.24557870326751
0.421212941679075,0.0844295997884132,-0.216211082224093,-0.138133325358323,-0.29772303904673,0.0571196627176537,-0.161876580898703,-1.26308156737453,1.26810860463562,2.21323741605049
0.920384838471264,0.497229852991776,0.103277447569587,0.248820079826973,0.176745989514303,0.289662137676447,0.244903313397708,-0.854577707951268,1.74283285370865,2.48108323828962
0.401247626493171,0.682718459279142,-0.0175770309024151,0.13168903615207,-0.159506935297538,0.016285761589635,0.125193023777373,-0.961021559612166,1.26399821164338,2.50475163499438
0.754870590895528,0.775646306355093,0.388999961079883,0.546031669971438,0.357587823598684,0.373295151070896,0.161069415779418,-0.796214248378407,1.74669220595045,2.50192433610958
0.285997433007832,-0.00732815063059777,-0.33183927362874,-0.0968998524384428,-0.122476169867793,-0.217069023756701,-0.174215930279804,-1.09213815129843,1.06369196477105,2.1613860629902
0.40320866085425,0.0519570268996458,-0.0407895918706618,-0.150125413673634,0.15517638795772,-0.440648004704972,0.14464260514882,-1.40555838151759,1.36390304237917,2.0053333543849
0.474656358896651,-0.33067928999945,-0.192433271034055,-0.160887406129124,-0.296887606857846,-0.128190364958903,-0.403047357150116,-0.975419434678373,1.2123227024597,2.27817126514678
0.714844544291573,0.6497862809789,0.0826500324032228,0.451504602583746,0.472615324739329,0.224042560569576,0.134600321850722,-0.618389820911533,1.79687486706612,2.81330501866037
1.06320562508269,0.858376130056068,0.165542214922063,0.674877525509749,0.422602863222307,0.377200918098877,0.269392930103149,-1.03582651283566,1.7954956640998,2.58947010036901
0.499621720443116,0.583497829823425,0.394377619634677,-0.0165530948926711,0.704367262581056,0.227556228958679,0.302050075339959,-0.576269221722671,1.3524102720857,2.73147805100641
1.05851264758636,0.646678052386839,0.123939165206634,0.705406669971438,0.28369619798292,0.469301295464137,0.374744629454632,-0.702541029705189,1.66604704466012,2.7374259035077
0.694335740584091,0.80428424978711,0.559914484818855,0.479155714064449,0.226323498647137,0.256879342758631,0.319362088325322,-1.04584709226866,1.89447971485732,2.6484226572445
1.04056900052043,0.609377405848446,0.540372251264132,0.711863550645414,0.551993371542305,0.432803361618909,0.218887258939959,-0.85870632330917,1.85945461609934,2.69764209822897
0.736387885243468,0.59446917155098,0.430882226754339,0.404155714064449,0.234336319159957,0.191403152282441,0.567599456127907,-1.10140264782421,1.83304809092569,2.77359772727251
0.276544194006672,0.491544642677069,0.11402808162295,0.489818090481545,0.00350909666385729,-0.174029625271847,-0.265945641463842,-1.30901247207576,1.29093261154266,2.30604582960671
0.718439421043426,0.401470934288437,-0.0853140789801341,-0.115489439234259,0.120203902074607,0.224447696883313,0.656500481362397,-1.13417173533679,1.61686499124216,2.30405928141404
0.455735848179586,0.200728316146457,-0.207098557438472,-0.153022119614267,-0.122635318131873,-0.238816806994513,-0.65825569048345,-1.09767331830738,1.52034729408234,2.18750094543682
0.900349244273734,0.483285339869236,0.273557426049189,0.507803963431326,0.130905225087605,0.155049130222841,0.071971382522443,-0.45170372374751,1.78917982939412,2.72563817066888
0.117329592663614,0.29441707986158,-0.486370554179988,-0.315401061255167,-0.145295695085545,-0.221822114582631,-0.423005371092552,-1.35146111569673,1.43359816078799,2.00017371520016
0.534890420271908,0.482045457905707,-0.0585307228917447,0.542027603034223,0.236251619503136,0.0188692429980807,0.366226347842624,-1.11357606744491,1.88323375167531,2.42721213092374
1.02954410221713,0.857091937805308,0.41274394136366,0.505186907479416,0.544327737459625,0.517036189290302,0.475832188477533,-0.558861996033101,1.88144741788436,2.80353930425232
0.289931566505284,-0.105201646861282,-0.59616953044554,-0.197157432592665,-0.298200353741218,-0.149398301310056,-0.368444473109471,-1.37821670538086,1.22975672207948,2.2468956004774
0.374099133677747,-0.01321817808009,-0.183558666279381,-0.148163946930819,-0.0704905102128595,-0.141143261698975,-0.362997113894989,-1.42052342135616,1.0868392989124,2.20691994371947
1.06601188439867,0.992728367511969,0.633686316603795,0.648476374347989,0.369684225418648,0.540859354478229,0.136404932250193,-0.786417135600865,2.01440120561985,2.70224065567798
0.574653788727506,-0.0394121731770711,-0.235592607368617,-0.327547875483108,-0.222769319258459,-0.146393493617749,-0.067105187395185,-1.44759411850828,0.990867833190591,2.23593068819669
0.900645338445008,0.805634211238635,0.225207338138501,0.606186999292067,0.596495469986458,0.485038551888451,0.565727158730531,-0.568676575544051,2.02924961088333,2.85708210829583
1.12975635831523,0.854072351912766,0.501876307068339,0.629957289646819,0.6023649806153,0.628282119453066,0.595582619435522,-0.441974367309647,2.08356924594213,2.90364269645005
-0.10868213969735,-0.107456300660608,-0.629541655851955,-0.505932672003103,-0.0859759436260505,-0.59521693501604,-0.60004794011128,-1.40191712125114,0.879197422253608,1.65496635117064
0.222703823984251,-0.161112965610105,-0.22820868233657,-0.617272857364122,-0.511277715927762,-0.365888514384226,-0.439417175888725,-1.64769894412051,1.15844491632252,1.89743628708668
1.25318780610432,1.15536683987731,0.496856845856099,0.556081602607474,0.736311744666873,0.765273700000414,0.849912375914341,-0.44760637569489,2.13242634069033,3.11570143619018
1.30221003573608,0.914863791431294,0.614966033064684,0.690600304355484,0.839354543100248,0.689949488998009,0.760667148029064,-0.378963402003453,2.18898037585754,3.11655928141404
-0.00818900210310614,-0.240623279882832,-0.580349402692908,-0.535443960245738,-0.468347933042196,-0.467365510973218,-0.47391994634288,-1.616696338503,0.951558051080011,1.82465636630466
0.1380527372729,-0.216843518859375,-0.590110769445994,-0.264570889559032,-0.685890996953578,-0.230739959646256,-0.41309577079423,-1.66604267898369,0.989228320051108,2.1446230589179
1.02038483847126,1.05757468057798,0.259527447569587,0.819472253740016,0.621190433958748,0.617043090057399,0.328236646731041,-0.767772152395712,2.28162595715693,2.7667975240039
-0.113831325849559,-0.349854870240303,-0.716208584870105,-0.564065205496618,-0.492939997207275,-0.573547558792553,-0.530734211393373,-1.61483240158157,0.860701863228251,1.77196777391073
-0.193400755726266,-0.340578296494401,-0.71004913132786,-0.488817658190295,-0.542171697989319,-0.611996324322614,-0.634550356607992,-1.61549682719579,0.711593622497566,1.80994049625028
-0.0648708055351039,-0.302683821112327,-0.522112135363683,-0.453621010708559,-0.469473826544558,-0.705775791875863,-0.659277467505938,-1.73950991901855,0.874534520231669,1.81411666119021
-0.12024364168477,-0.395927648087234,-0.748123692931661,-0.620042710353181,-0.6476350193847,-0.621717880546934,-0.654417380564478,-1.69197436730965,0.833569245942129,1.65364269645005
-0.231145321421282,-0.463915988990614,-0.847833989461877,-0.653439298012904,-0.774859628220357,-0.664586958599376,-0.696895338874739,-1.93764123689322,0.670623637183247,1.56698233101892
