0.554488367233912,0.289199940760623,-0.0572595705849547,0.0384642462361039,0.0358055647024623,0.0431140604767574,0.0447521232145215,-1.0220484956391,1.48475776429948,2.33412569230961
0.695980184396893,0.325446855035301,0.0697640442479541,0.111728577598349,0.0897597900418914,0.13695086750736,0.0901623835728474,-0.932900469577927,1.55292783265713,2.34886519322593
0.569661961702136,0.296589468194059,-0.213609766106136,0.313594076918561,-0.135337565681264,0.0992902326324004,-0.0484676824676048,-0.951844106522211,1.36064601183505,2.16729134309467
0.517154926180259,0.11610460074622,-0.213151255994675,-0.0232931455847065,-0.167679859500179,-0.101529366379509,0.0147636364515507,-0.811883264520589,1.41955425638725,2.32087801592571
0.730322574782162,0.4318169642481,0.281098740297414,0.091824612968094,-0.0753685392094448,0.0941421882818051,0.0223845498033086,-0.966130651186864,1.61741526832562,2.36295395607735
0.586542351225481,0.171375044552619,-0.108766793116529,-0.0149673324182225,0.0845873731837433,-0.420996937544942,0.0083762778858526,-1.01447201634463,1.42102405413156,2.27056116463456
0.7462611643194,0.290540958694057,0.287100589972703,0.506233941177439,0.251506028858776,0.0543146133295025,-0.0455342620814471,-1.02780241568723,1.56475359541947,2.40187199164742
0.70854196150274,0.250019711706976,-0.013490300485951,0.0305528538310407,-0.0095051372538093,-0.120325999091374,0.00677743967021766,-1.08609310082295,1.38094092110651,2.46700437611558
0.501745751200157,0.118313864811256,-0.113155277794641,0.0284249620807133,0.284974999918409,0.000451144396119763,0.208840261986205,-1.05878645577296,1.44096255634288,2.48075764610558
0.275936335760305,-0.0359125316296735,-0.412525025693801,0.107206474685755,0.0609919640811233,0.147632109805539,0.161174136712566,-1.05770075017289,1.44166517852888,2.52367998745592
0.38120959490003,0.232980696756921,-0.193055627725557,0.128346439305214,0.420823317063514,0.0764675833995146,0.242806784782943,-0.893184119408975,1.48853416001456,2.5854940187141
0.319821586206885,0.286138120621726,-0.21426695065781,0.119279096196654,0.0713575052183687,0.0355387551565128,0.108080887207202,-0.917859244686525,1.2030566937827,2.31408242353471
0.377090973339911,0.505699104846246,-0.269205195073653,0.0570394001513907,0.271579708464907,0.378921058338709,0.270854523143491,-0.884915874148228,1.30759527031876,2.06840657588918
0.355560331559184,0.0486895853691944,-0.320716059971779,-0.0955635801210374,-0.197956771646188,-0.11621370361801,-0.251925891901475,-1.20175198232128,1.38000369087007,2.11219370887135
0.578704726299539,0.489567009316229,-0.0935675422742823,-0.0404091921681172,0.247856405990208,0.187648866668041,0.302501131761798,-0.732540714767315,1.58232344413718,2.55776807631156
0.65098481342347,0.583067695848758,0.155848361972682,0.436143096526404,0.314842506347547,0.301871265045366,0.27832970315331,-0.799714289077992,1.6442594572132,2.57390560170134
0.813053331681229,0.626834994782232,0.0827964518240087,0.386761459858395,0.326691149705694,0.515803136107009,0.139289938340572,-0.714250958019403,1.65982779231069,2.60814834484889
0.249205485737856,0.324165210816888,0.164155003236796,0.255906481578335,0.627472544559926,0.0836429627297395,0.132771957063239,-0.957544674089695,1.62207872560886,2.05934810550473
0.853126723957045,0.522188054427773,0.0609058422988607,-0.204067250323469,-0.192297994081407,-0.0021812398458913,-0.0577481415525546,-1.15135459205497,1.24335527400713,2.4828252146003
0.825572657035491,0.583446225639052,-0.00246496335745044,0.151772591567664,0.321511840747974,0.620936391095786,0.150871772090066,-0.52278533567845,1.46275686610724,2.59623337338973
0.665615135014195,0.776895018791835,-0.0204140631512121,-0.0496466560195351,-0.0333605632871952,-0.226626988116593,0.105485507477318,-1.36006831895304,1.67006265548673,2.75931969335501
0.476648527542373,0.460590221081311,-0.325933210881893,0.426141800807644,0.0207955306558836,0.180303268394302,0.0919373630850612,-0.773490548943792,1.73731857141559,2.57788081704616
0.725169531246395,0.895073942602845,0.404832904250935,0.604441661286186,0.29854674671843,0.420023561787662,0.247094375753276,-0.581110949383082,1.56820630976408,2.80384308252806
0.548114426228382,0.199301531644246,0.270661469504302,0.285623120243891,0.157858829019659,0.638249094832724,-0.0960294575556078,-1.1594045410067,1.26909883639336,2.36664355355438
0.541738251516771,0.553996210557319,-0.0407866586469624,0.536219430882218,0.0739995161866454,0.269774810936414,0.175919711349197,-0.871051674160191,1.37287983902416,2.8464695573016
0.755895377572114,0.638829525935639,-0.274528634509331,0.420292372560202,0.449185036922175,0.321285810175555,0.372297174818141,-0.736261145717551,1.252773698117,2.41375117738834
0.878618019094656,0.674354002385273,0.20703969750938,0.467035674807533,0.495719259910275,0.200677085686841,0.224824152026046,-0.643897235134901,1.76938774532415,2.73095108913501
0.652061376901796,0.511363358614291,0.159574560891511,0.24217497489136,0.27937215276586,0.380225169873196,0.0222104595803767,-1.31066531849424,1.19913144140051,2.22317019121944
0.859520224282805,0.612422480519532,0.419971307782337,0.538487074228161,0.680343832307344,0.649384699213649,0.434911619500119,-0.621260231907677,1.77646787643758,2.80014641434843
0.80377888988584,0.669907058186802,0.350381100983231,0.242831420308736,0.519191573723831,0.501195774676857,0.470063844984917,-0.900639867094689,1.8519589114216,2.79624838828982
0.796431954546507,0.609996532072409,0.0737063507808182,0.171423453949626,0.169160124495964,0.0823538278238053,0.511710331865148,-0.686665620567471,1.74663176364754,2.50210588168039
0.759317774642698,0.661427388468184,-0.0588645002208859,0.584483403034812,-0.0844922932651797,-0.253573816622779,0.0601570944310599,-1.06444971017097,1.81345221280904,2.3917218498757
0.464903720003604,-0.141276322387934,-0.236747891336984,-0.217845031368662,-0.350441736796318,-0.229098291965527,-0.569763594157598,-1.0013825668382,1.18397179578553,2.11196344528445
0.916965373673563,0.710194683051461,0.257808887502706,0.361310175750104,0.464655195860379,0.350691910426075,0.276866689989612,-0.468981971869088,1.78266589223613,2.61963538451747
0.460360560417259,0.293544929499123,-0.124956197587882,-0.119465500741221,0.435282039474269,-0.235401839515318,0.164803576282833,-1.40863315209024,1.35766399124714,2.56618919509709
0.352807694965004,0.0324305663441897,-0.290686274599894,-0.16544084521224,-0.384362502524428,-0.573728421196763,-0.270373927205647,-1.22107547485184,1.01206868866923,1.75235452230315
0.723814342794035,0.37638182977087,0.143581738423157,0.147686630102895,-0.160829966315128,0.324835227334916,-0.00639521019177666,-1.51495743578609,1.78126922461654,2.12934857166252
0.679266254631703,-0.014298345708646,-0.380695982730487,-0.398743749774641,-0.160040362710578,-0.345665997188346,-0.294516647820195,-1.42466006048359,1.29955616032251,2.23164247550558
0.906723879133808,0.722270345844207,0.423786933904635,0.560262467962907,0.577368690724477,0.47952043787547,0.520911302612035,-0.466433926653997,1.88853156910152,2.68552842462868
0.856238619901423,0.859861668461497,0.538017050412968,0.338182125552017,0.603840810273496,0.388895998159811,0.318652872721267,-0.787568138113127,2.05834466190837,2.98815791735922
0.914237009600661,0.41479826361412,0.0919530714920911,0.491783417678455,0.086503935356177,0.402775243759408,0.260003757525656,-0.701575009083974,2.01862234378227,2.95606366212222
1.13007710195367,0.62067261953326,-0.2203203439377,0.239977170793812,0.341262289775962,0.583333589081367,0.219902570786974,-0.431932524749943,1.79805923216126,2.32529311862267
0.214275847289491,-0.0712227270606304,-0.160123100697441,-0.152781370262038,-0.199942233645271,-0.195082736727704,-0.139219416342213,-1.59591797833919,1.28621496678492,2.2607933131928
0.267083249492889,-0.162432916184605,-0.632387671405911,-0.35257957970614,-0.21082249337786,0.0541466039755536,-0.446540961532294,-1.3314356064053,0.985651549906966,2.21764068478387
1.24679768019002,0.553393860782703,0.231526620557926,0.326022775940374,0.563643793247877,0.405266152428882,0.505961200080669,-0.592044607922362,1.95411698277934,2.63233578818272
1.06322387709973,0.99001520620873,0.549802194523721,0.768681712091592,0.703812715407105,0.50437761426653,0.586331089259015,-0.227740671277411,2.03890251810317,2.62527279550475
0.0910534814200663,0.0338192897460922,-0.430231143914728,-0.108168930691615,-0.363340926455728,-0.298659050974333,-0.433920630161074,-1.56090397273695,0.979003710189259,2.13030633579314
1.41016905283409,0.763941121181034,0.576477180264856,0.147529051894475,0.485346868378522,0.716408030479327,0.577378949657848,-0.379005566138823,2.02702235345843,2.75414206586963
1.1400610096168,1.08782067300176,0.448723376040463,0.646478631726408,0.538206721997389,0.75124997708598,0.48965155100608,-0.348993561336902,2.23776754846798,2.89165161514388
0.167808950318684,-0.275774825963123,-0.639972157396167,-0.398822084368112,-0.529982618232139,-0.84109475557984,-0.558738568821565,-1.57271587825796,0.845451284108432,1.93280895377785
