0.572620272535579,0.369399365006064,0.0569042969021707,0.142918908183348,2.19307989856588e-05,0.0834219511123666,-0.0400590112810802,-1.02357044138641,1.39066747583495,2.172130590152
0.660609946532955,0.593305753867523,0.0698172257823159,0.0935459448180863,-0.0893041542368488,-0.0298323423119641,0.00718193775704473,-0.933029139450414,1.37744257493354,2.04323188936627
0.618126272171598,0.316632177556879,0.0240003206718971,0.105949571561449,-0.00207053482256425,0.00898802043656921,-0.096911877055027,-1.06456836154217,1.4188809804593,2.08088066625402
0.527759678680681,0.0320410816761707,0.142442938970169,-0.167796847215561,0.0526800976570565,-0.0905557334388251,-0.156129181043599,-0.83913034786531,1.19146891174235,1.79283601253897
0.413778038041069,0.276878889927307,-0.109595664048869,0.292005035628863,0.0632922526652721,-0.268741791037583,0.0653143233650634,-0.784077477275485,1.42770848445123,2.13498169987285
0.673331583608684,0.213980621528969,-0.185464111630301,0.210751442900072,-0.20698690012737,-0.126617125173083,-0.138693896667446,-0.77604962684074,1.47428032826465,2.08122278423419
0.609347426171729,0.195786423647774,-0.0813197119342741,-0.143805242072158,0.0467765116643835,0.091743389348221,-0.0538228857784444,-1.19249169517357,1.24876203265183,2.0099366875085
1.02648227109568,0.733784306636003,0.360224717188857,0.111351480839104,0.0795032880253695,0.00659799593800414,-0.0905968219200675,-1.21160198528189,1.32889472063317,2.12995013957284
0.340599209869606,0.270007330441091,0.156520815237543,0.236065128080657,-0.229887403380018,-0.190171902374586,-0.0266124832588305,-1.21292275120119,1.51931184638377,2.01513460708777
0.544888385461083,0.370852701088891,-0.106062299257092,0.19609024089222,-0.0753818856367697,-0.0376188292309424,-0.258161545483945,-1.14718000991543,1.39546818829648,2.31813777578229
0.325882418940373,0.0930842047058617,0.229337983448357,0.263246752799492,0.300604565890348,-0.068535221026751,-0.169830976403311,-0.910585760477014,1.13856485421976,2.13343871198675
0.923033998833899,0.687899233509221,0.628245352986569,0.36014055445232,0.431109375361031,0.422565345435924,0.352364538214827,-0.671610495276944,1.50503715625689,2.37005494990361
0.436285235541739,0.135816000004213,-0.0842604247934965,0.0243536992561393,-0.241677041532581,-0.399579653161054,-0.25774391126276,-1.14818334433439,1.37009969982318,2.14406694036476
0.892757668088132,0.375783237819732,0.354190460754108,0.133134730697299,0.456460417844256,0.535010299704557,0.125207139910724,-1.28118133010152,1.44236816549795,2.22580714095167
0.877498321316067,0.674277413786551,0.361782345682659,0.447796956963835,0.304899979579474,0.388299999892854,0.264819037499408,-0.718692392605927,1.69554552461544,2.47700863893249
0.301364297492697,0.228229307520496,-0.395945156070715,-0.0868015928202054,-0.286166964565014,-0.237203329794018,-0.434995935554258,-1.10769751437488,1.25649506489368,1.75312564481821
0.661511701938077,0.504127839433707,0.682227859088657,0.358197281609081,0.386045440804907,0.360109846037973,-0.0852249707446737,-0.702480099566382,1.65703854178639,2.20083735748387
0.963598438317478,0.330739190179488,0.463144897866089,0.150043523763026,0.446697514922999,0.491274606053953,0.40164270126609,-0.791681978574381,1.54261079848701,2.39348665554601
1.11934019454253,0.615819298212456,0.116972310617285,0.35162893394215,0.289994492915028,0.727880236920132,0.194533412570274,-0.679859210131229,1.34066446573748,2.31284278323357
1.00635554507319,0.953166253260749,0.226075559582679,0.262429140592659,0.443364241014814,0.34315391749801,0.389686506626292,-1.18518988930282,1.61992031716476,2.31436733496309
0.393180376150881,-0.0127756099535781,-0.221827775475601,-0.184501772757227,-0.151519521034503,-0.136471495316054,-0.507342353438433,-1.19489776351845,1.28823963611194,2.1009357294704
-0.00486858889239343,-0.0185794327577725,-0.249893881226288,-0.379596997408391,-0.144915249320885,-0.163707649013391,-0.406094931497333,-1.23475706258942,1.11904382901572,1.74744568547351
1.13716048583035,0.929427253471493,0.567934756318911,0.591788850451272,0.550663477250699,0.463634303601138,0.310753345293294,-0.246043794687538,1.6837915927228,2.76902253077322
0.92542781403662,0.860673956709503,0.41753519013755,0.595634344221924,0.404412747113014,0.426119716114806,0.346329243499932,-0.606167743778945,1.77327627101413,2.58730527441303
0.208254685506445,0.499235830134296,-0.156344158464736,-0.241601051736467,0.165521267284078,-0.0902697534145053,0.0463511579341161,-1.14546487054727,0.981106519039291,2.09483937834168
0.238356505234475,0.0793574890352767,0.00159453387720354,0.211035127388633,-0.293270487115421,-0.0846747695038665,-0.341650926631619,-1.44344617228422,1.38615938907476,1.99188040507532
0.228490717879708,0.0343442205135324,-0.172515406201743,0.0735146282527518,-0.344654729667149,-0.0800785160318254,-0.553917622305683,-1.15641457094107,1.08702375113859,2.00863012300781
1.01492705052913,0.549875624590154,0.419296804528435,0.570518061209975,0.471644724420764,0.136397527552969,0.346380582664366,-0.623707819858867,1.81373753003088,2.53280437016756
0.980662607766762,0.695409206846479,0.4872120194865,0.467151314187535,0.357221641496007,0.509371419203438,0.304914496978426,-0.636028929873825,1.86397074007887,2.60072260095827
0.611847802915352,0.752789571685846,-0.143646261591518,-0.259567054275972,0.0526472991469515,0.257564311524823,-0.246637822930057,-1.04144933605943,1.00520310194248,2.26282639620046
0.0518143817144405,0.13975536979808,-0.0420186546315412,-0.194353632971195,-0.208166441495618,-0.117934376945522,-0.495554328442453,-1.38580272060974,1.2022301922412,1.76706060791764
0.0137094052987791,-0.102557912157812,0.0617839506118542,-0.189828246789826,-0.455432087148654,-0.469551825319018,-0.193718129044241,-1.27201500060505,1.00640652991729,1.90808271161558
0.315716871559373,0.0142227769446543,-0.278409079940328,-0.196459829050776,-0.304479935434789,-0.293421380175656,-0.399321277667252,-1.3669777621544,1.11647157984708,1.77847126564179
0.895440526098903,0.574432016510312,0.747084553889761,0.840359938805642,0.53331240726805,0.693202306448493,0.41919753268485,-0.612490490905532,1.90031173596977,2.82441471191916
0.267468294904142,0.133162207297601,-0.238387197212531,-0.249137074674181,-0.353002535747669,-0.0722705039831273,-0.353307929059733,-1.21490695099287,0.866922482345141,1.95293417308319
1.06225266121495,1.00274925560779,0.586482808618524,0.580164901608434,0.687696460511902,0.663417348956808,0.54329592753001,-0.443423351036541,1.90985199207231,2.68662161626054
1.01995027794198,1.04301616554571,0.320118443088003,0.600139165021,0.61899135485735,0.51514107271576,0.516875663253403,-0.859057913542865,1.94354728984711,2.51749278425038
0.7209794946249,0.352827610979988,0.107062705590659,-0.0969729057694684,-0.0488484717136465,-0.123035052790276,-0.263028170912092,-1.59845117202387,1.21762464794892,2.30470728615396
1.17990772192829,0.976686814398776,0.664191746294883,0.75020635757606,0.607309380191698,0.690709400505079,0.567228438111632,-0.416282991993702,1.99795492522766,2.77941803954471
0.301466873944817,0.0137994979363306,-0.0947754130102552,-0.279665685618493,-0.283870464157651,-0.561045142503209,-0.649269898941964,-1.38132626095113,1.14467192385666,1.83735984557372
0.197616421026697,0.0414530620714068,-0.284688238979332,-0.252358057043905,-0.316321150433262,-0.274282949948964,-0.676780861766785,-1.30183766192684,0.924734889417549,2.05753337750378
0.0757487230324503,0.10913331526633,-0.0908142718690297,-0.104494497124795,-0.196453420475127,-0.417590194636621,-0.331050914115088,-1.57012914583986,0.945323346280294,1.6582719791274
1.22541372156431,0.923919626949592,0.63128777006461,0.713237020954162,0.605216914570148,0.616275469829282,0.510375572337686,-0.457280912149458,2.02616842985202,2.68816811564673
1.16663114612936,0.798455173975273,0.401211659921521,0.588087714401985,0.368451411217888,0.4390155475255,0.415245448612002,-0.776532374896441,2.07837307659,2.65885546077519
1.12155694977821,1.06770355763177,0.605820948017974,0.748249810406928,0.604813528546124,0.679985179404931,0.595111771348748,-0.399471870232023,2.04710011161075,2.80465810646157
0.425136441573765,0.202187965981976,-0.407444930884881,-0.448575099553581,-0.207581220666867,-0.406011489882219,-0.387651855329167,-1.61651541390344,1.1189248438282,1.66605673827648
1.31857077522549,1.04674717409328,0.771915323530656,0.805151848475341,0.741550257484192,0.667774045771593,0.548809732461937,-0.237252170245322,2.06115093533902,2.84624305372509
0.00370072679780714,-0.25124567998644,-0.521752394476143,-0.45864642483464,-0.58895389014799,-0.513853473682639,-0.592285549843656,-1.40281406690565,0.857629150543167,1.50782323406201
0.206405031825807,0.00895499608272604,-0.131284286660331,-0.0964040443594673,-0.440170085955084,0.0261017488719807,-0.716500905664333,-1.54529909468101,0.821295337622135,1.90746729264566
1.30131894955013,1.29236786982476,0.723373384798308,0.897213869005176,0.756982429268288,0.788394060259118,0.788504787890992,-0.244196477276753,2.30712634147195,2.83101532421657
