0.439477162390761,0.235308910350679,0.0939221648196975,-0.0165288838702597,0.00702174168425487,0.0205912623272386,-0.0259451122912185,-0.869986536084249,1.22353044294108,1.68419806616106
0.448011272529682,0.235568696085632,0.086972078683023,-0.00299317041949572,0.0212153846430885,-0.0127463191984842,-0.0436955941604863,-0.861235798177166,1.21342997719952,1.69417391717213
0.501721224882239,0.228181327299381,0.117105209266945,0.0252045987203482,0.0407814805888606,0.0138999102565325,-0.00675310646339412,-0.893207227327532,1.24015023310513,1.7007981227971
0.469322300887178,0.215690389746961,0.127959715508263,0.0152587501663754,0.0379533051683542,0.0359300583397395,-0.0183248487427068,-0.860132827664628,1.23827652287465,1.70448993237228
0.469322300887178,0.215690389746961,0.127959715508263,0.0152587501663754,0.0379533051683542,0.0359300583397395,-0.0183248487427068,-0.860132827664628,1.23827652287465,1.70448993237228
0.474337407397987,0.234366060827352,0.124990456909158,-0.0158912597177938,0.0412621099180184,0.0232287366537383,-0.0193739838742471,-0.882457647025501,1.23877683540994,1.70246671032886
0.446274577579662,0.203078910129465,0.098679341648449,-0.023969512513668,0.0240210362360313,0.017061073355331,-0.0483306298529793,-0.886531798822047,1.22748134217318,1.69216279026231
0.444884134429486,0.217258737306631,0.110758312306268,0.00278722650443849,0.0352816198596842,0.024577295703319,-0.021506684953943,-0.879671387158626,1.23346910810489,1.71404796755599
0.421300400291718,0.230409375065904,0.126260384085125,-0.0184613808997474,0.0494794458741531,0.0441365909763473,-0.0370640447576259,-0.867522705752524,1.23328659683924,1.69328810916893
0.452119288877267,0.227362655481233,0.112781324098584,0.0266551686095035,0.0444532368925194,0.0400112922658238,-0.00455612833374222,-0.851600945191746,1.26231053762698,1.70306730216627
0.447786251239158,0.165875266614125,0.0961562371254152,-0.0157986498595359,-0.00489303539287972,-0.025800649029632,-0.0478476382493034,-0.902383863223637,1.21032249698729,1.6698130756145
0.443188248086242,0.178623169535438,0.0844075647253964,-0.0505509374259397,-0.017167903159077,-0.0194447698413829,-0.0565776815026995,-0.901870054617342,1.1988322173158,1.65728225383513
0.448549030948377,0.228927631914092,0.114407548820675,-0.00886385777827759,0.0175768220294574,0.0233832192034234,-0.043282772898469,-0.883702301711569,1.22852001918335,1.70825718871127
0.450989677263493,0.200636507172446,0.129714142193063,-0.0107565000522341,0.0496778343595591,0.0103818770731151,-0.0171958066252443,-0.884451126923943,1.24099117057923,1.71013547367967
0.471320876113557,0.241914297674191,0.12241343729561,-0.000613074878720043,-0.00437322608336123,0.0241712144687618,-0.0449319572177056,-0.881234482969721,1.25936783495503,1.70462810708896
0.467143979045166,0.217603981200572,0.116036611066511,-0.0148519143364187,0.047990108519709,0.0203862964263104,-0.0306508347504537,-0.885878559665999,1.2366674560128,1.71876121621595
0.467143979045166,0.217603981200572,0.116036611066511,-0.0148519143364187,0.047990108519709,0.0203862964263104,-0.0306508347504537,-0.885878559665999,1.2366674560128,1.71876121621595
0.428789210165628,0.184256424968534,0.108565953783254,-0.0272818905743906,0.0222580476990318,-0.00894614603901651,-0.0274666698133395,-0.907888675415906,1.25549812882762,1.68758891975863
0.473386020645564,0.229223532803515,0.118238591316595,-0.0028600735781564,0.0451942446135111,0.0190847834948826,-0.0148871993494504,-0.862861824618662,1.26281876445354,1.72686599515461
0.419801155379693,0.192028048410462,0.110278729662954,-0.0558468822933453,0.0242167612421367,0.00105006103211497,-0.0593708897006287,-0.893953771500611,1.23607487976982,1.67900215845963
0.446811599704901,0.193744335394785,0.0644502588800827,-0.0447958197924627,0.0327809833862098,0.0170444566712704,-0.0622426678867647,-0.90168665665173,1.21196981790178,1.683647375692
0.498481618540327,0.205824569178345,0.115357653036403,0.0158210294877335,0.0719913156579638,0.00011558777024142,-0.0264056904159345,-0.859144527872913,1.25572282547805,1.72012660281592
0.442704859919428,0.170897774612303,0.106612645095371,-0.0187489976484341,0.0291088291162872,-0.0118102818511292,-0.067348991068027,-0.886243835361206,1.24903902916043,1.6822367467764
0.449765913356372,0.235584164961193,0.151832183199602,0.0239910743177849,0.0384990725009746,0.0682603562391071,0.0162067049680904,-0.856871463465606,1.25116916665526,1.72527815193395
0.434718697895749,0.198271614256495,0.0995372893891117,0.0127293507122055,0.0362117036695539,-0.00932861215323112,-0.00686955545768891,-0.876718843923948,1.25898742362025,1.74340116885429
0.4535360636907,0.20147786806363,0.157476646416997,0.0028563396733921,0.0276626432668809,0.0197270442527503,-0.0197886630279144,-0.856636835734714,1.26106401631151,1.70720609463034
0.450376261936971,0.230334856389674,0.140774898723273,0.0113736411338725,0.0660402509998475,0.0358689353936616,0.00350215358564921,-0.829467787700725,1.2621815086956,1.71055481359117
0.455715125054184,0.222933520287307,0.141522625066796,0.00203536557528889,-0.0155015200131689,-0.0195195684908602,-0.00729262819617667,-0.878387903017001,1.2526572642394,1.7356897414132
0.485710718112192,0.25491839269465,0.139060367119976,0.0150386665027784,0.0539177893369489,0.0350186824653584,-0.0180399860332132,-0.842393608048618,1.2720035875239,1.70985102786618
0.41938761323031,0.211700558166558,0.0741562490273201,-0.0218937717735683,0.00239741205553905,0.026954886328989,-0.055759140776837,-0.892613944753027,1.27070475174119,1.6821077416065
0.397536805870244,0.17860220117286,0.0795276926259202,-0.0616493051721963,0.00148944584200519,-0.00410413400070567,-0.0943106747486686,-0.892561157782599,1.21854893637469,1.65622054106846
0.466738310509481,0.222716600138869,0.123562030169099,0.00410851761204754,0.0356176793610987,0.0500284151913907,-0.0264695545660599,-0.862609771167441,1.26505151947655,1.7314418583666
0.418157240879872,0.173306826105949,0.107503450588307,-0.0221723408716154,-0.00196814314569029,0.0107697617470295,-0.0622498416197233,-0.916036109368414,1.226115901446,1.67857341111671
0.439005810270035,0.219176759839471,0.114499795720711,-0.00435783373008913,0.0408791153597612,0.0477722498456486,-0.0495174779314044,-0.876466241201789,1.25790898729091,1.71976183836677
0.40626496488742,0.173944046225688,0.0647934752395437,-0.0353631126160275,-0.00203568990856408,0.0044512180300936,-0.0870801920028625,-0.907350120592066,1.20616247890153,1.66704406497382
0.411843786237755,0.185834203089713,0.0557266135660849,-0.0751659112101898,-0.0301281448429996,-0.0235391053208679,-0.0853652279881889,-0.898643564481776,1.19020026058379,1.65076244096621
0.455412330089639,0.20185103506731,0.141862754675968,-0.0122899743611735,0.0146821439780641,0.0279879478769604,-0.0506685851812111,-0.851273830570853,1.23855784672326,1.73298380137692
0.411518832679086,0.157886921538868,0.0701562473001705,-0.042544718041717,-0.0198501630397383,-0.021873409868353,-0.0761283169507993,-0.91793629587272,1.18047305466656,1.64668646416419
0.456734876997623,0.252893875088328,0.127607465493664,0.00433432053831688,0.0882401178103831,0.0559231542368822,-0.0309635256732339,-0.859026514854935,1.28029945564636,1.72765941551837
0.435717116549026,0.210174045157203,0.0661254706601981,-0.0079005262864778,-0.0170301493637573,-0.00387887807640801,-0.0769980396913574,-0.927088875851853,1.21784294620455,1.70364104241526
0.483031386810264,0.252809324266409,0.172196121675365,0.00868236663286571,0.105444150022986,0.0628183766681756,-0.0581665479605724,-0.887810196843679,1.25091474102167,1.74314659276358
0.48795749056529,0.279900157254064,0.168613835260016,0.0513716645216182,0.0828150647938455,0.0866523688507728,0.0197456928175654,-0.815583271888398,1.28620157162986,1.74019517598765
0.379264215448876,0.162376041618797,0.0720053503274531,-0.0656077839255828,-0.0393255714789657,-0.0343277513118882,-0.0973262326575997,-0.927005934433496,1.16210821253818,1.63656201271103
0.395482464624364,0.194785802617001,0.11602666917853,-0.0432293384633144,0.0124560875475123,0.00336486384899654,-0.0846978106178737,-0.924734549643173,1.16777122647897,1.66516468648115
0.532140875606079,0.292169529035444,0.18279392511725,0.0419122084902987,0.0990655781261109,0.0810322048618308,0.0384294843338454,-0.824654178817408,1.29658030361803,1.76027017853696
0.497261367828751,0.27492028729207,0.179255444591523,0.0485206721762024,0.0727932776746923,0.0640208706665681,0.025242466766664,-0.82761871929984,1.30454901410803,1.76505267340189
0.525791285129423,0.284096806838126,0.186983219374434,0.0539590562805064,0.102078099628876,0.0965991539348031,0.0285841798501363,-0.817347261208256,1.31101474537663,1.78287097331827
0.379744402148455,0.125177290028948,0.0526238436209227,-0.0868386972012342,-0.0390336662039951,-0.0611978112385792,-0.108015009240266,-0.941415255773249,1.16527541185239,1.64217719289624
0.385058888390117,0.163475590670951,0.0646458085491146,-0.0747585029404557,-0.0267676944508361,-0.0377398246545359,-0.107819197901111,-0.954706718343665,1.16016550697791,1.63763922542967
0.539871463881555,0.296445275756832,0.196936551813211,0.0706436281682069,0.131070354261907,0.0992775125997688,0.0409894988681243,-0.798919149095099,1.32593220910272,1.79134078876316
