0.462033325745157,0.181993035490623,0.123281402494417,-0.0286768704032716,0.0402776726968028,0.00262430533422036,-0.033928259776842,-0.896182603061279,1.25264347726011,1.7348287056588
0.4640618688999,0.182034550695503,0.0887093053004769,-0.0311271214445402,0.0499884712440734,0.005960302183085,-0.0634529176589184,-0.902646923801125,1.24100166857433,1.73423512256205
0.508175223110601,0.194568579789311,0.123788716865925,-0.0155189920592761,0.0396835874299154,0.011516793798927,-0.0533290029388469,-0.875478210722986,1.27699857821939,1.73478845688027
0.492222455127868,0.215983337117699,0.0983427533902616,-0.0616546741877104,0.0786106649250055,0.00877666960154596,-0.0440528046449949,-0.906067408235398,1.23042785214259,1.7386513907022
0.423034575239096,0.179536787472982,0.0935358694276899,-0.0720002354800122,0.0290002186682531,0.0060742274846773,-0.0472771972281698,-0.927971350563658,1.24171961563505,1.72044915966384
0.460278463243261,0.210283483824508,0.118051481075005,-0.0381362330518956,0.0649097705794679,0.0163866959610087,-0.0407156613344117,-0.885367592691316,1.24855877218113,1.7670913865927
0.46394900598754,0.204517569871002,0.121988950841649,-0.00870041314210268,0.0788637426392043,0.0370376238693707,-0.043900877222292,-0.865445576526812,1.23444669100833,1.76996498741462
0.492669308695897,0.218884229700032,0.155102299313894,-0.0288697361396145,0.0769626909912446,0.0546697502993805,-0.0182730266436602,-0.853139917676828,1.26762294196926,1.75991227237498
0.503075729866879,0.240101219204078,0.153876857314511,0.00338723325530151,0.0974257512504163,0.0395716056315674,0.0032623965577674,-0.866505286721394,1.26869452875962,1.78483655637088
0.456335601122994,0.153833357799009,0.0767675195152487,-0.0342124256776388,0.0455477560658724,0.00741160466317898,-0.093777159717818,-0.900189904566786,1.22397549144657,1.71266849458941
0.489355293025114,0.166500644836164,0.118665878488693,-0.0266447065797336,0.0378130529585064,0.0273415128570249,-0.0313541436268666,-0.921060534972191,1.25811382462537,1.75280053523373
0.448923768784255,0.162050612162013,0.102547596284162,-0.0331266825715187,0.0309043896469814,-0.00607253457672775,-0.075443278320093,-0.885672273660442,1.25938337481383,1.75792957484785
0.505583989187172,0.175842208755229,0.12641540059307,-0.0290864744072567,0.0482165846177781,0.0211651242646518,-0.0320191994521283,-0.909368412374422,1.25364720861829,1.76247402915949
0.512586112967488,0.248081955358188,0.15785677826822,0.00338723325530151,0.0783224374102603,0.0690898456761233,0.0021961498282742,-0.864051309198165,1.26551516025518,1.80009326471573
0.48080907838336,0.231560517201493,0.139188804042247,0.0100134172573457,0.11445234783885,0.0343814326332066,0.00554380843200749,-0.857946823637853,1.2728269333067,1.79342528673647
0.462467934145277,0.212233534683686,0.141053697416995,-0.0253609642097899,0.0994104435407195,0.0311431919680683,-0.0708309578264101,-0.865440425333373,1.24811609475148,1.75442014699981
0.484549239445751,0.1683918846847,0.09211357666518,-0.0526268633888862,0.0611075751924025,-0.0102235089570586,-0.0463174901247815,-0.926538145982693,1.25426890417665,1.74650485625583
0.450703165173986,0.147364320153287,0.0796574656453712,-0.0398087057705956,0.0273475740615262,-0.0308803091828892,-0.0643219366349085,-0.908817954107645,1.19169868057191,1.71055751602558
0.441923893783432,0.160339933951435,0.0994842153533978,-0.0696995183473327,0.0204483542647433,-0.0167247801970789,-0.0941893274641985,-0.902295491659527,1.22657030397076,1.71612938217098
0.468632610411236,0.212763046936529,0.168706572680714,-0.0415979417810392,0.0559480234263501,0.0200368143484117,-0.0344433804890156,-0.909809973714563,1.22838364244315,1.75236144656584
0.521028583579134,0.226760774379677,0.132187076158796,-0.0198286401268052,0.108871331109925,0.046023090643086,-0.0101514287236659,-0.862341660768886,1.29680909059596,1.76168642603271
0.491527756532448,0.26973160772794,0.150562653379214,-0.0253823838875557,0.10518977734528,0.0502061948619508,-0.0184179578465574,-0.85711356690822,1.27592473321705,1.80308069070647
0.453616983641053,0.185107732379107,0.137420298013278,-0.0638328812880219,0.0534928227274206,0.0484453066978618,-0.0231305733585543,-0.903059839329432,1.27671324002421,1.78735436126433
0.451199174697637,0.177730827572699,0.161437280678378,-0.0401303696621709,0.0332986539341255,0.00671245483184497,-0.0742984609418933,-0.886097066856878,1.24941502937687,1.75426555042873
0.493838762149953,0.241513319176734,0.167815432745965,-0.0204982553613812,0.0776739419021605,0.0323453282276403,-0.0157118979646477,-0.893255320838851,1.29658595901617,1.79168150250953
0.50443341213998,0.225170666569304,0.149052121029685,-0.0118617457195608,0.062761923593059,0.0587524253070407,-0.0319841281876744,-0.880537891139576,1.26763847675374,1.81090709842639
0.450038311194549,0.173257008018892,0.0585950394899564,-0.0345220518745524,0.0428474280992297,0.0388710646629947,-0.057899394041906,-0.93528267308748,1.23938470160443,1.76499354846897
0.462726391796671,0.2162994714045,0.142730670097344,-0.032591185094862,0.0441180002797877,0.0240890233888567,-0.0536872924979076,-0.902803288644769,1.30652145376018,1.74210552072484
0.502739653011374,0.255922302550442,0.173039541061283,0.0157801023926779,0.116039769033512,0.0646364974446507,-0.0175098648209263,-0.844475376702631,1.27077993060115,1.80500677056164
0.512923525612581,0.212069225245403,0.139112283915028,0.00400812570080733,0.102743716408637,0.0825847621431674,-0.0376912084054285,-0.838089110200546,1.28384188998574,1.7792736038538
0.433498987762962,0.138819209329164,0.0870187224404227,-0.0564999973667567,0.0218533721976606,-0.0465023610311102,-0.0774385991892191,-0.946125477472387,1.24477953776047,1.72549064930719
0.504786574284328,0.21028031295335,0.159071084276406,-0.0305772335306944,0.081100165505042,0.0695902743802256,-0.0319611292805229,-0.840144553178037,1.28476826674809,1.79647255147671
0.429909272525082,0.18759250945808,0.0662020222554877,-0.0777060303444833,0.0166572237245071,-0.0188005070077408,-0.0801943538212047,-0.929856920032201,1.19746021578901,1.71901606715713
0.517375439600417,0.254766960359356,0.172286157134797,0.0474236768188434,0.0925531332366671,0.0885923706041984,-0.00439716752157674,-0.861822276222,1.29449320355006,1.83151410332751
0.424488034904489,0.175179911549984,0.0741477685001197,-0.0887598183597863,0.0553281044086978,0.00606434799929169,-0.0925512832495655,-0.95046125157616,1.24087984639949,1.71773103382222
0.452315642355831,0.140458849430506,0.0907738676776006,-0.0594770491196372,0.0260399524985952,-0.0550513113248167,-0.0949256158536443,-0.930362880455916,1.2465226367567,1.73416666747763
0.51792238707403,0.254006799640535,0.178015996774968,0.0226115791787972,0.115301672608199,0.0693276268023319,0.00505932567492481,-0.853206593848031,1.30324112276277,1.81459823218151
0.5247564340894,0.249790360734673,0.169276435498991,0.0107177639971955,0.120477322283665,0.0828737881563568,-0.00213198904584399,-0.833784192022563,1.29432734114961,1.80724944527834
0.541497875126142,0.221581668315562,0.159258395963215,0.0126939172632017,0.112903405511606,0.0782358748190199,0.00593457680098231,-0.837465563390025,1.29596591315615,1.79727113417759
0.433145443533417,0.173270879452697,0.0964429998022882,-0.0685474487293457,0.024169009120228,-0.0119466595482291,-0.0820837303082029,-0.932541995975416,1.21169502112278,1.74084778679646
0.520034994461854,0.238241915680278,0.178913125352891,0.0307992408743954,0.104534703809804,0.07163703277351,-0.0144033179231441,-0.84761556315884,1.30066823457342,1.82109196541356
0.545369118704712,0.24176284974665,0.175896749906769,0.0185719602839984,0.117106625047586,0.0653861842947307,-0.0118470733092627,-0.866485976633672,1.30873945083411,1.80692459227685
0.421613378900772,0.130441544933512,0.0590876609541172,-0.0910211140652745,0.014588003743891,-0.0169548670717138,-0.112490610010216,-0.940871318245912,1.1973938859176,1.68804553367836
0.541088989596143,0.264138771286614,0.158354717967006,0.0220053908053054,0.0930018662878694,0.0816799691852058,0.00777807323916054,-0.853719286853831,1.33213708306951,1.82473642714547
0.437812327131077,0.143331619835791,0.0526772747703631,-0.0853590208401764,-0.00488649002942524,-0.0135577993108608,-0.0637473472582803,-0.967307178796197,1.20858452107648,1.72353805789068
0.525710396262991,0.259379966294334,0.175791497424982,0.0415624168433506,0.124370956297724,0.0796683115925868,0.0381212374485632,-0.860076456614059,1.33009384512591,1.80477000783906
0.426694300101991,0.162701838399124,0.073703305154541,-0.0784841117739383,0.00229904559739484,-0.024477405785865,-0.0958985492851006,-0.95730245508089,1.18983576569033,1.71061253477844
0.407096628969547,0.127100881391182,0.0694835414312708,-0.112831870929285,0.0269569280660325,-0.044496188095921,-0.1219660287406,-0.929582131234915,1.19685808510226,1.71064209080401
0.409066465842431,0.14123343499742,0.0611293225507361,-0.108091484609951,0.0268953706637548,-0.0375923544377014,-0.126801545612021,-0.955045094197878,1.2094915709909,1.69894618437126
0.39653247988891,0.123557719304766,0.048331256009483,-0.105278273985021,-0.0291158621744877,-0.057405511965484,-0.135633529687818,-0.9631975089686,1.19366524488606,1.66934707564941
