0.460468202731357,0.19067887303775,0.0493586346264835,-0.00676767032883478,0.0441318906504751,-0.0129941544344516,-0.0305381298016707,-0.845437704531219,1.16491911189754,1.57677243831898
0.426644540785431,0.197778301275789,0.0406490670982918,-0.0269823140394187,-0.0150627168273853,-0.03245804161074,-0.037087023609614,-0.882151733440778,1.18043286354499,1.57173159441577
0.47707353823502,0.250111107345718,0.0488983962207768,-0.00208234447779565,0.00929873114910136,-0.0327761551140705,-0.0271437433140789,-0.834003351644258,1.1802640803898,1.61296803023149
0.477405304920356,0.206908001181767,0.0716996644058163,-0.0132157026886921,0.0239803800134184,0.00374559307729388,-0.0202374490359814,-0.84836206419402,1.19346423938125,1.62046135637666
0.462663001501189,0.225620709966171,0.0422161296496152,-0.029077992604202,0.0246500067849733,-0.0190806667575139,-0.0360455494286336,-0.848968570080615,1.20195507965859,1.61596324838139
0.476517792030156,0.246047990163965,0.0665296063460465,-0.0111186449573193,0.0576429337293948,0.00125333498547208,-0.019670956472169,-0.843740508870645,1.21827521432529,1.61931898894924
0.46838695848899,0.203628370863089,0.0512073302466444,-0.0109980695898434,0.0382589446568067,-0.0268781064111272,-0.0394804879647543,-0.870410791972365,1.20420246779569,1.60691155539152
0.46838695848899,0.203628370863089,0.0512073302466444,-0.0109980695898434,0.0382589446568067,-0.0268781064111272,-0.0394804879647543,-0.870410791972365,1.20420246779569,1.60691155539152
0.477710208696978,0.191730191338305,0.093109806538468,-0.00689897729777814,0.0218527360353386,-0.0212758837872294,-0.0435259425292816,-0.842607520398359,1.20749601369133,1.60658053124621
0.468322058053708,0.200933656323884,0.00737355234819968,-0.0407311831574642,-0.0169967249225584,-0.0253985687635129,-0.0567574018408111,-0.841297180023239,1.16012214919861,1.59642997651465
0.463177915597453,0.164359337076132,0.0242408530630389,-0.0332183909330404,0.0121177629691704,-0.0132095024117765,-0.0492274164116635,-0.845124468927007,1.16567055017242,1.60401781917145
0.439443787326796,0.163203872803683,0.0762451264307287,-0.018763412026824,-0.0110562721389312,0.0301193138878704,-0.0413584034862961,-0.866563195930277,1.22009783185426,1.5819777916515
0.470703741249246,0.212074598859084,0.063777784297166,-0.0128585058314731,0.0242239625426456,-0.00196832319113658,-0.0316019827257601,-0.854354711538644,1.20999581940664,1.62902945047198
0.489319005471232,0.219391926095747,0.0700752993561943,0.00155413808727517,0.0324020595577127,0.00839369139879432,-0.030062836962892,-0.841256423092843,1.21915221850945,1.62901141863652
0.463550491816012,0.227534246622435,0.0888767852414737,-0.0287595745853717,-0.0182694916295042,0.0124584689652812,-0.00664915085762907,-0.860401442087057,1.21350385392362,1.63647136263057
0.402592375951951,0.153000251858464,0.0191347742407536,-0.0326568282766814,-0.00684073105758137,-0.0732918741724168,-0.055835911366536,-0.880079854555855,1.17164957930662,1.57605884267586
0.484197740223518,0.222863002990073,0.053361012738553,-0.00847058035842819,0.0179815911331895,-0.021897491174587,-0.0180992705747007,-0.839097066830789,1.23420510068576,1.6221218778903
0.469144788793798,0.231820745766262,0.0854329182483523,-0.0289849638658154,0.0242348402335674,0.0037555855221897,-0.00787128128199983,-0.842010219435035,1.20779306498174,1.65240388931791
0.447433549005928,0.202392854019704,0.0409446799336209,-0.0238838347394919,0.0022806101640398,-0.0173973457790756,-0.0650057614192923,-0.878275861363632,1.19888707579264,1.60153456048006
0.474020524269561,0.177142113206004,0.0556680881311545,-0.00173196602977909,0.0334489115449568,-0.0168568574344337,-0.0229891075065646,-0.864821432135499,1.21336092493421,1.634164334958
0.472822053284115,0.184435120871506,0.034842210024443,-0.0413593180575138,-0.0066477791231545,-0.00206640391650636,-0.0271592559376089,-0.870778108436145,1.22146245369632,1.62046806393937
0.437838471067328,0.159935520401244,0.0287123717276919,-0.0468773656433617,-0.0157045112598541,-0.0102146640566512,-0.0628050365245119,-0.870914461586875,1.19721868893115,1.6031297996173
0.506482901299213,0.246628492087771,0.0781563453540982,0.0073467925142463,0.0502280899268361,0.0150932296579409,-0.0227923751686241,-0.828186553590468,1.22783090837565,1.64611276006366
0.489493900327639,0.228808582179372,0.0694619826476383,0.014586102335792,0.0582311046761737,-0.00275588716695674,-0.0062210644614284,-0.845786026493941,1.22978663972132,1.65498847846844
0.476328749553361,0.196868613701395,0.101960451131961,-0.0251031702770238,0.0509258364375633,0.0439758482042042,-0.0176735481598192,-0.808071753245617,1.19718366950909,1.64603838263292
0.517236976231111,0.232562619946254,0.0987788307392415,0.0162533668113693,0.0665472432418503,0.00479195374222643,-0.0308208402041169,-0.805832648852549,1.21982865300256,1.63645610023164
0.441622958575194,0.173321192448255,0.0286597691062684,-0.0534599819186916,-0.0153352931738829,-0.0352175126586496,-0.0640317135009568,-0.885552241286925,1.17717173317493,1.59045991312316
0.4933323288668,0.254166663659304,0.0680644273921736,0.00925770180572107,0.041773124420838,0.0217115363986193,0.00279230866135719,-0.845402737647815,1.21826228370176,1.67653383596541
0.527545142973256,0.253701397292955,0.0859136471423506,0.0190476664401267,0.0813860629587188,-0.0221270445447464,-0.0269520142056062,-0.827162439247564,1.21138016783118,1.65789807289312
0.52677671117209,0.234229074608162,0.114656383221028,0.0227434843209535,0.0709268570904446,0.00833022000686995,-0.00269007436503571,-0.814694439499795,1.21781311231323,1.66022395658112
0.493648759289922,0.245888757723145,0.0629924205672036,-0.00359730403608444,0.0519501899284892,0.0101398471523797,-0.019839863908444,-0.827214640314216,1.2433823480933,1.64324945212567
0.515656994007802,0.221350623740735,0.069362778231757,0.00601399386820682,0.0320387429081473,0.0314509873650978,-0.0192741351298595,-0.823157340659023,1.22517971295827,1.66803243272851
0.462104203074361,0.188791592145608,0.0513487252068908,-0.0229064907878175,-0.034690368725206,-0.0418389046501396,-0.0610515812900971,-0.876466361901748,1.15998523140006,1.60461979660096
0.433831198566602,0.150426442541417,0.0115900008212643,-0.0555130426036188,-0.00454029517024689,-0.022054304207547,-0.0838448522019497,-0.900197366926088,1.17701000203721,1.56634312588106
0.470061405552938,0.173948439119711,0.0398470893045079,-0.0496206124015191,0.0238071540735176,0.009758300597359,-0.073321687465712,-0.882506328214046,1.1883915851173,1.61018283947292
0.471834779159603,0.198973071783069,0.0849471360532023,-0.0237301175691849,0.0116503813359977,-0.0254099688852412,-0.0529506317995703,-0.851199922861539,1.19307387827263,1.65386214566519
0.477567004242503,0.179716435976992,0.0402998858832593,-0.0500709951100713,0.00641576049044172,-0.0296757929662639,-0.0498095165789017,-0.874479844112383,1.16020631091247,1.61590591783809
0.501573716829791,0.216013152047211,0.0988883019132823,-0.00237277846636649,0.0567341742863516,0.0196695822791408,-0.0244233773707252,-0.832785813812245,1.22604116813263,1.6691406285327
0.429232051889756,0.180697372322334,0.010075853843123,-0.0431610285820706,-0.00211955277365253,-0.0625975464457642,-0.0776091570926367,-0.90572698223834,1.18373513025518,1.56821549535399
0.436340611735098,0.170346498773403,0.0491414121550343,-0.0239113703289958,0.0191774310803996,-0.0241603272980657,-0.0628642638752622,-0.899571966666504,1.20567207337113,1.62493754761518
0.506908123670106,0.22095540326898,0.0766970850310646,0.0161882844287386,0.056280620021639,0.0400541041567681,0.023006045374283,-0.793248476950033,1.22853308154885,1.66278252557836
0.475905755873834,0.230868472107265,0.0754232336333437,-0.0497090993644537,0.0413961569438251,0.0171894396408351,-0.0604554074034026,-0.870357414918629,1.20169019949089,1.65229474241968
0.459074604208727,0.150417643576221,0.0316872103219468,-0.0768948792548838,-0.00541404334967095,-0.0291054035532802,-0.0881870058623087,-0.870059940706338,1.17973296128931,1.59870589492208
0.427812784550328,0.18759423408591,-0.00187993203691899,-0.0419487687918861,-0.00543288999142703,-0.0367151276456896,-0.108023358415316,-0.873667649184155,1.15589734756169,1.57781887558978
0.50603540622425,0.2309335755704,0.0907704556325326,0.0407586215968809,0.0639696544656287,0.023643710568046,0.0151323568445742,-0.804350705655975,1.247418088471,1.66048661003045
0.404722085398734,0.161404825984261,0.00738500639342482,-0.0458339603052695,-0.0182932983414142,-0.0712370184590244,-0.0604505967871599,-0.895032381703504,1.1426112048584,1.58485340177529
0.50180595460526,0.212113981631701,0.111659469700546,0.0354211916326465,0.061711128821334,0.0374299127118437,0.010828693487583,-0.813372842451296,1.24666226708841,1.68802396876933
0.460145401455046,0.183950853321166,0.0374836437022979,-0.0686012453476386,0.00446328421190639,-0.0301021958316912,-0.0751284345481174,-0.884444205809736,1.16317407485585,1.62357755583218
0.401633771297474,0.133973942564727,-0.0096577384458857,-0.0719678896420654,-0.0479360613130569,-0.0497818636309883,-0.114493255287352,-0.907445118056285,1.1441669854104,1.54554419167538
0.508196715582997,0.250497298936822,0.105474800758315,0.0159488548809087,0.0577397360194654,0.0647003379010845,0.000225476952163281,-0.80072150001503,1.26939092202261,1.68360060994646
