0.479496029743429,0.21366103659769,0.0735852452469342,0.0118920438164265,0.0411343411868112,0.017094813006979,-0.0187739375582396,-0.824907553152777,1.17006476809916,1.57744474305101
0.462893123926089,0.234552764105645,0.0758542078950111,0.0286332321758083,0.0404083502383486,0.00409151030526419,-0.0238871777240868,-0.837451717161495,1.16533714876743,1.58579188920083
0.455052059878077,0.173751662769815,0.0370638127114262,-0.0284212213268506,0.0143838560937432,-0.0392449683429375,-0.0483123188656644,-0.843883919614075,1.14440410007912,1.55388905523581
0.48379727625559,0.211356180660302,0.0524070399646061,0.00294786719917983,0.0548888135863518,-0.00838260494512375,-0.0192529406927346,-0.830549392881185,1.18994913187519,1.59124303803084
0.464702478278606,0.194736155073754,0.0549438920713167,-0.0083796784187991,0.0390940129912109,-0.00880921755651526,-0.0279629596102483,-0.846168794446919,1.17205539376847,1.5876946678334
0.464702478278606,0.194736155073754,0.0549438920713167,-0.0083796784187991,0.0390940129912109,-0.00880921755651526,-0.0279629596102483,-0.846168794446919,1.17205539376847,1.5876946678334
0.464702478278606,0.194736155073754,0.0549438920713167,-0.0083796784187991,0.0390940129912109,-0.00880921755651526,-0.0279629596102483,-0.846168794446919,1.17205539376847,1.5876946678334
0.464702478278606,0.194736155073754,0.0549438920713167,-0.0083796784187991,0.0390940129912109,-0.00880921755651527,-0.0279629596102483,-0.846168794446919,1.17205539376847,1.5876946678334
0.464080585643945,0.227922820896223,0.0572090746162597,-0.00732632954671188,0.068640811176696,0.0011246876173513,-0.0258096662020839,-0.846767845526165,1.17934995102941,1.58639145793506
0.413694462733306,0.159561315429641,0.0270109311774619,-0.0349824983177084,-0.00112945069593992,-0.0391364322412718,-0.0545657795091576,-0.858019141492797,1.13539338259529,1.54264150510138
0.496699034028408,0.216027839607691,0.0756895243380125,0.0144555289648854,0.0521368194214109,0.0115666534768803,0.00183696358543021,-0.835443078057802,1.20843720135732,1.58805200601676
0.496859337964671,0.229022120227243,0.0674261149783827,0.00903822745819846,0.0687005751795212,0.00156766254935923,-0.0240511536893293,-0.817931357316759,1.20692047949883,1.58017347858516
0.486474752529083,0.216217580140703,0.0686227455877626,0.00984111722967344,0.0720648515443298,0.00361463312405658,0.0157507768224315,-0.791899529484664,1.17262475628206,1.600714976228
0.477114517783622,0.218455302939104,0.0567170428328725,-0.0160856972272585,0.0455280189121069,0.025760502470889,-0.0164828013976822,-0.83827506263984,1.20605774490095,1.59403303308897
0.450832135277464,0.186945649631093,0.0460407569338198,-0.0331239231674061,0.0259177526568401,-0.024694569912581,-0.0316003896343698,-0.855795786528201,1.15294067092961,1.57986434132752
0.479393861509923,0.189751472116334,0.0326065851662133,-0.0153201179242368,0.0403317909939357,0.0155486893114506,-0.0460607861658256,-0.835623183160092,1.18493549557363,1.5915049250523
0.460638461651506,0.197551451474727,0.0670378165692681,-0.0147098694145778,0.0537849722337248,-0.0108563884179526,-0.0471054285769022,-0.844314044690694,1.17721483529379,1.58787209715224
0.451334657349321,0.192230096084653,0.0459260355087382,-0.025237478119483,0.0259245927378313,-0.018983544346181,-0.0506056620573392,-0.857275108763586,1.16184552865569,1.57781104323115
0.495855254301692,0.203523397576491,0.0621854002565372,0.0271418878997679,0.0294454050641299,0.00658430312709185,-0.0408219030815911,-0.815787366444043,1.19896247408567,1.59420232376105
0.487589378118817,0.210943918497059,0.0433971587029325,0.00568850272982882,0.0264159930373642,0.0145796071510575,-0.0163648578611846,-0.836550542950509,1.21900848131538,1.58701956238835
0.473111577087058,0.212086121287773,0.0713208377515177,0.00574442003629484,0.0514378537327612,0.0129305892158665,-0.0166018084703722,-0.822419444428077,1.19301195357012,1.61651883093952
0.452867965176005,0.160387714144823,0.0554615966062884,0.00578815606628486,0.0532490175301854,-0.0302853653457754,-0.00545394419701955,-0.847779396665872,1.16908248827099,1.59858061275557
0.410734593057313,0.167559683181436,0.0607243085548436,-0.0280186428534556,0.0308960601901889,-0.0246807214128603,-0.0191326196753335,-0.855569757500797,1.12837086470748,1.5688338498186
0.455567921128122,0.188463055040811,0.0624967468929224,-0.0100105524331682,0.0429022462562002,-0.0165543680705426,-0.0373292978042895,-0.862109330788655,1.20446844721282,1.59240512858067
0.477920602618565,0.21900491248313,0.0355187061429341,-0.023743274557301,0.00985851583256568,-0.0404759013081763,-0.0615825342532087,-0.866739920700635,1.15384126813102,1.56851036842076
0.493882638496073,0.228232462340999,0.0931382278582571,0.0232998275758437,0.0380838827650226,0.0303768182931221,-0.0110675592505362,-0.826617424370133,1.21903468362955,1.61011086750915
0.448033291446949,0.236491834988578,0.0832913156030077,0.00632897712429773,0.0388715731792477,0.0096723602498685,0.0326622991702289,-0.816531981696299,1.1984130557651,1.62385087648573
0.424126281745595,0.155677393956144,0.0179859765073002,-0.0113510785583838,0.0133626510718173,-0.0480809049522181,-0.0538943356208655,-0.860992858161562,1.16728628974217,1.5837515956651
0.449160751761227,0.176562932190168,0.0237612794471845,-0.0154585226608823,0.0447372535708786,-0.0202901312900645,-0.0695624748158006,-0.85846315121375,1.18005992603159,1.58063009003213
0.511424412500807,0.232259448771636,0.0826356421898975,0.0161609976489117,0.0658244411310702,0.0442934332367574,0.00112618736361242,-0.796099803893398,1.18789014963128,1.62660879760858
0.442090402168434,0.166176338988941,0.0286785748630483,-0.0243216111844214,0.00575304512792367,0.0174443098948631,-0.0286413690295807,-0.869366138913399,1.16270392094429,1.59991301604467
0.424325612489495,0.167574615393517,0.030724967407257,-0.0310040966026597,0.041640206627701,-0.0441099132915892,-0.075038389470757,-0.87495019534847,1.1452914514151,1.54771846586732
0.385910495408211,0.161576470301784,0.0379426280230615,-0.0306057304316803,-0.0157804007773641,-0.0272388684186576,-0.0655996831485132,-0.886449424057022,1.13885409140479,1.5445028054671
0.415354570454826,0.137897561593416,0.013150322464924,-0.0227389278752189,0.0221039796646598,-0.0444665961303004,-0.052286905517296,-0.884752081619285,1.12523122219051,1.54036907444639
0.443307002898888,0.159124364654899,0.0680308218593346,-0.0345699189711165,0.0459111078601584,-0.0518643727091566,-0.0388738184819202,-0.865739642367784,1.14997359627822,1.58270217728644
0.435494009710464,0.146490613266816,0.0454401715651551,-0.047405760039066,0.00247112007467144,-0.0195586458048436,-0.0621818622110992,-0.894205751345615,1.13602180028388,1.53561644784759
0.418862342442986,0.139748972891995,0.0304753923953494,-0.0366780510103313,-0.00526189034929301,-0.0615091821179934,-0.0753878630026715,-0.867417083388971,1.15996582844552,1.56210681222445
0.497642535734019,0.237199000432936,0.104540717800106,0.0314450842729972,0.0800601177341347,0.0164836420096625,0.0123104355107384,-0.796212215601355,1.21088948668141,1.63108072770793
0.408264159975528,0.161023733382763,0.024656772454454,-0.0640033298154979,-0.0020809495539847,-0.0564312193500314,-0.0761557079065112,-0.882023541897398,1.1621740101971,1.55882181782263
0.476472520774906,0.15639679698415,0.0552824734154846,0.00843042777678195,0.0542970411011934,-0.0197115368387228,-0.0455578870818491,-0.811564585860269,1.17375172742599,1.62844159570341
0.407845280083135,0.181897879465119,0.0229905789388108,-0.0643319426932,-0.0310623577323335,-0.0310704235680555,-0.0959404546781607,-0.866946635480407,1.16101433393575,1.55584105746683
0.501555858565744,0.250378686817795,0.0887882201554465,0.0292109961141276,0.0734609798059616,0.0461559977267194,0.00289925310009457,-0.802485956494588,1.23018166567292,1.6295840742266
0.505582465660497,0.242865013442978,0.108753062758765,0.0461916339705532,0.0823799513637685,0.0414459651814346,0.00651563347475377,-0.805474230624514,1.21704018058782,1.6501229310246
0.426601948654003,0.163692237385565,0.0173737916603456,-0.03270384160716,-0.0217065765189886,-0.0779439164905871,-0.0606839316701248,-0.902750850803774,1.12467274464123,1.54428579079351
0.513224032778337,0.2534096889091,0.117897476366205,0.0395211436166233,0.0907192298124806,0.0661555399227308,0.0489571051315676,-0.793841880057302,1.23467644281462,1.62081077117349
0.519722204903617,0.243160604867523,0.106801919790361,0.0503571775336386,0.097327067661805,0.0419060916032623,0.0272150475598154,-0.79441771464458,1.23289548694442,1.64698633426644
0.410559852332365,0.141934046218661,-0.000595640539099558,-0.0612846467546892,-0.00187270509575268,-0.0557045529177714,-0.088308094598588,-0.893833252727027,1.1272628285326,1.54264744223389
0.404602280943647,0.13481295125004,-0.00650728716122601,-0.0626335921165443,-0.0117340311372344,-0.0688600762221611,-0.0864040515893801,-0.901303626318929,1.10905319010983,1.52090651653127
0.408131109243015,0.134932146690048,0.000747434134987523,-0.0637567615379079,-0.0169605048949667,-0.0735623701996294,-0.0932184854264934,-0.907861865560389,1.11819225077717,1.51356411029981
0.385098014385337,0.115021857242344,-0.0279734086565531,-0.0775284519296284,-0.0228721696598307,-0.0923508567222874,-0.0969180702809689,-0.906911102954443,1.09898848845635,1.50202419724842
