0.47325884342228,0.205633198345295,0.0602512495586691,-0.0238745945130011,0.0292857851199417,-0.019375048373965,-0.03486833361879,-0.827704535312834,1.16094500922828,1.5548443883209
0.433160692725051,0.187847546832469,0.0210730661562888,-0.0281426698577829,0.0198078661992488,-0.0528190479833782,-0.0446748536293917,-0.857586831003092,1.14825723617185,1.53672441305807
0.508458447011404,0.236988687561433,0.0684756713604529,0.00962721838143221,0.0639344541987672,0.00529484787577245,-0.0128788978576705,-0.806342110685861,1.19420455545856,1.56999160684267
0.449380358123635,0.212222004189038,0.0798325022914328,-0.00802201720212697,0.038498987237964,0.00183856568475887,-0.0275750658022991,-0.8452141922239,1.17208566382471,1.5754015480576
0.472099254011018,0.204198595835722,0.0642645686591254,0.00175618269881371,0.0401141770890111,0.00414279772523185,-0.023368448584244,-0.835538173799848,1.17106008093381,1.58256970544221
0.472099254011018,0.204198595835722,0.0642645686591254,0.00175618269881371,0.0401141770890111,0.00414279772523185,-0.023368448584244,-0.835538173799848,1.17106008093381,1.58256970544221
0.472099254011018,0.204198595835722,0.0642645686591254,0.00175618269881371,0.0401141770890111,0.00414279772523184,-0.023368448584244,-0.835538173799848,1.17106008093381,1.58256970544221
0.465164082510447,0.200303343114391,0.059813001090377,-0.0106159396754898,0.0335260469218256,-0.00379987845280104,-0.0251871635963047,-0.840351669840489,1.16150271951438,1.57865454218927
0.442233649232521,0.186805274870973,0.0264962145642407,-0.0481446553793643,0.00358820306303704,-0.00656078440692172,-0.0357370323813992,-0.872191416028003,1.15205469607477,1.54462064151912
0.469958617940764,0.209766682972878,0.0918102096513006,0.00828454020892292,0.0205369874127657,0.0430892267564947,0.0014655632007417,-0.833716135874403,1.18665864449782,1.59086244779525
0.489409574766982,0.222030302341883,0.0544209494779165,0.0280016919955264,0.0597586074505774,0.021446722850386,-0.00287712065932808,-0.799719377007388,1.18698053817011,1.59714887546766
0.443813569493222,0.174296591643869,0.0371663396909609,-0.0259323588607407,0.0120869181459223,-0.0282337785963252,-0.0559962114923665,-0.866384709356583,1.14412850943816,1.54550442667541
0.448341369680777,0.178666330496011,0.0617930862338891,-0.00272867849140073,0.0386843478630827,-0.0201246073358599,-0.0448606662357268,-0.863570491857609,1.17038365351224,1.56976136154687
0.50365172942722,0.227915750696338,0.0555284738538188,-0.00555999799437682,0.0525175434143653,0.0105745892695991,-0.0397700910063718,-0.804993355774355,1.15499768248557,1.59214153972404
0.492294117673182,0.260989826087711,0.121055787018795,0.0445066432010079,0.0683224172028015,0.0332284887166178,-0.00559421375400221,-0.801586236516579,1.19604316661438,1.59016382302447
0.445027941037897,0.177797541408176,0.0364948023539173,-0.0246963014691313,0.0196308180455293,-0.0193048699553962,-0.0535410160784138,-0.859370402939902,1.14866379831588,1.56004609264245
0.495833121925842,0.22599194023156,0.0696351117528238,0.0172133738681095,0.0646571434282248,0.0356249824006312,-0.00663428790057183,-0.828176345165164,1.18328218228763,1.60648385573286
0.493458027669639,0.241232631763113,0.0914173146971322,0.0415438777647522,0.0572627907754535,0.0264956265381783,-4.93178725284801e-05,-0.801760075125331,1.17233917735722,1.60944762966952
0.490525944154587,0.232019861707743,0.0811867327011903,0.020551519965277,0.0572976604963864,0.0316254053668492,-0.0079373422290725,-0.813696754823682,1.20012321688604,1.60351440863881
0.423861777202113,0.170184990393545,0.0495622898059032,-0.0171111485171858,0.00907378890576573,-0.0387938574563213,-0.0444803416173193,-0.86159114818109,1.16287498871511,1.57489265343018
0.488320451792732,0.244028683351245,0.0674322315122187,0.0370364366052427,0.0325316092473268,0.0480033542716041,0.00581514593879757,-0.82597036585375,1.19370565790194,1.61697047488662
0.436547641210102,0.169583535652688,0.0437260081638977,-0.0165911413090995,0.00678642662370982,-0.0213794781378994,-0.0455171865579051,-0.844169308769921,1.15231758161386,1.58819358271834
0.434676049926104,0.187791597585212,0.0399136087911846,-0.0441903577257145,0.021540436060305,-0.0149862265773344,-0.0752316903906468,-0.852742890633957,1.14312274451783,1.55664552050806
0.466301480356101,0.218620264392729,0.0421234444771849,0.00692448378548215,0.0294870491149443,0.0120940301662602,-0.0114415999227014,-0.870377465781997,1.15057125299157,1.59120638895574
0.397805478376252,0.178803984446824,0.0433010795778038,-0.0414584757708337,0.00379178500643777,-0.0530294320108471,-0.0650155906889508,-0.867037253553956,1.11078685960501,1.52176210220047
0.494416981604557,0.263986431982374,0.106379756697087,0.016052725605627,0.0742526395423471,0.0260658766628672,0.0131084842866114,-0.808400213276642,1.20917314953313,1.60892998268966
0.443059970313349,0.155721727082356,0.0488038389126814,-0.0410581458298005,-0.000897442869977321,-0.00884421526178114,-0.0478582445026113,-0.863367487343447,1.13148061278292,1.55902182475147
0.432519056766852,0.165682951325268,0.0148470530254599,-0.045193491449886,-0.00074116890403229,-0.0463273893090294,-0.0770711727109829,-0.877078082321966,1.13283399671179,1.52315048373089
0.425077428676795,0.197120899339692,0.057446359543911,-0.00429263865999957,0.0379170571440056,-0.0203282978367665,-0.0512213018176217,-0.845094291928935,1.12178259108635,1.56863130313891
0.491047820270961,0.231370599761799,0.122564837083669,0.0571955774920532,0.0776603152127852,0.0337924011331385,0.0323718278732401,-0.79504194837428,1.20763434138302,1.59180825971868
0.43393229959314,0.157968538427649,0.030271636306,-0.02331371502171,-0.0147630288135966,-0.016959928449143,-0.0494450783095674,-0.887812707511778,1.11310126109071,1.52445156817091
0.433878868558434,0.15322734816579,0.0118412265673063,-0.0241670536372688,0.0204079592136661,-0.0468556236526069,-0.069842232834038,-0.8709217104094,1.11309138501998,1.52559268764063
0.416879264825478,0.134853190423904,0.0291534572675727,-0.0355676187792233,0.00696043007415504,-0.0342148065246796,-0.0641328163967288,-0.879434733351767,1.12985218957185,1.54008600108263
0.510818298941243,0.231184596847697,0.0936399551773691,0.0342237151663462,0.0830508322705642,0.0142625481047225,-0.0209999963677674,-0.789818587263935,1.20745226018314,1.60936830366938
0.501538266831989,0.234976414120588,0.126762622504547,0.0317385656807494,0.0829642091963488,0.0527036784579514,0.0245784010792203,-0.784412753781135,1.2058001027684,1.60473384850778
0.512955421106286,0.246247286105746,0.116455469340251,0.035816999562139,0.0797906909852366,0.0212876676719318,0.0113327181906802,-0.779676507983392,1.20676388851882,1.61619560104096
0.463536388305295,0.178899219886996,0.0218579956403075,-0.0106124010983415,0.028518629779178,-0.037601172590167,-0.0623294875452829,-0.865106819439922,1.13515128926465,1.57115255116791
0.533299369261055,0.230600618754664,0.0890459749933782,0.0270716693856625,0.0828783115022101,0.0577684251091625,0.00905537598535967,-0.814203971020623,1.18000380865044,1.63310337013821
0.494856679110977,0.228776043824788,0.0917194893371024,0.0321589465113149,0.0655525452976626,0.0441672200618601,0.0300195216318643,-0.796761829031614,1.20265025386772,1.64071356542092
0.502625645695282,0.275872113352202,0.0967193728185481,0.0397441499953455,0.0688132385144275,0.04244791618936,0.0265179983487171,-0.802101207513849,1.22927773583648,1.61103584473167
0.430262526438671,0.182191502003572,0.0279507106137228,-0.027953956920163,0.000134290710002129,-0.0426883359849999,-0.0802286765154973,-0.883211373078223,1.11771767156852,1.53257090930859
0.489515017970561,0.224194864137764,0.112865036514252,-0.0138415311140747,0.0787660014551211,0.0125323409984961,-0.0105684025616066,-0.85245403105184,1.13989637959236,1.60917678562072
0.453756348509508,0.170247030351204,0.00889641722556314,-0.0365006789834042,-0.0122105060169617,-0.00429255516937727,-0.0607349089765722,-0.877678272712196,1.12752095649279,1.56552721631985
0.416440626923819,0.148539968748524,0.00860594157192692,-0.0539024443883848,-0.0155444499981875,-0.0515158293619667,-0.0790270756714425,-0.891196800887047,1.11540145384662,1.52691107835501
0.416440626923819,0.148539968748524,0.00860594157192692,-0.0539024443883848,-0.0155444499981875,-0.0515158293619667,-0.0790270756714425,-0.891196800887047,1.11540145384662,1.52691107835501
0.527757881098216,0.259857222922921,0.119923195746324,0.0574148097860122,0.0957728041762096,0.0598014248124304,0.0322901785029546,-0.77987954671265,1.22671870802101,1.63822833252941
0.535154656830628,0.269319663684889,0.129243872334133,0.067550670903625,0.0967929682740097,0.0727534400941775,0.0368846895289589,-0.769248926065578,1.22572339518636,1.63310337013821
0.405134588868733,0.134260060706117,-0.00452671703220726,-0.0618734107711959,-0.0322149339298311,-0.0383890656362775,-0.0793662803811086,-0.902795473120286,1.11072571743453,1.53302025246064
0.537305280086708,0.268167235716194,0.118654769692969,0.0630785825950017,0.10367020447378,0.0600147311181261,0.0366451879617114,-0.772069845929782,1.23566557707437,1.64000251762813
0.551118848209317,0.278618869771861,0.133769070805614,0.0696851478198676,0.109138018246139,0.0863527502090667,0.0468347519898849,-0.754845051435889,1.23463608595242,1.65768539741699
