0.399272305158038,0.188385918091769,0.0042667803116565,-0.0298240677028642,-0.0234898371532873,-0.0040986177928309,-0.017324474200624,-0.77391572831968,1.07968399136404,1.38227194120015
0.413105282925478,0.128340230917317,-0.00252444817808705,-0.068198151951715,-0.0434822585745521,-0.0160907273059803,-0.0153459134266827,-0.807067436249253,1.06762064009736,1.35625008662813
0.38852257531545,0.187504892500103,0.0410976372330743,-0.0263222757207713,-0.00744380595406595,-0.0284008543510089,-0.0042327216370859,-0.801585337709776,1.09213234765861,1.3871073104595
0.39818996568458,0.168233581797035,0.0217663283179821,-0.0509239368051594,-0.0146008835393309,0.00827180925539158,0.00366868246716023,-0.78059158651759,1.11103933692941,1.38225688276957
0.412623005516011,0.173431157464829,0.0315393198620906,-0.0208238771885535,-0.0156167807658271,-0.00939386372272363,-0.00669534869551265,-0.780376294863012,1.12642941107559,1.36940930947375
0.409188966296197,0.159939471305042,0.0188766952263995,-0.0484313698532791,-0.0158182990755463,-0.0322483136557352,-0.0125794945407789,-0.789006657756126,1.09703956562158,1.39353469585875
0.426965740499766,0.185741360959651,0.0530169929965512,-0.0462103403888689,0.013388361986135,-0.00382595986288596,0.0166856032907623,-0.770574568815703,1.1001695722106,1.40573120548327
0.393205737857313,0.155055008431081,0.000987607569869979,-0.0421957450130031,-0.0210207378328023,-0.0456046024098208,0.00271633470853871,-0.78225339123047,1.09352563768905,1.39739010268128
0.416551175072769,0.169624983385038,0.0195934755491899,-0.0668158863320866,-0.00501119953996355,0.00175700918943066,0.0164421948514948,-0.796300713141043,1.10417344259624,1.39357225326201
0.427770090327472,0.174144386944957,0.0438578499485636,-0.0250480210102448,0.00660081748126847,-0.00987848528267317,0.0159540896792564,-0.77864044689279,1.09918942563392,1.41698665153881
0.390317989791776,0.151671349743005,0.00997378205164183,-0.0504194162882702,-0.032833771872017,-0.044673083058894,-0.0307142561871036,-0.802116698828501,1.07800037776217,1.3829520934013
0.423693707129846,0.164226858792199,0.00767643757662524,-0.0662400855878913,-0.00858859171755101,-0.0530163382518853,-0.0222566808397399,-0.788975200793208,1.05993392029386,1.38385733012024
0.439898106658486,0.196616777333753,0.0346395905918211,-0.0274283519839048,-0.0129826454681463,-0.000980169259109792,0.0137222127381377,-0.769008093503171,1.11611215183321,1.41299627963069
0.395578899036727,0.164130298677071,0.0244723176373343,-0.0490583360847963,-0.0230558444804629,-0.0251610047843095,-0.00820237722269782,-0.805570513108517,1.10267806994384,1.40162234270745
0.4488307202176,0.18108012574499,0.0840512098696789,0.00721535118721056,-0.010469660029913,-0.000627655972926518,0.0106574251707066,-0.795960270348392,1.1234158823123,1.40703140950106
0.446531944259116,0.164905288358524,0.0288576562027437,-0.0439781858712838,0.00733901317695218,-0.00410872282756795,-0.0307521190895042,-0.74864678713093,1.10368533136431,1.41015587076647
0.413142164353596,0.183137931984546,0.0864096986527352,0.00786174446163946,0.00580805601878468,-0.0058570739415004,0.0266617470850837,-0.768271205407063,1.12679293264294,1.40278119794403
0.40718852028764,0.197755007195993,0.0330746141276214,-0.0204131345013676,-0.0190917847888121,-0.064425024264516,-0.0122366781581989,-0.811862281956354,1.10488833825936,1.39891321916569
0.356222906192362,0.146241211020542,0.0223256271185507,-0.0780386580883741,-0.0360100114041567,-0.0311240340031527,-0.0309077577098314,-0.835758348528911,1.08517787549723,1.35955881227183
0.414910776791174,0.176780372474596,0.0385541983200047,-0.0649142011829798,-0.0266843170919533,-0.0210932510665339,-0.0300532481100777,-0.807362551563952,1.08046177778389,1.39721874470265
0.427935621235365,0.215132421895688,0.0812688025871703,0.00852098520102784,0.0381727896016654,0.0298144918085244,0.0271153803858236,-0.758152054756056,1.1094495892392,1.4268426528266
0.401287552991912,0.201005071553845,0.0495261397255988,-0.0128103960656531,-0.00618921475154025,-0.0263631522075352,-0.00524968737956315,-0.774520878336886,1.09178371296834,1.43270656530214
0.373600571582691,0.165973306986544,-0.010963932642311,-0.0287607881355998,-0.0320115984938392,0.00199486191722489,-0.0152774612559372,-0.766731096928012,1.09011307267099,1.42514323089167
0.380776885900533,0.118390622554393,-0.0175403760743927,-0.0846567723577514,-0.0515964743886053,-0.0493242609642407,-0.0254596376534802,-0.80981641278515,1.06054582680226,1.37143641110657
0.450348587430303,0.20861972024675,0.0602419959228356,-0.0134421963691402,0.014018311173546,0.00309188796400401,0.0175290789200876,-0.752765166999688,1.12613290604736,1.43182552596619
0.485269304266388,0.214970398293812,0.0564942424308369,-0.00981596145769407,0.0453335187288502,0.0330529610805714,0.00125318339752684,-0.741149430864773,1.11954444909059,1.43199472651024
0.426695736471237,0.212587425028521,0.0814241088389059,-0.0318196478355384,0.0292752098604341,-0.0351060351802533,-0.0276226609298574,-0.794133404740302,1.07285682662152,1.42180185630938
0.415459125096522,0.177778048274853,0.0309588247812122,-0.0341480460967681,-0.0101375731795893,-0.0345162217474907,-0.0143378099442609,-0.7796635859153,1.09910687439918,1.43912268136705
0.427130644509636,0.19835965788071,0.0226572994913964,-0.0113944722879837,-0.00470860317363577,0.00745741643461301,-0.0164029823471627,-0.777244610634491,1.11683573654559,1.44923929685443
0.443544273397659,0.224022975829988,0.0744381601423302,0.00437602982268049,0.0232837543938692,-0.0137621008965743,0.0176524509288066,-0.752462533829277,1.13370334871451,1.43669714067054
0.452335039879413,0.227310588184746,0.0839976312399913,-0.0095131569911627,0.0360920055230467,0.00804342666940664,0.0233818399321907,-0.773368800402454,1.12991034265675,1.45245818307464
0.399105508028661,0.128072414763148,0.00511287487020105,-0.0827781952625791,-0.0516684908382342,-0.0674293638661628,-0.0403803188429059,-0.842474594797878,1.08448751762218,1.35844980660926
0.447065375700051,0.191273281617825,0.00978569113923275,-0.0578317243623551,-0.0330132053092298,-0.011994351162326,-0.0353004738764064,-0.800551582409528,1.08526918911065,1.42966529900199
0.380496059104645,0.155950113286122,-0.0015532731225565,-0.0696112770967697,-0.0521627838685904,-0.0546237770152137,-0.0486103765548165,-0.833341156762704,1.06845105260647,1.37406026317791
0.42576673445712,0.189797250532092,0.04459754125093,-0.0132801607717372,0.00377778700433139,0.0126048469350306,0.00603587621821343,-0.768674269816925,1.15079354708898,1.42973376616771
0.37075963802381,0.177423028850081,-0.0131768665605415,-0.103890598119784,-0.036360591027827,-0.0655440187371192,-0.0577169559936021,-0.812806631150781,1.0749706627601,1.36632315317342
0.48987626067337,0.218946421035701,0.074004335047091,0.00843645474576098,0.0286511103648323,0.0119806802335052,0.0279466042472662,-0.747171227532686,1.13768264741647,1.44519134494263
0.440951075007076,0.201993867641588,0.0498166958962653,0.00208882377158652,0.0219988950033905,0.0110959297219097,0.0319911309932791,-0.737557649812608,1.13874671990848,1.43456909541811
0.468056599782487,0.211409831351537,0.0726311372424009,0.0211974783151898,0.030759761025458,0.0195178856167323,0.0365345634428883,-0.749234905265072,1.14022775288462,1.43861306274711
0.421302518515755,0.208847953130699,0.0516261056382176,-0.016902358108781,-0.00450995554214539,0.00992532729383058,0.0305244421148859,-0.792108991310459,1.1121004264884,1.46413119403596
0.45534725066662,0.212842953904964,0.0598480318992479,0.000165363861969536,0.0172351248415568,0.00641114069946099,0.0227447059052463,-0.739410656152322,1.13931910636166,1.44424193155281
0.373768484935244,0.13733939194472,-0.0167219304731374,-0.0899045824293852,-0.0493829931573447,-0.0592474171224368,-0.0558893829752342,-0.824884789978247,1.05655455953572,1.36722384387739
0.454577884203479,0.223407753301703,0.062965349184644,0.0196189384319088,0.0300429213978311,0.0361518294343605,0.0260828708483079,-0.728783693969411,1.14033236171179,1.43638643136116
0.376893171559273,0.140268050727843,0.00429052566543273,-0.0827338943542833,-0.063773785693642,-0.0857391507112053,-0.0677587471419602,-0.826293815369422,1.05575959935698,1.35281162883989
0.374300586470062,0.133398259760987,-0.00312426984035541,-0.0912293708358708,-0.0463402781584176,-0.0729127410432261,-0.0582054525446307,-0.82151214120277,1.04180268624313,1.36355836109133
0.435276381977707,0.201013231439954,0.054383369384635,-0.0220582493397428,0.00764920570646807,-0.00386949493271684,-0.0182549972916011,-0.733479533645443,1.15017868805541,1.43498887676301
0.438963937232222,0.234005409172511,0.0958149118694592,0.0141415885118665,0.0299128182698633,-0.00863824737909957,0.0545753002064317,-0.778683848680886,1.15105733531578,1.44782798513367
0.462856229265786,0.21360673427463,0.072543958195988,0.00523589311630941,0.0378489638940422,0.0214189493138533,0.0410877684288096,-0.735339394786537,1.15070682859117,1.44720195882834
0.456431481300744,0.217921776093088,0.0486117774788525,0.00107541853412287,0.0142434907154654,0.0255542786127187,0.0423933006868251,-0.721162629105536,1.16075484612952,1.45553142534911
0.474090809027283,0.229234685300143,0.0881547202877695,0.013522453024704,0.0400001504892523,0.0393654444292612,0.0457237306421594,-0.723346506016695,1.16110554978632,1.45929123152974
