0.444774305076716,0.21592021920597,0.0713612121930096,-0.0372951703600834,-0.00229208369836292,-0.0268445692127388,-0.0319335981669138,-0.806599330167327,1.13084302997238,1.50996066978317
0.438751852633441,0.216704434729402,0.0276026160696973,-0.022920309702687,0.0146990690031228,-0.0182811923031166,-0.0459729617545495,-0.839224279639661,1.14295330135904,1.52237703068535
0.484195380698928,0.186692940827942,0.0402882181353789,-0.053711284066838,0.0204397328358118,-0.0323845181838641,-0.0484707997357568,-0.846914992138817,1.1308675049315,1.50586102418042
0.423643122048606,0.176879860904342,0.0300042322506536,-0.0488283837921138,-0.0123038636785795,-0.0395397265793087,-0.0515041931381985,-0.850650548443052,1.1530231713619,1.50929382058919
0.47325884342228,0.205633198345295,0.0602512495586691,-0.0238745945130011,0.0292857851199417,-0.019375048373965,-0.03486833361879,-0.827704535312834,1.16094500922828,1.5548443883209
0.47325884342228,0.205633198345295,0.0602512495586691,-0.0238745945130011,0.0292857851199417,-0.019375048373965,-0.03486833361879,-0.827704535312834,1.16094500922828,1.5548443883209
0.462624437694704,0.227780561330435,0.0412079180600582,0.0433373394964639,0.0600919422727661,-0.00223478985418661,-0.00398198532865945,-0.81357698285043,1.1606894740457,1.56581340041915
0.490858645216842,0.221310942953364,0.064363460459561,-0.00712368806578442,0.0466101196593545,-0.00704010024909629,-0.0238736157382303,-0.817023322999348,1.17757478234342,1.56241799758179
0.486492183642609,0.231030945425437,0.0955712630087345,0.0125793839218564,0.0524697798136567,0.0337335491453588,-0.00323426083616967,-0.829089959666403,1.16293469030276,1.5687924759195
0.467946389620245,0.171265673054162,0.0553103261801358,-0.0136075226922108,0.0494546258725556,-0.0138513351401999,-0.0457690308454448,-0.83631748247547,1.16827425658643,1.54153240255301
0.461319600772958,0.208927601267167,0.0700418759250509,-0.015948305857564,0.0338923861789528,-0.00876824134460307,-0.0312216997105446,-0.836459363768367,1.1665153365265,1.56512296818925
0.461319600772958,0.208927601267167,0.0700418759250509,-0.015948305857564,0.0338923861789528,-0.00876824134460307,-0.0312216997105446,-0.836459363768367,1.1665153365265,1.56512296818925
0.472679048716649,0.204915897090509,0.0622579091088973,-0.0110592059070937,0.0346999811044764,-0.00761612532436659,-0.029118391101517,-0.831621354556341,1.16600254508105,1.56870704688155
0.441901838682578,0.196025653277046,0.0475549340312225,-0.0269167047605546,0.0165094370141272,-0.0166187063824974,-0.0493207176000212,-0.855109596222084,1.15591380587444,1.54428679060051
0.427112916254424,0.159157747736418,0.0172855044214878,-0.0557106239450348,0.0114442074554828,-0.0327484239794508,-0.0569413577576848,-0.859367481237974,1.1479156872445,1.52031517246332
0.459143392230089,0.191715369876735,0.0483730259562932,-0.0242854479910662,0.0244583015827355,-0.0193399591646806,-0.0442046748486019,-0.843537469126368,1.15480440377208,1.55744524048168
0.467113830274638,0.222067897782464,0.0617691001358841,0.00326768740351702,0.0389692048179915,0.0130142894678572,0.00314741298432945,-0.795093205697682,1.17268162085188,1.58787667953793
0.479053462910756,0.185672068872411,0.0512756981794355,-0.0329717053091172,0.0483008173197816,-0.00328842697526201,-0.0190924852413013,-0.829601733817827,1.1749785622006,1.57286424998974
0.453967446674192,0.196712397965254,0.0500824291749268,-0.0340324761193578,0.0254131105901234,-0.0171806374756497,-0.0550500120047184,-0.840223712973395,1.15203387687306,1.55574495441448
0.445998635729979,0.194753031461,0.0355676260312752,-0.0468201284620828,-0.00716999011107806,-0.0313920580793455,-0.0597346406064911,-0.863385501728559,1.12733600238735,1.51745802964202
0.454903242316191,0.187608366998992,0.0519886288612834,-0.0202328679110503,0.0180361058718258,-0.0203772632559322,-0.0401927600883476,-0.835936922041377,1.15663129542107,1.57151898551962
0.486277131810847,0.217163982695893,0.0438098560305013,-0.0153321629124007,0.0570300618120074,-0.0232139456891875,-0.0495985212726818,-0.852791904671012,1.16721432222059,1.55670601545621
0.451760684930476,0.193912350174434,0.0441009800861959,-0.025914275716582,0.0147100379149719,-0.0310316921794825,-0.0575485050671437,-0.855457954195529,1.1393313403984,1.54370764881475
0.479418112179372,0.185785652422133,0.0719621604952189,-0.0334068770532861,0.0552200859490256,0.0204839788054519,-0.0359307823871061,-0.821609031697438,1.18649599521365,1.56653817160947
0.458377219919265,0.207934777356388,0.0639539906649902,-0.0278078203879744,0.0228105706622959,-0.0281934277029804,-0.0756841387510911,-0.833129674269605,1.12700214178983,1.53837926563287
0.407748053877445,0.164578861440821,0.00186417138590382,-0.0527228146909098,-0.0125102751270612,-0.032828493910147,-0.0692479042326577,-0.846058053902036,1.1295985560154,1.52663809322351
0.473327987491417,0.187856040822788,0.045466328593267,-0.0243376463179711,-0.0146825759396217,-0.0680096195044064,-0.0582598919135747,-0.864193150137895,1.17376806104336,1.53061747047694
0.515809054878078,0.217148146737133,0.105107850295252,0.0226086050250426,0.0762896299029976,0.0100279681053091,0.0164321766301968,-0.822379210378892,1.19835004970212,1.57088166904095
0.452249045798077,0.16748521317184,0.0511673360959582,-0.0512147288849763,0.0185262287939404,-0.0265868423201833,-0.0484624137985036,-0.86267495899257,1.13018923639343,1.53489432428113
0.442759767636698,0.175926306346351,0.0253364826660833,-0.0632282406879459,-0.0117493350279326,-0.0498741241595473,-0.0813771881891794,-0.862362575978268,1.12229604266804,1.50062380914653
0.451991023786529,0.200826373172596,0.0607082719705873,-0.0206867821315641,0.0278374352348629,-0.0462462462939606,-0.0619913827615122,-0.8644249968283,1.16205318156338,1.55104597486307
0.490985025963961,0.247671456460755,0.107229029632931,0.0227863299227777,0.0719916501278848,0.019250624872289,0.00551090291082458,-0.7919180293687,1.19131879948134,1.59375611032538
0.469478797758097,0.18257469918806,0.0405402954285721,-0.0426780751991411,0.0063293899137235,-0.0203772632559322,-0.0399301991742155,-0.796592328508633,1.16162503461373,1.58986735998956
0.508341815159261,0.241110939899977,0.0930020163567595,0.0209188220832515,0.0697251731726497,0.0226016462231978,-0.000516888100191473,-0.796938443752705,1.20234236803473,1.59445030109059
0.508341815159261,0.241110939899977,0.0930020163567595,0.0209188220832515,0.0697251731726497,0.0226016462231978,-0.000516888100191473,-0.796938443752705,1.20234236803473,1.59445030109059
0.437654267199588,0.170487377160825,0.032900494384765,-0.0494816625401261,-0.000914627012105854,-0.0544965554157116,-0.0672206727787499,-0.859143386712808,1.12840158380886,1.53006712961624
0.482447892709408,0.237523504511991,0.0478923499758301,-0.00168587296348561,0.0332541757641065,-0.0314881139413613,-0.0390521143458526,-0.834173080742961,1.17543366634605,1.60201158034146
0.522133971397531,0.235228511365573,0.0910373771990959,0.0586931684566226,0.0524868103805378,0.0278815956990844,-0.0314171439460839,-0.770822240656365,1.17517352658148,1.59581612355235
0.500273086684291,0.253202174137184,0.0682195983037093,0.0296862814897438,0.0557668780747044,0.0540955561474051,-0.00100150479982672,-0.793565731544475,1.19792211201771,1.61252480683481
0.40922990957408,0.174851083747555,0.000945916662494661,-0.0345398421953451,0.00259673323815352,-0.0649787487332003,-0.060430504138389,-0.871758437316928,1.10923059673804,1.51904819789044
0.508662633138361,0.252193237653577,0.0961150229221739,0.029444232879303,0.0799996907242903,0.0193558168860234,0.0156812714406042,-0.787192818093268,1.21005398776476,1.60123726575418
0.524481672395816,0.250665329348822,0.0959766373009063,0.0200828257912291,0.0838084808434234,0.0431175321209966,0.0112034625157609,-0.781028190320148,1.19180243396425,1.6141385574349
0.536409212948556,0.254013914658184,0.0947305056140368,0.0332056683449029,0.0930094557338952,0.0109446127448588,0.0181361305229023,-0.797451723564749,1.2079418274979,1.60482312969008
0.440643934156698,0.173745150732818,0.0307860628071353,-0.0510400151692142,0.00763869367219547,-0.0368632501670577,-0.0634055873247315,-0.867822319453577,1.13634366186082,1.5618147341333
0.490210323548138,0.184608791148123,0.06196994915707,-0.0200320061191858,0.0551387956533885,0.00392003532427877,-0.0120686667063084,-0.821487210530169,1.17172183605076,1.63265180407795
0.425336782542811,0.169378075783575,0.00838887547074889,-0.0488719440185742,-0.0245441678810608,-0.0411387121158755,-0.0699794589046912,-0.882290315647987,1.12187246850042,1.53045456653906
0.510356107380886,0.243061232063687,0.107441493925978,0.0352199971536447,0.0734889709365208,0.0350756018087628,0.0152601049763474,-0.780484056976682,1.21208416048577,1.62697185058432
0.516772465837653,0.264380466331862,0.125494740989746,0.039504559207131,0.0893452512436479,0.0466846237200919,0.0242311653541505,-0.781006498703672,1.22196820159119,1.62057583325394
0.405273025395214,0.212480215169698,0.0493682496101271,-0.013852170209253,0.0339668283692368,-0.00926138991514172,-0.0951470029148163,-0.833060477642506,1.11413853331341,1.57107567605084
0.51267340234706,0.274130937664254,0.0993676482781847,0.0224056794753208,0.0893340564072281,0.00556352874703887,0.0068649921546131,-0.785284772211055,1.23743122971959,1.60748081553514
