0.436394211473392,0.235252296984241,0.0699540146056327,-0.0274466692713204,-0.00307825654133051,-0.0171157331432634,0.00316598699000305,-0.793577771833571,1.1363188850467,1.48065509637762
0.452721544578133,0.261020265624571,0.0624992904216185,-0.0138298824808048,0.0176899305177753,-0.0147692998050144,-0.00597473971790939,-0.778292543688363,1.13584828212813,1.48624483450014
0.481183490163255,0.226610022347593,0.0568524255514214,-0.0318087054692655,-0.00334644325372336,-0.0277185619476404,-0.0180158012132695,-0.771453044928011,1.13279503246719,1.48600331023143
0.446260793143872,0.228854433858467,0.083824657088738,-0.0330492059516934,-0.015633308803555,-0.0166034731687967,-0.0180036711857306,-0.797198737855792,1.12730713041797,1.49950455296175
0.446260793143872,0.228854433858467,0.083824657088738,-0.0330492059516934,-0.015633308803555,-0.0166034731687968,-0.0180036711857306,-0.797198737855792,1.12730713041797,1.49950455296175
0.430989640046769,0.240725584680895,0.0403873194752684,-0.0432278075715371,-0.021724778001138,-0.0314635838982772,-0.0534346869446094,-0.795404971511473,1.10355484092443,1.47251775808077
0.441292360450563,0.213020115586014,0.0554768500107648,-0.029272372738675,-0.0254332808933052,-0.0332220877551404,-0.0437781097062075,-0.806238317854341,1.12949803598766,1.49072124791247
0.453978700078284,0.230272070815718,0.0824120280099857,-0.0426821527667957,-0.000697094345514994,-0.0114773120912714,-0.024306592464112,-0.809137306020672,1.12540073941128,1.50245511350809
0.453978700078284,0.230272070815718,0.0824120280099857,-0.0426821527667957,-0.00069709434551499,-0.0114773120912714,-0.024306592464112,-0.809137306020672,1.12540073941128,1.50245511350809
0.459506341756139,0.230766306468297,0.0741682125652955,-0.0347594768971985,-0.00300616028446086,-0.0103177434960163,-0.0187640198662337,-0.795830194087735,1.13303809569355,1.5118346526322
0.436001510207432,0.212484770819302,0.0548112924663601,-0.0696605904089154,-0.038493847132509,-0.0457557972156057,-0.0356392835422287,-0.827471313480225,1.1120680989197,1.46733808473182
0.464767632422469,0.236044059597485,0.0797509870893704,-0.0245621920012175,-0.0106558112675319,-0.0119817682421781,-0.0321137984851318,-0.796591850029116,1.13494945105475,1.5110087767828
0.458380067236816,0.222709144382513,0.0678666058664717,-0.0360240813618896,-0.00569734675137135,-0.0180648824064011,-0.0274465827682669,-0.803577430857285,1.13045565318786,1.51061827510776
0.455671517308516,0.227438293298846,0.0621963248289514,-0.0355732662023267,-0.019383415117226,-0.0122766972301894,-0.0324346169998513,-0.815185680027153,1.11890282621539,1.50309106140881
0.479891658362379,0.270320583896812,0.113639762130503,-0.000356757355083035,0.00531731085641887,0.0245047569957118,-0.00940256876868068,-0.76505227224333,1.15753852463928,1.51119128779132
0.457300344750442,0.209458761275731,0.0664719730470047,-0.0509376625784229,-0.0169816476620499,-0.0146205752212106,-0.0283635242240409,-0.809959930281231,1.12361928185952,1.50631134016654
0.46337045341667,0.206688831747255,0.0631800906284661,-0.0519594589477549,-0.0253489542768266,-0.00981124755344463,0.00861367214774911,-0.815874428085371,1.12420606200413,1.51252100898085
0.430224916771007,0.216944192524788,0.0686604839364898,-0.0610353090781339,-0.0261516426694224,-0.0137375258297201,-0.0420673128339055,-0.821918688119833,1.13351412754443,1.49513617291809
0.512918887082234,0.25411055329836,0.0944336391388475,0.00159310403387997,0.0148139211323212,0.0370558449368264,-0.0176150854985915,-0.76642094283117,1.13841885113648,1.53203658624781
0.449191909524964,0.23454717424324,0.0533347101991737,-0.040579834017354,-0.0164812080235835,-0.0180298935472508,-0.00985580427919476,-0.782871840112306,1.12104732239751,1.5233725644609
0.435349026623664,0.199698015581581,0.0499873839037751,-0.0543803008309599,-0.033202290817026,-0.03442998750986,-0.0446026322310476,-0.818387562246773,1.10576765709179,1.49024589517725
0.435026939054499,0.233626419742033,0.087723778871035,-0.0286260376486644,-0.0214841349095609,-0.025357843835929,-0.0299116191703373,-0.793574153960098,1.14424418983765,1.51980266732487
0.50364956198176,0.265667419980014,0.120947436137723,-0.0169349796394289,0.00834099977353574,0.0424174554914679,0.0129881209978094,-0.755139034094811,1.14044952906476,1.52808490654242
0.468545751462169,0.251812304658662,0.0781377107049162,-0.00677613577083027,0.0181204749330048,0.014073142438568,0.024015865932027,-0.744771724441534,1.1575467974924,1.51517719666319
0.472817521011456,0.252849081411973,0.0708578700606396,-0.0122074243872955,0.00711273443635795,-0.000969625163748947,-0.027137624286493,-0.780251411097369,1.1532620216937,1.53356434138792
0.457156353897229,0.204634739432989,0.0496444258527012,-0.0451894873745931,-0.0161297448119389,-0.0268602387278529,-0.0524876778168896,-0.812500215347335,1.14810679105586,1.50911447136889
0.45412103875277,0.191240033294219,0.0830256596453376,-0.010133254975704,0.0152560534607859,0.00149938185333525,-0.00956171149114042,-0.791653815694507,1.08553132080927,1.50929448231302
0.466995744629978,0.26464330583375,0.101736798379569,0.0255157395398353,0.0331559362945909,0.00326629292532646,0.00404535282731409,-0.775508588283283,1.17278757515793,1.51983224412809
0.419562590720697,0.188053673476337,0.0438375351070692,-0.0784687733098778,-0.0481292963056416,-0.030505668868723,-0.0531820357175886,-0.809213295743895,1.07851511247911,1.46554806384009
0.509902921899416,0.250534211638237,0.0821080458446362,-0.0147475956564189,0.0114049210669914,-0.0027977787286484,-0.0324329656468914,-0.806694346589665,1.16373915908318,1.53497061336092
0.48735868695741,0.247649278531829,0.106182850503409,-0.00376299451743319,0.0194038400204661,0.016545506893166,0.00823455540474303,-0.769515792383816,1.1545831906171,1.53883046614652
0.446459170201319,0.245581611249741,0.105019146930773,-0.00158561455798964,0.0209803931057611,-0.0229192540015812,0.0189605117714611,-0.766316402021329,1.13502484339261,1.54170590968571
0.451718966087153,0.212090940507514,0.0815969834886288,-0.0311594451866817,-0.016814402781299,0.00550717058921784,-0.0487793031896285,-0.83458014949095,1.12861157131808,1.51844398597745
0.413031084490553,0.189938778301984,0.0408716052240616,-0.0504525999709162,-0.0321018767743109,-0.072316945467522,-0.0374213950115281,-0.829236414299855,1.11603513198299,1.50113726431828
0.475562304628488,0.245277947670255,0.107632256743034,0.00482436510074607,0.0132802778710088,0.00141522133116596,0.00327889092898668,-0.771723989675246,1.17682296429785,1.5392719524445
0.482644506361663,0.273167685134409,0.11537353291005,0.0101641170222679,0.0259247740604299,0.0274570770304562,-0.00232640401385365,-0.77382771893352,1.17842658754365,1.5404417482243
0.433522021825825,0.221642560843949,0.0266535500628033,-0.0771429053153431,-0.0576146632338212,-0.0372996203124072,-0.0372781077526865,-0.803841836886153,1.08212534327384,1.48933108428691
0.457188031076013,0.242827996341976,0.0745338432782753,-0.0439704503117457,0.0177598573168316,-0.00552972225461297,-0.0222462171327089,-0.80115884623997,1.11652652304505,1.54382048786815
0.413555454854612,0.217562975166245,0.0467459090918037,-0.066752164282939,-0.0361680156477532,-0.0262403713193341,-0.0313325756249175,-0.835505016134489,1.08708720879202,1.49152183524443
0.418360657313483,0.210580492086386,0.0506147896487854,-0.0509688546053207,-0.0498305305153773,-0.0341807758159571,-0.0606786979366858,-0.840889417178603,1.09290191906207,1.48187257934221
0.524336409844121,0.242219104353295,0.127589673143907,-0.00572528101231268,0.0293815938892106,0.00190829543300499,-0.00374383687401867,-0.75241022163328,1.1620301993928,1.55084645288471
0.489855917499364,0.27038942711386,0.130719860554383,0.00869697192223331,0.0489093477901708,0.0239618455094215,0.0321997085526707,-0.761842791426511,1.17057111710758,1.55514996223969
0.515303435210363,0.283883339926723,0.128965428698059,0.027572128377188,0.0327438887880658,0.0522904579776552,0.0215596337492539,-0.749184066362118,1.17186068464074,1.55723545970993
0.434294913348524,0.175374342101362,0.0288911967254165,-0.0410033489976787,-0.0599857115241746,-0.0332284890032894,-0.0597531877982961,-0.83135249620466,1.09710856792293,1.50689419806128
0.414573045437641,0.190870596480981,0.0562218909741233,-0.108671209325404,-0.0410522098846194,-0.0520735669095595,-0.0434982925702107,-0.851244126876719,1.07688958432267,1.46217161937906
0.5132246741838,0.277553751329496,0.122711212813455,0.0188205255850939,0.0491472601956122,0.0367797245405824,0.0273980241787167,-0.748732823910302,1.18530026013485,1.56546288205474
0.391416186196888,0.174009826911483,0.0289800501417545,-0.087893812898677,-0.0704779157505385,-0.0714480801157803,-0.0728482781327141,-0.852043344802775,1.07246252347099,1.44465994601476
0.414111810207029,0.171658634277585,0.0233957106340892,-0.0747027651254519,-0.0757327980004493,-0.0651869424049434,-0.0716918881688741,-0.837739901593791,1.0657739387785,1.45722931980693
0.519612239369453,0.290888666544469,0.134595594036354,0.0302824149457661,0.0441887956794516,0.0428628387048055,0.0227308084618517,-0.741747243082133,1.18979405800174,1.56585338372978
0.384802727051271,0.176384787260029,-0.00351595764680455,-0.0909378612126243,-0.0823191435885117,-0.0795979125187536,-0.09431048675579,-0.859677500901828,1.06512142218426,1.43409783197777
