0.423428074364845,0.225623502986195,0.058194778890071,-0.0233640144268501,0.00657778388888089,-0.0168800950848883,0.00465748677556088,-0.784854981684515,1.1060407665811,1.47386713308222
0.452632421362094,0.22957850221209,0.0713886080748541,-0.00423503841207053,0.00306893077124635,-0.00461278601704316,-0.00754340555276115,-0.790274152455025,1.13026958627831,1.48179955755888
0.436394211473392,0.235252296984241,0.0699540146056327,-0.0274466692713204,-0.00307825654133052,-0.0171157331432634,0.00316598699000305,-0.793577771833571,1.1363188850467,1.48065509637762
0.444992224531521,0.210275434451157,0.063978890624517,-0.0340395496331265,-0.0310543357742137,-0.0121480809754537,-0.0450555706918731,-0.801857280829638,1.11858471508612,1.46756565446272
0.416566172431076,0.21278933146364,0.0413200067759442,-0.0478038723598877,-0.00681908362063754,-0.029582323734185,-0.00107817084075595,-0.824113558803481,1.14404461303632,1.46745678500695
0.420497539839016,0.214298966604681,0.0699540146056327,-0.0380866440506394,0.000895911367263615,-0.0213862205889018,0.0205529715901024,-0.819030748537626,1.14224596747651,1.47890366019995
0.441032406493945,0.237207319555772,0.0229661789252832,-0.0501760103318298,-0.0392434445337367,-0.0515804352196841,-0.0372061476094779,-0.816821354007106,1.10370147470257,1.4508732525343
0.447387139355104,0.228980720683377,0.0689103102360522,-0.031735375316605,-0.00438780164635093,-0.0175903077748322,-0.0121402978891319,-0.798577601345428,1.13338726911728,1.49563668574269
0.4333095641222,0.226098244754514,0.0693072492710613,-0.0442409891747271,-0.0146149496053765,-0.0154266294864918,-0.0194506629219512,-0.807748229976702,1.13491650629556,1.48789563464785
0.4333095641222,0.226098244754514,0.0693072492710613,-0.0442409891747271,-0.0146149496053765,-0.0154266294864918,-0.0194506629219512,-0.807748229976702,1.13491650629556,1.48789563464785
0.46647407062451,0.222265849996525,0.0826342026697676,-0.00418756336523881,-0.0113044811240804,-0.0315580418846187,-0.024753724031437,-0.796226742721922,1.14048391153688,1.49919019003546
0.449203792939149,0.27280680525169,0.0621331362558262,-0.0136992525435966,0.0126402111750556,0.00806808130695071,-0.0165834899037224,-0.761979756756386,1.15078823834909,1.48821573589837
0.466828413055444,0.276121759569071,0.101385284594123,-0.0120330013637837,0.0116614514595455,0.023320403272771,0.0286234785625246,-0.765103180119551,1.15002794398006,1.49788622591871
0.426682900482994,0.234066415859177,0.0609382145865181,-0.0369028883477664,-0.00730404815538273,-0.0190783826122542,-0.0215872707523857,-0.814234344479477,1.11434049120874,1.49374462198218
0.413228531863617,0.199849624621497,0.0310789640884691,-0.0465744572527208,-0.0415781730889025,-0.0477805554463754,-0.0520762989994798,-0.829962689652699,1.10806991108847,1.45836576777346
0.407928631632768,0.207541502941594,0.0587960367077099,-0.0830856065812372,-0.0137669816919378,-0.0500982938627922,-0.030660305951455,-0.809453066148332,1.12385406751832,1.47675546924158
0.486048988732017,0.242847332408675,0.10153299915752,-0.0194410302345694,0.0363353401652414,0.00725080336295008,0.0212289701287526,-0.790839889308767,1.16532748911045,1.50176273474832
0.444594125147305,0.201617194602542,0.041066141870237,-0.0704407690275704,-0.0557436600538873,-0.025711464721823,-0.00541599292971069,-0.824858397917481,1.11867115045868,1.48242088004212
0.480365310658757,0.238735700668768,0.0987718438747699,-0.0165859751418165,0.01315166867394,-0.00760371885512919,-0.000288924942007811,-0.772993996733425,1.14917454221975,1.51575077463116
0.403333698680542,0.211301941213811,0.0269061107939837,-0.052777070999036,-0.0379024280180466,-0.051612062892355,-0.0342418181011648,-0.823251797326822,1.07379235782466,1.45020617473249
0.433521101059608,0.193346625894942,0.0568529059746899,-0.053198757283638,-0.0518573005837967,-0.0234169802052104,-0.0405369080028149,-0.845065353702108,1.11242291430734,1.46524127524097
0.440686496153596,0.229867921478012,0.0924149005394111,-0.0157992513452439,0.007928265305277,0.00469963399044303,-0.00315010086652502,-0.784008549188634,1.15801404389547,1.51357921621491
0.430859148143274,0.222257097187284,0.0693231315596696,-0.0407646175550452,0.00575189974478644,-0.0510126086205109,-0.0189783208704573,-0.772534807571108,1.12510119970192,1.50656000508429
0.409244014559427,0.202609463446909,0.0499262217512868,-0.0617535707924901,-0.0602724497641973,-0.043383846696925,-0.0239490486076468,-0.84126087308203,1.104978891604,1.46140159048142
0.439596818011113,0.278337948232472,0.0579357889331978,-0.00713616556404739,-0.0515736812733692,0.0423965178413449,0.0230680467724087,-0.780970925333698,1.14674459160598,1.49860981069615
0.451421150240432,0.263394030641365,0.088972926717373,-0.0217214231405063,0.00177875765561695,-0.00287958416995634,0.00704541577218341,-0.802768792191719,1.12991094850247,1.52159691097987
0.399988194632555,0.207112585793402,0.0338811456773676,-0.0680832440789922,-0.0404831345472035,-0.0247197919958122,-0.0519505560961697,-0.828982090319489,1.10032122303935,1.46253209009345
0.480896953623587,0.241864167708725,0.112804967707424,3.86149764037471e-05,0.0236174160285002,-0.000605888291137672,0.0509717967819908,-0.757367265715391,1.14999532112711,1.50387402717833
0.465517755779902,0.245010124158024,0.0782208013916889,-0.0377317352783006,-0.00213679729672767,0.0147518202641475,0.00243722925605913,-0.7881003574954,1.12673036932373,1.52668175230595
0.438774574647661,0.240098941517157,0.0971496702516296,-0.0383489200397395,-0.00656592562229204,-0.00275885135036022,-0.00659089045023997,-0.792190952205453,1.09812983197265,1.5080877730055
0.478003225421422,0.263070481764355,0.102274804320993,0.00141787283722285,0.0205552695690606,0.012873552780771,0.0129483977259274,-0.767662507457852,1.16305647152422,1.5232542400537
0.486111255189908,0.237002805081825,0.0781152839709189,-0.00776976387302515,0.0309406555669539,0.0161556586261971,0.029004965383813,-0.738799561386256,1.14704720075538,1.51921534635974
0.457974705477815,0.249025410138559,0.0859122380505696,0.0075565855858344,0.0128676955924704,-0.00935793364804776,0.00736824473617547,-0.758469934596768,1.14309087788773,1.53503237202512
0.48930310485284,0.24619942797462,0.109892135023043,-0.000216876838120232,0.0174495948657928,0.0312848688806173,0.00901477086747525,-0.760986973310612,1.16473313517887,1.52644332144193
0.414870878016551,0.197547512846915,0.0838066066240765,-0.0297112901264497,-0.00798498317598274,-0.0301714862154441,-0.00386057160524505,-0.807254792440286,1.14624278930506,1.53854453598175
0.41401369555126,0.191974245536099,0.0543177880054106,-0.0710238898688049,-0.0634174009235186,-0.0348803284504232,-0.0330134045877354,-0.839474646592437,1.0758199810749,1.45734745128095
0.479013577303921,0.25294696876433,0.0935203645951065,0.014058664072144,0.0116614514595455,0.0296896783659291,0.0415730553960123,-0.768846490597999,1.17940687341187,1.5122792782216
0.403544058160336,0.201170815145749,0.0352325764312309,-0.0596612843085396,-0.0286816926589728,-0.0233686840873272,-0.0579354637204216,-0.84400349878352,1.11935047408403,1.48740625034572
0.496226868518538,0.261495212446891,0.104051750369508,0.00528815362900294,0.0245270352809678,0.0289769458944057,0.0279909941579705,-0.736604950389265,1.15174908091874,1.53872795019755
0.507774615182764,0.278432630541494,0.110654664759308,0.0120537013781572,0.0309133696361146,0.0263634985197323,0.0252208059369626,-0.748012152214418,1.16587920308802,1.54075183200286
0.51062306679411,0.260868902673033,0.0981608171731626,0.0151298844033432,0.0359872069109784,-0.00353619205790375,0.0334208858965095,-0.74439951463419,1.17250899388903,1.54225363866839
0.418503757943235,0.18824844556807,0.0213862214819651,-0.075741941207039,-0.0504814764803389,-0.0646015646791253,-0.0692782980716136,-0.854780867954787,1.09538421332177,1.4531680461261
0.477445526179407,0.250192148447429,0.11459365571791,0.0102427566515867,0.0174602094142634,-0.0082001671993285,0.0166893931253684,-0.774452744079958,1.17686406596265,1.56063747986684
0.508699655932993,0.284880205829666,0.134354510033113,0.0135244296758482,0.0381972060145594,0.0251831663907724,0.0179260113057153,-0.755314793904753,1.18600039159014,1.53760869812843
0.479357456725142,0.267240346386282,0.110057618658017,0.0156951741220511,0.0370547420853487,0.00992846943777673,0.0375171047324069,-0.756762284323544,1.18082181725801,1.54554098909112
0.464809732150046,0.25359078865854,0.107703329989869,0.0279641397629942,0.0444629676614137,0.0197622795097887,0.0256961245069611,-0.758444166927361,1.18895922079246,1.54679295177481
0.503415936515069,0.275050022416554,0.11886992911875,-0.00728769479814661,0.0398891957591727,0.0470568518642459,0.0221789401211757,-0.746208046944983,1.18309359602741,1.55491644954745
0.496667366325864,0.262757071685144,0.137862668354353,0.0112997306549352,0.0512990580736078,0.0316899191959273,0.0644623334532123,-0.732375111021945,1.16283345439607,1.54755493796312
0.5052257306911,0.290292987034033,0.129497309590671,0.0286403781069005,0.0477777748387382,0.0400960580504487,0.040170902995605,-0.740440002188174,1.19027897679389,1.55047674532338
0.490355384007115,0.289084167106306,0.133483705481503,0.026608455283177,0.0423636130177237,0.0334080202535732,0.0412719926530023,-0.738931154153665,1.19492634618534,1.55487369059442
