0.382644627942505,0.160530996591433,-0.0109483532267759,-0.0605303623927512,-0.0259145226910676,-0.0307929863639991,-0.0165744060212191,-0.813087740571627,1.05657735374605,1.33038613452806
0.420763251414715,0.197389563869215,0.0144791368467038,-0.0168140938787863,-0.0405495929576013,0.00484991459348047,0.004601009313028,-0.786461056049999,1.10844773647152,1.34689656134163
0.378866657765595,0.167395762655325,0.0156213391661082,-0.0131454031408047,-0.013534636361391,0.00389258776152519,0.0167317859926549,-0.799415755071102,1.09549708771273,1.36161181135461
0.44111117619591,0.216462888549539,0.0328794485687862,0.00252469977421149,0.0358505850462479,0.0206771261146855,0.0276939366485445,-0.764429586143691,1.10736854055826,1.37270896080901
0.414021557540711,0.211516273508956,0.032999417354435,-0.00447902468538812,0.00803923535375271,0.0149004276118086,-0.000927448895588609,-0.764180700917647,1.10033425344222,1.3823368640667
0.408050213740829,0.195609995356646,-0.0140650006635464,-0.0415793983858594,-0.0358358089391864,-0.0108565502963665,-0.0452441610087453,-0.787056623457763,1.07477276655917,1.35374594909981
0.409623893983733,0.18545121642157,0.0353710544225908,-0.00383129104687565,-0.0302188658494033,-0.0169752716764725,-0.0145504079400385,-0.756713985213246,1.10067093413933,1.3793136435113
0.402035753082193,0.194184225418643,0.00983331688248438,-0.0783611797455976,-0.0196665326806464,-0.00496383624660387,-0.0407435416250767,-0.809228366512101,1.06120284953893,1.34047172668409
0.430944523096815,0.216535679159409,0.0381954653181158,-0.014874359052135,-0.00307501148748852,0.00459862086649994,-0.00917660060168855,-0.767845751273701,1.10071115638501,1.39262976162927
0.430944523096815,0.216535679159409,0.0381954653181159,-0.014874359052135,-0.00307501148748852,0.00459862086649994,-0.00917660060168855,-0.767845751273701,1.10071115638501,1.39262976162927
0.388387957596083,0.179549693382024,0.00715840623390068,-0.0647368950832234,-0.0513092279699608,-0.0300065350995445,-0.020185245938446,-0.805115406172393,1.061457502579,1.34894983973473
0.401947341756906,0.18348948596137,0.0303373149487282,-0.0159185200540096,-0.0260326179535111,0.0186444920756487,-0.0384216642853411,-0.806370037458715,1.07702573111241,1.3710657623796
0.395542292942837,0.168204893202842,-0.0113412557669533,-0.0629914392290691,-0.03276381486129,-0.0395446189167629,-0.042548107957696,-0.814003476957532,1.07080832424815,1.33702822205769
0.367626806772915,0.190174213297876,0.0131889696486371,-0.0134187312264933,-0.0231306777569834,0.0274442381141276,-0.0190882846534181,-0.750535040717163,1.08914745498117,1.38462102897659
0.441056099213034,0.206291477600465,-0.00964220873216395,-0.0637222925721558,-0.033300990749348,-0.0115986534117064,-0.013942489197098,-0.758917862893541,1.10588282014924,1.35658977916626
0.408899158700458,0.162001383707016,0.0479346604105133,-0.0212697277144589,-0.01872410936492,0.00330505979456477,-0.00674201916884736,-0.7720392013256,1.10239511284201,1.39264599573414
0.412604747528086,0.233317681729977,0.0453557371617634,0.0110640108406182,0.0180361738267525,0.0380013375746579,-0.00746487374048682,-0.748663066350152,1.11106159767684,1.38485001175503
0.428650976466432,0.225138486133261,0.0230619708361829,0.00929427780532465,0.0206975612811086,0.00689831936144757,0.0332496175566103,-0.751379636109522,1.1215361989281,1.36952361921622
0.43802947355281,0.223078328945723,0.0470113719378661,-0.00635862757045093,-0.0158501342342556,0.00235861248400433,0.00016598054696936,-0.75796612016912,1.12436214569487,1.38118215083334
0.431258210086859,0.220036442975515,0.0352846614761192,-0.0155614212891457,0.000134381522249996,0.0132535728551516,0.0161003483274286,-0.730736606522559,1.11433123142538,1.38537841166779
0.422129558287239,0.21903698838076,0.0378861722277699,-0.0143964897737932,0.00314905623181939,-0.00596349403321663,-0.00605164158438403,-0.75245353107817,1.1131031915695,1.39808915205465
0.424257226839199,0.212892400702471,0.00896490678587172,-0.0300412340225164,-0.0273678968664682,0.0268189696239579,-0.0263832367780964,-0.770206307680892,1.09312293506519,1.39883330282657
0.456158281044166,0.220893745181369,0.0406540797597344,0.0151153303071446,0.00936174530848113,0.0352841139979476,0.00935072115364373,-0.768457185791846,1.11793904742365,1.40866847714442
0.389147999918955,0.179503427984602,0.00251053368672694,-0.041396310995737,-0.0654323943608767,-0.0536751260013644,-0.0653450223169067,-0.811066793710092,1.06439772526508,1.33726200595269
0.393319828503335,0.212860481819509,0.019108014426504,-0.0182673808885251,-0.0230720049186031,-0.0221323439745379,-0.0310392879719102,-0.769316370392614,1.10784208507828,1.39545406095959
0.453132385863047,0.224696906763845,0.0300435714779239,-0.0114419397637077,-0.0154245531837183,0.0336703557712879,0.0117782283712314,-0.759912879076868,1.13129010489187,1.38621002691277
0.377591628001094,0.162309977611394,-0.0288025162877903,-0.0442977826187575,-0.0631909717868858,-0.0281779410886007,-0.0657662752798699,-0.798765025705507,1.06383643315083,1.35258704672722
0.367442222262283,0.172580975862435,-0.027688419519971,-0.0711325506770286,-0.0615480536624115,-0.0450451358192084,-0.0477028426422929,-0.826239806245237,1.0630553145021,1.32678483558833
0.426042811332866,0.230079420699389,0.0327288427079503,-0.0323595072129228,0.00166680443159108,0.0285086637826445,0.0110010087936138,-0.732428990302286,1.12449635759068,1.37691690428912
0.44909471130951,0.251839707909215,0.0287669008972828,-0.000263192114244318,-0.00394850675263585,0.0413415872414559,0.00548844796030751,-0.748555768898773,1.12035045122056,1.40829624007009
0.425873223506386,0.236089648074363,0.0486979580486635,0.0134567817763865,0.000265393162800054,0.0378548072264426,0.0391216401361753,-0.753884217487339,1.11888515689963,1.41006802321416
0.389570662043197,0.170516275266078,-0.0453457913969401,-0.0636389440026041,-0.0530634063424769,-0.04201026292888,-0.0763022342992253,-0.816704658353311,1.02095265419154,1.30629322141843
0.448062916396735,0.208871754347184,0.0316943376704049,0.0280892732681542,-0.00686029607509794,0.0227572380731694,0.0218092419694928,-0.739775289744372,1.13573774991084,1.38432508854177
0.400809085499191,0.174388130364502,-0.0279924255576285,-0.0510853999747585,-0.0683326002808561,-0.00741717432428158,-0.0676197002547715,-0.830330618194723,1.09092719840898,1.33484861439946
0.347734189779008,0.154257621068405,-0.0490135692883685,-0.0788011456612628,-0.0640409004478673,-0.0399005147755158,-0.063132399635026,-0.823575315557133,1.04969186110265,1.31760471956402
0.398018119014832,0.198875827910747,-0.0166539691752595,-0.0426973364804425,-0.0611920470989563,-0.052860573261773,-0.0701508391690529,-0.804109076277799,1.09996161605003,1.34254900172651
0.426259682069894,0.23551993205041,0.0369660801574131,0.0170026832551012,-0.0175706909188288,0.0119988176868458,0.00227533707881592,-0.74603019049021,1.14090237162742,1.37980585742118
0.423158170015654,0.237170717863086,0.0644444395174948,-0.0290436600897299,0.00224980111866663,0.00597112027780173,0.0107492784164925,-0.767622796892082,1.14160946760984,1.398242212198
0.438241764140101,0.22962362752968,0.0287660087506402,-0.00719972288553325,-0.00279621858099427,0.00303911725231455,0.0196782784644978,-0.751115265865621,1.14092958285031,1.39565286848307
0.367818965135661,0.170806089592072,-0.0273050653401435,-0.0875191102537922,-0.0783575679338765,-0.0636266144171281,-0.0806046973404517,-0.820053257517463,1.05744153380906,1.31024488442659
0.45044536476809,0.262405893396056,0.072489200373457,-0.00952065014416888,0.00772370477453345,0.0431523285036923,0.0362902934025035,-0.752020065062796,1.13843546439596,1.40861685791768
0.473800619925584,0.242510118011456,0.0398005886176989,0.0179250338105264,0.0223848863416502,0.0458910387156007,0.0459880861960196,-0.747117496643686,1.12957571226938,1.42839584377453
0.394198718669426,0.180678964422514,-0.027950351891147,-0.0844691766705447,-0.0731441699966471,-0.0604936176475371,-0.0764845771763605,-0.805910402968873,1.03597798932159,1.33314845302759
0.440459874530462,0.260005810972067,0.0527280020531393,0.0226231740049008,0.00876631474104907,0.0333561274215198,0.017466383412521,-0.733688079460612,1.13132224440134,1.42738147990868
0.453756211397945,0.230350959444614,0.0427059403761575,0.00768388899510456,-0.00703955443377734,0.0246765564635754,0.00499133410687405,-0.747244636331018,1.15517777362648,1.38611115250098
0.428194113678433,0.24400418501236,0.043686894887632,-0.0159424645897667,0.0114191769217319,0.0123087924524354,0.00756786240968898,-0.728776643465012,1.14845263733844,1.42438620649637
0.357229797665863,0.145385292021029,-0.042890570952031,-0.091288392036547,-0.0837198452112238,-0.0585531350907087,-0.0769343469363531,-0.839614609418931,1.03711996253407,1.31240181843239
0.478258298279506,0.230813035300063,0.0657973572085932,0.0299923435548835,0.021832148247897,0.0555486030137351,0.042843176717553,-0.728900602391633,1.15349973925365,1.41339016201182
0.463229790903911,0.251119924325426,0.0619276454903288,0.0263061250188979,0.0256189749271461,0.0509436478020823,0.0354770639741265,-0.726296109186857,1.15518380691384,1.412021395682
0.467457458541479,0.26095881120322,0.069118834173923,0.0299937147450774,0.0389808845226384,0.0499224169430843,0.0508627114327796,-0.716305459458361,1.1564455325427,1.42801934068013
