0.455594269116979,0.198246639835995,0.0337976036914256,-0.0308513418476684,-0.0355571349722735,0.0387815951542681,-0.0242099369734002,-0.767748869368701,1.07104940413687,1.31643267134464
0.435412322616113,0.201306629387778,-0.0152749886433142,-0.0338766885959078,-0.00940046894155102,0.0102596786520319,-0.0130628460767835,-0.766350055341103,1.06607221003707,1.32592501299221
0.399026727429115,0.167380103588101,-0.00557087989503665,-0.0176498158715206,-0.0054258296071074,0.00373421758311025,-0.0131008513542394,-0.793665136628415,1.06529513645187,1.32908068056266
0.427456527633814,0.186418821913054,0.0254584380851597,-0.0170594240877404,-0.0044837914948113,-0.00763334504604398,0.0173899874747928,-0.767506675713536,1.08965059167957,1.33534333091758
0.419810301565232,0.204171401482359,0.0141771153793052,-0.0171942834802453,-0.0136685927184876,-0.00294834369339085,-0.0100848720774042,-0.77791780598074,1.09269194059717,1.32846217065644
0.415852754676733,0.187694267915269,-0.00517393898678798,-0.0387022196132371,-0.0238505341897084,-0.0214612019748134,-0.00888459992254702,-0.789859427034853,1.07255079300812,1.33148934922348
0.427630624215821,0.185944106739614,-0.00640951408410513,-0.0535937542936881,-0.0234467660061494,0.00204632044101659,-0.013001636853201,-0.771335168367704,1.04963557043179,1.3411449259393
0.425978659485705,0.206387537190761,0.00774771746501317,-0.0344510974321839,-0.00924793894990905,0.00821967486093924,-0.00160245119307067,-0.774451979079157,1.08178930955404,1.34771325460754
0.385063833309403,0.159383075365112,-0.0324508367358798,-0.0546534090501464,-0.00992753835732246,-0.00879787252636093,-0.0139736690989478,-0.773758935071386,1.08605204295565,1.32722364002816
0.415312235821515,0.20776909283326,-0.0102278312077503,-0.0449473675228851,-0.0555807584074664,-0.0100287428319462,-0.0221083951207318,-0.785175590031765,1.07566681753257,1.32399136330971
0.367279823628842,0.163233536225882,-0.0579825435526151,-0.0611399208138017,-0.0409239095930026,-0.0128411238262259,-0.041715237067428,-0.795909531376312,1.03941860863981,1.29494286930279
0.441447997581545,0.195438694045593,-0.0155847675547449,-0.0144370728101465,-0.0073628292933154,0.0375889368187526,-0.00945633929697825,-0.771159752311446,1.05264450485489,1.35452826499579
0.435440863365994,0.222644633304268,0.0142880365814867,-0.0335600099543141,-0.000439054885606853,-0.0101050692595213,0.00557084019849775,-0.779908948534902,1.08871517687174,1.35048561112558
0.428766816875847,0.235055528627947,0.0368188499236696,-0.023593551356343,-0.00414175725210814,0.0164311922598487,0.0248295651091439,-0.758788498279324,1.08271630572468,1.35839156313633
0.417008825951747,0.169378149183436,-0.0517241362035729,-0.0628918789014206,-0.0411465006875828,-0.0136351839525082,-0.0387620146330949,-0.793658469746292,1.04451626255519,1.31181566554953
0.420332942355649,0.186027244155353,0.00649962742071413,-0.0214591632849334,-0.000608527393452501,0.0188116687027838,-0.0025794394430346,-0.758597091842709,1.09728568864989,1.35909082317903
0.37284616004772,0.179112736562779,-0.011316163418098,-0.021678664960782,-0.00232917917976464,-0.0308796596233596,-0.00833630789921976,-0.774431275586645,1.08360159234598,1.35312957171395
0.413193140505146,0.180004075079668,-0.0149859112417874,-0.0676915827548314,-0.0640406907767282,-0.041721300762156,-0.0278043896099169,-0.802825365203103,1.05412731916775,1.31014176345541
0.399363244180116,0.148181904801316,-0.0447003143875525,-0.0666615137668377,-0.0459274124417602,-0.0296580269687389,-0.0317290782762605,-0.801570431050379,1.04459782829165,1.31456358254336
0.388745659289742,0.168838467383627,-0.00217291745562175,-0.0614940133639887,-0.0438429735449436,-0.0403416065770545,-0.0280574776480971,-0.793226513982725,1.03946126722599,1.3304599764847
0.46003493427193,0.220361008650447,0.0505957622520363,0.00513486835456971,-0.0117801806494423,0.023220001814897,0.028883354215129,-0.75168270987888,1.08623036219554,1.38178495891915
0.421069160947916,0.239568488242143,0.0228631050955233,-0.00408407460982045,0.00729828313116035,0.0437794241073034,-0.00914148210765225,-0.773794457933123,1.08253993581447,1.36823116280261
0.37734775974872,0.172499290804813,-0.0449099288600483,-0.0794678313367688,-0.0629608363106117,-0.0300991325374878,-0.051390155608941,-0.806435845996037,1.02897598341579,1.28146964865052
0.377462994603426,0.153402134883939,-0.0327869470814603,-0.055040748887291,-0.0789299797453006,-0.0264216243248643,-0.0513162476352335,-0.819803221317452,1.03172582695672,1.27989500952816
0.438245947985888,0.220549856862996,0.0209510935446466,-0.0100891075519013,0.00960180619317849,0.0184471793077534,0.00811382602969758,-0.75222738284524,1.10068963729099,1.37097122793439
0.456513419530129,0.227615227262378,0.00681515989707421,-0.0035094220532669,-0.00122989152665937,0.0324370324659948,0.00467882863655954,-0.756530077395579,1.08369929910631,1.38091037049813
0.441925721422289,0.214826699321766,0.0090947735203141,-0.012807284539709,0.00827631597400371,0.00269563647180349,-0.00382921773195614,-0.749982798373775,1.1150363944629,1.34308258337033
0.440309180187936,0.227928276601931,0.0236647725638574,0.00804114584873334,0.0321705302256297,0.0230106436486004,0.000883580548989351,-0.767883261545736,1.10120633957404,1.37751811250824
0.375019891333429,0.159957264262435,-0.0363580447182376,-0.0613854749367559,-0.046737087605444,-0.0252259540759115,-0.0609945912156602,-0.820964069965631,1.02159248122704,1.28257497697285
0.426239283219236,0.174597956643876,0.0348765976338244,-0.0442884128435123,-0.0261778908849292,-0.0164197854223022,-0.0392207275949273,-0.777232901836862,1.10190233862983,1.35484558227675
0.395929895103648,0.185663722716488,-0.0515539198984346,-0.0833704502259984,-0.0600479688852485,-0.00159874322359673,-0.0525565024402059,-0.801392248496668,1.01423119300839,1.28715849566985
0.417489242609025,0.158619287425587,-0.02741671098177,-0.0485126476823269,-0.0324443037588995,0.00936699313703454,-0.0456199314880997,-0.75439672553713,1.05768167906714,1.36218444834274
0.388008364098813,0.151269532375489,-0.034040352808954,-0.0647367677203773,-0.0443916998224567,-0.0374934162371162,-0.0497847655891741,-0.79940130055667,1.04160118802673,1.32315907368526
0.388911031887318,0.14935997213593,-0.0383964297163888,-0.0837570615830643,-0.0502459413052771,-0.0279458269844272,-0.0536540275803175,-0.815112732332172,1.04036725305115,1.29982096297281
0.388911031887318,0.14935997213593,-0.0383964297163888,-0.0837570615830643,-0.0502459413052771,-0.0279458269844272,-0.0536540275803175,-0.815112732332172,1.04036725305115,1.29982096297281
0.447538403466386,0.208749991685192,0.0426384383407277,0.00854508317888967,0.0208294490329884,0.0074296416978771,0.0144569887431399,-0.768971636546822,1.11899750269132,1.38537391150586
0.479429174483115,0.212379107454701,0.0384424442273844,0.00903033304754415,0.0183080381885421,0.0332125616717065,0.026326396228186,-0.751976742925909,1.12666315611461,1.3507908781786
0.443138676645722,0.246526198019077,0.0460618937102239,0.0127078627702546,0.0203816906797206,0.0512090928503572,0.047528312223407,-0.751171555798734,1.09438694119929,1.38841329530758
0.379503671650878,0.184859579957003,-0.0237153046302249,-0.0842342681039662,-0.0676110140021381,-0.0456306297581544,-0.0539031594294671,-0.80806737198834,1.03476649319642,1.30446884606693
0.443897808617699,0.224374752452418,0.0400268058652651,-0.00324257237906723,-0.0144118791189174,0.0373984277494139,0.0308047283090179,-0.749315373919334,1.12059338992957,1.38025693342592
0.407597292548574,0.189118882170225,-0.0241636060313017,-0.0896780568154983,-0.0498880163763256,-0.0387183537742523,-0.0422764228270009,-0.823339448202285,1.04994339104267,1.31858684016548
0.38250226970606,0.148396576477725,-0.0681850415533671,-0.0867867415059607,-0.0623105218516039,-0.042650374258021,-0.0659728989868364,-0.819260108251156,1.01316215712701,1.27301496008215
0.38250226970606,0.148396576477725,-0.0681850415533671,-0.0867867415059607,-0.0623105218516039,-0.042650374258021,-0.0659728989868364,-0.819260108251156,1.01316215712701,1.27301496008215
0.390958377673356,0.183759806579464,-0.0292718068513656,-0.0579355686913116,-0.0378980725630258,-0.0187235653546309,-0.0576604587152078,-0.842271920017922,1.05913013349183,1.31418487906921
0.468736998007386,0.242203043344397,0.0389875349075854,-0.00525194219322299,0.0470065676624139,0.0516719543739824,0.0273606516550735,-0.730018899190675,1.11668498440828,1.39465576315713
0.382575638924657,0.149376141416107,-0.0523708712742761,-0.0907749632365679,-0.0570145209217092,-0.0209595975531652,-0.0396227490992338,-0.827302829436277,1.02446576760001,1.30825550166305
0.488322375526166,0.254216682297831,0.0376350642667387,0.0190333643141452,0.0435095839685019,0.0631697315620848,0.0398472068332694,-0.71344000243105,1.11898226294712,1.37883506590226
0.485688907469833,0.240159770924984,0.0600946111962182,0.014550370875396,0.0625742028515764,0.0426457154401816,0.0574000898027507,-0.734259997176241,1.11535516715109,1.41258193036829
0.364579982369482,0.131911735416568,-0.0604437808169582,-0.0817652118369995,-0.065740095318502,-0.0770283085445696,-0.0627838404781902,-0.8335034033349,1.02036820188421,1.28407158932148
0.363962256712227,0.141680711093585,-0.0613888218855903,-0.0828903509742675,-0.0711490716548013,-0.0483491314785801,-0.0845238630562018,-0.807091056064782,0.997878193225369,1.29562987822515
