0.413939990413958,0.214759374815714,-0.000619695163054271,-0.0286357135733336,-0.0357806772429889,0.00206160030510347,-0.023607896660517,-0.782018142839207,1.10073897655102,1.34163022997021
0.405947655337025,0.180908537778299,0.0179030500868735,-0.0253239724457089,-0.0195533089595572,-0.00674624075777726,-0.0120099114480683,-0.777146011591346,1.10305670121982,1.37584062533695
0.398731135421309,0.178309749944402,0.0130165543148193,-0.0403740022540118,-0.0190453603463091,0.00208659573128034,-0.00682789586673188,-0.777253657418635,1.09536166414672,1.38226441198486
0.407837983833294,0.166245839013862,0.0147720560183687,-0.0212862611382703,-0.0197077784282833,-0.00824719959286552,0.00484958292826698,-0.791789086751062,1.09599779693264,1.38409551645512
0.436004670088215,0.140294759727573,0.0256424735234023,-0.0179515353737378,-0.0271269623180554,0.00246366966552831,0.00272231403878473,-0.782354998000898,1.09968856589944,1.37857815799658
0.413119022828902,0.18706363952571,0.0286418866541039,-0.0380172040458666,-0.00505073758357615,-0.00396228882785843,-0.00031943545493085,-0.772245148567691,1.08992678178732,1.39400157334171
0.419436891285143,0.179800505302903,0.0229603961293221,-0.0338104463809077,0.0132066731313584,-0.034844347071794,0.0150526083235031,-0.794970290893199,1.08137404250728,1.38696054384935
0.412019427126321,0.195616746037398,0.0617817466706385,0.00923526254917365,0.0106207344168525,0.0211401601073935,-0.0105909729488777,-0.806679478294766,1.08874490505781,1.39232347134173
0.394795147474907,0.170028633917387,0.00712028118164917,-0.0401217419955672,-0.0281618045126521,-0.0243858504258624,-0.0240193651938638,-0.78801621357409,1.0788421845631,1.38261201730073
0.429107052254134,0.181758796429677,0.0290163954504042,-0.0222731419128511,-0.00469131318683211,0.000303426083987157,0.01374502009009,-0.76451755631044,1.10930293961662,1.3940183916127
0.419585205908262,0.192501347712761,0.0194531854517388,-0.0286262098433845,-0.0182362413107168,-0.00253939352597034,-0.00180113073124315,-0.771461910911425,1.09789807159862,1.39763411041542
0.42164343483217,0.192605474009899,0.0522670362869442,-0.022791781509956,0.0130101343394592,-0.0107356318863898,-0.030801312893563,-0.755061226490511,1.09115183820478,1.39773682549458
0.437148546363739,0.178683930119516,0.0393738398635762,-0.0360472465960467,0.0113181145873015,0.0383363636729736,0.0131687707815891,-0.765390632813769,1.08256497170218,1.40562465027778
0.390024595529285,0.153388270323081,-0.00663679788136812,-0.0572404200303078,-0.0375431557709463,-0.0267114393785358,-0.0213920559270521,-0.791866070552415,1.07011490908315,1.37685417615336
0.407091540974606,0.182583145283182,0.0214104893158306,-0.047369134442922,-0.0250870771226203,-0.0125959344296824,-0.0236888611553508,-0.790639139941816,1.08007288457397,1.3897453429514
0.393507515299407,0.171139673449665,0.012163445558644,-0.0170547695088725,-0.0268246936746528,-0.00458561488187905,-0.0203869242905034,-0.762673294775248,1.08263078750926,1.40234553311235
0.415325196233744,0.202690155765305,0.0395500149182294,-0.0246795644024192,-0.00490785789220892,-0.014361206635517,-0.0260874765700992,-0.790381874421119,1.07702195811336,1.39914120164618
0.405071583130685,0.185163154898764,-0.0106544133819688,-0.0554600164992099,-0.00627746443655638,-0.00652808200337504,-0.0426925470564928,-0.771216565227135,1.09852016847049,1.38052003005059
0.388100325200895,0.200327803377935,0.00916449264315569,-0.0223946416923536,0.0142708124040926,0.0247093062007033,0.0039150334473034,-0.758560552218221,1.10521668171112,1.40015114521467
0.414402990612162,0.200586311533888,0.0322854274540619,-0.0179487929933499,0.0071705102314273,-0.00878870247577331,0.0187613834692378,-0.757164712134354,1.10558015247754,1.40783651533321
0.398175795057559,0.167961606851423,0.012937288061877,-0.0414664302135581,-0.0152963068722203,-0.0264094488071416,-0.0356150476890716,-0.767823349880755,1.10851422741026,1.38724003465003
0.371196164103238,0.183128280695769,0.036837325452967,-0.0618865436669031,-0.0275382252831204,-0.0240286121312213,-0.000978708044590305,-0.796335200361207,1.10820254868966,1.38071719542974
0.4288659135494,0.226558726900511,0.0561001471075,0.00809848744733924,-0.0109971592269369,0.00328049721013718,0.0142235665057204,-0.757538168454091,1.12568113560896,1.38964086684118
0.425803672518726,0.207848253138258,0.0441322057758239,-0.0196686123470135,0.00630108418487967,0.00197240443828787,0.00302868286578337,-0.773642264361067,1.10479716701039,1.4173650621374
0.392459826746694,0.200058844343338,-0.00423984176247518,-0.0206419088880901,-0.0219574914421016,0.0277335920241375,0.0023345856666311,-0.772559340254322,1.08143186352026,1.40593575003878
0.376035227765832,0.162604677960026,-0.0363640311708495,-0.0739418056543961,-0.0288048341784831,-0.0312257913733941,-0.0509605227322873,-0.804140488052642,1.06916152766558,1.35265869930402
0.413201474833837,0.193372787986239,0.0134620399015264,-0.020609269995424,-0.0140992201634616,0.00167939932089106,-0.0168637282738934,-0.775580169477085,1.09825986395482,1.41575561902729
0.387424844418547,0.208915184370956,0.0261100663611357,-0.0172878719590927,-0.0244364542551013,-0.0231520917246897,-0.0302841037936657,-0.788984412998131,1.12185913556114,1.37899175216843
0.412751938358359,0.204079914106523,0.0366718621333386,-0.0050380655399529,-0.0300104345754018,-0.0068920647605442,0.015128730189333,-0.757872270072764,1.11834154866374,1.40741054376279
0.395414070224317,0.194788014766231,0.0327456078869502,-0.0133813970824471,0.0106768853350716,-0.0129447990622526,-0.019695403154154,-0.749105232842367,1.12376695554504,1.39668282265004
0.413585562040441,0.197183609648712,0.0473939416333831,-0.017948609809644,-0.00778726859286135,0.0408566492072162,0.0192579264888179,-0.756457460151849,1.12581323871595,1.4090023798993
0.373821780250596,0.126277513007217,-0.0220470921455911,-0.0737926410650619,-0.0755028545866088,-0.0538477109548504,-0.0464154077173967,-0.826142206170384,1.04524322482161,1.32568802916469
0.4021604370677,0.176460615897578,-0.0275103061640384,-0.0545230831983851,-0.0358909406353839,-0.0237747008978364,-0.0668804253569736,-0.79209510407632,1.04880655656731,1.36586166822942
0.400032388384206,0.163251732683161,-0.00952642783852699,-0.0491395478913664,-0.035777937932531,-0.0379532143794007,0.00836059832504254,-0.786006920638612,1.10591556913142,1.4102407247218
0.36362168127212,0.161647950177331,-0.0346248093820722,-0.0542702097960651,-0.043191497721821,-0.0349501192325676,-0.0477504376894678,-0.804473405936181,1.04350909359745,1.36116301916244
0.365825921436318,0.214624342497255,0.0394321724977744,-0.0154092522713505,-0.0524462020778711,-0.0228787905210181,-0.0250627941371658,-0.765688831518677,1.09804954341021,1.40734301150796
0.430777259325841,0.202037209855642,0.0675111884844131,0.0211043998767138,0.0159872224961559,0.0288902468244565,0.0168917074888303,-0.748175208650995,1.13265022670937,1.41131541189035
0.447949055779672,0.218311983503104,0.077010625799286,-0.0011130045309363,0.0296306542680119,0.00713564142789641,0.00525469545713995,-0.753673359708196,1.10068333621901,1.44362929328834
0.394262929170192,0.169261932228306,-0.00588174878497396,-0.0759134575299359,-0.0650162271136115,-0.0274922793244428,-0.0502844452721497,-0.792765648726212,1.06219261457812,1.38128741894928
0.427516390167446,0.236974512965995,0.0518147921799506,-0.00705745172388514,0.0192565059750043,0.014420064113318,0.0347741474327697,-0.763889533594429,1.13194358851001,1.41851137726328
0.374457446924894,0.180853819190441,-0.00199504059082053,-0.0633340192822613,-0.0426891579868627,-0.0406977941017116,-0.0514817659583604,-0.79065378862868,1.04610538959157,1.38279682302506
0.4370804323857,0.22392523683466,0.0508217176241519,-0.0207717676510842,0.0055553838122179,0.0222249176234336,0.0356551170099274,-0.752640688262829,1.12288846930212,1.43967300287193
0.455129185715207,0.223692974865332,0.0695969371229082,-0.00797075138444662,0.0272264503787881,0.0340579659356141,0.0172889324201506,-0.72135468266172,1.12186395504089,1.4360816396775
0.359643087000025,0.133587703696833,-0.0248340491747731,-0.0914931398747436,-0.0585266734124532,-0.0574382246567354,-0.0537953712838079,-0.825721084396568,1.03645084595845,1.34052563751284
0.376131788652625,0.177721696571466,-0.00809347527941187,-0.0576529682561676,-0.0357822642883957,-0.04139066910677,-0.0634138420568023,-0.816755294648942,1.03631984616852,1.36665346157075
0.434994337528252,0.217038008801979,0.0689368664295022,0.00909341967051332,0.0314056473471837,0.0227087672921136,0.0395557818705756,-0.714130777351016,1.12308728941035,1.4360137298539
0.487355031578805,0.221491481506694,0.0766824913464576,0.0358070072856893,0.0353954154098561,0.00947302458194513,0.0341057997004087,-0.750820580502751,1.15012716965763,1.44093869814222
0.360182250100111,0.147260196379313,-0.038004645108707,-0.0804294036609698,-0.0543269985892401,-0.0786931595123615,-0.0746271721686183,-0.836773984984352,1.0486232468502,1.34793394188277
0.349754476893962,0.139594526815004,-0.0348052386092381,-0.0785945369309929,-0.0747667467999267,-0.0877377568575504,-0.0682565120082885,-0.846364940966894,1.03881022898282,1.33711664435405
0.473587625911434,0.248665828695555,0.0805176739328379,0.0396083138632381,0.0527304647539286,0.0569745917934164,0.0608092642252046,-0.702260753237267,1.16269129146514,1.46189645413801
