0.507259840077498,0.216434547722995,0.0639341252012274,-0.0476453400036593,-0.0437837336879861,0.0129099072509085,-0.00940706802929247,-0.7558320197591,1.01747843230858,1.20598964372363
0.500971548733381,0.227986078267878,0.0584115680481162,-0.0287193157024375,-0.0325231025103513,-0.00709830508947128,0.00927812087147984,-0.733828425046903,1.0198511515137,1.25301896407354
0.490346072772429,0.215279716725825,0.0129534493178881,-0.0521843078443078,-0.027639278995992,0.0280478436645972,0.0078494383342024,-0.74990756646102,1.01481207927259,1.24432041157713
0.464981650113679,0.232673279793834,0.0422218280758891,-0.07719182144525,-0.0608525072934011,-0.025685954455115,-0.0152526029522738,-0.774119993338867,1.02932385502232,1.20133974798294
0.478684767972685,0.219737276183965,0.0398797062958565,-0.0454789324436964,-0.0368445386447364,-0.000569647213517085,-0.00256642798864578,-0.781913062582462,1.02068970893097,1.23924845956311
0.50316654101814,0.23370149991325,0.0676100718428687,-0.0387868472739889,-0.0219465246413146,0.0177533964380237,-0.00960656289402408,-0.719083437049526,1.04191041743146,1.25932282634123
0.485548588120058,0.23208208346508,0.0365126692576828,-0.052959491694721,-0.0380319127454018,0.031302147792774,-0.0223065778312845,-0.756850235769858,1.0193399504009,1.25227740982051
0.473464346143356,0.226790890454533,0.0550832122996918,-0.0619587256698842,-0.0463525611381337,0.0362280102917151,-0.0204940058465669,-0.77938279086136,1.02238184356106,1.2344302960811
0.473464346143356,0.226790890454533,0.0550832122996918,-0.0619587256698842,-0.0463525611381337,0.0362280102917151,-0.0204940058465669,-0.77938279086136,1.02238184356106,1.2344302960811
0.471819807308973,0.219612472358407,0.046557263740174,-0.0484292529627365,-0.0385910102545192,0.0226834795480667,-0.0177692388654268,-0.764725590724452,1.03504928305954,1.25372503997961
0.483399663883044,0.22511070536025,0.062790083969488,-0.0491775172738662,-0.0308416475893668,0.0454517091762464,-0.0148535485835318,-0.765040421851382,1.0437514443749,1.25062677559519
0.466468634788587,0.212310259304629,0.0433382997015748,-0.0545072567266683,-0.0457526241334004,0.0154137904921044,-0.0232812627498474,-0.774606287701961,1.02572166140704,1.24641761329716
0.461788925490368,0.199913173402374,0.0138228460441458,-0.0562284305681185,-0.0392677503825091,-0.0125037021857457,-0.0433250056479943,-0.772779072751982,1.02665269728424,1.23355938592094
0.497576354335592,0.238553484540291,0.0561065515919588,-0.0467582606578601,-0.0264263101245154,0.0468691362551252,-0.00963797643341753,-0.758673528924933,1.0438206508553,1.26046449239551
0.469162951067216,0.224532289790403,0.0382585500601181,-0.0592576088541897,-0.0495779892767016,0.0275050766679143,-0.0215610631821298,-0.764702047225148,1.0352228468451,1.25059368731135
0.469162951067216,0.224532289790403,0.0382585500601181,-0.0592576088541897,-0.0495779892767016,0.0275050766679143,-0.0215610631821298,-0.764702047225148,1.0352228468451,1.25059368731135
0.503824996127875,0.238214675998558,0.0684480731774659,-0.0142636080542964,-0.0272952460234211,0.0572154010056216,-4.66903858589128e-05,-0.749104126947852,1.04636421847174,1.27239723178499
0.498564447739005,0.274196334434552,0.0644153013544845,-0.0268936335736366,-0.0041081937204561,0.0815552999864225,0.00313920669479118,-0.753386257065866,1.05415538486666,1.25671303933438
0.473204787960839,0.217545796126241,0.0373677410496083,-0.0628117005910438,-0.0452029734687243,0.0148714929362199,-0.0221932432456461,-0.780322998008276,1.02779656574689,1.24616104781456
0.503766005239281,0.23677763023927,0.0519217437126841,-0.0741485480134854,-0.0481058437624545,0.0841991342915118,-0.0168285070577031,-0.737509684104242,1.02231896769583,1.25376841550879
0.470801555884496,0.207731626769626,0.0336573879928404,-0.0651267628967911,-0.0510188923388341,0.0106697224369883,-0.0307541105087202,-0.780172209145659,1.02242246185032,1.24270229006531
0.504100091723594,0.221054683295831,0.0506697984528055,-0.0422690966505468,-0.0548021731016334,0.0366729364122189,-0.0254999319390228,-0.763263503853066,1.00361921752508,1.2577217691585
0.476311532201205,0.210981578185776,0.0459701242044795,-0.0723781872674453,-0.0510538564911922,0.0184633391536759,-0.0213960951344254,-0.782483805604775,1.01012499868139,1.24113338871658
0.483399663883044,0.218178296348118,0.0309233651233987,-0.0610925952634676,-0.0575047591744888,0.0454517091762464,-0.0548482159612147,-0.792274885827614,1.01342215494682,1.21863104169304
0.451830247170833,0.208302988394147,0.038531865733915,-0.0788527898309918,-0.0667629816375787,-0.0290744519332111,-0.0137854706496507,-0.756944183525482,1.00344857661892,1.25095105035157
0.508497716900388,0.230045702969138,0.0677736686781195,-0.0337547656284257,-0.0177457975657156,0.0357943616840052,-0.00908194754708614,-0.762810753002779,1.03092222571778,1.28198508468093
0.457272355982464,0.21725957394737,0.0263767277488074,-0.0653608336040355,-0.0418200047523332,0.0200292246279437,-0.0181613127521272,-0.786439996393535,1.01546711386543,1.25059415165588
0.515620185206119,0.231888711323755,0.0633642748451022,-0.0320009938704584,-0.000464752518339388,0.0603654270783343,0.0213685160873437,-0.764917644647983,1.04670313577997,1.2763505709319
0.496628093740348,0.231954050551617,0.050835824272678,-0.0733841138012681,-0.0223671292126139,0.036393619075102,0.0216029795658439,-0.745840752381058,1.04922921058435,1.26948889557901
0.446229882167124,0.181100012874574,0.0331305837612747,-0.0698364631836703,-0.0641787557407582,0.0123393035607207,-0.0366297854437701,-0.807112426909887,0.996385309765565,1.20910034007523
0.457550596600206,0.199109286202658,0.0245348440983879,-0.0957120421474419,-0.0649649973711926,-0.0282147420572755,-0.0386959131073625,-0.784324714167848,1.02389770389265,1.21910244286668
0.48923849479411,0.229015880760695,0.0412127284859694,-0.0480075128908838,-0.0203529324881467,0.0385646892318348,-0.0221475619325645,-0.73886297768437,1.05787413616239,1.27828522979253
0.473578751115857,0.211656358922231,0.0578799510465616,-0.0561822759056692,-0.0346194690029977,0.0678097828664886,-0.0299178156744104,-0.774215669073321,1.04504732022367,1.26863911596455
0.458080552411612,0.21537002602512,0.0201719908719437,-0.100431422973449,-0.0846463871373219,0.0053056139972801,-0.0357241436612169,-0.77093169157575,1.00114237674406,1.23667948954322
0.434100392120674,0.203141468576393,0.0428411805238113,-0.0619126326167873,-0.042237315109862,-0.0105613290357127,-0.00312927154498039,-0.810034540706896,1.0077314959083,1.24630583789017
0.483197949993844,0.191199578803093,0.0509330794471871,-0.0844199586046708,-0.0331242476353886,0.0266104567806343,-0.0410299154955418,-0.793615742140712,1.03885535594507,1.24484148642209
0.435254428725268,0.189516550392391,0.0278599365419205,-0.0692562756986105,-0.0663992758502565,0.0126499144990606,-0.0482241747672517,-0.794930574894327,1.01829487135036,1.24220770866764
0.516059369065587,0.26303361828756,0.0246716189550845,-0.04257821642389,-0.0309560791662057,0.0614092454093715,-0.0188394607908108,-0.753374870280516,1.05869385662207,1.28721239517965
0.459185707227607,0.213671012109722,0.0448599763333869,-0.0717651261406078,-0.0624923168263899,-0.022382907542393,-0.0208641624840632,-0.772910263361912,0.980983834799118,1.25479264085051
0.522740968680853,0.269327982574449,0.0783582596997102,-0.0110306820617883,-0.0183231672288231,0.0529215288749265,0.013246490861924,-0.709456015561432,1.0758263281136,1.28777068738241
0.472613435512667,0.213508634279735,0.0627869330348501,-0.054857861813332,-0.0578600854429114,0.0095784136719601,-0.0530196602872682,-0.800717856822743,1.04446560571378,1.25182529726684
0.52687404077852,0.25776096509946,0.100399687784416,-0.00670052229669901,-0.00595586723149581,0.0670037780579877,0.0209827496706228,-0.717011037181224,1.08072905068814,1.29862482771921
0.43894289312277,0.175172353882494,0.00271871564611549,-0.0680396989763774,-0.0694885897727644,-0.00752432756274317,-0.0476861720272499,-0.814507944225278,1.0155766726088,1.24231289743471
0.513140985693521,0.254210561891238,0.0888213942244288,0.00962815265154116,0.00112919142964982,0.0780219440901789,0.0322719492266889,-0.707256957861927,1.08663369878693,1.29528334654592
0.418530186957471,0.176558210871253,-0.0172555328151192,-0.112412536698761,-0.0807576024884762,-0.0245967466305645,-0.061677594118876,-0.814868264515134,0.98253895154278,1.20285331224942
0.417957602580227,0.187711125925531,-0.00933337356464186,-0.100513361742051,-0.0933777493986686,-0.00605733345229545,-0.0765462246213557,-0.802757379913505,0.979078029777435,1.21140127491502
0.414475567197599,0.160317191713641,-0.00865476788941311,-0.106500324317656,-0.0977456917243883,-0.0365792770988835,-0.0752743303408352,-0.826599355292949,0.973728593816052,1.19442454570617
0.424318464610217,0.158988510594788,-0.00602294338650839,-0.124371254858433,-0.10304692408218,-0.0335297284373119,-0.0733891627254132,-0.834476873195763,0.958131931090397,1.18914032112559
0.406104124956296,0.15193959984005,-0.0101178599657054,-0.119682707717885,-0.108168949757157,-0.0418964367356385,-0.0829200512140742,-0.841528549391043,0.967736828530615,1.18153286509114
0.554892112264767,0.299445488243759,0.126258065236672,0.025072016571236,0.0446447626048574,0.100482937844933,0.0595890161356869,-0.6898788625479,1.11640155848117,1.32787556572567
