0.435412322616113,0.201306629387778,-0.0152749886433142,-0.0338766885959078,-0.00940046894155102,0.0102596786520319,-0.0130628460767835,-0.766350055341103,1.06607221003707,1.32592501299221
0.425133736403938,0.212204503559375,0.0288912531583337,-0.049579954135618,-0.0242379976735341,0.00678585113884378,-0.00613052245303531,-0.777715405116698,1.08084573019054,1.35534037809712
0.393884418536593,0.174422259579933,-0.0016192713291257,-0.0304332264463943,-0.0111877540631226,-0.0194504193063017,-0.0010125944263547,-0.798804102106283,1.08238270580549,1.35280532669769
0.390575011107673,0.152026086156851,-0.0161756803445572,-0.0277634456781123,-0.0203205460595823,-0.0323364582162113,-0.0217188652117038,-0.795272508592199,1.06202354424311,1.34770154878351
0.404435272654523,0.190264093912094,-0.00811734855585435,-0.0608161965048831,-0.00404850802964445,0.00713112553643724,-0.0148664168833021,-0.805057191781194,1.06439768063433,1.34133333566081
0.417888506902776,0.192613951677639,0.00954760912557397,-0.0359861510782295,-0.0206695379373929,0.00143868470364439,-0.00239808882499384,-0.786500309824247,1.09393372931896,1.35829808072041
0.381011591943056,0.209051429346032,0.0161580787690226,-0.0677397500917393,-0.0449370144484244,-0.0299973150310846,0.00920132942986994,-0.805821595950931,1.07009461761807,1.32416025380773
0.385038953097318,0.196017775522777,-0.00675879522031017,-0.0598953023272441,-0.0588741451765359,-0.0282608649082674,-0.0191576829106464,-0.809646027807261,1.06570789742642,1.31828604774836
0.369585588396747,0.156045145293924,-0.0297076060858373,-0.0766677915607606,-0.0469076877044347,-0.0495763927941439,-0.0219984488149007,-0.804566546274934,1.06283844674106,1.31301561709691
0.395347420841667,0.17807049597404,-0.0125066769451611,-0.0510548803893053,-0.030875165815127,-0.0208247683301828,-0.0309092835149822,-0.800072182014695,1.06567506015261,1.34206604181394
0.395347420841667,0.17807049597404,-0.0125066769451611,-0.0510548803893053,-0.030875165815127,-0.0208247683301828,-0.0309092835149822,-0.800072182014695,1.06567506015261,1.34206604181394
0.384330041171665,0.156085961355786,-0.0199392105042122,-0.0337690041464852,-0.031016669858091,0.00259720241561853,-0.0144739808975272,-0.772423098656883,1.08049377304987,1.36500931152141
0.396293186737353,0.17408190644276,0.00492711066973823,-0.0435277506305665,-0.0383005994378657,-0.0531820826016587,-0.0047063537683105,-0.813368798728603,1.07902937597918,1.33705368545475
0.41022891619552,0.196240305402345,0.0190582351418947,-0.0506350830300172,0.00785841085215478,-0.0219669061044292,0.0064447210658751,-0.781406723262356,1.08787265216691,1.36874097371152
0.416544996355297,0.211468444993745,0.0307704235733405,-0.03502550626846,-0.00909540895826708,0.00617967106984661,0.00985794369064219,-0.782553902817211,1.09750640907101,1.36950149622287
0.443416859808356,0.206262478906603,0.045327316580143,-0.0275076738708828,0.0222887539277253,9.04015866941797e-05,0.00303761001685881,-0.757137434726333,1.10143319301176,1.37630522173061
0.392295984849706,0.172010241276402,0.00969448086097615,-0.0382244412233804,-0.0259735703222894,-0.00607424714417519,-0.0274980351532801,-0.809728889015171,1.06680154242923,1.35072594845383
0.404208280514352,0.20703617357694,0.0436292194019246,-0.000511878364582836,-0.0179367164954242,-0.0161563660388136,-0.00710689807802496,-0.789485556620377,1.11931167115727,1.33099932832067
0.390036934976919,0.182318551476722,-0.0157408771194689,-0.0419720606204592,0.00290756321218812,0.0164348908911964,0.00570887660743629,-0.771834933347691,1.09306530067469,1.36578805543893
0.443522891455622,0.226317937104861,0.0361072013156279,-0.0139754684329285,0.00693056660687062,0.016124153135856,0.0135174284535429,-0.74911732227935,1.09489452848152,1.38233281524707
0.421695924600015,0.199401561471599,0.037133422071628,-0.0321760627557547,-0.0295692445528689,-0.0132789997530634,0.00893411833700113,-0.805630641395068,1.09257295487943,1.36585858541868
0.389093460442671,0.164367944897138,-0.0111448044968646,-0.0617609008109102,-0.0293391687761788,-0.035168802640381,-0.0295612569894576,-0.813545608764579,1.0636928389971,1.33370717829288
0.403450927390852,0.186711698646952,-0.000991723220452108,-0.0452857982076338,-0.0266412097787679,-0.00198700837002058,-0.0214788213996577,-0.79164702412626,1.07485014440562,1.36460971867732
0.403450927390852,0.186711698646952,-0.000991723220452108,-0.0452857982076338,-0.0266412097787679,-0.00198700837002059,-0.0214788213996577,-0.79164702412626,1.07485014440562,1.36460971867732
0.426820865650494,0.197706893920048,-0.00476472523257105,-0.0397696295455075,-0.0416793627318163,0.000528554416348071,0.000713814976547569,-0.789699517439472,1.07928053279636,1.36801113181757
0.405635273410605,0.168107484693296,-0.0137407001431731,-0.0519153546180525,-0.0501680630111392,-0.050049649970531,-0.043001940985327,-0.82134544256761,1.060747888611,1.31218722836829
0.429306544069042,0.208487896452509,0.0361769060740764,-0.0100858144830225,0.0264605864198381,0.0324077029247897,-0.00361247470362224,-0.759672032490413,1.0876105182722,1.38954734000534
0.417972963968659,0.221328756927998,0.0262657810772755,-0.0168426894202939,0.0170766273139747,-0.00321860691009964,0.0234542591477916,-0.748747403318366,1.09988319311863,1.37478228436185
0.368793146603529,0.128672589511787,-0.018814626579775,-0.0775215128352291,-0.0613127527795632,-0.0522578705665975,-0.0356894502690067,-0.827142920165588,1.02117912365756,1.28060737346611
0.433916617221115,0.227555810287524,0.0300652144986997,-0.0131055890362742,-0.018596157485928,0.00981240165947794,0.0218374338402118,-0.769631051754146,1.10037771418098,1.38334995813593
0.409959081748427,0.180910170095016,-0.0280587816533284,-0.0412122156721312,-0.0418803002771761,-0.0499399322614329,-0.059263431832749,-0.800955608746515,1.0771738253953,1.32202733775785
0.384103346215383,0.146985755486141,-0.00695334093908663,-0.0571724275226963,-0.0367444007775829,-0.0234324020122643,-0.0353007018492848,-0.823588736819989,1.07914372542747,1.33598549092388
0.402584974334739,0.193987127162549,-0.00375642516608664,-0.0553689123577132,-0.0456607593206741,-0.0157447069785675,-0.0359473266492299,-0.808985164025582,1.07077542214531,1.35040400505254
0.374596869805458,0.12923737991947,-0.0125721477430775,-0.0446604830576523,-0.052522242888661,-0.0142430694722896,-0.0611263537373509,-0.822708240047619,1.03177988925657,1.31020429032621
0.379982298487943,0.160927219619204,-0.0120860895290126,-0.0541589537994856,-0.06863028791283,-0.035497682305211,-0.0260775857016201,-0.825466662084721,1.04338818553729,1.32204842758086
0.365497785057285,0.17326765749249,-0.00799525645271498,-0.0174699940183582,-0.00246269558485324,-0.0212517829062672,-0.0203328281380663,-0.831613698114654,1.07142807618662,1.35535479805626
0.448229846978629,0.203233420704188,0.0443022350306424,-0.0278173287501151,0.0147286921511026,0.0396687731992196,0.0115748967362544,-0.758055303503135,1.12048240188534,1.37953701877351
0.433215473104543,0.214517832234157,0.0332219103754602,0.000683272626989022,0.00854459789376664,0.0236118814064434,0.0119270044821988,-0.752829038005824,1.11330423858119,1.39458393576039
0.424535898350836,0.182322810396993,0.0398990211347414,-0.018904752458523,-0.027563297436292,-0.0136776839767605,-0.000913487176684723,-0.785190745407618,1.12450495399507,1.3737985803034
0.386383923598184,0.171094832431439,-0.0232583518245058,-0.0899993520036282,-0.0797385549115113,-0.00632148552371391,-0.0463682019306312,-0.804463624675542,1.04928475600838,1.32415459857618
0.40678039764909,0.220157642635529,0.0154503108248915,-0.0140360517537676,0.0200245445855662,0.0289910041945088,0.0118980400932186,-0.745067168328027,1.11668589208971,1.37642049634753
0.406938178887159,0.171667122362667,0.0211116431797748,-0.0443044115722815,-0.00131875922300471,-0.0220575784995619,0.00193652204472518,-0.798511798215504,1.03622741039053,1.37424594754233
0.405253562095186,0.170747858922929,0.0282742434847425,-0.00904163797395901,0.00818341415464602,0.0273636587535358,0.00790396719071433,-0.750844128344315,1.12849916726272,1.39225663336584
0.404376934326653,0.211031296671588,0.0211472660865525,-0.000190830409037543,-0.0267648611038195,-0.0106799193088357,-0.0259163773965707,-0.758638647479246,1.12975490537011,1.3836469514141
0.386085473233575,0.182265065978919,-0.00965360371786387,-0.0682195261565833,-0.0401347957709393,-0.0173166159687733,-0.0367976831417523,-0.832389301258751,1.05346898095493,1.35562085830147
0.441079573355663,0.239793084338214,0.0571771757326074,0.0136984734921052,0.028604081327908,0.0266346799634749,0.0292904981361787,-0.738104710349377,1.13530706454491,1.41601744287657
0.357239705614914,0.138707317635835,-0.0350658357771983,-0.0865418401143444,-0.073979673595405,-0.0673145320727407,-0.0613015578698682,-0.838624275503117,1.03737240458772,1.30268679754795
0.377168275464425,0.147174857919458,-0.0440105916358028,-0.0878123025942499,-0.066184998959724,-0.0364112043957882,-0.0812883347508395,-0.809352018308421,1.01626426299376,1.31493791806127
0.348606594545867,0.125862935097581,-0.0513319533227794,-0.0917695732685121,-0.0863294029570778,-0.0660688810180027,-0.0590840434868389,-0.852871743443556,1.02941519997604,1.2855440028021
0.457356270857189,0.251407667465641,0.0719721475436872,0.029560554824561,0.0402727803686096,0.0566282555639651,0.0643709621902215,-0.73038863389674,1.14082860045559,1.42332442400385
