0.507259840077498,0.216434547722995,0.0639341252012274,-0.0476453400036593,-0.0437837336879861,0.0129099072509085,-0.00940706802929247,-0.7558320197591,1.01747843230858,1.20598964372363
0.507259840077498,0.216434547722995,0.0639341252012274,-0.0476453400036593,-0.0437837336879861,0.0129099072509085,-0.00940706802929247,-0.7558320197591,1.01747843230858,1.20598964372363
0.455776154531488,0.221120204453684,0.0463048945440393,-0.0634128391991139,-0.0570510423726727,-0.000642000129233758,-0.021536800877847,-0.75092578228154,1.021728616266,1.19333002501278
0.498423943927285,0.22077457818999,0.0543116307219533,-0.0518306104608818,-0.0319647260440349,-0.00229608790394994,-0.0187448367244372,-0.750824800353652,1.00968581297359,1.21839779766645
0.480243750125868,0.213313002797762,0.0303833188196447,-0.0640119236932109,-0.0321270381519986,0.0223621372974219,-0.0215193560391377,-0.776049195585969,1.00127459425256,1.20151934278509
0.486120745095589,0.224553913758415,0.0530779766385582,-0.0624185807244547,-0.0523181204906936,-0.00638802360210325,-0.0123298354907831,-0.764976006548984,1.02340114366545,1.20366469585329
0.496617113744584,0.202120132943961,0.0694864864369209,-0.0592276514798667,-0.0525138535474258,-0.0137015138814456,0.0186534362167073,-0.770402272234191,1.02263499385982,1.19816367363725
0.502912143908252,0.245315441078773,0.064174713277856,-0.037269486788648,-0.0239459637042211,0.0472326036186655,-0.00313393066725064,-0.754609138412483,1.03581690858762,1.231351341529
0.465315601242068,0.210338845193279,0.029391810866167,-0.0624491890043995,-0.0671833659794787,0.00427432866714334,-0.0329586459850155,-0.796381693108953,1.01100174837075,1.17462885834049
0.489539823693236,0.218023510040701,0.0552456944707007,-0.0480372964831979,-0.0411873719712527,0.0177966933994876,-0.0135881534473596,-0.760278805241776,1.02626385768406,1.22985734185162
0.469449276896162,0.221216152007801,0.0607955738320348,-0.0554742200192879,-0.0685296484855201,0.00339043542416568,-0.0259318581283905,-0.777014963927117,1.02253140307413,1.20206546633189
0.488170666366017,0.193118485546829,0.0542190992944917,-0.0735520757549546,-0.0848771766038339,-0.0247726174782484,-0.0284962417407732,-0.786056544802278,0.99157169655728,1.17071238653038
0.488211395572357,0.220483418756699,0.0510963376306728,-0.0534514744289245,-0.0466808614823439,0.0202074919594114,-0.0154840656057111,-0.760267033492124,1.02635063957684,1.22829166551749
0.491657429897992,0.215975605291029,0.0720441860494735,-0.026611047266545,-0.0517847085337661,0.0212798590912884,0.0191833378695202,-0.763621753656184,1.01150884169804,1.2366507829753
0.482405218338852,0.207771916962827,0.0442344846498077,-0.0716786910755506,-0.0543743655295894,-0.00765241740318354,-0.0240514905683275,-0.770078366963474,1.02068806810061,1.21254604329515
0.51859403696869,0.237644740735752,0.0379469337488411,-0.0537181017174038,-0.0555452345497977,0.0183071438657616,-0.00434221255494343,-0.774071442582698,1.03084301821202,1.21999847120396
0.510979990528941,0.230095400675175,0.0742080839888859,-0.0314433395252659,-0.0425638473995164,0.0190696894635562,0.0237244883702652,-0.740717165439758,1.02314504347812,1.25111653088811
0.483222773652553,0.215052779916358,0.0543970507673072,-0.0597052330721336,-0.053138025257188,-0.00473650014574226,-0.0151356152566778,-0.764371141560506,0.999231133553847,1.23039114228707
0.482670196244555,0.215902286874057,0.0420530580365856,-0.0740383814885542,-0.064215060412654,0.00910776062409428,-0.0225656058452547,-0.763381855667425,1.00931040452632,1.22133456663342
0.473866334927723,0.204745757779853,0.0547985339524639,-0.0564881419631174,-0.0539812447143721,-0.00824259914850346,-0.0209561990150351,-0.789674355888957,0.990006137012891,1.20666891870977
0.477582868731099,0.17938295502182,0.0322174849139938,-0.0696262429426107,-0.0469444243604294,-0.00811004235180776,-0.0282686370397603,-0.779277078126059,1.01654883177732,1.20765156835051
0.538118285079014,0.251276406765182,0.0961168157775818,-0.0032082345887997,0.0054789789556445,0.0276861570167402,0.0093561576033829,-0.725091757068681,1.04795066710825,1.25851984794004
0.486985003402571,0.171306685446545,0.0389868981814616,-0.0803696377947692,-0.0816960299093939,-0.0282751598408944,-0.0285972426598816,-0.772771039288793,1.00366150657455,1.19044560227286
0.475403324133471,0.180579875031157,0.0274530508802203,-0.0791429360536501,-0.0628518961766794,0.00240440865452351,-0.0380845143294103,-0.793419466459913,0.975051812874737,1.18197713473155
0.514168832899666,0.274452616112172,0.0657674386802323,-0.0146806541911591,-0.00805049982480718,0.0340629824839776,0.00819943169591432,-0.720956317957832,1.06172865113559,1.24561963134108
0.489936637795082,0.214971591001365,0.0633605291180388,-0.0512516009084956,-0.0508219095654488,0.0112441604614343,-0.0312133641582803,-0.778274938290921,1.03097201901118,1.22890747049523
0.53006454890008,0.192888181700153,0.0493552521673854,-0.105024356787414,-0.0266104100811116,-0.016500533337196,-0.0214711596721624,-0.770136327989458,1.01471700723427,1.20171583634334
0.530320697402957,0.229916444964589,0.0881785267864615,-0.00983700472024469,-0.00966873047345441,0.0541995313962356,-0.00704431153013058,-0.734602102388091,1.06046015048475,1.23545603413586
0.497898598056259,0.231576848223878,0.0863087402173169,-0.045087006930036,-0.0137845419775335,0.0657149508468985,0.00286034389108584,-0.726461413234643,1.04768735481121,1.25187375804284
0.512196183729347,0.235966695736542,0.0711177138541752,-0.0460147857860109,-0.0442662188076364,0.0565875509231642,-0.0137384019897986,-0.769135682500543,1.01470389176246,1.25224681045069
0.475888804200168,0.191278163333579,0.00733985079502272,-0.0812227604830054,-0.0587968992027778,-0.0247783926561677,-0.0637199348986506,-0.7804972561001,0.991508902115392,1.19234385343856
0.519712562099137,0.261741417962276,0.0672001395114756,-0.0225046928874674,0.00383330143691025,0.0564510563728357,0.0285802764456234,-0.737069361107994,1.06207311746831,1.25476615255435
0.491030935699575,0.203585520552744,0.0280810929590396,-0.0835935804006675,-0.0564368949430253,0.0149274320824752,-0.00509660413942759,-0.803580850325361,0.977285152163641,1.19801463781569
0.472057328944177,0.197561647115993,0.0304897089889078,-0.0992217725791426,-0.0808829204633473,-0.0123886556484493,-0.0131016301866969,-0.791801945819398,1.0010633011162,1.20485465151115
0.553469879242583,0.258028891269719,0.116565307594643,-0.000957201053793776,-0.019347780011144,0.0731607949389935,-0.00115353634532806,-0.720874493168969,1.05101049910164,1.26675379493654
0.517175319200516,0.248528806752282,0.0659760444149165,-0.0391484774172372,-0.00779214459735348,0.0517543908069958,0.0281627898798804,-0.760521377622893,1.06926962338006,1.25716342867065
0.514962954682624,0.238586930110248,0.053783272010719,-0.0871643081233302,-0.0224238815595236,0.0306966681716408,-0.029065097830734,-0.769643679812606,1.04274120334223,1.25579547941737
0.455493089017114,0.173468169740417,-0.0129301338587593,-0.112412358040329,-0.0892136732695783,-0.025686876861033,-0.0508944707785556,-0.793026211989352,0.981721584336528,1.17160627936822
0.477443606250753,0.215735915921775,0.0478229936974519,-0.0530982874969722,-0.0250708353791528,0.0464013422508962,-0.0400387510292746,-0.782665779838805,1.0046147008018,1.26116068761449
0.536337854286524,0.259987332065275,0.0906919571252773,-0.000123413783298224,0.0102877294673431,0.0520165740351721,0.0254474346639473,-0.71249207475295,1.073879036299,1.27158798632488
0.455446368574908,0.164621076220404,0.0121206536986368,-0.09945881150625,-0.0955972051905768,-0.0389035642516822,-0.0612205395318831,-0.80764549126169,0.965664960805985,1.15417617222104
0.455446368574908,0.164621076220404,0.0121206536986368,-0.09945881150625,-0.0955972051905768,-0.0389035642516822,-0.0612205395318831,-0.80764549126169,0.965664960805985,1.15417617222104
0.550616427927554,0.267670603727001,0.0902572587621484,0.00189864757860711,0.0161019651606016,0.0722923469603435,0.0510346566550456,-0.701056321607469,1.06795872729317,1.27696849915297
0.540024867074948,0.27229689025929,0.102909809133263,-0.00163800292633385,0.00513261002024679,0.072020963462002,0.0363294058968796,-0.708453561989533,1.07816411107943,1.28010513702008
0.559692249991534,0.275053596848657,0.117667368442264,0.0111134186865481,0.0210487058757398,0.0761656059700475,0.0425689637144014,-0.707507914878349,1.07601380051577,1.29580083570487
0.540444866517426,0.262960811609887,0.0621695863893941,-0.0273008973847591,-0.0185286440625175,0.0581650377501092,0.0254185954208728,-0.726016702121827,1.08764685633737,1.29121817546776
0.44351628047768,0.165492950532966,-0.0043847263402776,-0.106182439136154,-0.102457717933828,-0.0226326632890132,-0.0839411134978443,-0.825866924295948,0.963636822125108,1.16049687120575
0.435861897950915,0.183241770308089,-0.00987446759065783,-0.101845136878617,-0.0909044286554523,-0.0334037768720571,-0.0574191301529559,-0.835683228739633,0.980270226591357,1.19722516250005
0.446180990452133,0.192795417046939,0.0021428760329034,-0.121973177186641,-0.0719856939949669,-0.0415371445027238,-0.0676173372423547,-0.827664477197566,0.956376294870865,1.18715032081899
0.438871101687881,0.174112232100463,0.00546807544427522,-0.106116528178561,-0.0975652881819845,-0.0593982733779436,-0.0668889482227196,-0.841482717555472,0.988769595493478,1.18368641272633
