0.467816095103595,0.210786307239887,0.0563194459573031,-0.012417931260983,-0.0145161052669778,-0.0224762743541347,-0.0333545972074717,-0.688756507397455,0.933698290686218,1.04682183980263
0.450917070982926,0.166971274307511,0.0165735279043272,-0.0412860766975122,-0.0194022654556299,-0.0834853402473771,0.00299113068927092,-0.691932321176014,0.920652794743947,1.03840421389897
0.453305102378479,0.219749833341907,0.0411221477821735,-0.0449018480045987,-0.0201768109744399,-0.0551688689449035,0.0372400768946086,-0.674712505631782,0.935741052817284,1.04873482052713
0.425645604016149,0.168518913139912,-0.0127480864363145,-0.0686501789697894,-0.0324168038740479,-0.0807412202057359,-0.0379703960552468,-0.699624050738076,0.928283235325592,1.01338852126007
0.446238271323799,0.218472325001703,0.025124214597329,-0.0752566172633928,-0.0333204819405391,-0.0524786490678927,0.000519629281060873,-0.689663713497933,0.909863324960695,1.05579921742332
0.435804214562531,0.212211890944941,0.0355003043765907,-0.0693055223012009,-0.0339312559948573,-0.046447091094927,-0.008726550248925,-0.682707675657087,0.908204064321414,1.0662087234628
0.467149207852075,0.20484234440259,0.0227466299791019,-0.0581255095036968,-0.0185873586316998,-0.0631462185724539,-0.0250460011638752,-0.693541466950792,0.941090889267374,1.04761259722343
0.441161834787047,0.196459188344355,0.00629223909554992,-0.0622669100239892,-0.0296421441050061,-0.0514072499135115,0.00451951024476371,-0.699580818903568,0.94954959480008,1.04091693257043
0.493465791919359,0.239260933082084,0.0494848176687798,-0.0548040906347616,-0.0260007191583187,-0.0321203545576136,0.0237717866947248,-0.6761135795068,0.920857988662481,1.08242525991735
0.453714482976484,0.180355658891738,0.023240413079931,-0.0521130321687698,-0.0227764175264402,-0.0653621187733743,-0.0368849425473382,-0.706098702465474,0.933072678618863,1.04578089582909
0.46002315688367,0.209041391168946,0.040016855436029,-0.0341312949183564,0.0176966030288813,-0.0456444943931757,0.013793448277408,-0.670344617532009,0.961418411857741,1.06682996853508
0.456902275918124,0.200786831852079,0.0252931247414126,-0.0470233552505835,0.0051502379076365,-0.0422164450909106,0.0230446173006727,-0.682511896445771,0.958091472585243,1.06683339558639
0.470164637977229,0.196370364964056,0.0471642509613897,-0.0480283550411427,-0.00530376542754193,-0.0527516798616462,-0.0170564851397215,-0.691933409739445,0.958198780793265,1.06295386829449
0.444783476551057,0.172273520005827,0.00367481561340196,-0.0747996861205361,-0.0450034162592758,-0.0637943558675523,-0.0239998100965305,-0.731537983993153,0.935537461465845,1.02148817318448
0.40993968442958,0.158957918714856,-0.0100666170180612,-0.0842147673724466,-0.0323868694252089,-0.0957279668472658,-0.0362900241766821,-0.720428089986099,0.911334939403651,1.01674649608099
0.464526905202056,0.212592344705562,0.0335557502443375,-0.0331706984652989,-0.00935648655226272,-0.080795909338828,-0.019126648839802,-0.671306285956189,0.962461148451214,1.05447220643574
0.473580858930737,0.212137225282763,0.0350820334653918,-0.0346561354193668,-0.00693140170016882,-0.0399879331914931,0.00946034542571085,-0.694931728018364,0.961073565186908,1.07869305693382
0.461308144034569,0.217425721994671,0.0179543485916107,-0.0288535156571195,0.00270250353754339,-0.0530279549803965,0.00742260530951161,-0.702925678441864,0.959940364717732,1.07246803073673
0.464063539664646,0.198280338259293,0.0211860521068194,-0.0352508672937996,0.0100072466646796,-0.0250286024462627,-0.021325431167222,-0.682523152540799,0.943657366804436,1.09402619621988
0.44856686994035,0.166200101160211,0.00268979148383537,-0.068062216764747,-0.0334820213052005,-0.0679963597165996,-0.0248343770498457,-0.7172805168686,0.925238282773614,1.04792676491186
0.466872894587391,0.185817395095403,0.0197803517453809,-0.0511731624517802,0.0109195701896761,-0.0478500133258524,-0.027413786895765,-0.699278567163401,0.950310079551641,1.06970673760526
0.47851809514554,0.18954588964824,0.0379573375441831,-0.0152243604739413,-0.0328338983194013,-0.0386499549197376,0.00298332384321333,-0.717682577960502,0.965252879677352,1.05898232916279
0.468933574254059,0.226209091319019,-0.00558759992245048,-0.0563952131561668,0.0327860836901522,-0.0452228163609029,0.00209626362575485,-0.696716761949364,0.952880810824011,1.07173371506206
0.47131146762625,0.244241990714933,0.0765806596666515,-0.0193752301992806,0.01234305883039,-0.0431452008555824,0.00320167151199146,-0.684046432021201,0.969988251874317,1.0926809080663
0.486826382336082,0.220682892299757,0.0552012649182669,-0.0155562100340098,0.0108480099184178,-0.0283272186734728,0.0169435464751998,-0.674087902117378,0.978381600637591,1.08501853864211
0.492907318408089,0.227770434439899,0.0621434714680294,-0.0309437539625019,0.00785094037082065,-0.0363039684121932,0.00867437188313635,-0.657383898348251,0.977939192222444,1.08093152350389
0.481325073405027,0.231102052542704,0.0376869895519729,-0.0324782670411286,0.0169256213099955,-0.0140636555504046,0.0491723283949505,-0.637702718033412,0.969459780303542,1.0792862682886
0.485138166156955,0.249541635208683,0.0794867921713121,0.0137289851715689,-0.00144317236142281,-0.0137996631405325,0.0273836121353233,-0.643518043637296,0.981555495874875,1.07877176836456
0.487443335576373,0.216135408652908,0.0684661890100123,-0.0228317948559968,0.00215443739487456,-0.0334148942215361,0.0292717179274229,-0.652023602007859,0.974675334620522,1.08893835139915
0.488929268727298,0.230755172773997,0.0554043766932539,-0.0145873969046999,0.0216111636691044,-0.0324551091007119,0.0120293125076093,-0.681795954626872,0.986404869584793,1.08187622087194
0.508529481963489,0.232064050823249,0.0715316729397272,-0.0351471396719102,0.0401063560012562,-0.0103972244466287,0.00187945205668953,-0.65673784972724,0.984873525955291,1.07321313045157
0.482645765261594,0.228649784524338,0.0448151836376686,-0.0171915229828728,-0.00778409139168331,-0.0426054064990452,0.000116527355461388,-0.684011000890878,0.984086661896938,1.08556364565177
0.435830731396899,0.181497823786224,0.00981215879774184,-0.0707870606960816,0.00395374779195942,-0.061947161156944,-0.0166634985413896,-0.711063625681464,0.963661929456769,1.07174304016866
0.425037999212047,0.158649407421631,-0.0118418928920288,-0.0834918731216649,-0.0532536611070333,-0.0918143029247883,-0.0477415965458119,-0.732952815876743,0.911927253682603,1.02215566906863
0.425699123674032,0.155620856024901,-0.0161144038549305,-0.0878665843604262,-0.0532925520888038,-0.0932940064396055,-0.0527570633477725,-0.731863058408375,0.908230636290698,1.01967562541444
0.515352279932443,0.236998221320643,0.0480747991627268,0.010631762183435,0.0378332896910166,-0.0288277501773325,0.0347776296494326,-0.63299036941782,0.96865081445575,1.10887234481564
0.506789777101732,0.228745280982401,0.0506284823632644,-0.0237017802582609,0.0337040584047588,-0.0223097599100158,0.0160009979323252,-0.66952268013606,0.99411497395402,1.06872825611469
0.439345827033576,0.175263568157385,0.00886548563578649,-0.0885187038088846,-0.0179613108170566,-0.0885970058274932,-0.0555490464577767,-0.735923889242165,0.942728689566199,1.03801725779222
0.48205988476347,0.234083127395991,0.0530014594056079,0.00577897219349668,0.0481044255902932,-0.0213182363440462,0.0488518789952711,-0.626753447062708,0.980317835425323,1.09813213881888
0.511700886763861,0.221507538561529,0.0701665047848858,-0.0150538189413773,0.0259009589687289,-0.0547975526191134,0.00949536351355501,-0.648418628542776,0.98452865386529,1.10324124098669
0.413181635040998,0.146322083413873,-0.0221610468592937,-0.0936815851569048,-0.0550838168383713,-0.104045432297817,-0.0547144128032822,-0.73549605609801,0.906704907718542,1.02216038812702
0.513757293273578,0.222216891690284,0.071054889100948,-0.0179981014509316,0.0188665392268565,-0.0253100198300129,0.0458927215205305,-0.672435286661384,0.985383013281936,1.10707981801253
0.424348018822966,0.151975320603172,-0.034061613776272,-0.0976776879530106,-0.0625630403891725,-0.0904876866338331,-0.0523981496297185,-0.739538759399179,0.904008278372667,1.02054002375045
0.501638948189061,0.221759645399534,0.0581618170900754,-0.00798901603667539,0.0293369863282691,-3.90282333517459e-05,0.0381616480584928,-0.665174740086536,0.995288617387376,1.10426696803825
0.477234659100391,0.233288596622799,0.0602244465721381,-0.00994689370459761,0.0139109535046959,-0.0205423758812853,0.0219682648054156,-0.673384900279323,0.990168937067964,1.12899465016709
0.534187266481096,0.245876871429869,0.066787717429631,0.00181313553871876,0.0326014767833639,0.0116074629028651,0.0669012280296794,-0.635132118566894,0.979360268107457,1.11213440119499
0.457303297088563,0.203784646273948,0.0339519469626042,-0.0311184854047857,0.00461089865688488,-0.0263088543069828,0.00603462451949398,-0.671707032234975,1.00342821052139,1.09580228163129
0.50475426582118,0.249726472772594,0.0551814260640567,-0.00831753186156659,0.0322295106971481,0.0030178793707229,0.0455367946885316,-0.644053509438975,1.00447177083602,1.10574123821942
0.5211645032809,0.206872414170633,0.0421380982725691,-0.00453940050070491,0.0192374314370879,-0.0414449639216517,0.00901226286350945,-0.651407844220119,1.00554307211236,1.1040551972615
0.508667036885258,0.244237139635189,0.0825103257075415,-0.00431961545954133,0.0512746243863367,-0.00288784552628241,0.056880762217354,-0.641644252346096,0.998694042372946,1.1345576361838
