0.490897917116593,0.229435369975938,0.0629353589884523,-0.0630886856688948,-0.0554475603894475,-0.0200772406665139,-0.0287534408322053,-0.718116616266668,0.986492108115586,1.18613759320823
0.478155074896502,0.206503580898642,0.0805543275899024,-0.0407470751378583,-0.0243967560740139,0.0675208093985958,-0.0149928865609078,-0.74563577721236,1.01669837391998,1.18372337951621
0.461594991743744,0.162099110210714,0.029617600619454,-0.0681777157760461,-0.0360410406129142,0.00777282563502548,-0.0214251335591926,-0.754078548578295,0.997226499756673,1.17977463479634
0.471512725603644,0.202666342682855,0.0522840442163871,-0.0470929026791971,-0.0501661961441697,0.0379310808975727,0.00495072195401349,-0.762109719158165,1.02190492037135,1.17497877059799
0.489683543201973,0.214850405892797,0.075573099053409,-0.0819076473920755,-0.0122663250537048,0.0411754152833724,0.00950803701395826,-0.750328450159048,0.973730908646502,1.19048564536062
0.497557570774411,0.217745526102851,0.0724604403546356,-0.0319665474894061,0.00630401703857215,0.0526147761373534,0.00169618673193904,-0.742081747725189,1.02001503197917,1.2064565482707
0.503462559354366,0.202877316264127,0.0663071776233426,-0.0481205885299201,-0.038910313999814,0.0102238832456277,0.00158884509735583,-0.752429139403952,0.999271982168144,1.20056768744653
0.516791616398556,0.207734913774492,0.0585347691028409,-0.0411006482267557,-0.0424796865046244,0.00788121562012704,0.000317430299371778,-0.759166430909016,1.00881425331939,1.19438259308958
0.478416554948039,0.202898315705268,0.0547994386908739,-0.0606623460749641,-0.0485946647563656,-0.00517984559954543,-0.0478280510924394,-0.780061919453388,0.991648636362486,1.15799150252167
0.446735278244437,0.181378148740814,0.0392282670365299,-0.0969287977371782,-0.0513170760951506,-0.00713164409855484,-0.0299840850701533,-0.770945935456257,0.994150351830352,1.15736084738888
0.512222386200929,0.218530760817352,0.0661016263612366,-0.0403236662762027,-0.0179004375513973,0.04897595547161,0.00120549951264048,-0.744749684896807,1.02494113207341,1.20495758117589
0.507305604144952,0.234899947293387,0.0956761073608711,-0.0431637390068762,-0.0221821774107349,0.0396120142119616,9.00261324531266e-05,-0.731285641769272,1.01511471241735,1.21776803659017
0.504158198145538,0.205599344709516,0.0653786898102259,-0.0496291257513247,-0.0321055608928387,0.0243475415887658,-0.00560116320625634,-0.750402231274957,1.01427157107511,1.20473903086623
0.508260753414167,0.187995190720709,0.067090615905395,-0.0747037598483617,-0.0360493062137352,0.0308513339640215,-0.0383165430297751,-0.761455428940344,0.985241932210972,1.17565722192681
0.515690421069134,0.226782619530619,0.0746061569677146,-0.0262552984721255,-0.0176447420132884,0.0627727714995369,0.0122496501299766,-0.714780066702188,1.0297732711601,1.21239023381585
0.491426597592651,0.204223468030576,0.0340896056795422,-0.0616393339995017,-0.059965449660921,0.00985733937527168,-0.0381620054489856,-0.781222323736792,1.00654044874447,1.166980181704
0.457031734204098,0.220530578147156,0.0275150250519387,-0.0753425109245077,-0.0478381793875524,0.0230905766469404,-0.0151156395697053,-0.71086267268351,1.0000855157658,1.21808965437417
0.503982472698689,0.209697807090191,0.0766403501940905,-0.0303892319645465,-0.021235113416444,0.0397987286258683,-0.0204726802232459,-0.717963192041339,1.028790540092,1.22449704768644
0.48344258512847,0.175127391346958,0.0533377479861774,-0.0841594834149495,-0.0596971019265362,-0.0143059953011024,-0.026432317670134,-0.762948125767788,1.00484370834267,1.18095174779102
0.478680398343024,0.202861220911726,0.0408631230194892,-0.0802003353545403,-0.0635248549051859,0.019254382565306,-0.0246876387000478,-0.798560674264791,0.983921028131812,1.15820859336162
0.518153878931546,0.227626960005383,0.0685091961646245,-0.00930625193817848,-0.0128801549654521,0.0547312142391317,0.0323023951743753,-0.724409086819499,1.04591266247357,1.20472934521507
0.531046116096846,0.229293785664759,0.0899923596290766,-0.0237970267090947,0.00367860450405183,0.0171808856093522,0.00467378301663994,-0.736091860174551,1.04643577735242,1.21054109775317
0.507535197335324,0.249525236768293,0.0635927418840447,-0.0292586934685878,-0.0224932372934309,0.0529172055783081,-0.00162248307423945,-0.73545707255462,1.04830033061707,1.20991568286052
0.480237101274894,0.190738629900221,0.056347144962758,-0.0368976581597116,-0.0614547209796168,0.019533121291334,-0.035374701926819,-0.775156292178564,1.01737048459979,1.19327555457124
0.494805164290546,0.207384272197679,0.040142252270771,-0.0404226736895049,0.00839715297392079,0.0230583009062702,-0.00324417173704157,-0.749822277436711,1.04969182478955,1.20661810869386
0.535030742655059,0.244477725400048,0.0986820655586019,-0.00991161958671302,-0.00972629720304654,0.0459812080281378,-0.0164440514381302,-0.723476353204448,1.04407159322411,1.2236449523823
0.510657090862404,0.208899280965744,0.0394138222847813,-0.0698991438873982,-0.0596738310710236,0.00431660415825038,-0.0414937532846604,-0.766173343059356,0.989823012943937,1.19585561733954
0.534714489181742,0.222012797277438,0.0529742074994295,-0.0456944215736553,-0.0218191305680935,0.0240212616572556,0.00568591095389021,-0.785023294504358,1.02298496485819,1.20738965306611
0.447350974700006,0.175614343620266,0.0154479283024866,-0.0742010633990225,-0.0656630137224087,-0.00297908670515145,-0.0496905061498023,-0.765883160095457,0.971544508859833,1.18553030129554
0.49917921867663,0.224812420093269,0.0583635848595406,-0.0380960482681387,0.005738520604764,0.0429985138166383,0.0296145904217314,-0.780725715727041,1.00635204386819,1.22233014571827
0.509137063599264,0.215752699886297,0.0630198147395372,-0.0456742469546793,-0.0484710023291795,0.00574637793804774,0.011732115312943,-0.777368267587871,0.994525237937829,1.21723437290224
0.464482809117132,0.217229561176022,0.0619844415549092,-0.0765992004750638,-0.0436275600894477,0.0282204787018468,-0.00427212302415674,-0.781576323742425,1.0230942284913,1.20345004335249
0.482343561434704,0.186369525825929,0.0341142358832801,-0.0792030259102793,-0.0387617791674559,0.0221283158265954,-0.0171723490538873,-0.791061863284457,1.00092740994648,1.19092358772509
0.496293911689255,0.220944105981191,0.104290011008129,0.00379314688969247,-0.018629122978571,0.0583085066873757,0.0131894326651864,-0.726805414132586,1.0487400237915,1.2230440141202
0.545130755070393,0.245983594696363,0.0700913397944838,0.00373494995790798,0.00680081308829981,0.0292894960964056,0.00549930750906831,-0.731788998441397,1.05374892884958,1.23917887250107
0.459905230255719,0.199688133667288,0.0268368775072318,-0.0667287961349921,-0.0526933983819798,0.0141916005314409,-0.0563096929380429,-0.794783004691292,1.01799249302793,1.17444655648307
0.536840046940589,0.227815632375626,0.107410765588297,-0.0308480572773677,0.0255456629089318,0.0453815240041287,0.0042455277292309,-0.731533680478963,1.05181623513253,1.22112100729087
0.496357158412179,0.173095895276354,0.0410000293177277,-0.0544853480197558,-0.0472273219343151,0.00622502405350351,-0.0618833562227803,-0.783872643212974,1.02594681393083,1.1820603546768
0.523233034490939,0.243885893742415,0.0935081679496588,-0.0181489124099279,-0.00461067891558485,0.0615762532628409,0.0267330739953224,-0.729726630282142,1.0652864102948,1.21352295017355
0.454488601204532,0.166942148948748,0.0165452823099762,-0.0958137390837578,-0.0757607669275526,-0.0152129571750036,-0.0573186728593425,-0.798373096039172,0.971358702290369,1.15477144801773
0.552733244651968,0.197350487673774,0.103566850704071,-0.0471724037903935,0.00273331400729141,0.0490382446419814,0.0191247827733728,-0.743726344515695,1.02253903269246,1.24263330002958
0.537605926088753,0.262515497395688,0.100819555363215,-0.0210546994708015,0.0262532611326252,0.0699481230011629,0.0276704644475812,-0.697052617197758,1.06278570445635,1.23217593757733
0.429940205812212,0.162134990568302,0.00709161192293797,-0.0959723167571728,-0.101942036480164,-0.0294727464656866,-0.0603219616009248,-0.806136460444764,0.957698989354238,1.13089833619128
0.543407622466779,0.26711923483401,0.107918112530498,-0.000432518747135513,0.00987674126791646,0.0812666772758712,0.030841656224936,-0.682851635320544,1.05536724648939,1.24867856232157
0.45270022215926,0.154141368723239,0.013920713823948,-0.101087101737603,-0.0835635368791166,-0.0271104343975121,-0.0570591391925342,-0.801860207261235,0.962813595088829,1.15328105487995
0.470963881357874,0.160713400243562,0.033818441346747,-0.0982748938032763,-0.0806316807974729,-0.0275873409532419,-0.0532598937440053,-0.801171363906434,0.961944637359525,1.16220845645827
0.447679387024925,0.165811801373898,-0.00914758188807208,-0.104432641482656,-0.0817552841805756,-0.0561323080823437,-0.0513457026258884,-0.818152999194658,0.973223804970621,1.13236214798194
0.557651768800258,0.261689149132177,0.113484975557367,0.00420422180697778,0.0124861867560917,0.0844639636093915,0.0391335953449708,-0.692521456719501,1.07476606785223,1.24958519337486
0.558265138375022,0.257383231455445,0.123410073339244,0.00520386318747162,0.0367172427998319,0.0938767581740395,0.0460070815884202,-0.687151685033719,1.07044366209147,1.24524633136797
0.573506247553067,0.280902518221654,0.132401503362574,0.032524703601409,0.0458562195992662,0.106110691360371,0.0591970094305222,-0.68062495216206,1.09411720856598,1.27126713699898
