0.485923984035781,0.212849599369921,0.0516553613777561,-0.0401738511303908,-0.0537012786802621,-0.0309210266582124,-0.0293737928427006,-0.716522498107299,0.977908804364217,1.11153733078476
0.506043399469174,0.206341184188033,0.0575386299970794,-0.0653560222994242,-0.0495347788244151,0.00352067755971529,0.00111623365822892,-0.709154101682674,0.972278777527669,1.15751912727622
0.49972682020851,0.244734597488044,0.0425537104379039,-0.0278514133935733,-0.0157290813711441,0.0244985943405076,0.0139754783594449,-0.676675915277974,0.990471312472677,1.19041203566913
0.514221318845535,0.240622493880388,0.0527852774240588,-0.0545002521740653,-0.0385385533337796,-0.0179602611954312,-0.0276379563207896,-0.708609632740589,0.986486044344807,1.17539754519353
0.478966818625136,0.192559413282161,0.0173403524514295,-0.0783967819093369,-0.0744892767082782,-0.0457993369771473,-0.0229852437679435,-0.742926302791339,0.962141111510052,1.13097322931456
0.547383479497751,0.220720091597196,0.0523410311278653,-0.0624595705794129,-0.0712442478959964,-0.0144534090395273,-0.0203613419392258,-0.662042207004135,0.96739600251152,1.16114620084142
0.519979973194348,0.227568562348929,0.062795498466624,-0.0518691176521317,-0.0478356963380481,-0.00934399037694685,-0.0139149005785477,-0.713174427618771,1.00302835274058,1.17113426321868
0.559650052519584,0.258510057764544,0.0685106083112296,-0.0243004689930214,-0.0121605789423964,0.0229255991112127,0.0030264389091934,-0.672834504972275,1.01203970703646,1.17818521748716
0.49966091996242,0.211377250356544,0.0566044187091413,-0.0756404877734561,-0.0604407691723682,-0.0154837430948879,-0.0291557711093236,-0.705045538694858,0.978069158569836,1.17081792887114
0.508114256295966,0.228426268665615,0.0427533112631811,-0.0661448673425278,-0.0684871108433273,-0.0149593058887697,-0.0218882388653979,-0.707621562364081,0.999633111287424,1.17142500599525
0.49610403483089,0.235506071316116,0.0352710973733176,-0.0684117245167872,-0.0726921439444853,-0.021019174469933,-0.0457383240442735,-0.699145531741543,1.00540329318554,1.14827005876699
0.50065611360092,0.206331176707972,0.0554409578222742,-0.0579787944636727,-0.0889657158055865,-0.0276873127316373,-0.0400150770448362,-0.751943475503323,0.9796526137941,1.14248237920137
0.492884526813478,0.238694749249624,0.0725782046122085,-0.056745854095983,-0.0702059144212902,-0.00566535578841587,-0.00954300205777897,-0.700924541023723,0.975938543270191,1.19369705750479
0.486095960352856,0.205551208710795,0.0317606733733191,-0.0803184133060438,-0.0828091282590703,-0.0277610300377094,-0.0466620594174052,-0.727081359968286,0.977193451490244,1.15282668506153
0.511755179214466,0.207480415506274,0.0225204734537489,-0.0591122230508024,-0.0870855131995117,-0.0114258910187675,-0.0602358014356221,-0.710376184191568,0.978885044451672,1.15663231264083
0.472298757510497,0.211611270753421,0.0401087602072827,-0.0588665147556904,-0.0874349649970044,-0.0351863142232865,-0.06620758130378,-0.724241823773822,0.979088930058255,1.15216193193354
0.476127043096653,0.2067302452885,0.0503831058910544,-0.0586311585872998,-0.0709658940691037,-0.028864803692413,-0.0551053189160539,-0.728149529363779,1.00265037024915,1.15484438053401
0.484664381401346,0.220057903227517,0.039187931041827,-0.0743918275610109,-0.0479590985322759,0.00225298214454649,-0.0493150461092935,-0.74116496554326,0.986563061046496,1.17411939537252
0.49566583603824,0.219344616041684,0.0384051826945059,-0.0678705348604414,-0.0835115743615184,-0.0284616661465358,-0.0438481264485841,-0.745458890132108,0.956393242799221,1.15782780563225
0.506562995947263,0.198027335212271,0.0562504532140793,-0.06618712875882,-0.0740277699664926,-0.0230836926188773,-0.0315731832297738,-0.679645852881084,1.00863618903309,1.15668462777322
0.521957585119556,0.185363511777243,0.0740183026396984,-0.0423115641849699,-0.074100291670873,-0.0489608022627376,-0.043779258810891,-0.69715453525348,0.972589005413505,1.171256141394
0.479604287123561,0.186916831453804,0.0315649622248897,-0.0964138611902515,-0.101032785634885,-0.026771069883147,-0.0490850539378781,-0.735416462015287,0.970930936624663,1.14016696405226
0.502217257213277,0.183913436880156,0.0345101942658739,-0.0860891894433297,-0.072137634084992,-0.0517565801647493,-0.0470605036064287,-0.723882984076951,0.982597336159655,1.15346837815787
0.479002966990142,0.1985699686282,0.0184987655033327,-0.0971388229449998,-0.0917119236190023,-0.0525297456994503,-0.0213433988802127,-0.715072676712234,0.95007416938492,1.16383648355423
0.47274171451697,0.183486030093948,0.033006884239457,-0.0622306062790334,-0.0915362255754027,-0.032386496393498,-0.024668407613942,-0.723164380766631,0.996753983897142,1.18082860630836
0.469546609984102,0.189101118292441,0.035967533575046,-0.0919861392861378,-0.0893104819999803,-0.0386201025323755,-0.0488719917192441,-0.736081524769495,0.943350990824314,1.15153370168151
0.472406234441013,0.205776590209952,0.0235810914907417,-0.0733292667889671,-0.0669315118800601,-0.037958779823681,-0.0763115995429847,-0.720945883695179,0.962757643273986,1.16421781776593
0.504758852517964,0.234310753055764,0.0894434676687435,-0.0320889878381945,-0.0790829209294687,0.0189946785037622,-0.0197338555987721,-0.727088861946906,1.02217041224158,1.19516075440915
0.53440884477443,0.243288505674473,0.111705081923543,-0.0353232623931571,-0.00242052749441163,0.0339431874897499,0.00548336388502788,-0.672006967790532,1.02941061667088,1.19085926373628
0.546744162271275,0.272073155654729,0.0868568276795954,-0.0210161424401758,-0.0198407513642778,0.00624847188087111,-0.0243407095218667,-0.683055970048936,1.02162233054583,1.2213941380385
0.491932137440565,0.19623126030645,0.0284649835448751,-0.10790273931278,-0.087130862647234,-0.0479380759928455,-0.0472664153073282,-0.716579257257959,0.980773778437388,1.15340993712651
0.52499665066355,0.249943172320185,0.101839197402417,-0.01345268454843,-0.0605074524668462,0.0279825289511868,0.00353536101880309,-0.674345197447636,1.00952681509213,1.22299545968501
0.519173340506819,0.252755111896974,0.0697187639627485,-0.0456502156604482,-0.0334816865172757,0.00398286172937466,-0.0151922516062766,-0.708922203912678,1.02568765007402,1.21821427033435
0.541762410840925,0.253311606046359,0.0960055664815825,-0.0164853304306582,-0.0150587688237901,0.0317815619819938,0.00710607050364305,-0.668487609695398,1.02321993795579,1.21898612935445
0.536125649391427,0.231795241993453,0.0265968019484589,-0.0549917924835267,-0.0781235088953983,-0.0378359182032015,-0.0474419015570503,-0.694552689158922,1.01780460475704,1.16338364360977
0.562630907812856,0.231947740926439,0.0933620436211806,-0.050346060248001,-0.0397268829931917,0.019554280728779,0.000942060545780204,-0.662263549229534,1.0142536112214,1.19736034885838
0.50342463468592,0.223718638048923,0.0480313045285133,-0.0579742548571388,-0.0913358920199694,-0.0236597615512429,-0.0277817606874911,-0.703873673544254,0.969013539303194,1.20599140387362
0.543642951976162,0.251464141281019,0.0646437899984165,-0.0585349652719035,-0.0417097628495468,0.00489367144238795,-0.0146327886600508,-0.630366217321972,1.01300208588813,1.19560122210746
0.542342648619647,0.249225215188696,0.0845250745270168,-0.0435425045089173,-0.0311822257620724,0.0496883735926873,-0.0119920441492635,-0.677198377644156,1.03103307144496,1.21313681582644
0.551464396680111,0.278815906392446,0.104718948019752,-0.00420943697176877,-0.024153514088906,0.0374689691445676,0.0117554356800543,-0.671427799239677,1.04893036343136,1.20098806914522
0.567264523644121,0.255109099694033,0.10615687259031,-0.00947299128666601,-0.0193940739431107,0.0366215693565282,0.0191996293087825,-0.66871734325124,1.02748897021604,1.22883582276385
0.56532864422884,0.291729819263692,0.103892602807364,-0.00339292679076032,0.0125687720495253,0.0331470641878737,0.0234693690625154,-0.657502307357284,1.03759336972811,1.22650487057683
0.515143157323666,0.246778113827048,0.0991431696404377,-0.0151870561171959,-0.0187419729494289,0.0479751088470855,0.00318759528034319,-0.664301917202545,1.04726843429063,1.20574666916079
0.449144609212682,0.158228377329121,-0.0021994116851079,-0.115514468625188,-0.11166237883122,-0.0645134247658093,-0.0770790217809228,-0.757203028716484,0.938958694032866,1.1198251233032
0.57536474014511,0.27401149071483,0.102646672975746,-0.01207376037799,-0.0242584810113451,0.0304473341340404,0.0242532197837682,-0.624986498860571,1.03938006027952,1.21001610875403
0.463276161145135,0.160831683924188,-0.00268444115514424,-0.0972678770042692,-0.103513755064126,-0.0523952092375673,-0.0780728051351985,-0.763036161654512,0.952329131778943,1.14942338091607
0.448553594579115,0.160269924973239,0.00549709332583632,-0.126747813156761,-0.111548094555673,-0.0665910684781928,-0.0802630964926285,-0.756152864078163,0.926961833186531,1.11971060348783
0.573377771496539,0.292532126255288,0.132769182006172,0.000576683956722366,0.0155554492743958,0.0614401158472042,0.0315827949769746,-0.63916869375774,1.06103001334926,1.2435573552875
0.569550425775609,0.302396579832145,0.132318548207173,0.0131523457450427,0.0118102406362782,0.0657526069826764,0.0390606505812844,-0.633610600917199,1.05833740691018,1.24831270866968
0.570651477717731,0.259017774810783,0.124238496536547,-0.0161866722444533,-0.0144135368785767,0.037971184405644,0.044051078011473,-0.6504196293788,1.06462025072959,1.22759069862159
