0.57850904695032,-1.20369648128168,1.32292994880955,-0.186025659245015,-2.23839007473419,1.83128049139257,0.214691494610946,-1.40329780444089,0.0433256532069883,3.2992085153665
-2.61833765454153,-0.0812771001426977,-8.7127037138597,3.62930197755984,-5.07003789817345,4.68321063386329,0.581400720177397,-5.09851985425776,-7.1013068997134,27.6169357908685
0.678576902610276,-11.7925001692247,-10.3059542168244,-0.862481577264058,-7.94439110216858,1.9330068113981,-4.96875345593773,-2.27364499858502,2.43825509042881,-3.32539164041265
-0.852232796253132,-3.95466540333326,-1.9607303176226,-9.33753044720671,-12.0266965263471,1.17042806109042,0.717893382039325,2.82061523903737,9.82603174639695,7.4197184088216
3.1471451143964,-7.80576924154324,-3.45989926749078,-3.44972424150722,-12.7418343127541,1.91930076753419,2.88932978424904,-11.6396320618204,1.82683444054929,-3.01128757534303
-4.31098573486673,17.4885894519271,3.67811370812253,14.0153436658082,-3.21304405235305,-7.60406321811544,-1.75517526003461,0.61152487160313,-6.24515602333618,2.96863160833281
10.4937135445057,-16.7890665868221,9.51397680269882,-5.5833735743304,13.0156887884088,7.6732487125159,3.02490360014573,-9.58619217588829,-1.88201861749007,-0.120860650530478
11.5169463312539,7.4187228998573,3.17377187951245,14.4187756617704,-2.98606429246071,22.3462541121242,10.723758362535,1.23066566610423,5.66740925192725,25.7277955193753
-18.216286691092,-5.52381609530678,-15.0271392417789,4.5717408705577,19.4396813221002,8.45268517348289,-1.50889662178457,7.64341155214088,-13.5823910318671,8.11769453716888
22.255453498755,4.57878097359698,15.5076332797059,14.9533452251754,1.61588370860731,8.57162485966523,1.71449248921499,3.03256146712405,7.52612050831272,-11.8466762336603
0.57850904695032,-1.20369648128168,1.32292994880955,-0.186025659245015,-2.23839007473419,1.83128049139257,0.214691494610946,-1.40329780444089,0.0433256532069883,3.2992085153665
2.70999895330046,-15.3673887986597,-10.78113677377,-2.97747238488749,-21.3715849630719,6.37351165211806,-18.6728819727649,-2.99307955851697,4.49569454482388,-4.05269630054988
4.61754577771957,1.04114228099628,-3.15720437160284,-2.97642301721425,-6.34243416236114,2.86122773285574,-2.33860334096944,-3.05844778642758,1.42847915201738,3.15638252338408
-3.22023360483907,5.7157234913491,12.8767579630721,19.8381101597813,-4.66504588811176,22.3735116521181,-9.72050102038397,8.17748900335594,8.56922395658859,-10.7161883640419
-1.27164386227103,4.70787354547284,6.81518762848608,1.41826656298724,-1.57196143519418,5.32513217020593,-0.0150374406902465,2.88833051183821,6.8134896867448,7.23933234026869
-7.1645947254617,-2.50149098838721,-2.36131289822638,10.0360897888885,4.09041670808249,-0.957596186505068,-4.63421783290469,-8.43621118946842,7.0463718194817,10.9434798101471
-6.73627985582203,-12.2230914576256,-1.98497307461268,-2.85354714787548,3.7562242701384,8.67490739570512,-9.5758381692015,7.34483588845366,2.60635165819137,-9.39590648290762
24.6421647856828,5.51951780443261,18.49824507486,12.8587908517881,-1.61339007473419,1.78926368466988,14.3128827090812,4.07968091896336,17.8428648237139,1.65873232489031
-7.1256923571743,-0.942020657105854,-9.93252415590926,-6.09142791637882,-9.53730311821245,-2.84654458600681,-7.69115769495918,-10.9381662254935,-2.59471561386654,-13.1327734666155
-9.44951402198423,10.9277618668485,-22.0084798933147,-6.55540077980412,11.3372921850122,13.4031497746523,-1.88434026262361,25.322817465833,-6.71532679413316,21.1219227042982
11.2410557752032,5.6255633076375,11.8046405148256,11.0391931620778,8.9840533658376,0.487921648279427,3.69225856282337,0.230913452664316,0.160379047296752,4.920608645111
-15.7265414468287,-22.6027879088476,-14.7894330700936,-1.49074201840381,-8.53797055210006,-16.4202299912883,-4.81843816064397,-22.4300246087873,-16.6732474687027,-5.40133536936564
2.41957418570417,-19.7363003082043,7.2065467547596,-0.846052619873912,2.08025118265037,-10.625848744433,-7.38370784123065,5.17995559164529,-12.2633782512587,-13.1414645818972
-9.47700219026905,-16.4621971821901,-23.9309412113522,-7.32505601871713,-17.6946494391747,-22.0100289633184,-16.7001729730396,-10.7959451847629,-6.1715923300241,2.8692704278176
-7.95457367620536,6.54747275284029,2.37440283105768,18.5127999371202,10.6062577359242,-15.4060591043994,12.5159264034688,-2.59214138587399,-7.38576759698502,-8.46199890210947
-9.0847077437236,9.89285057135988,19.8754581608185,0.58364563246246,-2.50180248145255,28.9385926351968,-0.441227448852236,-17.9872859426169,6.528720079244,-6.52659491357218
4.61530895700043,15.0380182422787,6.68784292198096,-13.2968005226521,-7.68769802997191,-3.49873707116413,19.9755816859435,3.73379645997411,-2.76812045850005,1.57138803463245
13.9149088618431,3.19636366025483,-3.5531193243521,27.8447058202563,-6.40430146352262,-16.5734855631879,11.1867375204684,21.7370365024035,-11.3291157087311,5.47123638557589
-19.4775370909188,0.832499567205343,-3.09390043062607,-16.0826706372053,-2.68702555524133,16.4522917851848,2.30070258559377,4.96337123878064,-13.7146209527032,26.7303511789441
18.8675457777196,-6.54408499173099,-5.6187428331413,-0.896591084441138,5.59987352994655,-4.46959933481343,-9.78113207660163,-14.6738324018122,-18.7066559831178,-21.6755502497252
0.57850904695032,-1.20369648128168,1.32292994880955,-0.186025659245015,-2.23839007473419,1.83128049139257,0.214691494610946,-1.40329780444089,0.0433256532069883,3.2992085153665
8.50894859993275,-9.45642479095896,22.4315372443367,1.94138372770056,-2.83755102946593,-6.25068784239012,18.4817655174344,12.5432485868664,6.61017940938754,-2.99076814298667
3.36246507599209,1.75751356603043,2.78404697888816,0.35450740036041,-1.44746467236971,3.37567715716052,0.748839540257949,1.09296958134821,0.958851347386283,6.21332634490521
-2.28297463945658,-6.70563432538484,-5.24439058405475,-18.4890352351684,-21.81500297796,0.509575630788278,1.2210952694677,7.04452828251563,19.6087378395869,11.5402283022767
-2.42878626861247,-13.3549929847042,4.27700615471295,9.52357698278575,-23.813830043368,5.61858067403221,-20.1391148499208,-4.50229805380726,-2.31372459018636,6.83380187822279
-0.579893761298912,-5.75726790985311,-2.72643979908961,-2.7920448110918,-8.48839007473419,-1.10989597919567,3.96662947910707,-3.20329780444089,-7.21473886292204,-4.26745815130016
-22.3801622891781,-6.57405299608716,15.3227192330796,-1.58242579610897,-19.7314408870655,10.4267546863455,10.514233049902,8.0923441941015,-15.6355574624363,-10.0562325698641
22.0980274123349,8.25205623319064,14.0828627886034,19.1880064310011,2.27208788145233,25.6795874454575,13.1485703926102,12.7691272045658,24.7359024026122,30
5.71578118184248,-14.4078420018048,-8.2427284837911,-6.71342282376942,-23.2452785507741,2.00732104367581,5.56396807388713,-21.8759663191999,3.61034322789159,-9.32178366605256
8.65658250848882,3.28598104327424,-7.63733869201523,-5.76682037518348,-10.4464782499881,3.89117497431892,-4.89189817654983,-4.71359776841427,2.81363265082777,3.01355653140165
25.4551702694778,11.0615800427144,17.8328627886034,4.55513929813401,22.8524450243095,14.5084162742863,25.723758362535,2.76912720456576,7.29840240261218,17.5756216063318
0.271797051955108,-21.5463163618798,-16.6466026585297,2.96905969445237,-12.4641238483168,-23.1966201289206,-22.6147047263613,-23.1876943071992,-12.3968054362304,-9.47712629017783
7.53381906898358,9.14343206769361,7.22833764364068,11.3061456561475,-0.736634258913417,2.12046554808221,0.497819904976646,8.28152221019138,1.35997026833147,16.3000082038082
23.1790210692017,1.96506327678136,8.63107686554122,-7.05399823695475,-21.4549510624062,-2.11981365979217,-12.4606833070282,-17.4168520614829,-3.49312824232212,-16.3748164557484
1.49904161632725,-30,-9.3315183327074,14.9556589736481,-24.2548936218661,9.23090178052627,3.47431535610191,-10.293489288216,-16.4314548704544,-6.60562001187495
1.31583623589041,10.4410403608236,-10.232625606746,2.94665247343312,10.3047133735417,-7.93177560145076,-1.9735437995067,-6.11758351872661,7.28470496355182,11.4040472250439
20.258878314858,21.0453345966667,23.594825237933,15.8237598753739,0.830446330795763,21.1704280610904,26.6638393279853,12.8206152390374,15.1201493934558,30
-1.11618068865089,21.130191016646,25.1145147590917,-3.60604626143272,2.99183763955769,28.8292861382887,4.16092284655397,14.4116156645383,20.555656698078,20.8212314600585
15.3977672037469,20.9024774538096,0.289269682377398,0.974969552793288,-5.50495739591231,19.6319665226289,7.82315653993406,27.6482014459339,27.8260317463969,24.6924456815489
14.8414888596506,3.80225221729551,13.1147965036504,-1.24061722373752,16.1618868152571,13.9157428128435,2.43954455985921,10.8017540720223,26.5951222599702,-0.604601116466268
