0.488802352351983,0.22491917730577,0.0479445434980212,-0.000648688552651638,0.0137567624876186,-0.0246647228389714,-0.00683209217222278,-0.678458646203336,0.911800928887172,0.97644456642058
0.441074625832958,0.220788410104338,0.0393739949784367,-0.0453456401528966,-0.00641462318665504,-0.0695971463655905,-0.0298252386218199,-0.674030846912843,0.890349675714304,0.964222428058713
0.451182711251685,0.239620596986176,0.0454075258204254,-0.0135278078943226,0.0183416636199343,-0.0543924362461657,-0.0166191034081662,-0.671157682513665,0.910802907241113,0.971640664180343
0.464422692817187,0.234312428595789,0.0266545219959046,-0.0607444944833712,-0.0106858938388497,-0.0743078507360237,-0.0147132232152854,-0.667255219498073,0.892632615592033,0.978119704530356
0.480107585187564,0.234430431580886,0.0406072414390891,-0.0543408024725215,0.00646412606416774,-0.0305231352218668,0.034202052312949,-0.671767302750376,0.905233276287351,0.995265252433296
0.424657105346286,0.200125233712656,0.049380412620763,-0.0700591847150309,-0.0231029709468703,-0.083948078317918,-0.0123148448286506,-0.69437438952052,0.897812117725448,0.952769635576897
0.494413122111536,0.20250073920781,0.0561218023408761,-0.00704448074288013,-0.0328455394568636,-0.0530003026892913,0.0100789974248518,-0.703930193925149,0.904386443943515,0.977742828194991
0.467210296835647,0.228331522670416,0.0560155256388547,-0.0227778608379623,-0.0095581885099382,-0.0512148540953321,0.0111676855919002,-0.681453379958973,0.922932964221851,0.983245396059995
0.488367294262782,0.271325062733195,0.0907681002963414,0.00448329634298542,0.0328353939011999,-0.00748155549552856,0.027136497744763,-0.633640371673932,0.93008010547588,0.993446027393235
0.442046405526157,0.21307898418378,0.0299635387912569,-0.0454691342391073,-0.0223705947523766,-0.0763573763040678,-0.0253314011171012,-0.693171992129013,0.895648974235645,0.971045599537053
0.454046895494499,0.192558972706597,0.0796778482991234,-0.0564496970326763,0.00484909073589974,-0.0481529985610387,-0.0152173426512222,-0.680671606338429,0.90800335187652,0.982930180236143
0.420935672999098,0.210303110578492,0.0412900861524417,-0.0513230115326731,-0.0381579313541224,-0.111152572631556,-0.0458306182077363,-0.688410084696336,0.873164732997447,0.948474721447427
0.425688743396418,0.220119706907125,0.0493882282790755,-0.0372440046013947,-0.0498572565047237,-0.0494877571112761,-0.0237267182027091,-0.702829529702259,0.897317125327194,0.971963072393041
0.472979881166695,0.257320725177867,0.0308740935938241,-0.0198248739031251,-0.0088610016730268,-0.0190950069117823,-0.0252568406766571,-0.646568796222651,0.928272853158121,0.987211127541314
0.470590514406761,0.236506885470504,0.0535012788092833,-0.0223387870971603,-0.000170246876127329,-0.0484248094422659,0.00429622643641921,-0.668929527992467,0.927036423244385,0.993336734229282
0.44742374260027,0.23368936488386,0.064918439335871,-0.0295008620509492,-0.00530403165053159,-0.0793589438239652,-0.00232065672465047,-0.675862348744345,0.931119893243933,0.953389582009708
0.465715670522331,0.234310926034521,0.0530560225142528,-0.0037723044105893,0.0147078730700622,-0.0417884986449164,0.0049456454566556,-0.682595211509624,0.925311719738784,1.00250885054569
0.425365672800873,0.221915625881289,0.0321935917511351,-0.0351799656645311,-0.00402961098361847,-0.0762126608275737,-0.0273907886592358,-0.664066833486797,0.894760996778543,0.999995134571515
0.475331781202338,0.250610835792428,0.0612550808116143,-0.0100722497311888,0.0233033160915791,-0.047823804572171,0.00385308031531654,-0.65750452308589,0.925136848706816,1.01064513584569
0.455786708796316,0.209905096903725,0.0535023550794366,-0.0343235599419093,0.00885831781459981,-0.0667281689003232,0.00617115087457305,-0.690883955241515,0.917140153634377,0.995126822903863
0.468237803654849,0.287246774435042,0.0968909461124091,-0.006405753849458,0.0185444602830667,-0.0340100801151951,0.0391609113526623,-0.655022195989298,0.925874851414699,1.000462783448
0.459445803722455,0.237182116565211,0.0535581668729798,-0.0173729215329425,0.0118499505502845,-0.0563079259933191,-0.00409371395350654,-0.666294053395385,0.922551028055863,1.01028516366054
0.499925554517079,0.255222970356861,0.057626233585246,0.013085382353032,0.0140518147096802,-0.0324571196997235,0.0116990510741534,-0.687699858072511,0.922861384787125,1.01923164755906
0.507753860648813,0.274866901171372,0.071288888595458,0.0183094836317369,0.0271953838276073,-0.029677741615147,0.0364331426674468,-0.649675769366276,0.939003149899693,0.998574328204394
0.424007519570555,0.211856390430079,0.0222086652601017,-0.0709188727115257,-0.0179195192627849,-0.0995408613832407,-0.0232172449779013,-0.699436825915822,0.863800432964023,0.969453819334455
0.436287900756776,0.225370579267944,0.0429021610307632,-0.0607506486808818,-0.0412165215533075,-0.0892766717024813,-0.0499004371119086,-0.689209173039444,0.879785446626814,0.970603823506843
0.418860138576948,0.191529190436537,0.0114096524513642,-0.0698173329240216,-0.0520442813174596,-0.101977025343626,-0.0461694060152621,-0.708597338682292,0.868924414337156,0.942671960298626
0.49757571828416,0.271089990684151,0.0856681263789511,-0.0107760499150183,0.0378067037678961,-0.0389945986044978,0.020975786784559,-0.652031569594417,0.939995065785226,1.00537276708139
0.468783490047435,0.251127587846462,0.073914369663088,0.00379401322664728,0.00485391935953753,-0.0165318561440473,-0.0219349640759651,-0.65967229604505,0.932180029377731,1.0239716898341
0.425306910306936,0.236054087339821,0.0235307097452714,-0.0379167440657448,-0.0508938313701732,-0.110012190564377,-0.0522305270999808,-0.679768457517821,0.900262351064639,0.952820906082568
0.407007498721059,0.175355431566885,0.0487543936849978,-0.0934213310688793,-0.0483860771824573,-0.114357319217256,-0.0318502058686318,-0.694860726910529,0.88829575176318,0.951431481915692
0.453553409483405,0.206467538221365,0.00708662836462164,-0.0551345472950376,-0.0253362708551871,-0.0653311460912275,-0.0644682181385362,-0.696858054070381,0.904402914213144,0.978047107597809
0.489745245556013,0.264664770569279,0.0418752777819934,0.00777716011233114,0.0473734237876784,-0.0251314717923492,0.0241037113677487,-0.680443523354901,0.936601386136663,1.02777215837184
0.414128635369565,0.192988001155096,0.00424303344144898,-0.0715623883269873,-0.0573975433242888,-0.10474988190207,-0.044284590330802,-0.713762907823539,0.862220390451282,0.951312441386707
0.398974244988945,0.201502101209308,-0.00738134483068292,-0.0571259275194729,-0.0416053236929455,-0.109174340932783,-0.0535491793139379,-0.717164212463054,0.857413147337359,0.943374662592393
0.482333973083621,0.271843965080399,0.0547225645084242,-0.000223916164620076,0.0249825299913302,-0.0504289100077455,0.026890487839295,-0.632928240588405,0.949824967465114,1.00318177827767
0.399984714771974,0.174197920978022,-0.0155890511598734,-0.0953774045027851,-0.0411815744286023,-0.110262406940013,-0.0527678714100642,-0.721105843536058,0.858968322683304,0.929907649126758
0.415617911686708,0.247803032736969,0.0494699258540121,-0.0303449323457977,-0.00996171170591794,-0.0862122379297158,-0.00559853613909066,-0.662668004370722,0.934728178707283,1.00018157115678
0.422899104230571,0.215438448096053,0.0358528465211512,-0.0579833793394727,-0.0441136348791279,-0.101450067011844,-0.0448437774277687,-0.712602439403581,0.907819133335812,0.973939708779027
0.490230448940313,0.252873497581797,0.0794953098095721,0.00712111470316703,0.0251236082049618,-0.00493638297511605,0.0228745428870761,-0.646991303247542,0.96286603354208,1.02139378356293
0.489422127558116,0.236797011693498,0.0976436477480129,0.0057000442356874,0.0311587489376687,-0.0237767102616939,0.0295801242171047,-0.674757947731626,0.965397687537638,1.00137456639866
0.409485745152215,0.179708296759418,-0.00352056511377268,-0.0806089184227473,-0.0536018415863229,-0.106775292175035,-0.060055002301237,-0.723974716997625,0.855848943116979,0.946151315351674
0.459627784965996,0.288971290142973,0.0559955729195784,0.00205022538851107,0.0198577135418333,-0.0316246258328605,0.0293122547106611,-0.620806941707458,0.951623810159654,1.02233367987983
0.490135524289502,0.259300207169078,0.0735389828029848,0.00028512586309405,0.0370041744980969,-0.0352540952727135,0.0359614798489078,-0.60598852328948,0.947307083950914,1.04336092189093
0.422235831418597,0.203366273638782,0.00191556498972764,-0.0904455834122806,-0.0207381931515946,-0.102225424924969,-0.0613101076689592,-0.721344881054257,0.876475420793913,0.964460901898927
0.383456678923912,0.156240759072557,-0.0186701197714289,-0.0808984302046881,-0.0416926833655746,-0.0984017754759971,-0.0758561058928715,-0.738914493356071,0.857440375721184,0.929466062905551
0.383456678923912,0.156240759072557,-0.0186701197714289,-0.0808984302046881,-0.0416926833655746,-0.0984017754759971,-0.0758561058928715,-0.738914493356071,0.857440375721184,0.929466062905551
0.414951175859493,0.194030386984587,-0.00749579666362903,-0.0598348840068593,-0.048055070926443,-0.122092050108746,-0.0443927233489713,-0.735088965307581,0.883304765651353,0.956273772137734
0.488416956011951,0.28062254750129,0.089092064850114,0.0111095390422688,0.0252639102987851,-0.0263590766711902,0.0076859807092855,-0.64153409491447,0.969876508730306,1.03140522906418
0.520834361817286,0.285792014198536,0.105720292191976,0.0324548499738818,0.0556218711645782,0.00816285994623133,0.0454950727110048,-0.615826979007807,0.97014769835195,1.04975743740734
