0.469236593101381,0.210601728502354,0.0413908126918678,-0.0225525166594824,0.0163047008930809,-0.033869372297904,-0.00452968954651946,-0.681218467223416,0.880157482923777,0.962572889542657
0.475259517609408,0.21178016487473,0.0639871054276816,-0.0184460505726667,-0.00525239258223529,-0.0540406871169396,-0.0262476680638218,-0.694905776449444,0.881473859014066,0.940967968071746
0.460075193669734,0.206744645456452,0.0356353985426064,-0.0485456234113683,-0.000688156004048666,-0.0419244438448308,-0.0240855363161299,-0.693925960409997,0.867545268611719,0.948635138133211
0.445304447687648,0.200741053843844,0.030462901602964,-0.0254097309652818,-0.0121329410243917,-0.0481935295319038,-0.00846170969025546,-0.703350815935267,0.875684227256545,0.948639844703839
0.461553390269882,0.214654994830216,0.0513710397699864,-0.0212285502406366,0.0310191610691221,-0.0354203788041804,-0.00317961297118221,-0.682372686982526,0.884966871399175,0.970586357645406
0.475362761508022,0.225032230583771,0.0343623324178533,-0.0166761676702243,0.00747590290501965,-0.0406725152644878,0.00874863740191885,-0.687870856446059,0.891385377894958,0.96370917853962
0.441421185711254,0.22823457624922,0.0248735553844786,-0.0307653918040623,-0.0167514943128972,-0.0614360219042168,-0.0197036640370042,-0.70621250437313,0.872028034056901,0.935485061815361
0.441497475464911,0.183128955040227,-0.000512919510510444,-0.0419153765517298,-0.00799466979403569,-0.0466180713770496,-0.0388065539393694,-0.712251436963118,0.856217803965145,0.927257641537139
0.451027838585794,0.226651012749578,0.0222670438382869,0.00784134258030757,0.0283278238109219,-0.00850700622217869,-0.00628892306114831,-0.694219376877996,0.880647940083575,0.972430997940548
0.457983513098473,0.210537966262388,0.00814282030844218,-0.0680887745374588,-0.0174003468554567,-0.0717870967349124,-0.0201150966770505,-0.693200936800378,0.859985542045673,0.940127843584087
0.452683054369664,0.200590848345759,0.028014012277582,-0.0316630380190761,0.00116837022705145,-0.0477013107276941,-0.0229368942895333,-0.69495251850156,0.882389067613977,0.957764102102861
0.452683054369664,0.200590848345759,0.028014012277582,-0.0316630380190761,0.00116837022705145,-0.0477013107276941,-0.0229368942895333,-0.69495251850156,0.882389067613977,0.957764102102861
0.46281319014999,0.185718416537532,0.0199371929936322,-0.040967528455286,-0.00889783275358815,-0.0528231576343158,-0.0391606815984457,-0.694947992695768,0.847829868728052,0.948247551725018
0.459924433405926,0.196268329159127,0.026674279959643,-0.0511985180599793,-0.015255436034776,-0.0580706410408311,-0.0239922240228507,-0.687525041111558,0.875877482024388,0.954850773644037
0.494221934173254,0.23784900998837,0.0518364305751217,-0.00394363741377581,0.0302222885638019,-0.0121368985346058,-0.00273645645215153,-0.664049696408627,0.901516005432023,0.986900274814961
0.460779367200563,0.181348226537528,0.0319054910310111,-0.0587038373254497,-0.0205487403883081,-0.0506981189540169,-0.00813271124935756,-0.688249597813685,0.875867596607128,0.956144194433757
0.479072050127392,0.216944798719466,0.036057021908022,-0.0221184714717912,0.014681611915215,-0.0334814761993541,-0.000994103277911992,-0.679538796419957,0.903742161067059,0.971548559003718
0.457733566187557,0.172244535175581,0.0148170584716995,-0.0239074626107925,-0.0339579949550602,-0.0511971779498936,-0.0277195349704214,-0.708970671286105,0.856015828571999,0.941690704307022
0.464363239748099,0.209658985942233,0.0318791627897769,-0.0380176310848585,0.00160417752109914,-0.0483147916872521,0.00157503625414268,-0.696152574844304,0.866995133992519,0.969413348484545
0.485686920514252,0.20401607396596,0.0530815354073281,-0.0364563101079577,-0.0121092169226018,-0.0754626380682683,-0.0205198054792123,-0.698480058386743,0.869921418663875,0.953285475225166
0.501064207778196,0.226337778736856,0.064237370849536,0.00422220556712543,0.0258628398336922,-0.0268982997112478,0.000560155517198853,-0.671106155945091,0.899578237569481,0.992826219300839
0.446573924000902,0.201337874682113,0.0206615698977262,-0.0377581395842775,-0.0220132447996209,-0.0549585968706803,-0.023227655505108,-0.703011333535887,0.871582350587355,0.958872927569844
0.461597869939225,0.18263850168455,0.0121473528916925,-0.0237957245572865,0.00806209057536718,-0.0529181931708028,-0.0474927375492666,-0.692846686794677,0.865960444179395,0.961180352014932
0.458494356442961,0.195572858327693,0.0289120271417452,-0.0503679211626892,0.00781941806289324,-0.0752284259405233,-0.0125734516058477,-0.694858425315098,0.897171644566365,0.94848299743735
0.488560589985716,0.217569497202328,0.0405790688934482,0.000341144386590359,0.0572145444391542,-0.0528668305301221,-0.000621548418526536,-0.663287269789347,0.915360429394651,0.965705158691768
0.452862471105937,0.187899024482866,0.0176394970574677,-0.0267587267121322,-0.0218661915915972,-0.0815238967316445,-0.0363550569136016,-0.676236721160509,0.881490616635622,0.963051685214336
0.49374513023196,0.243866493825374,0.0847329557186156,0.0287441571016039,0.0270753291056795,-0.0158963062719661,0.0158871977964233,-0.646814314944409,0.917006231532929,0.991664948873911
0.454456838163075,0.206913763684816,0.00881064832958384,-0.0487319167991442,-0.0178176833641764,-0.0751058007738135,-0.00152093897805547,-0.708776779791007,0.847325582458294,0.95229246862784
0.494117207768753,0.252685296519474,0.0803198754123265,-0.00600451733125042,0.0510305803687953,-0.0268325295421817,0.0388503281420329,-0.675023558141163,0.907754632176766,0.987105574230958
0.488338199339584,0.247062616748253,0.0537013441403328,-0.00340411653435123,0.0313142666399171,-0.029673698133489,0.0052708182728166,-0.665844463828936,0.907884451614098,1.00229133084756
0.491931954792679,0.231418989489428,0.051442745845622,0.0199632424441482,0.0431164670931583,-0.0106840045951508,0.0233551137863896,-0.677515676341715,0.922936843902907,0.979486555032616
0.487886781403144,0.219037231868542,0.0849778434001363,-0.00364306430155356,0.0229735083764443,0.00263013274764462,0.00311097278965244,-0.658692517058971,0.916996878055643,1.00436622979492
0.513573983224805,0.258093151770809,0.0739727392103832,0.0125712360138443,0.0465334627993348,-0.0100720310612014,0.0240041354851171,-0.630794906001552,0.915626197592619,1.01141027173437
0.472132570375609,0.242781016326857,0.064194595371973,-0.0112981969388224,0.0483994195482898,-0.0675541372916079,-0.00530109225887122,-0.649791313755862,0.915860278178406,0.990233013424569
0.441385679592152,0.163676362085399,-0.00360302178171168,-0.0631879227686842,-0.0318674622257091,-0.0703707289247983,-0.0604806928113821,-0.723152071467215,0.846388741462028,0.912222064460124
0.468904549990418,0.226892685484835,0.0309313926033429,-0.0147008802209104,0.00672783673985808,-0.0582005360269526,0.0122736642767233,-0.704479769234228,0.886676347615613,0.989058544501261
0.428772136771273,0.178996410415203,0.0156774300383764,-0.0447983727092829,-0.0132628707705069,-0.076624932589089,-0.0197390278495733,-0.702018249068694,0.870997715267063,0.973680649169425
0.519273874220987,0.245783353718515,0.0844294750020309,0.0181895517045963,0.058993508646019,-0.00197435462153711,0.0435288089096995,-0.63531642420632,0.928426080887967,0.983650417854842
0.460451139448562,0.196872598565333,0.0591057039011567,-0.0501198193291594,-0.0072307393017729,-0.0539942084698112,0.001407888781008,-0.666330500328326,0.906098988596498,0.998530567855318
0.431765454597104,0.183518977288148,0.00306638956194149,-0.0610682623590137,-0.0335490695571004,-0.0836875394139078,-0.0483966484571626,-0.718335911987637,0.859692260347258,0.932670337539123
0.49320354968874,0.236718139345721,0.095243925754849,0.0192715631109414,0.0500958408271209,-0.0116130849570598,0.0330599079535544,-0.648488927137357,0.929145409682168,0.995352024121348
0.496258370989269,0.220604603971455,0.0565940509620429,-0.0235459248027623,0.00988189427215134,-0.0242123694184737,-0.0176654673895792,-0.666669339676506,0.923596396925008,1.00286049485348
0.464381299727295,0.220387845417627,0.0505519287111898,-0.0167455835100879,0.0241537197119324,-0.051465411963023,-0.00965116511408751,-0.687297337421692,0.932264895721156,0.97511952026173
0.509325829394751,0.232147546856991,0.0691703348143356,0.0203657625961902,0.0331122489116481,-0.00915428507543544,0.0124569284030393,-0.663642841099665,0.942370122027213,0.992966776270169
0.483557310110982,0.238930082913457,0.081283473192336,0.0213411199447678,0.0517315104526231,0.00355686301661966,0.0312695312296235,-0.676512208276343,0.932020761083879,1.00418249781639
0.420456105296503,0.161821240697476,-0.0073896751130102,-0.0713330044643604,-0.0324757869117971,-0.0826498601027821,-0.0533101773513975,-0.729998955028294,0.831376995118899,0.913792401737779
0.520958099563607,0.244960854713572,0.0695882826902648,0.0370516558064737,0.0516307674301666,-0.00402341059595894,0.0264683451129511,-0.667323550634033,0.945880838952564,0.993404549878674
0.416386979827388,0.167116817290258,-0.00524174529056155,-0.0725098075912618,-0.0488251061823825,-0.100968257232926,-0.0565177996133623,-0.731510505104733,0.844469817467757,0.916925477189021
0.538946655201908,0.261237337695155,0.0939579538280444,0.0343730528410719,0.065693513384047,0.0271902466849578,0.0370802827983739,-0.625591095857459,0.943949717071784,1.00978304006988
0.518395050256485,0.270216295629041,0.0928139114804236,0.0339601053633933,0.0649574447783067,0.0120815118846418,0.0406528441365211,-0.62923282798608,0.944510188298838,1.01708824022644
