0.480981345128729,0.210756392760478,-0.0351426885065111,0.0100502068858739,-0.0384706935335611,-0.0798431980480584,-0.00665215012351926,-0.609014260867881,0.772600453423159,0.807432398708296
0.491176693248797,0.241797833957077,0.000453537898143312,0.0575956772731729,0.0146235218259685,-0.0359878187581414,0.0280639112009636,-0.606225561568905,0.813770114318197,0.822636396837398
0.468727204598261,0.228078702003972,-0.0189346568455017,0.0165214276681176,-0.00738054046245402,-0.0633301446786664,-0.0121486408599297,-0.630686653145116,0.788339528258782,0.816891746542985
0.506773074788369,0.24569868306937,-0.00016781055333432,0.0243641868600305,-0.0344040858251474,-0.0263611022081427,0.0110714638086255,-0.603685057171606,0.824475668874193,0.817161597438966
0.477240594460321,0.212334541075838,-0.0263615397413032,0.0265563180748317,-0.0125784982922736,-0.0678342558879865,0.0210688680915855,-0.625586324616741,0.774858847541715,0.825171139944471
0.465656951159221,0.23593802923304,-0.0338371267613557,-6.85651053266984e-05,-0.0305675545950025,-0.0409906625413269,-0.00631006874160626,-0.629112519262918,0.798680838260034,0.815366159019244
0.465656951159221,0.23593802923304,-0.0338371267613557,-6.85651053266984e-05,-0.0305675545950025,-0.0409906625413269,-0.00631006874160626,-0.629112519262918,0.798680838260034,0.815366159019244
0.491600830071156,0.208233387348659,-0.0251732268190809,0.00177028139955148,-0.0138858365785077,-0.051777023331705,-0.0230890329733453,-0.625732778303209,0.804707168696115,0.818058496670957
0.49108902872695,0.24088659350375,-0.00299911917860998,0.0249148030726565,0.0148996416609156,-0.0393092310019479,0.0083637942114877,-0.613703525868435,0.803949872738652,0.844277148941388
0.475250987624912,0.218356986121118,-0.0438465537953133,0.0111122076346593,-0.0100041017353044,-0.0791112334234937,-0.0133638553452863,-0.637720645033891,0.760254571263872,0.809600459630845
0.489844936728438,0.237294162302391,-0.00768261474853094,0.0207517962560851,-0.0102352925954137,-0.0439048269278777,-0.00112767590347227,-0.630647266956613,0.80779354138847,0.830704207473508
0.464696169369446,0.205850832848833,-0.060010657893776,0.00509942218199355,-0.0204147250536465,-0.053458447287985,-0.0291353940651414,-0.653314131348279,0.764133680391151,0.793343883929868
0.477100177048806,0.221934573892455,-0.0260143638480469,0.00809880064593687,-0.016914554680702,-0.0563030985202139,-0.0160411287077709,-0.637542267421489,0.79586143130632,0.820329694708865
0.481564924399499,0.197847148330744,-0.029055864108737,0.00940477098475497,-0.0206987258266535,-0.0520200794497785,-0.00637470988341347,-0.635754457062858,0.774670492889166,0.828549621232286
0.470308841917234,0.264739099107873,0.023322639878483,0.010951986502658,0.0124532600872162,-0.0561369007063633,-0.0313696201795675,-0.616696457059768,0.802978272054769,0.841467631908988
0.475654841323701,0.21188945333703,-0.0191654629151054,-0.0113698874172079,-0.018531435218567,-0.069163549009797,-0.0375837651662513,-0.648057034017899,0.792845833545403,0.806713660957523
0.494590761215983,0.241526919321091,-0.0100034226961678,0.0330973902420562,-0.00744875977816227,-0.0405058296958166,0.00949954149289992,-0.6298452790982,0.804921247718828,0.841596023446398
0.49493348146211,0.214358091200388,0.00098268021851667,0.0426177685062381,-0.0183563755996384,-0.0494594501144234,-0.0058274960147382,-0.612694241508863,0.812370534177234,0.846066697843901
0.469279921433891,0.209378468786315,-0.0261972394373814,0.0184705189550992,-0.0260349576594884,-0.0692196971771362,0.0132337251475562,-0.6609171960142,0.808690087259649,0.79584657133668
0.493105466917332,0.230034759680596,-0.0203366310495415,0.0205730661945981,0.00890564964964243,-0.0520376034948765,0.00251868086233546,-0.633501873195978,0.807916190157743,0.836270756535466
0.506130119413967,0.220005651417081,0.0144256611157793,0.0346115093537166,0.0184651858225804,-0.0385533536974849,0.0234123169723428,-0.589276938029934,0.822291629782659,0.857518173835746
0.481478858142828,0.22433546112932,-0.0395034628296478,0.00807556565032719,-0.0100775956841271,-0.0495176599347511,0.000467620054737515,-0.644176416191566,0.803809961397978,0.822264870008535
0.479621729394091,0.227510189773683,-0.00431480772872668,0.0361831462447613,-0.0174414164225249,-0.0752545411506573,-0.0162091813557153,-0.625499424752246,0.814388385473478,0.828317218500477
0.529988725581534,0.236985963456176,0.0163129648448768,0.0509655228962522,-0.0282021311322973,-0.0523356455966297,-0.00874068267580814,-0.611027378412229,0.836249489082231,0.8153825843836
0.456510863190484,0.243040748380211,-0.0632050112853277,0.0116695589991591,-0.0502567098779687,-0.0589244494518128,-0.0156451254700279,-0.627702002449557,0.774027457435213,0.813159115064221
0.464186881155681,0.237588487733954,-0.00276064294533862,0.0199739191873987,-0.0423348053732405,-0.0496418310599272,-0.00630770086451356,-0.651990873411606,0.773500908479575,0.82944961481047
0.497182451050304,0.243051761138515,-0.00178444126846094,0.0352920227025188,-0.00142140027657915,-0.040673801132944,0.0154091792889572,-0.622774158439533,0.810976516487334,0.854666929276645
0.436666987146351,0.203504364633426,-0.0604038511582979,-0.00358484836232902,-0.029254401198874,-0.0728088176644483,-0.0174145702964752,-0.656753003856017,0.759174380610222,0.800600277348672
0.447741208532418,0.200174137832229,-0.0513518040618753,-0.0135899726028888,-0.0388008471561937,-0.0872568208966609,-0.0269706438514735,-0.665029496760287,0.778290457205488,0.783042774894954
0.499062410924458,0.269073758195428,-0.00562539442203807,0.0250135395683424,0.0133493211810965,-0.0158018257217779,-0.0147736743748868,-0.632421146067759,0.806565126440248,0.85622124583633
0.456468154624844,0.208174037012015,-0.0419915339476317,0.00206795469554976,-0.0270879287361654,-0.0854319614266276,-0.02528551288044,-0.654100167644661,0.776050907328217,0.81178453532138
0.456346763361604,0.199671484031963,-0.0244691482647521,-0.0149385861082254,-0.0355865337347098,-0.0558330633867379,-0.0304611597427358,-0.649179947653314,0.778841228970986,0.830801736902661
0.495798721734358,0.276257354023571,0.00158694100250759,0.0377264850988283,0.00681098720196898,-0.0317797711657202,0.0358259379550204,-0.612206582967644,0.821280369352248,0.857349926071835
0.551153146356685,0.269600551957036,0.0323902384429246,0.0305186050848861,0.0269178358017711,0.00157041264951597,0.0444072287610297,-0.569942478922635,0.840885246705169,0.859366425029218
0.462382432532707,0.210810669267015,-0.0178250556536032,-0.00539576991518431,-0.0267242088717171,-0.0860806657435496,-0.0442113769545382,-0.648492557336413,0.803169708434772,0.812726552850302
0.512936579898142,0.265223601785546,0.0291476178972796,0.0615334091994021,0.0260053801716565,0.00114288493868007,0.0228669008318232,-0.611868485504476,0.82598496546501,0.874565320788248
0.447312990206277,0.17964060809353,-0.0609442639231976,-0.0244635524037572,-0.0474512363606191,-0.0898297252985184,-0.0499496535195519,-0.662927940078509,0.760734052695051,0.781792258243283
0.447312990206277,0.17964060809353,-0.0609442639231976,-0.0244635524037572,-0.0474512363606191,-0.0898297252985184,-0.0499496535195519,-0.662927940078509,0.760734052695051,0.781792258243283
0.521787075149352,0.270885299006555,0.0215755058758117,0.0510133517399407,0.0251981474835693,-0.00461016666001545,0.0326424364993955,-0.591620617341978,0.840285663878922,0.867150102355851
0.509359851699166,0.276224426351139,0.0243399291223542,0.0454787692624729,0.0219921955562451,-0.0188142219655136,0.028645078987766,-0.604693757590781,0.853364084589345,0.84452727224444
0.449117248925023,0.21022179189755,-0.0456924959587702,-0.0161272485760151,-0.0303664872606699,-0.0633367275501865,-0.0391246589643825,-0.676040048621599,0.769195616485557,0.798693019680759
0.499668621744081,0.253713784588525,0.0106023881424887,0.0636219303657609,0.00771711699908891,-0.0317754729983858,0.0292467768799457,-0.615196420847446,0.837348286880714,0.861110938417125
0.520323292442908,0.23324655217225,-0.0433109882843554,-0.00540770660108988,-0.00897922938586757,-0.0417907128989232,-0.00825753896998799,-0.617226276905713,0.829737430693202,0.849316513710965
0.486481893139244,0.220501108805635,-0.0609841716064743,-0.00245271191600288,-0.0353267039599188,-0.0892947527733905,-0.00340952142797009,-0.658288534028093,0.77658178580453,0.821812758867891
0.532004467348262,0.265136696481363,0.00577957950281929,0.0421863027248681,0.0182657700272466,-0.00817923030504319,0.0309401171030803,-0.597135240045565,0.860182920657031,0.846996336925199
0.530520287326265,0.27926408440538,0.0285943287124469,0.0635512389276492,0.0400526715797904,-0.00357069473123769,0.0374409995254702,-0.581276216656335,0.850103040029639,0.872897032203396
0.421333839669351,0.180685337075062,-0.0663280217744116,-0.0308719372607923,-0.054773905391364,-0.110723509607576,-0.0595420057888396,-0.678080018074026,0.740946163329872,0.769498381614075
0.552281559807373,0.287655167168049,0.0527016805553145,0.072443504829691,0.0480935945997946,0.016465470198602,0.0613334305213546,-0.558094137690408,0.865975851667533,0.888782996364403
0.431829143850196,0.177344184288003,-0.072590224509413,-0.0477452666955081,-0.0555757441616459,-0.105664000362387,-0.0747399092271028,-0.675309973339196,0.768334200548539,0.785368104609474
0.544452879387007,0.284569449531891,0.0479822432659071,0.0787377070887906,0.0510050220508486,0.0123251193207491,0.0408808314411736,-0.559246547519656,0.874452048659613,0.891674976590045
