0.474983400062474,0.212804083279791,0.00774853695801004,0.0248343014221028,-0.0259454811179948,-0.04724540181022,0.0104869372214488,-0.659174234512393,0.823458626425933,0.870211953408015
0.495871691597222,0.220377200592312,0.0150212366709404,0.00841543474819139,-0.0247038251704659,-0.0261222706322597,0.000447132169735857,-0.664013369606681,0.832553361388127,0.906189670980586
0.500052695990006,0.221120755109177,0.023307905481346,0.0503158423530819,-0.00696310742814335,-0.0216462431231109,0.0195778129207116,-0.651939259933642,0.843178874075555,0.910930835981809
0.501112982486402,0.209157637533866,0.0227277249280248,0.0391850736294236,0.00162719136738297,-0.00975382820454156,0.0178632443372875,-0.657502569200405,0.823108218268103,0.913006999455258
0.49698107554055,0.21248859735718,0.0204789830603284,0.0257623299087509,-0.0162076579281405,-0.0211710083422726,0.00558547768272442,-0.655232276969983,0.850397944191658,0.909381498237461
0.505047205186626,0.200516641939554,0.0116974299677213,-0.0244640511621449,-0.0253550577090934,-0.0411645742958871,-0.00361730210127864,-0.657872170079287,0.814610256791403,0.902611103045629
0.463171604687341,0.19730791931833,0.0023721842987896,0.000697785786107361,-0.0334157361390734,-0.0620069581012533,-0.0113948314191806,-0.671436980922308,0.833590297977421,0.889475170210021
0.46959215043373,0.199364921894641,0.0116444743689911,0.0102446757031229,-0.0516548761359875,-0.0615579688882191,0.00537619598328494,-0.668531756602675,0.823691956618406,0.893387330700652
0.472100272001384,0.235196417049817,0.0243162794288622,0.0539597144474797,-0.00737307280308269,-0.0234409579479981,0.0108766920772752,-0.653614146466346,0.848278033025084,0.915533415389919
0.47069568173389,0.200938585067776,0.0118748767283113,-1.03626418031296e-05,-0.0270628125485504,-0.0390243227590674,-0.0374192861448911,-0.661094720161197,0.849998359329303,0.896609109928231
0.495341022531135,0.198480238718817,0.0168544346925681,0.00715232905706047,-0.0192048042381161,-0.0364384123242371,-0.0112210800611851,-0.657694777522603,0.838827644171157,0.913810815006979
0.477978214041611,0.20513337892344,0.0139117493335922,0.00855393887492564,-0.0182989711540751,-0.0305379987891507,-0.016424698241998,-0.657764394679261,0.844419839347249,0.915926296622812
0.513119439171377,0.222203896841847,0.0408132835912581,0.0322996128505282,-0.0251161651512545,-0.0444803809432915,-0.0233069781760236,-0.645142847939944,0.864487475135121,0.903504229438844
0.479962382156734,0.206515990165993,0.0155249695059137,0.00994047372501811,-0.021486639412271,-0.0338845926619546,-0.00319293430090491,-0.658048961235457,0.842867985397384,0.918651425966854
0.475213208152618,0.20862278602257,0.0139055048112772,-0.00840384447325399,-0.015094317773267,-0.0502251762768627,-0.012464522562243,-0.692946583392308,0.81104255177672,0.886040314454333
0.467763781830503,0.196531929226599,-0.0124282216895265,-0.00708469492427245,-0.0365698600798827,-0.0515803650674188,-0.0158482498979297,-0.676971407404765,0.820430414295404,0.893328918466741
0.443723482406807,0.218878447930194,-0.0192454133802201,0.0210097929955157,-0.0249381058750727,-0.0743156727018235,-0.0207770469571648,-0.651442154802051,0.81067147910207,0.905291566822321
0.496148534982185,0.215085514608209,0.0180325473832489,0.0245585287286428,0.00508783093384146,-0.0153222410667154,-0.0019795907883786,-0.617871431267754,0.840899208961044,0.948028656764567
0.505238701496023,0.234587285631765,0.00675690395002988,0.0309602157575799,0.00864224528913871,0.00275156734784921,0.0126030292492746,-0.678870771563687,0.862903745692488,0.906294022641603
0.462503793443848,0.202367181740208,0.0104180647488914,0.0114948669696837,-0.0195059328632618,-0.0420762328975818,-0.0211427245563785,-0.671004655548261,0.832658428966501,0.914670776806423
0.489557728209353,0.209210382159344,0.0262489054016294,0.0141705187836807,-0.0264219323664047,-0.00734749641503127,0.00764952030502446,-0.650096183038654,0.853423620776551,0.933629982348428
0.479762892580265,0.179412835546962,-0.0387758199111744,0.024372536693632,-0.03445628826866,-0.0559749856539322,-0.016105604785178,-0.663328953706964,0.801473242140319,0.8982197150507
0.493934590809654,0.187074808438366,-0.00715894662536084,0.0193339961304071,-0.0204992980369193,-0.0228463146863004,-0.000903082315351975,-0.640873003921186,0.832944841119822,0.933080511194992
0.519997148460251,0.216274071374033,0.0115761748600199,0.0219722001819295,-0.00813922200471134,-0.0132028140068352,0.0220400301067948,-0.646940951837266,0.848784314430983,0.933690081064131
0.485488573247555,0.176985489258575,-0.00171442752163874,-0.0272173270417401,-0.030199521252842,-0.0464893087048041,-0.0097611394534524,-0.665926011576204,0.854176049697801,0.902330422900655
0.50420473059543,0.223223183201274,0.0355681013915762,0.0429298873826385,0.0118335894913905,-0.00621217066863461,0.00549189853727999,-0.640026750404664,0.885249912936586,0.917142021601043
0.519418069080091,0.217001043756476,0.0374919031631024,0.0435932643744003,0.013539979068465,-0.014021851744174,0.00322514786818886,-0.638132177201576,0.867204163318142,0.934878230737316
0.468550406874466,0.178773251110893,0.0078804632590952,-0.00723995844960608,-0.0292046153552117,-0.0520732117142663,-0.0284992260024235,-0.68095772953789,0.815197172739384,0.900377263263251
0.490602394680997,0.180207783078399,-0.017170183458981,-0.0156993226107768,-0.0430779134455839,-0.0591759027012817,-0.00412963446275104,-0.687759721710183,0.818075027314467,0.885286010350732
0.457219032161953,0.188849420099235,-0.000408353399136672,-0.0275186179734371,-0.0285681001182659,-0.0593116065457459,-0.0237054745680516,-0.680166687634963,0.819566006931992,0.901326420500113
0.496066493286896,0.225518664680967,0.0511760993852425,0.0194567379619673,0.0142826873759524,-0.0238383268113101,0.0116745582451328,-0.676293292862613,0.860842315059629,0.928346127839776
0.478856818632039,0.198266270091636,0.000904645876411855,-0.0010360369314498,-0.0329042141295854,-0.0356734335314509,-0.0173192687087084,-0.684491963822878,0.834161983537386,0.908406409773331
0.525374419039209,0.220849345028044,0.0528521965500211,0.0557119892862183,0.0127826163830778,-0.0156566410640425,0.0263679578325941,-0.610408750325891,0.87936205489363,0.928032424544602
0.447275782963411,0.183113947040708,-0.0359609620390083,-0.00150047571727197,-0.0623331334794343,-0.0596750044509376,-0.0322362776904882,-0.665482369167562,0.840951369395586,0.894320981181471
0.45803418999539,0.206807989110594,-0.0133728648629526,0.00734090830499216,-0.0477609208846346,-0.0852787610567411,-0.0204715690789287,-0.663247375214246,0.861728079562562,0.889641927770188
0.514833693180026,0.204330882206579,-0.0133621309058791,-0.0291618554525535,-0.0228245142039749,-0.0386345865577333,-0.0106318813257274,-0.665296720337883,0.844355096248452,0.916699119905518
0.490908353900359,0.258769505742593,0.0615255861607494,0.0285242586260933,0.0138519487150507,0.0124331174904259,0.0252561479669551,-0.63355719042464,0.869098002346926,0.955496915809028
0.521539772457672,0.220883346383923,-0.0159757078380422,0.0386636277649636,-0.012035521304272,-0.00376582215031664,0.0234305903479608,-0.652237292942352,0.881146599347968,0.917838914728421
0.472641497253935,0.182371571856958,0.0403911284298202,-0.00889470398168504,-0.0286027409081932,-0.058992433705685,-0.0201690204680016,-0.671366716398621,0.837072554167143,0.930322672828444
0.45865674067262,0.171371513273602,-0.0176413708401949,-0.016919020451836,-0.0467412965762121,-0.0550634843673894,-0.0269690067131216,-0.686362141234587,0.815498182944504,0.90262704033836
0.447436589119722,0.149805602257748,-0.0347617322673255,-0.0040150484017174,-0.071685098849995,-0.0655633409157839,-0.0363888824980364,-0.686570608635066,0.792002889004908,0.890101495178426
0.455785124752526,0.168122129827593,-0.0179128508813061,-0.0302227387025339,-0.0612180711001966,-0.0693183025900648,-0.0502132504302302,-0.703402695346349,0.802848173681006,0.877999011017807
0.467952932568703,0.189206878486192,-0.0228608102310805,-0.0249938776802705,-0.0300713060921933,-0.0407893688680832,-0.0522338346312894,-0.726949703437684,0.82910945446247,0.876094208284951
0.442460373653619,0.146195808998974,-0.0442633918834762,-0.0340044885583635,-0.0772775071994763,-0.0789366416901029,-0.0663454269681768,-0.696967737731582,0.796501437305205,0.860434767519977
0.545803428232263,0.25767306327939,0.0592121711101229,0.0712455677049,0.0358128348212102,0.0159444825314631,0.0552604136913421,-0.606395909234399,0.888117344547796,0.966272439651768
0.545803428232263,0.25767306327939,0.0592121711101229,0.0712455677049,0.0358128348212102,0.0159444825314631,0.0552604136913421,-0.606395909234399,0.888117344547796,0.966272439651768
0.431808289058821,0.15836189706808,-0.0326291235919996,-0.0382136193728952,-0.0696407325101843,-0.0820386857598679,-0.0513470273988182,-0.70620305433337,0.794713892299471,0.87049733286894
0.467606035514757,0.164394377971416,-0.00884560907048862,-0.0498606519762943,-0.0653066107591051,-0.0810514514257968,-0.0249328008763873,-0.72032364029428,0.807381442209663,0.893453825873707
0.423498625012929,0.143200081267012,-0.0445093109960375,-0.0553847575052136,-0.0713496728946744,-0.0993070487303046,-0.0625478922890572,-0.719317014614774,0.785771753154765,0.855515083835539
0.427242937175436,0.143658271223972,-0.0700747338724619,-0.0338705861224237,-0.0906027782813181,-0.105290467721562,-0.0611166600348027,-0.714660496275515,0.777686807273096,0.844296382231631
