0.477807900234503,0.178129050395756,-0.0204738330654117,-0.0229646404753748,0.0346347606266724,-0.0666819267685251,0.00684631950613924,-0.55766275735514,0.682370613476121,0.686177831065756
0.504693456165838,0.222046920280808,-0.0236221226467152,0.0102970192664103,0.0517152504804142,-0.0212666865260252,0.0422957398719237,-0.523003158121574,0.699208502620587,0.703591228356337
0.50972275041074,0.193455810796114,0.0316109827443225,0.038750803654637,0.030875390788144,-0.0484017833258292,0.0161762208762871,-0.538960428408421,0.691008223953176,0.708651176901958
0.453364711918687,0.160437621394795,-0.0221062555225967,-0.00683290390855157,0.0305540298277419,-0.0600029992301833,-0.0260077145605792,-0.561739482737647,0.691236919461979,0.685249781855826
0.430708390908058,0.133612572538772,-0.0285824493655409,-0.0271445143924578,0.00708843356458308,-0.04396754859363,-0.00930519756831197,-0.555047895489858,0.692736018411049,0.694172991785021
0.45381662433483,0.159530854698323,-0.0170040204352938,-0.0213597352265116,0.0242936934285375,-0.0708513592278679,0.00209961582813785,-0.563807863802039,0.651857674919543,0.693284964521929
0.439800053933442,0.140575482626705,-0.0565457085809146,-0.00919917406739034,0.0126971503135849,-0.0713939327292969,-0.0303703143745728,-0.547899699842406,0.659479654593821,0.689663703127545
0.477157397383745,0.199732664617918,-0.0290299150866267,-0.0113817818574119,0.0400848839318768,-0.0346345966432248,0.0151598751713749,-0.538439770108462,0.690748320846366,0.713426159195822
0.47813469562122,0.184810809828606,-0.0145545173686667,0.0113352430399426,0.036956217737745,-0.0405561928450456,0.0146758751570662,-0.534524399456154,0.7058669123353,0.712355978348742
0.511204892859651,0.225265068886593,-0.0111677455827949,0.0139391433714826,0.0171164743856123,-0.0221107895042441,0.0324070066869099,-0.531594373593978,0.702673142488802,0.719774736952515
0.468442656419725,0.191158607027136,-0.0203791861958014,0.0122561111155518,0.0133828944379387,-0.0593815411075598,0.0239454105937582,-0.536094180961495,0.704091343497606,0.711585025207691
0.487641455924851,0.193242084680246,-0.0184229328603854,-0.00238545163194294,0.00847045432351582,-0.0678389878561099,-0.000953791403491529,-0.534955131455365,0.709364157994538,0.710285691961204
0.503344021879813,0.144999289830628,-0.00767290234821495,-0.00458819256088272,-0.000589837953292045,-0.0386039485179339,-0.00452867757579857,-0.538548562008431,0.698664684852145,0.70421554256731
0.48115263923325,0.179969025161046,-0.00948353149105243,0.00144780937897106,0.0330794207863018,-0.0427211786386753,0.0124922618258052,-0.539673573724322,0.700937328935656,0.721618700719152
0.501309106900994,0.207327347849341,0.00141604529221613,0.0236210997660633,0.0488925982524717,-0.0277304517684164,0.0253802319795277,-0.525674913846765,0.709513846132037,0.72760009316796
0.459676826201621,0.133603331592804,-0.0133457656826671,-0.00777952580233249,0.0264940893618997,-0.054011653290007,-0.0149880496318767,-0.566717820897583,0.672935302291285,0.700045669741768
0.477320427153928,0.170839423199058,-0.0174875152162629,-0.00411321376529324,0.0207094734223552,-0.0521934124890772,0.012500095178165,-0.552452596904832,0.700281555179144,0.714780345202296
0.472772170239271,0.171383961455895,-0.0167280498222578,-0.0101014989498602,0.0276583829070303,-0.0313291385143762,0.000684285842907681,-0.549066080482638,0.693010685564679,0.725682725749099
0.505313672170187,0.166764593604926,0.0208221483275623,-0.00479368980832479,0.0267159196678105,-0.0473148284211071,0.0296184858900897,-0.514240388816064,0.703017268489597,0.731592610600242
0.502798885607583,0.21378534415769,-0.0327951065680198,0.0267257272473201,0.0258480644798507,-0.0208957199781067,-0.00575254279317089,-0.531608208918271,0.719328661490778,0.724470291809309
0.502607957683912,0.204789015946897,-0.0134308125962062,0.00079549524741521,0.0441722958637449,-0.0192440881970634,0.0122854004048892,-0.545910827204701,0.727766453904513,0.717245231066754
0.445241275266451,0.155459685933862,-0.0468579256141183,0.00241686812202025,0.00717453020624038,-0.0802316783926815,-0.00522079354316505,-0.584773931088208,0.661903263770894,0.688330387416643
0.454263656086145,0.158899674770141,-0.0371160582159525,-0.0267049270690114,0.00714954205861928,-0.0802342971706067,-0.0181390326116318,-0.559140291803022,0.669167229599249,0.70662581903069
0.427919419297821,0.126849835135253,-0.0491707940375169,-0.0385416531745527,-0.0108150910784389,-0.0957281900698779,-0.0412748901330983,-0.583549733555532,0.655392246378673,0.666297425972699
0.482999418874616,0.175296138967051,0.0376456725977332,0.0226325374012784,0.0499592857557356,-0.0350475691000677,0.0032891989064144,-0.551474938278186,0.730615002707627,0.71904038261261
0.447655925230578,0.137741071312914,-0.0375909156756796,-0.0462106455620424,-0.0114433129373194,-0.0728218038549438,-0.0186367017895201,-0.59526248092557,0.659675108105877,0.673927103183374
0.449300031899037,0.173886518530274,-0.0358952821746561,-0.0310109440885176,0.00324498795824161,-0.03645045514431,-0.00162386946578444,-0.575879218525933,0.67065338906609,0.71679963802189
0.503994174285242,0.206224261353423,0.00839100442410991,0.0439866439509766,0.0781552301089244,-0.0110017968119741,0.0197964018418107,-0.53542403695391,0.720820538130611,0.732881686761658
0.504074474705613,0.212537877637956,0.0192815624332042,0.0372832666133287,0.0496371888408771,-0.00252515955598478,0.0329437806539391,-0.500744446261745,0.727200154597956,0.750570319337111
0.529598547600101,0.208087748821211,0.00878075460677931,0.0325254470881003,0.0665486042653914,-0.0148945320582872,0.0302478284238115,-0.514350474712033,0.71520374613409,0.742035422077651
0.50709141952034,0.201373774344096,0.00479430859227844,0.0247247845383539,0.0593545115902941,-0.0277659315730467,0.0232769249940609,-0.510814845343417,0.734942169992431,0.735136579298989
0.50542969528138,0.202521922755565,0.0282555963659727,0.0258280600501223,0.0807879623566756,-0.0209190297645344,0.00869041174060055,-0.503855077066982,0.723246360034314,0.746683778987187
0.430249061203887,0.150312442325554,-0.0288874191545794,-0.0400191776784042,0.0164677710295012,-0.0799675296215859,-0.031224161957656,-0.565964332972572,0.65341563550619,0.709012478364466
0.489145746408906,0.202519721867177,-0.00467050114646386,0.0427092228791745,0.0530812921505709,-0.0191751591364775,0.034053811118255,-0.530972168305767,0.70005713449744,0.749532841622638
0.509258132200714,0.187052904806639,-0.00477982546115593,0.0254459546219753,0.0330467978149782,-0.00481246515157989,0.0342720721024497,-0.516350704255811,0.728530236896662,0.741476355651705
0.528503763389543,0.236473773942332,0.0377413940682098,0.0381943128125588,0.0867973100187259,0.00251583946015918,0.0493715078792005,-0.501778465124561,0.727507303056791,0.753487912617014
0.5050619668233,0.177336255121227,-0.0384603299030657,0.00662347678566512,0.0324099921228171,-0.0467637257701358,0.0207827453860739,-0.562817493722087,0.692126454320033,0.731385773965585
0.46266393860431,0.13648827816089,-0.044336686050693,-0.00554451147521691,-0.000282892989858535,-0.0764412795748428,-0.0273915571242235,-0.579933512935367,0.664658145509933,0.70841902204708
0.507489772613099,0.229046592161013,0.0150610359127554,0.0603108286928223,0.0602556327810019,-0.0270574255337463,0.048233877954294,-0.498096540510086,0.731001663908898,0.756821461084807
0.519418915895808,0.225653886478231,0.00441094972708681,0.0544537210135033,0.0743083739329797,-0.0193340308323543,0.0579493533186243,-0.523096864516359,0.720217190951289,0.752328966837391
0.533705308725607,0.219922767696669,0.0170555910006503,0.0669468682826715,0.0647469728854723,0.00738405204837752,0.0697504609871613,-0.496667280258979,0.720763343922314,0.755271848893151
0.502546986001468,0.226534439698639,0.0153556403801683,0.0377138772176194,0.0686705302441441,-0.0105548792493324,0.0531387330204715,-0.490051504177554,0.745358519215342,0.762714596984754
0.5258410669418,0.199730042627225,0.0099162277257192,0.0130373753199799,0.0771831638181231,-0.0376048460902932,0.00383799381316184,-0.526298064916438,0.744457306316905,0.751274548498001
0.512548895227475,0.22191827637876,0.0177450914262554,0.0223891057591081,0.0547958400689748,-0.0316994279489355,0.0624764633023522,-0.524059666272248,0.729440451024393,0.769671965154588
0.512029468957599,0.216055320630375,0.0392716642900995,0.0491913634701376,0.0825262422758538,0.00641413079568294,0.0497935465833748,-0.492994214130587,0.744644415357614,0.769845079405333
0.536278315248733,0.217778616850366,0.0398283358133989,0.0613681677415764,0.0765409992037474,-0.0038222759605983,0.0363920688431321,-0.515325905719269,0.74547690021415,0.775652436070066
0.544426921752506,0.240200890033981,0.0553491577117348,0.0409760117894731,0.080039950438553,0.0161981583880035,0.0480224705912222,-0.506787846557991,0.757160534586824,0.772740013718942
0.53675065037459,0.236319146865416,0.0466087873107258,0.0631111705515265,0.0897210915041999,0.0144282854408639,0.0625793118471923,-0.48500198835789,0.758084701514163,0.776736620296022
0.544021288386565,0.241632084194307,0.034985486565713,0.0500446431900021,0.102472891367894,0.00174394294230187,0.0731197451768062,-0.483815513811509,0.763951329606346,0.77543109352591
0.546775717994432,0.260308877373397,0.0564662681194801,0.0601831036387713,0.105263979645324,0.025740143120828,0.0737858293698481,-0.47502227157646,0.773191068937969,0.79485109558259
