0.57850904695032,-1.20369648128168,1.32292994880955,-0.186025659245015,-2.23839007473419,1.83128049139257,0.214691494610946,-1.40329780444089,0.0433256532069883,3.2992085153665
1.03877533163878,-5.83684743801233,2.79383415029706,-0.351032399402239,-1.15872976038805,-1.28300181756382,-1.68490833934945,0.242515544580653,-3.03335032290943,-0.810959758949412
11.4169812728527,1.68754224615765,8.41528161425774,7.38365978296519,-0.311253183063442,5.2014526755289,0.964591991912968,0.814631831341581,3.78472308075986,-4.27373385914688
-7.24757790957142,-3.2307235083087,-6.85888823300863,-11.9717399449593,-13.084543920888,-3.9379502778382,-0.548020369795834,-2.23663113777423,-5.79000768012635,-11.246246030088
-16.6258828449416,-10.8465536241388,2.43262382636057,-1.6253060190651,-7.38990522624934,8.26447014656498,-1.76362828858689,-0.653297804440893,-8.62144707406574,11.323018039176
18.5477276891021,12.0032661050407,-11.1327966268226,-11.6867138018261,0.108670432110823,9.92530576329682,1.54230540960907,5.89459591386454,12.2317430945334,0.0488922170079213
-4.46537166832381,-4.02674346812806,-1.29060073868344,-8.61634021703481,-3.1683960402063,-12.7985473244711,-6.86149496460877,-12.5187015019918,-19.3970951010583,-29.8834899567079
-15.0836905788761,-19.1244666402082,-4.425190947062,-0.630432373262672,-1.28768543727077,-5.6873353475175,2.7131750321939,-14.0848928719274,8.03484159770756,-15.9812132070418
8.23502429771859,-13.1277024480583,16.2382350112788,16.3832410009074,-5.30046053000195,12.9616247676097,9.28856888954497,6.23569203944026,-19.2571516696494,23.1711781338598
8.81056818434697,14.2963185541024,16.6039176305191,17.7307481197212,4.99599414703422,4.23008897774745,13.8667939101662,5.04845243893688,19.5257967080713,7.47857911928248
0.57850904695032,-1.20369648128168,1.32292994880955,-0.186025659245015,-2.23839007473419,1.83128049139257,0.214691494610946,-1.40329780444089,0.0433256532069883,3.2992085153665
8.7296596828248,-14.2316756516989,2.30400684667351,11.6028780229638,-6.00700567937071,-4.96202111233148,22.655451197633,-6.3182744019293,15.4024925983182,-18.0536832104391
2.59802741233494,-0.0812771001426977,-0.917137211396643,-1.58122433822963,-4.29041211854767,2.34625411212416,-1.06195592317925,-2.23087279543424,0.735902402612185,3.22779551937529
-7.10447862513847,-9.57260139945673,-9.86353387994872,-18.9795701379054,-4.13569123935547,-2.37511411776393,-6.26636717251035,-9.21516241573396,-23.4562270584769,-19.8179768790939
4.16921011424748,-7.58684743801233,9.55718286486529,22.7359241223369,-4.01250334529371,15.8782885050168,10.3506647831802,4.807732935885,-19.887745927305,1.76046881247916
2.7533268734331,21.7138750567513,-4.31765998971578,14.4304929230564,-6.19793928576584,20.2954268184567,-14.442737908149,-9.69588646641888,7.13307496271865,0.692571088242616
-3.07888540443586,-6.71339396945365,-0.331021562901565,-1.51978640356025,0.758917097702103,5.25309394354884,-4.68057333729528,2.97076904200638,1.32483865569918,-3.04834898377056
-3.68803231462752,2.6718881357793,1.84866638993361,9.1633871389376,4.18393383059502,-6.78738930650343,6.36530894903986,-1.99771959515744,-3.67122097188902,-2.58139519337148
-21.8580295871782,14.028297252892,-13.4970383746919,-1.05863201765854,-14.9415174855772,-3.24469506571373,20.0044904467986,-16.2160985322061,7.30364023548995,27.738955542873
1.49904161632725,-10.469998394743,4.26473835178458,-0.516039139559464,-0.0790694460419132,-4.3972841265202,-3.58450817330985,1.8883288936022,-6.11002629902585,-4.92112803326533
-25.8166663957434,13.8692309623839,5.03174411531753,-2.67041016924462,-17.488766583608,7.73816180866079,2.45996069613371,0.353545354254885,-14.6376953402316,3.98390666099751
-5.65361684627755,-7.09765065002069,-6.86872037299595,-1.31203619047391,-6.44886245702833,-27.8121750759415,-7.83116974302622,-6.53709837109287,-10.7011437418735,-3.66580780264806
7.24670895439669,0.996333589486575,-1.11509468777127,13.8293400805056,-4.32134576912841,-7.37110253589768,5.70071450753969,10.1668693489813,-5.64289502776207,4.38522245047119
7.98813812534859,9.84939048626396,0.806099815593475,0.394471946774138,-3.87167373532325,10.7316235070107,4.0189240172725,13.1224518207465,13.934678699802,13.9958270984577
-16.6563616933552,8.45758818000298,9.86369241215266,-11.6916041215298,-27.8155784036467,13.1075042676163,-4.5266789063812,13.1677334321873,-4.43516897044893,-28.6020152608573
-6.04137215357012,-25.6170597181213,-4.66934925359945,-2.33417993472272,4.51446110780775,-5.98705254861117,-3.33732354691029,-21.6241379478129,-17.1845320894901,1.24419885227785
-0.247460250642277,3.30291037837243,6.00503821065821,6.10590108391721,11.2673122903497,17.7735617798062,12.3963756972828,5.4277491815423,-2.26953268933006,30
-26.4253846927551,-21.0932501943118,-8.12173020598041,-4.5400622876639,-16.0569674636208,1.43032811234355,-9.09987180945855,2.01222568855071,-16.1131035180615,6.64960425768325
22.9873828615159,1.64084654262114,22.0697794855896,5.25740064228832,-6.05340365418569,20.738117951109,21.0561814503121,-6.89187162472389,-7.14463254743288,19.1233459549459
25.8272906144469,0.786217297700146,-13.5328088000485,-8.37729292236349,4.89440914033195,16.3822395993338,1.33095008201154,24.3147395940955,-9.70206563112586,0.000832566205049012
-8.91667641385054,-6.26538829162651,-10.7536669359803,-25.367474969443,-6.46412281411963,-19.9685480007984,-7.35687645458459,-21.2371971853956,-16.4892586930607,-18.0191488597546
-6.61623834395821,-19.0393716964955,4.2384528629488,-10.5020076633851,-11.9084093712359,-11.6407337951232,-16.7883414302231,10.637767379735,-10.3736424577919,4.69236162029121
-0.46435874824005,16.7347923116721,-8.87636372858264,20.0328336050777,4.17829832881712,-14.6419141012376,3.35477687662494,-6.8223374007779,-9.5289906232532,26.9838074472352
16.819659864479,5.75415239102587,4.59913260247872,-3.87942511204939,2.86745669945936,19.0870611727932,16.9179053415509,18.7086587172982,28.1604851514149,7.50232060495119
-7.00174838005663,1.449758441511,-9.16133227450193,8.30178235129473,-4.28004587295854,-30,-12.5630919013386,-4.1128176026094,-19.1872769294676,3.76219763647324
-9.96075958735479,8.85082569402721,1.57088861215584,21.7019971775476,-5.5709048790824,-14.6994772185913,-4.11088152715061,-7.60162057040126,10.4899632386373,-12.5813951933715
0.57850904695032,-1.20369648128168,1.32292994880955,-0.186025659245015,-2.23839007473419,1.83128049139257,0.214691494610946,-1.40329780444089,0.0433256532069883,3.2992085153665
-25.5659879155337,-0.370145668004403,-4.40686824444038,-2.25330421410477,-20.8090816976754,0.104306076936473,-10.2251195477778,14.0948510884775,24.6794531064635,-12.6674226593728
-11.5557459998746,-12.9527439230501,1.27089658751977,1.68748174716452,-22.1166154258798,-1.13683837800545,-2.80052381050556,-4.0433636549678,18.2044694486089,-14.2656327814806
12.4397085455799,-18.2628299622791,-5.06373936476324,16.7974528864135,4.2272083553981,-14.7429917689155,-2.74555293562327,19.4521318313416,8.45951982872733,-14.1308767162897
-2.61833765454153,-0.0812771001426977,-8.7127037138597,3.62930197755984,-5.07003789817345,4.68321063386329,0.581400720177397,-5.09851985425776,-7.1013068997134,27.6169357908685
11.4859451428925,-7.57918094230747,17.8757622959702,20.9525076610599,-19.0521861576835,-5.86278208739487,1.11244628447898,8.16039616903569,-5.86532130019803,12.5023206049512
-4.96122466836122,-18.6939902951552,-7.64094845839859,-19.7058711090797,-13.3462297603881,-18.0830018175638,-25.6849083393495,-19.4449844554193,-13.9424412320003,-19.9018688498585
23.9486305671102,3.21285571652052,0.695202896450144,-0.638726787811917,19.0057704248033,6.99236795269288,4.83319547125446,4.7383588941237,13.7243050196702,0.537762978920963
21.9998118212572,15.5131528878399,3.3295374013498,25.1063962941788,-25.8811999031502,-4.95377756609496,-3.31137229389118,-2.55668991313215,5.35940682977776,17.6209574938838
14.0713320134575,9.08861121102601,1.71508681155465,-16.2720471646214,-11.7383900747342,24.4643116305333,-3.40599816056147,5.79670219555911,-5.49027118473768,4.38943407927627
0.678576902610276,-11.7925001692247,-10.3059542168244,-0.862481577264058,-7.94439110216858,1.9330068113981,-4.96875345593773,-2.27364499858502,2.43825509042881,-3.32539164041265
-23.8128261499676,-6.04009772113828,-7.19468963550647,-11.797033545868,-4.19964191517303,-30,0.0291306566080145,-5.57147644173465,-13.063947659341,-21.7463564968972
-0.852232796253132,-3.95466540333326,-1.9607303176226,-9.33753044720671,-12.0266965263471,1.17042806109042,0.717893382039325,2.82061523903737,9.82603174639695,7.4197184088216
3.1471451143964,-7.80576924154324,-3.45989926749078,-3.44972424150722,-12.7418343127541,1.91930076753419,2.88932978424904,-11.6396320618204,1.82683444054929,-3.01128757534303
