0.457235644957324,0.172746116179758,-0.0151869253680996,-0.00542503104355001,0.0168726059833661,-0.0794596632663552,0.00607530585113922,-0.54988614806994,0.666943645544217,0.666429507245436
0.483377902259374,0.190955565246958,-0.0392648354052812,-0.0441231351203065,0.0155010052768033,-0.063152388839056,-0.00381351924346265,-0.558597797921005,0.66195033670733,0.650978663887373
0.462165198748066,0.145917965874393,-0.0412080095923328,-0.0116503994117141,0.0276137317565525,-0.0855956450015689,0.00527018350719061,-0.562001229563814,0.639527222490998,0.653206556574273
0.514168456039796,0.219668231042712,0.00296332358194937,0.021812101982961,0.0603405246281546,-0.0467565944545132,0.0198067136096479,-0.498218534966641,0.682300982458681,0.709339813403121
0.479230227823556,0.227121335134232,-0.00868346064924755,-0.0365895926143571,0.022806127408678,-0.064150583593224,0.0213401016301882,-0.551240099142975,0.678612997926588,0.681583557505965
0.461238304988993,0.166111388029774,-0.0373968905464904,-0.00300177388173392,0.0350329508208973,-0.0673685225197205,-0.00709218129111074,-0.561948162922184,0.694206953844208,0.661378918982448
0.493173313036954,0.160580369704317,-0.0401468815810822,-0.0359412625974622,0.0054123144078424,-0.052327262875045,0.0082009026227523,-0.56631548570555,0.659186486824709,0.663537132706538
0.467744910828847,0.147514293049616,-0.0300020074009835,-0.0491277200974482,-0.0252572613083293,-0.064729964234688,-0.0186942661898823,-0.551149799712227,0.676819019027146,0.66729206987082
0.447408872377021,0.159750015459433,-0.0284235561445099,-0.0270690306286283,0.0180193872021291,-0.0624268894206777,-0.00587218003257665,-0.569392253735329,0.664892001493577,0.67854696872999
0.465812262284666,0.16882995254704,-0.0187389267503528,-0.0221621878509432,0.0294642270276049,-0.0687666429981965,0.00447296766713855,-0.560735310578589,0.667114144197832,0.689731397793842
0.477971297927861,0.181469930112181,-0.0175141752170392,-0.00581469871771611,0.0357954891822087,-0.0536190598067854,0.0107610973316027,-0.546093578405647,0.694118762905711,0.699266904707249
0.486204196464055,0.178465464672016,-0.0288671037402808,-0.0280802842714924,-0.00318208278443466,-0.0796807084892281,-0.0199471572992136,-0.572025825748531,0.657397185323522,0.669910625057789
0.468705367639978,0.176494673527681,-0.0143629194446554,-0.0080538171882841,0.0306867430882615,-0.0752438544509852,-0.00885662084622524,-0.538519623267087,0.703087842898103,0.693337098112619
0.46500757157927,0.156376814143061,-0.048526263757758,-0.0344119649704885,0.00987532024811332,-0.095647519978486,-0.0192443490895569,-0.564156020682444,0.684098558395539,0.655756111038803
0.463933319311443,0.129778182634909,-0.0235941437061364,0.00250872684171677,0.0185199509183651,-0.0577024394405769,-0.0267831983549469,-0.583819736844202,0.675786051960366,0.66281751503112
0.452863659766162,0.152489442765504,-0.0348223135514643,-0.0307531468249638,0.0119098347741167,-0.0812050584192015,-0.0172142853134795,-0.570606245455336,0.668881429927397,0.676237628519227
0.508442429040821,0.199110543229116,0.0326804469855741,0.0337020948911995,0.0653708617478518,-0.0401467691589406,0.0169288075335241,-0.52548054265347,0.695470591879383,0.719738197540427
0.465466792002984,0.161876438368823,-0.0564766430408245,-0.0574896432596492,0.0227229083336408,-0.076705314673637,-0.00792671299453226,-0.564581257424325,0.66541040473509,0.670295361341714
0.481351803363428,0.165375074142648,-0.0306291691552815,-0.000409866523927124,0.0438685030839135,-0.0684299502813838,0.0333715972927538,-0.549717881274489,0.676580460050525,0.694132232472102
0.463786413605811,0.193072130895753,-0.00714833272296374,-0.021863123266286,0.0361338455640283,-0.0778486985519333,-0.0094653685909364,-0.537517308091169,0.67349789643561,0.712100037362068
0.490371591265274,0.201272149905405,0.00162913038151712,-0.0111430924669108,0.00370764867595484,-0.065901466227299,0.0183001453298627,-0.550983873737716,0.707488595986676,0.702794038561687
0.461524587750477,0.166794368164809,-0.033665879339765,-0.0102738861766773,0.0209046454164564,-0.0734568025806033,0.000812762981487095,-0.571218344221674,0.672136938623508,0.687254109241199
0.490901037259872,0.192176655874589,-0.00604141432065092,0.0105110017378009,0.0563949953677984,-0.0388418617902496,0.0133213606739749,-0.546543397154525,0.701595575803366,0.709529758913707
0.4983719294278,0.181417257268244,-0.00216151541378178,0.0133740215912135,0.03833144154978,-0.0374222374910225,0.0246817212003993,-0.526476243676018,0.699215192108251,0.720431005489929
0.493533016217609,0.182590977601197,-0.0126268292632838,0.00124065707330026,0.0338407792208253,-0.0357471959600525,0.0205591958042945,-0.537006730805475,0.705450425186392,0.71382709335873
0.478040666639042,0.178502599051122,-0.0159462582670464,0.00904469478573931,0.0328164977094879,-0.0375794379361154,0.0307293115565146,-0.541599684466028,0.703121935361929,0.712824885496907
0.515167800608102,0.201805695076967,0.0182228622368094,0.00609305981520222,0.0574658108549829,-0.0317638499487561,0.0436296782073062,-0.541058357189096,0.699282502534129,0.713202339499266
0.509536610579352,0.213895449174358,0.000424933746423968,0.00521078764767823,0.0673204435571615,-0.0386277825376731,0.0216330811140708,-0.529687774237678,0.709434506880696,0.716467686205109
0.488564672290957,0.191934038828171,-0.0476187541117712,-0.0499203610403477,0.0279543054013363,-0.0553898317614304,0.014193279585254,-0.560310126688129,0.667112913367143,0.694884529711047
0.514663654694156,0.21346057991471,0.0306876350237073,0.0252331922750208,0.0603591533152991,-0.0405648728541953,0.026131222360796,-0.496730647402768,0.726708850054335,0.724707082245948
0.482977946690156,0.174335505800671,-0.00706551879343412,-0.00271604458607727,0.0265301796246329,-0.0527111397744462,-0.0130840021723963,-0.56041257463353,0.686773318735793,0.715694433415704
0.42775374877347,0.128109776725121,-0.0684263193981907,-0.043140929764195,-0.000592035397451271,-0.0983921371853102,-0.0263738695803355,-0.56582754301495,0.661412196439842,0.673595402247514
0.475927696098054,0.178326721826304,-0.0483659535413773,0.00555934695272224,0.0164219570257409,-0.0417753265194591,0.00677692421669149,-0.56162454137696,0.660071507568134,0.720297567240286
0.498506144924135,0.182561507044295,-0.00166056964505096,0.0174446464985346,0.0541513575760964,-0.0249219219710213,0.0284024600840731,-0.513750088719962,0.700786391297213,0.748087395366603
0.489028907873123,0.215939449836794,0.00163636479288124,-0.0199830555619615,0.0526025473035389,-0.045163819684866,0.0358031003003264,-0.542470579437609,0.727534702509115,0.726790543365209
0.5200893237708,0.221712592993167,0.0118444850013866,0.035806099972857,0.0754784338466639,-0.00933516725132695,0.0117136125373186,-0.528550381589724,0.737158252133956,0.729103939885656
0.456649219505566,0.13819347421195,-0.0372528776229253,-0.0483624982771839,0.0131015904989321,-0.089763522697077,-0.00174623444818303,-0.584717192216011,0.667977326524678,0.687382187003889
0.495052104868886,0.224662636873748,0.0372479393232152,0.0584433106354582,0.0676669840489121,-0.0118266688239614,0.0422172024484162,-0.510203997142953,0.735357690142016,0.73976448625793
0.495627582627463,0.157365299883842,-0.0138902843455527,0.00302976972138087,0.0513402426634312,-0.05912092660325,-0.0104414295502259,-0.572009298559021,0.685035489209314,0.713095777292156
0.499178693994852,0.153879550885261,0.0161129985655292,0.0335873719946062,0.0521541928960019,-0.0598839552544083,-0.00628629613937704,-0.543653067188889,0.704374629757486,0.730392717264769
0.539427425779242,0.231454531052556,0.0512306752960764,0.0535551820462521,0.0784171761640292,-0.0118797545905561,0.0571733706478342,-0.502649492425159,0.732351519171269,0.743076604440478
0.528386778536298,0.231347667994622,0.0262137174937224,0.0329870544029621,0.0672147079317151,-0.0215983568556965,0.0486083645079449,-0.500646843948631,0.74152948619195,0.743893861970101
0.408366380262574,0.149742519386604,-0.0603541420917307,-0.0491675608665492,0.00815617993985021,-0.10425711882696,-0.0392134296592688,-0.569871562891495,0.636500430427228,0.693709018506037
0.523633398384482,0.227132030568802,0.0281479252395818,0.0398474017389049,0.0814575896388297,-0.00795695935016436,0.0564231977882237,-0.500431477949026,0.739780863362332,0.74492900516387
0.515066903397828,0.203582225417905,0.0148497857598695,0.0190738849637955,0.0753870132813337,0.00186162219009125,0.0295122229836656,-0.511532769650378,0.731866187045794,0.758580436217198
0.531586628439576,0.213731180260531,0.025048012399265,0.0212993280876779,0.0667039402416631,-0.0103520688239713,0.0616809703911465,-0.515313412898558,0.739552484229341,0.753920761922682
0.534144624221716,0.209546755772867,0.0140065479257364,0.0200011034585697,0.0852318965855375,-0.000833891513862754,0.0493998445437734,-0.525859482598782,0.735316860170402,0.751381810617925
0.537007223142889,0.229971891495944,0.0233718622054286,0.0290845461936102,0.104530026357045,-0.0272504661466406,0.0532397711837175,-0.492719210303125,0.738001154189635,0.749407540259641
0.510102723317238,0.219819357988031,0.0126616038095853,0.0104187584015637,0.0649093842776531,-0.0112211427349562,0.0617929176527378,-0.518485118947921,0.741851015012693,0.759671262948934
0.552705208198239,0.243615934079682,0.0553393518306146,0.0648638640897218,0.101249980371831,0.0104099990920593,0.0672812946312566,-0.490832231080583,0.759585857301756,0.776577234024532
