0.463942088087028,0.172991154106772,0.00447685364254462,-0.00671657610922851,0.0538861697397081,-0.095946184401609,0.0255201454615844,-0.534357725509862,0.624643935682798,0.590005301862467
0.498969730931288,0.170037677608575,0.0191740747416244,-0.00296919965632676,0.0400045042619784,-0.0869337912823419,0.026732584810019,-0.516873145462938,0.643332925122788,0.609704654587734
0.498969730931288,0.170037677608575,0.0191740747416244,-0.00296919965632676,0.0400045042619784,-0.0869337912823419,0.026732584810019,-0.516873145462938,0.643332925122788,0.609704654587734
0.515492082000652,0.200811764249465,0.0345611180620694,0.0195195559658622,0.049000006510854,-0.0586146175358818,0.0501208906570955,-0.488517757939308,0.663010586292203,0.62469715833586
0.467611740987959,0.166151272612112,0.0156767304177195,0.0194061569581881,0.0520804902144673,-0.0772748717258749,0.01336877370982,-0.514254498865169,0.6357874867143,0.630855223406903
0.470667292281309,0.160505469903637,0.00357547558010924,-0.0218590351289672,0.0100691357754639,-0.105078642350078,-0.00357821291967135,-0.534783433159743,0.601075639754614,0.609017216841896
0.480549453991115,0.164990230790176,0.0353749673165265,0.021713455280061,0.0541286862219486,-0.0741003321628204,0.00562798100884248,-0.486085824243177,0.663439410275132,0.629054564432446
0.507965233180164,0.17318804208151,0.00657013489078169,-0.0131426843425551,0.0689587771255466,-0.0775066866528385,0.0383934210585614,-0.521306904193328,0.631223595172379,0.608432563360621
0.456655285612932,0.163467613209453,0.000726069660638685,-0.0161908472321531,0.0092920256927681,-0.114236527699525,0.010879777915408,-0.544631168590028,0.621406095174808,0.597720443760582
0.452852491796415,0.149544861577698,-0.0373134207632686,-0.0267548894836228,-0.0191738070892904,-0.105621857233263,-0.0343914622832282,-0.536415080127787,0.615359091007961,0.586766998646812
0.479803684222572,0.175086947252493,0.0268141903735021,0.00839823674130187,0.0172380718484029,-0.0841763227058474,-0.006899795340062,-0.532543447310645,0.660392887318157,0.607580416891397
0.474660943372814,0.13305950129887,0.00837353270874134,-0.00558945870531577,0.0323034475100755,-0.103200724937199,-0.000398465047439577,-0.553116162809282,0.616744490195984,0.582090809102048
0.487640528196588,0.184332828660829,0.0537986798704698,0.0178106228186053,0.0381678816813835,-0.0971611994086674,0.0265847074055501,-0.524364234387956,0.652022514309918,0.613378859710957
0.515033127804281,0.197523934480139,0.0281695769905,0.0365008612315966,0.0418785672304942,-0.0636121187852571,0.042924488857995,-0.499738855465079,0.649758283871985,0.635653218767183
0.480600918160008,0.163918318513414,0.0493164351485258,0.0170265930118157,0.0335586037813753,-0.0658864941466462,0.0118608965666602,-0.552067945103536,0.633987752240471,0.613197503865669
0.483219819002256,0.181618666565129,0.0259138992951441,-0.0113596489064275,0.0414848171380805,-0.0750023742763874,0.0139580534125559,-0.529571996596823,0.648306574958232,0.626987623183625
0.44288494546164,0.131640424862728,0.00199230960568164,-0.0514274854000126,-0.0133063811871822,-0.119720276342996,-0.0399216735503134,-0.55732189348944,0.602506731660702,0.563305856996628
0.493072897469723,0.199046044709888,0.0463778737176504,-0.0156755643385013,0.0541021981605281,-0.0896467577501837,0.0328451826351981,-0.521750349001343,0.656943572441351,0.618997615139648
0.47212596405009,0.158429262352658,-0.0255846526447252,-0.0125933513179972,-0.00573644446128018,-0.106412876339679,-0.00541362792505371,-0.536458335544434,0.603385002053107,0.608336995204088
0.465137231710957,0.139530611650727,0.000801105309814433,-0.0233941616861879,0.00346256565175968,-0.103782069898664,-0.0254316082630713,-0.54951910086614,0.627836671298795,0.589901905284894
0.523188390832107,0.195739112605362,0.0290129053263321,0.0103196104840576,0.0538437384910177,-0.0524510326616523,0.0379769626211135,-0.474262871652474,0.669034360119575,0.64302132958357
0.453417381185574,0.157478718328061,0.0111102772325159,-0.00967240895824841,0.039095019187347,-0.079119018247181,0.0139036938431806,-0.540535956704556,0.633641169214989,0.626118562138973
0.465913464530003,0.162315980955615,0.0269831073044641,-0.000942440406249179,0.027060770109363,-0.088937737678809,-0.00858238339078836,-0.548426602002789,0.61842711927897,0.620091374562095
0.446129548154147,0.149151073851616,-0.010302407735581,-0.044343701560119,-0.0233807342199715,-0.105386163585268,-0.0326155863901655,-0.563685932926198,0.599766119313181,0.580211794789259
0.511534831045164,0.202604942603857,0.0562298966944902,0.0283053754422935,0.0631553879282601,-0.0620568003886652,0.0434512741221918,-0.490631100954673,0.673012019557294,0.640032199707625
0.519458188488319,0.188693464935969,0.0444160911173953,0.0129754515589298,0.0449995127475836,-0.0491042718862116,0.0595316974507725,-0.514244734940345,0.656880860833879,0.637455060675638
0.480488788887572,0.156352631717698,0.00842910004844122,-0.0154729949458424,0.0240147164807861,-0.131100019844001,0.00571317543123825,-0.558331142755734,0.617915917218225,0.588238675957239
0.449577582709939,0.131044668661299,0.00180089315029937,-0.0165498673649623,-0.000259270918689918,-0.0950774943708055,-0.0225564101224053,-0.561846418634955,0.616726482496449,0.603645359697166
0.443314434928679,0.145805373112681,-0.0125568375273214,-0.0237696080269017,0.0202227289024363,-0.0815187596978028,-0.00608366236170109,-0.574724702201974,0.633716074902735,0.598889797301566
0.476466395926211,0.190975380510903,-0.0157243934573548,-0.0168510823073138,0.0201205389961369,-0.0938415629177596,0.0222893036216189,-0.548170181167279,0.650678122453341,0.619214047796575
0.488479782729955,0.168813104926152,0.0324895578620494,-0.00653998696737975,0.0376597585807124,-0.0964097670126431,0.0119729278791241,-0.538847749426014,0.64250062632893,0.629042429119524
0.497215680723975,0.167886960656921,0.0554793993553888,0.0268390308900656,0.0607115266854317,-0.0586960122029323,0.0366595296507433,-0.504561587010189,0.64202668639348,0.655552347634165
0.463376799335619,0.175621665065879,0.00592389429764285,-0.030635725154018,0.0100719521420071,-0.101655714273056,-0.0190254548333212,-0.560860700071173,0.614812683606036,0.611995119435499
0.443068285115147,0.121805586101306,-0.0189206168052884,-0.0578888135440726,-0.00749011151260118,-0.136687854295753,-0.0303234798966952,-0.558161999580628,0.612614601465655,0.565695041804856
0.529954238677415,0.19921227949682,0.0455023740066261,0.0222182066405248,0.0734493203154901,-0.0579160420924208,0.0552183419314583,-0.500809748589946,0.66019949183943,0.644498578380555
0.457584914200266,0.154517723658066,-0.00813656592568792,-0.0347061873566468,0.0108994787984122,-0.13256330067092,-0.000380280142282599,-0.562989567625608,0.631914076760315,0.592784953434132
0.463567054638204,0.144134681449911,0.00565481932011255,-0.0441453672331084,-0.00276815880250544,-0.128224389765435,-0.0171894075671965,-0.563079625272832,0.621948159838636,0.594975112400785
0.525526965235492,0.204225932088463,0.0551019459324817,0.0407039600276872,0.0734047624695391,-0.0563819186423079,0.0477943978004467,-0.480688522893851,0.68106573224928,0.663276583857516
0.43569728885595,0.152732150936417,-0.0104317903619685,-0.0255489093695829,0.00333592544152317,-0.106518308933646,-0.0237506197931193,-0.569046551180554,0.627588487350271,0.618659179990936
0.509117670114457,0.179874096339738,0.0200302319357045,0.033961361703972,0.0353957705947861,-0.0871161475326335,0.00611057915771603,-0.529342468620058,0.650316391526314,0.658449317859716
0.444499859846445,0.11693219123947,-0.0426793756706483,-0.0711001481653487,-0.00132958603574082,-0.133473974351136,-0.0180104536246044,-0.562422783265198,0.592930893542184,0.583755744430007
0.520589349942165,0.146598484513414,0.0349409281453992,-0.00354232657836949,0.0358716122210737,-0.0758025964604068,0.0184851828177018,-0.535771850588745,0.628516192436757,0.644659929083353
0.431739458738152,0.136047596042956,5.99053304417077e-05,-0.0180315189336967,-0.0223561966758835,-0.138994127417389,-0.0288212789382568,-0.577888513312692,0.588604104213739,0.585137056711796
0.471988742879496,0.122104242591631,0.00463000139392713,-0.0600768484875928,0.0167575147186434,-0.114497806078749,-0.0201681969898901,-0.570706031890016,0.619860238255772,0.590885943410725
0.509732712481576,0.182826086295109,0.0570471329516904,0.0168772800715299,0.0780920913967275,-0.0581238654359389,0.0556918247826985,-0.49995861924786,0.694305205018163,0.637988068607397
0.51621093270161,0.212004188901179,0.0785272358612968,0.0312985488524609,0.0762024981967524,-0.0452375494783869,0.054904859242912,-0.492650247489758,0.684192749363016,0.671506166136052
0.461408671291959,0.154652357026813,0.0458051003332457,-0.0384933395634973,0.00198735546404456,-0.112973097119495,0.00324194453841808,-0.561593457576632,0.655602533854878,0.633771228914309
0.42114204190727,0.115706257798104,-0.0369217511251108,-0.0574621423397292,-0.0304084703519055,-0.134008216195327,-0.0489710450244847,-0.581920059106351,0.585148428158758,0.567677078540826
0.514060658670394,0.20491458351947,0.0519528125928219,0.0433163811783111,0.0585641103236575,-0.0325554571113399,0.0601551583321449,-0.508885106483549,0.693825608880833,0.674209778902131
0.550445368695007,0.236120970695285,0.0970088423608212,0.0526322189199302,0.099981420290053,-0.00807478662884028,0.0776956923763867,-0.459469490983376,0.704775832267082,0.689794962153471
