0.57850904695032,-1.20369648128168,1.32292994880955,-0.186025659245015,-2.23839007473419,1.83128049139257,0.214691494610946,-1.40329780444089,0.0433256532069883,3.2992085153665
-1.22017780077681,-5.66261528508513,2.05181067734436,-2.76502116028003,-4.65589489885962,-1.53672308023638,-4.03606673659758,1.60696849160307,-2.56091637454273,3.64749679159768
-7.2733702227773,-6.83355689972003,2.63383299122202,-6.65287203324624,-3.45277350648796,0.534934648537762,-0.0651107738067793,-5.49144664154208,1.46998517052301,-4.86262945200006
-4.86159026820446,-2.35089740326744,-6.12974563805347,-6.19506058736638,-3.27106793777039,8.68466906064126,7.18680411318293,-4.11664012080375,10.6783556531658,2.93925186347367
4.65408436488756,-7.71768606649031,1.81346839774153,5.70842618185942,-4.12269787705245,-1.56537031046946,11.435071346122,-3.86078610318509,7.72290912576261,-7.37723734753632
-11.8095299719397,2.92465371057014,2.04815984449015,-0.672643477007433,11.845108634653,-9.65696750520137,10.526462594531,13.1527066338873,-15.6931187125093,12.6378437477474
1.7574046285653,-10.0575741298939,-19.3984940299574,3.49842634338992,-2.92506724403176,10.6042295993137,4.94881707419499,-6.40398602465971,-11.8465531091725,4.94805684093935
5.19411435115447,-21.4382637104675,-8.39055792911823,3.41718573838658,3.70324441068258,-6.06326614556836,8.77430278192629,-13.3867041697522,-3.71962942950329,14.7123191405822
-16.2751743818776,-13.3992364419271,-6.96082040165559,-13.0650997102574,-8.25986410273073,-20.5044329429894,-12.0935417972125,-1.44943375289979,-7.63268263156233,5.90803008315116
0.57850904695032,-1.20369648128168,1.32292994880955,-0.186025659245015,-2.23839007473419,1.83128049139257,0.214691494610946,-1.40329780444089,0.0433256532069883,3.2992085153665
22.7062045333249,-14.7887968059637,-1.60340323325037,0.57430995730298,-4.71236758643146,-7.7012842277717,-11.4011267509422,-13.0782590301743,-5.60755689580933,7.12631760957822
-1.25018817874277,-3.95854522536767,0.495954192953993,-0.852906031402631,-0.739736488516044,3.54218721747071,-2.23294092134216,0.783735618782744,0.684082154453085,0.125429765797971
19.6977518854035,2.09002816343659,9.52223494654985,19.3441512271443,1.00960799625445,8.09099820244176,5.57761225199034,20.1190489497424,6.07228500142387,24.6191747524354
-0.703160103571289,-6.08131885890406,6.98202085790046,-7.77748907387916,-22.7838446201887,-10.1687195086074,-20.7367255094376,-0.580555329524504,-4.24238863250729,-10.8891031729452
5.99774515990149,0.241922882437988,4.86910578153364,3.59881706186009,-1.27482162889882,3.51636658346073,0.589641743261957,-0.294332986549657,1.91402436698342,-0.487262671890187
-8.02368689899563,-6.02512505271025,1.87777688758506,-0.905665839155059,-4.81414765049177,5.04787531897878,-0.77446839698797,-1.02829780444089,-4.28906071042938,7.31111327727126
-3.01886464850394,-10.1215340888886,2.78069140587917,-5.34401666131504,-7.07339972298506,-4.90472665186533,-8.2868249678061,4.61723478764704,-5.16515840229244,3.99578506782886
19.1266297772227,2.45215738599426,22.4210670337752,1.91855653818233,-1.40731896103341,0.534934648537762,14.5063177976218,18.8328776827822,17.6238313243692,8.5856464100689
13.845978615922,7.69859942639561,-7.08891724002881,-24.8427741160005,-5.62699431610788,-17.8759259921157,-3.46570039574774,16.4721338007879,12.1970372371634,-2.97339514513205
-1.56986145047678,-17.10639352848,-10.2842129083333,-19.4026155209962,-5.02856864616276,-11.2413058370077,-15.4654110216985,-23.4563647939486,-4.91121980133847,1.07165838459056
2.3738595805989,-4.39527195964701,5.44005640683742,11.2749492315459,-3.12544671001395,8.8547844982047,5.28267813889557,1.70221756572205,-9.92221013704902,2.52983866392283
-2.09465112620986,-7.1206243809682,10.9238168667696,28.4839525737181,8.13172761245667,-3.71417405406198,4.24579197307984,10.4474434915778,-10.0638172039359,-2.21031529415731
-6.81533679892696,-15.320259568433,13.9051810310606,-14.2002345686152,14.8964313538372,6.92987970259888,11.6115213055119,-17.5147904784336,-25.5185072507312,-4.24925373999231
-2.53755389966362,-4.15067356565119,-2.7728952120932,-0.749030924859463,-4.34362626588126,-12.9904472922745,-3.80823912420764,-3.97019808776688,-5.32890904433327,-0.183299643640776
4.81564941312294,-10.7787952955109,-1.16900553506142,-8.3706410438604,-16.2233524807492,9.4611506212627,17.5441544844513,-25.6793159039884,-18.5841253271852,-4.51897330281531
17.6461061199968,0.236851059630792,10.4754607462948,17.3559776116289,23.4038684338643,18.8189922777234,9.66646985335799,19.8259050250477,16.3580654263973,17.9906158181363
-24.5952449413148,-19.5899152544769,2.12535630683583,-1.59731981411704,-14.434482588511,-1.09377750848806,-17.811279081615,-4.21754041571117,-19.2269377308562,-20.2262488648256
-3.21161966655316,0.123030980114661,-3.91920116284619,4.05787834602486,-3.25921797384636,-14.0843597543037,-6.17420020336382,-2.75805770352514,-9.57197563813028,3.53070307591987
-8.42149095304968,-11.489410766996,-2.59011352945132,-14.7314802046996,-28.7500179817109,-16.1687195086074,-10.4995942196748,-4.93270956914678,-5.51222990234857,-21.5579343417764
-14.8437169646211,17.2426054294107,26.3199722229209,-7.12085102074408,-12.5574671083782,4.73555249305896,19.6170227828403,-16.9922171293831,-10.0826720841994,13.2290405241012
-8.80895868925709,-4.65858971095975,-28.8570183653262,-15.1950605873664,-5.84249650919897,6.09846216408954,-15.6703387439599,-9.86132097186758,-14.4567794819693,-24.6923270838947
1.09712716277706,-10.094045642324,-3.11249885091785,-4.04031009036138,15.1879962001683,1.99504471219753,2.5394934931919,1.0027444558596,-0.223546297184658,-11.2303307475221
0.837818104863688,-13.4266488395806,-5.28502835349317,-21.7683402885963,5.01138842857073,-23.399337398205,-20.05147893467,-20.5574195314335,-11.5186817505603,-10.4873002465126
-15.1252494925049,-12.4634173181584,3.94473603363449,-13.1197184072475,-4.66715693824173,-0.761411194317045,-0.344913042224507,-9.57959547864326,2.89664468783904,-13.0244674193666
-0.482229061119028,12.8450123351117,9.21290403914459,-7.79582058794371,10.2912688796513,-6.24563105490368,14.051612267606,18.6407591354298,3.51789451397248,6.58889381732449
8.8849777638114,-17.0783211059063,3.64227726815687,-16.9996145094192,6.01473507157415,15.7113709891301,8.19047841955041,5.86119494918229,-6.52718716730583,6.70829942445741
-20.4365306750421,-25.288403913833,-4.93230087324488,-5.92970794615751,-22.6430289547397,-2.12354396734817,5.13578021128927,-7.2425640504608,-19.5080331129493,-18.724327464585
9.31766037219624,-2.2302542035271,-1.45780196556958,-7.38767594735572,11.0986736286695,1.66356705778206,22.688447875336,11.2424940278436,-9.05939187910556,-3.9736698961494
-9.46988134081822,-14.3243191531352,-19.8703019655696,-12.0152303310077,-16.0441835141877,-16.8508641816067,-21.1390453861195,-19.7536745545319,-22.206450702635,-30
-10.254824286383,-5.97642375400895,-25.3437367178571,-10.186025659245,-2.23839007473419,0.116994777106854,-26.7853085053891,-17.0032978044409,-8.62334101345968,-5.4507914846335
-25.8978950227201,-13.8528327505835,10.8982468219222,-1.5346618919042,-3.90783367388597,-26.3032548081707,4.976767384754,-6.50032061112588,-17.5421027702394,-2.58504420435681
18.4349946130163,22.5006500210373,24.7790834046171,24.3317530332684,-2.15589489885962,-0.627632171145468,7.10679040625957,2.91131631769003,15.9006220869957,18.2816431330611
-23.2406524772177,-14.2801860664903,-17.9592588749857,-22.6844309609977,-12.694126448481,-19.1263459202256,11.435071346122,-17.4091731999593,-15.848519445666,-18.6272373475363
-8.39988889004737,18.7769458493607,5.864024880235,19.6611851096126,-11.2653743320697,0.952998936881507,6.59400629411487,8.38221781387318,11.0907162724135,-7.99623095895228
8.89935238221031,-8.96869338998797,3.46294237016252,15.1598203022159,1.3463046811126,30,2.49434559946915,-11.04433563038,-21.4812170750456,-4.31688171702919
-7.83415210861666,-9.70019747572776,10.8005998714146,14.159512417523,-5.3915812082019,22.4308043018681,2.86923779956544,-4.86220272461176,-11.8571111546495,-12.1684507563323
-10.3016895833592,-3.49809832525321,-13.5824212249165,-12.2040955154877,-4.3037458008066,15.53805762989,14.1589167317549,-6.82998243716661,21.3133856531246,2.57929521158084
0.57850904695032,-1.20369648128168,1.32292994880955,-0.186025659245015,-2.23839007473419,1.83128049139257,0.214691494610946,-1.40329780444089,0.0433256532069883,3.2992085153665
-10.2558255768224,-2.92936286873792,-21.3293730524875,-3.12567188646648,-6.62579484479605,-8.58103307687873,-8.77147205873289,-19.3355210888904,9.80337476192297,6.55321528729945
-18.2857453410632,-4.35814185035796,1.35915521388172,-20.5191270051539,-7.0851205568333,-8.73678422631741,-8.14077269307129,-4.99856043561932,-16.3135782861352,-3.55170624501767
