0.413706354497086,0.156766246249393,-0.0117511137605553,-0.0294992931633649,-0.0131850448601621,-0.0110901978339178,0.0141391120040522,-0.331373231008878,0.437123522047935,0.29996833523047
0.41311452768544,0.156557120230677,-0.00490077516502598,-0.0389101917546403,-0.0106015008800613,-0.0291599316243121,-0.029499396532123,-0.340340215199469,0.418959816674565,0.315619301541442
0.445839221890691,0.160019193428925,0.00681981266436212,-0.00444317589310116,0.0192118705155416,-0.0373030547756426,0.00477174747784909,-0.336439483999663,0.414177954482539,0.343555210384972
0.391024831506507,0.161319195763073,-0.0136921892819058,-0.048339618911942,-0.0102775302357224,-0.0524768864804085,-0.0114926379070515,-0.318737002702201,0.431381055602485,0.332116776576895
0.423372804032258,0.147867705298567,-0.0332479755250756,-6.04911660462212e-05,0.015165061774766,-0.0436892152288811,-0.0203042205533994,-0.330924702128878,0.437750136363643,0.327278852843446
0.428811431583197,0.162692118924409,-0.0201659709945648,-0.0104065312239089,-0.00283045093654585,-0.0350151794603964,-0.0168162060896232,-0.341011534009256,0.432144881550236,0.338384347189274
0.439053475050082,0.178774151620883,-0.0119737133056199,-0.00608940098501652,0.0147588801103618,-0.0335576585196943,0.00841537020596501,-0.339896476519888,0.444213777466031,0.334115781934126
0.39094841068651,0.106209090312723,-0.0354151330257476,-0.0378209714850433,-0.0158862909824609,-0.0354358755753801,-0.0404931522833845,-0.352938294946823,0.429137605120262,0.300010889025559
0.428391935571867,0.155240923311504,-0.0193067246349321,-0.0279797618975649,-0.0244952119151163,-0.0357012156822325,-0.0289618786259119,-0.350894968246549,0.421847084668962,0.336123284269025
0.399274289961966,0.153383689819602,-0.0214312278972352,-0.0165246006751048,0.00597168836527283,-0.0479379463988195,-0.0153034536373164,-0.361765217829618,0.422871797496945,0.333383851332675
0.415159026754263,0.185343292118305,0.00307955048685407,-0.0252695096473637,0.00598672442172348,-0.0616370204051548,0.0229395558554477,-0.330657168428693,0.430927984787556,0.356000754338393
0.415258873852349,0.165113692923814,-0.0169250740561803,-0.0265451400908943,-0.00902309442847618,-0.0098674347603126,-0.00794275606579251,-0.338033311556362,0.446984866520318,0.339410732791518
0.421864862655594,0.14176675298903,-0.00834542853668829,-0.0193594330235048,0.00958823449206461,-0.0214498615893661,-0.00189175368198593,-0.346722288730817,0.448292363405455,0.333287956785385
0.420391105377287,0.154880232139208,-0.0203532222679016,-0.0366231014572342,0.00210519187609897,-0.0332916341056864,-0.00518888349976386,-0.334040890584884,0.443857941632426,0.343789720723413
0.433236808332043,0.153579838293962,-0.0249908998264504,-0.00650771843769236,-0.0010697863286173,-0.0270218847946901,-0.00951184526919023,-0.364873248183797,0.436997446024222,0.332562001496742
0.410563232826453,0.154721455895012,-0.0127953196449363,-0.0389974226111019,-0.00364588964637518,-0.0384839409483214,-0.0242452588987367,-0.352328227187481,0.432945830660579,0.342156263318101
0.416687134827012,0.166694825802082,-0.00467247806149446,-0.0272451916095746,0.0402976908803796,-0.0105094971778346,-0.00309251769711943,-0.357509214863946,0.4372249367515,0.347969599613491
0.417951831387687,0.141362485567353,-0.0172865893315067,-0.0439304179379527,-0.0151502761413396,-0.0453236164288962,-0.0160005402442808,-0.358822274161365,0.432421181266745,0.331213066842882
0.424795111297592,0.161908643675131,-0.017841555501295,-0.0310876383355911,0.00181847657353173,-0.0362803939093415,-0.0126158715947586,-0.349917619352929,0.443272720518187,0.341914197423192
0.427426227958858,0.16552014608865,-0.00889498093989827,-0.027401492318118,0.00365850128812748,-0.0317887641843666,-0.0121861727935497,-0.350884266223357,0.446407195252759,0.345807168393506
0.405078010608028,0.144128683388261,-0.0301833817631184,-0.0313695174930398,0.00140415482456914,-0.0695007272735326,-0.0496888111604418,-0.365023098333647,0.4146864237132,0.326284371081181
0.425317212556613,0.165038701474613,0.0112028047367974,-0.00865746780797191,0.010167492561077,-0.0331292257077459,-0.00331544164930444,-0.337123193187594,0.444954977474861,0.371527525839986
0.406491221718173,0.138746384946908,-0.0283636621944179,-0.0562584765447009,-0.0214307419664302,-0.0318354756582747,-0.0403925699952181,-0.347885574842947,0.436496879208299,0.335221998246561
0.400704072974281,0.136741063352403,-0.0329759431655173,-0.0545615051722698,-0.0180045350441221,-0.0545606876328044,-0.0341655698370578,-0.369619638212967,0.424315448070844,0.320641145393082
0.421859449664147,0.158360413256085,-0.0244550255705841,-0.0240825602516571,0.00911446084240146,-0.0344789935935173,-0.0256025783144032,-0.349324161259289,0.448652665405597,0.343941175108914
0.386866787399417,0.151166079103004,-0.0244349964799138,-0.039617124786915,-0.0151502761413396,-0.0450386721711167,-0.0234432084408292,-0.37326188860098,0.429623978469542,0.332170804757142
0.401903556849235,0.124345960061751,-0.0454830268200951,-0.0712545191406205,-0.0228973405686529,-0.051154205807671,-0.0541122433856605,-0.37258230242213,0.406920106325461,0.309613118418045
0.379906820697552,0.0998087110309879,-0.0503034704947303,-0.0613174749815468,-0.0323698074659774,-0.0634079035474081,-0.0438497956400279,-0.388680330688859,0.406334321447413,0.291329914827343
0.443797475497298,0.164494025716303,0.0138676524999222,0.000842587178515392,0.0182692086902802,0.00372496358545908,0.03407228228205,-0.326171411037082,0.473662342263806,0.355880748608947
0.415625528658159,0.158286000923471,-0.0435559721226286,-0.0662894336450837,-0.0155223178926917,-0.0527677851633875,-0.0427011123993984,-0.380410295749387,0.421232370077933,0.305947028533366
0.440882960451938,0.193108552962657,-0.00139468005451115,-0.00695122829623077,0.0291354555256833,-0.0247058825122097,0.00619311548197275,-0.320890593122928,0.451075637230309,0.389213362433982
0.405712243143849,0.129754916641411,-0.026383965089516,-0.0503217495719863,-0.00613523948087322,-0.037805226677829,-0.0252621979778023,-0.376653858199535,0.441994874228582,0.321363229657759
0.397861112364626,0.136644850963025,-0.0207642404365668,-0.0293430937074767,-0.0240845935019048,-0.0398785342129058,-0.0418511446910405,-0.369510888404081,0.425355271377942,0.347604505873612
0.398293175231027,0.17132188992686,-0.0453003258736713,-0.0250360915071582,-0.00190237742442424,-0.0613911160167324,-0.00463454839206066,-0.377319808329813,0.425798421137673,0.336202814344837
0.442604186413898,0.184850262109238,0.0113132244928848,-0.0063200711542039,0.00734994712085422,-0.0104883504328375,0.0274451491342688,-0.325434112747337,0.473341971116455,0.369610054236055
0.449249127618433,0.166113275353424,0.0145330328818246,0.0215564289304229,0.0270021130695491,0.0177501594603895,0.0196004857707632,-0.318741783217679,0.480392571944007,0.362100389009988
0.456687360374118,0.194928317893094,0.0181289979936955,-0.00442207003984733,0.0356412114487492,0.00362656690788629,0.0142656623248897,-0.317800095553663,0.473142998000378,0.379035021853228
0.395303199147071,0.129888086179212,-0.0489393399497535,-0.060408673498775,-0.028446836332914,-0.0641521204099457,-0.0354697997523581,-0.386376322982924,0.407527258716781,0.316043302592436
0.450208794468003,0.174278420478943,0.00649037265961695,-0.00204643471655999,0.0141594474699131,0.0045281607053617,0.00871621595567312,-0.331156150421215,0.475733318444738,0.366012300223304
0.429624883406271,0.110672011793853,-0.0154532917606762,-0.0466653680667492,-0.0294511378869384,-0.0610704419345248,-0.0223549552301661,-0.377663912790387,0.439645112250654,0.307483725333162
0.383186858282093,0.106366445626024,-0.0481653997451364,-0.0583425444660668,-0.02392900258406,-0.0865947443675497,-0.0608205365778815,-0.386002119312668,0.400700409727186,0.296913741710552
0.451811871206904,0.188909091677514,0.0169985056578941,-0.0152342341047895,0.0397466198318574,-0.0213414524500349,0.0180718679867432,-0.321483867952372,0.477438877730863,0.374646046522808
0.462349147335329,0.19683827409725,0.0216048196901404,0.00533494050080776,0.0440632338341409,0.00866640785235556,0.0367691584582781,-0.292082848626842,0.485815983590468,0.385747762681455
0.422178953736713,0.15680627178498,-0.0393190935701841,-0.0380022942599861,0.0194805911529633,-0.0387930310580145,0.00258212341230451,-0.356969994418565,0.457290380002197,0.357886551758441
0.463699983095016,0.199736973473138,0.0300199669552175,0.00843440494846496,0.0449913750766127,0.00843522248793037,0.028830340283677,-0.306623728092232,0.487311358191579,0.383637055513817
0.463822904613636,0.183724794947072,0.0336126134213537,0.0225986089345372,0.0515462764501066,0.0205081803686759,0.040066288276056,-0.304764246772775,0.490250405363497,0.375245998743427
0.471130002687762,0.193646704079958,0.0314501371990466,0.0175737086844379,0.0518413338585336,0.0103134180484346,0.0241759142368646,-0.310321426079229,0.485141838888138,0.397573097606959
0.461861981430959,0.203821244526412,0.0339384079101558,0.0140277926827902,0.0480165744068022,-0.000929658735985935,0.0300071392959966,-0.317394089626424,0.49049076755453,0.392360215580835
0.453351603408378,0.193771813743307,-0.00507015694856765,-0.00626319066950009,0.0266384864527959,-0.0185564167982354,0.0418157845218861,-0.308567356127535,0.485004953570407,0.395584576367826
0.473596258392942,0.217005584815706,0.0274850612630459,0.0255510890388276,0.0567085472881562,0.0138032341933752,0.0480012998782634,-0.309026603978226,0.49221731102681,0.395290337058219
