0.387897101320503,0.142961059027153,-0.0171050669959095,-0.0356502145554477,0.000679654685297407,0.0230153869986229,-0.0177195371083692,-0.221977869971665,0.350478813016286,0.225043427388928
0.373785381052066,0.134732875685234,-0.034470528254709,-0.0627220233436744,-0.0269009736415996,-0.0220640532104324,-0.0329512962014668,-0.258606353428507,0.310541545399235,0.218231810984148
0.396647733483724,0.153751385109255,-0.021329844469781,-0.0297697690646473,0.00311530494586709,0.00796426442125066,-0.00562212386015264,-0.240767103936606,0.346870695566844,0.232690894403392
0.406947178656293,0.144636821462439,-0.0220741065353747,-0.0334497296514336,-0.0138712550866601,-0.0227309744118314,-0.0298936124252455,-0.260017961037386,0.336469693856319,0.226122723321438
0.414610352323483,0.128424101188189,-0.0168269996059099,-0.0461568897795981,-0.0157162810710935,0.00574955806857449,-0.0182311955622407,-0.258046181886636,0.334396669790262,0.233110913467777
0.374543804150565,0.1469714764584,-0.0149774908790647,-0.051455693371767,-0.0201489790875402,-0.00825812451306406,-0.0338755532393231,-0.254663429324241,0.343687395907981,0.21600597056918
0.403462555400224,0.139670710734582,-0.0289683062943464,-0.0390762960293155,-0.0127346869918935,-0.0191225266015284,-0.029515292026072,-0.256450696955153,0.333537644224675,0.234326118915566
0.39457727268217,0.121771624665114,-0.0393986716032176,-0.0496543969618439,-0.0228997248005059,-0.0141774688676331,-0.00597227924160316,-0.268751697728527,0.330759518565651,0.219063544742567
0.381051105217165,0.112414997989075,-0.00329523588538675,-0.0426031818146425,-0.0198406095003607,-0.0281307477099627,-0.0193702696209217,-0.260166733347096,0.338912089373578,0.239143053000232
0.36449303984447,0.133948518686352,-0.0426986147147649,-0.0516254189927935,-0.0428378391823901,-0.0357455725042828,-0.0371333529790216,-0.27364062473244,0.327360452748583,0.199956818411656
0.429372489431918,0.15163312073227,-0.0108647992021514,-0.0420132595647048,0.0221736432312235,-0.00153237553698767,-0.0276312533815818,-0.239545366335968,0.340594534765855,0.26757633006026
0.37415977640866,0.126694157876436,-0.0168288114565357,-0.0505589650305911,-0.0206296068587462,-0.00611991605584562,-0.00728536192204261,-0.264886725071153,0.352856112484894,0.221154072561021
0.400563384901821,0.151117495732609,-0.00246214212937473,-0.0234219229681759,0.00684664822944918,0.006831854019398,0.000593134160594064,-0.257650180521175,0.358212107628792,0.2471363468761
0.399796837220142,0.130071444889794,-0.0165244032476189,-0.0414708911003692,0.0006549505444076,-0.0176544061298406,-0.0268879496931025,-0.259347385934317,0.343687414049737,0.245743195869777
0.412458535001003,0.142038238003059,-0.0342783866560026,-0.0112883370487375,0.0178070464629986,-0.0139411695524542,0.00776488843895977,-0.244672188464737,0.34513496421557,0.26589488618247
0.392048667021827,0.123417752728351,-0.00396606434812191,-0.043208163921523,0.0391010286306781,-0.0114532233284042,-0.0370994877951133,-0.256232156729225,0.346535718125135,0.242784677440767
0.426393541640058,0.140054262072081,0.00196018336037756,-0.0266890117783002,0.0233929854306225,0.0136280541512112,-0.0110478608986602,-0.24617372598433,0.36044823017018,0.25531394788248
0.41472663552682,0.150833683773025,0.00106441676815759,-0.0137839166338818,0.0158419970665575,-0.000349483868760509,-0.00093874237209403,-0.247745871366194,0.371288989717848,0.248771810319294
0.401417241602572,0.144851141566195,-0.0157885255566688,-0.0199721156144845,0.00461514575557581,0.00199358516627052,-0.00431068607391086,-0.25647451670107,0.350992296802447,0.266803138475826
0.392540694979329,0.133209545174827,-0.0153778621268586,-0.0348612280332232,0.0127998640000627,0.00408817829303379,-0.0101423038706542,-0.246622416098673,0.367303279882373,0.247377947687508
0.369685611367475,0.103171794649649,-0.0293767217797985,-0.071080553263061,-0.00575740552714294,-0.0420472367350184,-0.0507420063005065,-0.272967315204891,0.334813540318104,0.208071609347119
0.372147138498438,0.100858316479268,-0.0569093336484874,-0.0611158643795004,-0.00318543600636655,-0.0161069214904891,-0.0556212300544527,-0.269545407605453,0.323582323882514,0.226718769391632
0.393266075614129,0.126374959100025,-0.0289123818852493,-0.0320222913094073,-0.00303472602210968,-0.00923923406698392,-0.02169705929648,-0.258552529213481,0.351688343469857,0.252140926853716
0.368652256027041,0.115768937612374,-0.0418145189479399,-0.0749408186452537,-0.0337735660608523,-0.0389055539385909,-0.042654812445044,-0.280833092003884,0.317106791291754,0.218911064274671
0.385820926063286,0.137254418018797,-0.0267140655095462,-0.0512779090124211,-0.0205692524218898,-0.0231032784536733,-0.0208370439080559,-0.276802184825009,0.345108128091691,0.231474782797873
0.404041900692802,0.144194176095084,-0.00625943359188887,-0.0212591630812372,0.0140435386689915,-0.0125144180429311,0.0182998604137936,-0.24384060880395,0.378037934619462,0.238399831490225
0.417067210580946,0.152469148855418,0.00209782426176506,-0.018931077084722,0.0185831201318779,0.00354225773476137,0.000962206536612737,-0.243506689539917,0.372951483604736,0.25707108061415
0.390127833073065,0.147894322154315,0.0114588080195266,-0.0314605510850125,-0.0100068831566824,-0.00329167238635365,0.0234496308976878,-0.254287972823787,0.377575879330617,0.231572455105009
0.439687525459432,0.132572914083848,0.0264045979632407,-0.00856915002128669,0.0288945934032616,0.0317927822699342,0.0181048260586203,-0.223122590910177,0.360450683039009,0.286732943854405
0.429310311738193,0.175730132312768,0.013318449536751,-0.0118447477170978,0.0334791812042081,0.0308558241184068,0.0145283192783844,-0.216603935338777,0.375659219959354,0.283184524592698
0.395121191564382,0.145668818209122,-0.047137744987511,-0.0510079236400113,-0.016806934824332,-0.00651513686587853,-0.0390715745034632,-0.289247309832232,0.328745461228812,0.233276861650128
0.389903591200127,0.154441495122483,0.0140974246364555,-0.0290216036661635,0.0139232304610399,0.013517237659632,-0.0220533681406266,-0.24605547147464,0.375040711162416,0.260031273577369
0.412266812020461,0.143665986676886,-0.0228160476507842,-0.0354087094368614,0.0176261046052166,-0.021079899387916,-0.00597251309634551,-0.26365938414775,0.357166363389772,0.259901044524517
0.431093549647118,0.177182802539669,0.0130455496575607,0.00304299402049005,0.0439606557940049,0.0253347523364085,0.0101208627486755,-0.221421539069533,0.382854075584969,0.27458398478947
0.381877528825575,0.0993459676388616,-0.0669310809989661,-0.0564650816918745,-0.0417132357264237,-0.0355751204353096,-0.0659602595777607,-0.257692734104553,0.324616098795288,0.224729207236383
0.364860912075666,0.124486924511908,-0.0408188390603729,-0.0663155267873863,-0.0208874985601769,-0.0211773436271459,-0.0289294868369416,-0.279499986289676,0.346950498335561,0.223633035882894
0.386213057005432,0.104193516992483,-0.0568618304380088,-0.0519452227901934,-0.029622477490621,-0.0342698221935392,-0.0491676748007316,-0.292328003813263,0.324339828637886,0.214279446872991
0.436200577795621,0.191720664016306,0.039671747380104,0.00512058181236356,0.0426376966433394,0.0405598900105257,0.0248243417378688,-0.202636204174775,0.390719169674553,0.281834253317934
0.415985814407396,0.141694388041616,-0.0402307706890369,-0.027300792492776,0.00674537863211666,-0.0219580093549501,-0.0403259470583262,-0.282665092309636,0.353320630560748,0.2358042886801
0.412453931681146,0.159980855994641,-0.00987011662884119,-0.0225846256734924,0.0271334310085795,-0.00250894835999267,-0.0150809692950106,-0.244295030472957,0.374619940078557,0.272593082511829
0.388276394835154,0.121930332271069,-0.0454467770246667,-0.0724071190515225,-0.0212634295829278,-0.0509589577518956,-0.0516652489674816,-0.287992041444644,0.328422827889629,0.215504777571658
0.381623602405948,0.105824511630474,-0.041976719994524,-0.0633913829143488,-0.0366919773837655,-0.0541685120890619,-0.0486928806727641,-0.290066732015272,0.330716029471977,0.211947546306801
0.376576699402118,0.12971184218108,-0.0453095077365826,-0.0550890088729865,0.0224726766514004,-0.0063116861117197,-0.0470953876484756,-0.272270218275127,0.349075291190046,0.246601950433499
0.372057087617908,0.126923808776708,-0.0326723438360793,-0.0737041037261732,-0.00867577386968955,-0.0396576548453688,-0.0597769907716816,-0.304333550274909,0.332459859922827,0.199235522944633
0.428496507933651,0.1719131179227,0.0126515676727181,-0.0164266107016345,0.0303403923043861,0.0248997490802711,0.0142805697200664,-0.227213068310018,0.383740134489908,0.286404217258225
0.432662799702659,0.167724258322832,0.0194083008303939,0.00354534586376966,0.0455214892564749,0.0264435856472662,0.0237356477754994,-0.221498852268988,0.393492734905307,0.277875658276866
0.44204624611229,0.188264602238274,0.0351516112287076,0.016537710392751,0.0383145737710272,0.034066010410204,0.0260658426959227,-0.217132734714782,0.393374382153895,0.286631528355067
0.435893528335504,0.152529748901926,0.00106441676815759,-0.000530942603399991,0.0361947786133689,0.0164116303462606,0.0137604887450475,-0.242131310939488,0.394772968425708,0.27978557267634
0.379889471278537,0.148400971807112,-0.0429782194648228,-0.0345465189408354,-0.0340174318031532,-0.0149621658349487,-0.0298827245955276,-0.294521602092738,0.371857498124643,0.234252457698803
0.449681920962147,0.200574642651506,0.0456061101399041,0.0203024617535226,0.0575288553507799,0.0421093526103032,0.0407808463528553,-0.198178046931686,0.414313331544633,0.305484771144888
