0.57850904695032,-1.20369648128168,1.32292994880955,-0.186025659245015,-2.23839007473419,1.83128049139257,0.214691494610946,-1.40329780444089,0.0433256532069883,3.2992085153665
0.685932678699247,2.48706580861414,-1.63356460259907,6.07831637458714,-8.53988166538094,-1.27533079112506,7.48533527014215,3.32463822769818,-2.0625843520582,5.48920871219714
0.685932678699247,2.48706580861414,-1.63356460259907,6.07831637458714,-8.53988166538094,-1.27533079112506,7.48533527014215,3.32463822769818,-2.0625843520582,5.48920871219714
2.88631169905239,-11.3209800958746,-3.53381399015434,1.61558003957079,0.73242716797419,-2.1159928270879,4.49449713826862,-7.39500098709652,-1.83815188814815,9.00576382797437
2.97850904695032,12.7497918908113,4.4111652429272,9.09968862646927,3.28792571473949,3.76676436236031,10.4146914946109,8.941529781766,2.04332565320699,16.5684392845973
-14.7107454765248,0.510209248499459,4.2542374227297,-8.86537242137793,6.28248460261259,-1.22828150775592,5.16974358727256,3.16890065343285,-5.93083550080029,-1.30692215022248
12.0859326786992,-13.7629341913859,-1.22870630300392,-4.60918362541286,-6.03534446029927,4.99636732208249,-5.51466472985785,10.8246382276982,16.2866979445925,2.43038518278538
14.2373325763621,5.77547018538499,15.9642342966356,3.60752272785176,-1.73839007473419,7.80350271361479,-14.7050946016457,-6.28425018539327,8.33878019866154,-6.24791510764452
-12.4701778007768,-12.0911867136566,17.9664448236858,12.1285958609966,4.95841085149101,-8.27585351501899,-8.49230015834824,9.75914240464655,-6.29829011191646,21.1474967915977
-15.0797317831655,2.93104377845858,4.07871691150966,18.9278384613263,-7.14468991524456,3.21735568296345,-5.52199371434641,1.4826148939718,5.24298612992539,7.13551803917602
3.27531755758862,-21.2414323303383,1.70895936057426,10.5752646633356,-9.28355136505677,1.43006468592144,-0.896419616500165,0.122934310026516,14.0868365309264,-11.1744756951598
0.57850904695032,-1.20369648128168,1.32292994880955,-0.186025659245015,-2.23839007473419,1.83128049139257,0.214691494610946,-1.40329780444089,0.0433256532069883,3.2992085153665
-13.7204983972184,6.0795203019351,-2.92342361894449,6.49675083845084,-3.51788343788439,-5.22722268666837,-14.0142534734645,24.0748189064344,10.1482207581021,-2.95251200042602
17.1363116990524,12.1229558308988,-0.592637519566102,22.7700650894047,5.50515444070146,-0.369336650848716,7.72526636903785,-14.0570699526138,8.21702052564495,21.936798310733
2.88631169905239,-11.3209800958746,-3.53381399015434,1.61558003957079,0.73242716797419,-2.1159928270879,4.49449713826862,-7.39500098709652,-1.83815188814815,9.00576382797437
-0.374927760145025,13.9653856443222,18.1895966154762,19.9160151570815,-21.2039073161135,-3.8337441391493,5.78692414001432,5.41402799593576,-11.6958047815756,20.9044716732612
9.85256941208651,0.624230452356288,11.8719984912924,0.866265439468657,-1.8228545178838,1.18310756996517,7.36050464611637,8.71478993917068,8.83357848878808,5.9424274627177
-11.0881576197163,-3.34655362413882,-4.1316155057359,-13.8223892956087,-20.9883900747342,-6.24564258553051,-2.46387993396048,-21.6735680747112,-14.356674346793,-15.4507914846335
-4.11522482115338,-2.93114309612072,-13.7670442082583,-7.6905431233057,-4.04044329196658,3.96487132774105,-7.72782362467449,-5.63230938815424,-7.20672691438117,-10.6965592842641
0.793356310448173,6.17782809850996,-4.59005915400768,12.3426584084193,-14.8413732560277,-4.38194207364269,14.7559790456734,8.05257425983724,-4.16849435732339,7.67920890902778
9.75324022974602,19.9322335664131,-18.936010836807,14.3886869844331,-8.31810021966173,16.149132450754,0.354333438344959,-18.4036403220248,-16.3639835127229,-10.5417005755426
-14.507512458426,-1.31180458938979,-10.3209776142157,-7.36772327197711,-16.4514335529951,-4.85086754924604,-24.0914869950916,-15.7968027151872,-16.6838070583529,-22.3274148612569
-6.29622547636394,-13.9793881868765,-2.3033989568513,19.2275657775577,-21.6945533141403,1.87527366668694,8.55988134264693,-20.6927558281958,-15.4522298277489,-2.5500745058869
-15.2235008035508,13.8326143447429,-11.6732129040592,-1.70269520778337,-13.295067390278,-4.54839868479557,-9.12424503862275,-3.51260849894355,-2.22231754573606,13.0519356546574
20.4897066290275,8.9325802112988,13.189707576158,3.77600132301036,22.3151287711951,4.26171227320317,15.4101006016349,20.8571964037024,15.509208460322,4.37824769247426
8.00971226922937,-12.8065054783796,1.52185973088535,-15.1585792810282,-12.5955817906111,-16.1780035411459,4.32875861437034,3.44073966512041,-6.61708196187237,-1.79385621730463
-12.555310191331,-6.19037433800577,17.6050494802692,-24.5664384539465,-6.35821713979568,3.92032144380628,18.9449927922745,0.605649494029938,18.7030536932842,2.98951825429409
12.8435214841125,4.02337599713615,10.245909330679,8.08319824279446,0.104161403762857,25.1701438321523,17.7392097010552,23.1684181717989,10.0116777916203,14.4858195050038
-24.14600009441,4.62992295147128,-7.88356460259907,23.702918707567,3.07302156042552,5.43055156181612,7.58634537115225,11.9939930664079,18.9374156479418,4.94323170070289
-23.2962254763639,-16.8611615858913,-10.0392157716155,-15.7724342224423,-22.3108934956978,1.6593144137158,2.58322926843388,-16.6736866620678,-1.54710648809044,-8.1750745058869
2.8290400003218,-2.51862669050085,-15.0855720183563,0.307823881027099,-16.6691112023758,11.087348336039,15.1956694812812,-14.8012183768376,1.56834372355331,-9.64935752714031
2.91689131532549,-6.98820905003837,-24.1709402058699,-12.8554076395215,1.91559530911714,-8.36750798416608,-25.5632297208741,-9.95026505066506,14.5910605918468,23.1003838528582
-10.238695254125,3.58008730250211,-3.21488517724087,-12.7032670385554,14.9355229687441,0.466984410115354,-19.9766128532151,6.73276929714345,13.0406731333131,5.61739033354832
-12.8624544180749,-4.75431350173069,-21.2887370163922,-17.5387049020086,-19.2065483320476,-6.49272209547288,-13.7341769249798,-23.1459500075959,-18.2164305059044,1.91778014076857
-6.41933047919549,-2.17960085805253,-24.4335646025991,-8.13220994120233,-16.616804742304,-13.0144612259077,-3.98525296515197,-15.7662708632109,-25.0037608226464,-12.7716608530202
-11.7583032117369,-8.83035761084979,5.96037381595356,22.4351840610981,2.88696906225285,-5.85074467545949,7.13117874248738,17.2343369664486,0.877132471388807,19.7496053407633
-6.60706756452089,21.2482581774005,-7.12771750708288,-4.17512649653851,-28.5253815956311,12.9596143711053,-2.05149694060781,-0.434249219639739,-18.3995143957693,-1.62409911326237
0.57850904695032,-1.20369648128168,1.32292994880955,-0.186025659245015,-2.23839007473419,1.83128049139257,0.214691494610946,-1.40329780444089,0.0433256532069883,3.2992085153665
24.0981781311355,-3.73842986837127,-4.48553779312593,8.89610883911666,-5.79337127774171,-6.39811941904182,-4.76641034380221,-15.3669647489515,-6.27039983698909,23.3795418130911
1.235093029006,-3.34859339197762,9.80507280595241,17.8527382334088,22.3665206395515,10.850542882748,-1.85612899431299,13.5995804655112,14.2327195926009,9.2442569793903
17.185382466296,-4.48508915006677,-12.8579532991674,0.153938482045474,-5.77670702823032,22.4848655323194,-13.6905565439291,2.82464642199306,7.94020573255147,-3.76249024068744
3.31660428504556,-21.3435566211418,5.79760161860317,8.06460512292488,-17.0598186461628,-9.19742764257872,12.8854989480271,13.0153068467219,-16.480738517916,12.0110987592689
-1.22017780077681,-5.66261528508513,2.05181067734436,-2.76502116028003,-4.65589489885962,-1.53672308023638,-4.03606673659758,1.60696849160307,-2.56091637454273,3.64749679159768
-7.2733702227773,-6.83355689972003,2.63383299122202,-6.65287203324624,-3.45277350648796,0.534934648537762,-0.0651107738067793,-5.49144664154208,1.46998517052301,-4.86262945200006
-11.3140673213008,0.222914865217914,-6.51728553283162,-1.7477705819346,-25.3045875477339,-24.6086641244584,-22.5146647298578,1.99130489436484,-13.0625843520582,-13.7965055735171
-16.9122141010284,-13.3015677726412,-18.4648103605494,16.358327263319,-6.18332628377572,18.4498325725333,-10.9411509363592,-17.0961333957903,2.4081939611754,11.3936226824133
-4.86159026820446,-2.35089740326744,-6.12974563805347,-6.19506058736638,-3.27106793777039,8.68466906064126,7.18680411318293,-4.11664012080375,10.6783556531658,2.93925186347367
-16.8279740152333,-20.5517493266438,-21.7480997044401,-24.7109505726741,-21.9948455592985,-3.08373476257177,-3.68732104354956,-11.6807152728108,-8.11722165559001,0.182234416209663
4.65408436488756,-7.71768606649031,1.81346839774153,5.70842618185942,-4.12269787705245,-1.56537031046946,11.435071346122,-3.86078610318509,7.72290912576261,-7.37723734753632
28.5883435890429,16.988396284633,17.4186960778418,5.71867795357219,4.16593750558023,24.6396574592523,6.54766998716907,14.757725866161,-1.34883120953811,30
