0.412323630149802,0.151157396694907,-0.0066401984808555,-0.0328770022755127,0.0129280195970555,-0.017410294083166,-0.0107295544611851,-0.285874625909421,0.404652508166914,0.287264547618448
0.419502646869433,0.165519617603221,0.00884840429372458,-0.0157097766127521,0.0264167060037776,0.00793353844251894,0.0257507617979677,-0.278679675098724,0.408365737416646,0.314599563365456
0.411065235491112,0.159973165394318,-0.00846988102425125,-0.0324116109254254,-0.027863945338042,-0.0213857710994323,-0.00797489842059342,-0.304829094973102,0.387390804756438,0.310343277711168
0.423925506662917,0.167780713837423,0.00208174423617574,-0.0255420767332326,0.0381348432050221,-0.00424182659437555,0.00486373382633694,-0.282385875335206,0.402565009820427,0.322473887129162
0.403358700805089,0.165089765950642,-0.0052119757254631,-0.046987771663649,0.00754285298223682,-0.0103877771124664,0.0030708752619781,-0.317286811962532,0.394887036529448,0.297336987191379
0.420490442591701,0.180470149679961,-0.00746627763494051,-0.0302223548477458,0.0139422392444055,0.00568796116912975,0.0172248375579561,-0.284826337614594,0.413977839280632,0.306343891499531
0.429320813584419,0.181253953571657,-0.00272275458746964,-0.0229534828466077,0.0100670891447167,-0.000696115927018504,0.00911655585227016,-0.280001508766205,0.407095238253975,0.325588286785578
0.40465309500936,0.141022706620962,-0.0191266305367069,-0.045219342206169,-0.0391294936694571,-0.0274419411494058,-0.0218863483378238,-0.316920120646205,0.380019224158786,0.296006070698437
0.402102621905605,0.159206762618799,-0.00200385913840535,-0.0250538272318137,0.0117931752265622,0.00721893793678396,-0.0015635603306359,-0.299076983797838,0.397787314835349,0.324939064064361
0.423603841154914,0.148283462212691,-0.00598116157695078,-0.0405870270428158,-0.00260370810310807,-0.0343580205270064,-0.0139128336708849,-0.315086233550688,0.394753610694073,0.299272196384511
0.404421218545899,0.165991548119856,-0.0191946853188788,-0.041172963600225,-0.00641055821090382,-0.0153239492923163,-0.00380330374442672,-0.308651940911789,0.396876741989969,0.306342642372935
0.452079434274074,0.211347997458805,0.00856251187021061,-0.0185199853096619,0.0199621416184798,0.00127432742273519,0.0232726357070796,-0.254139439800688,0.423113035806812,0.329944003663981
0.397785543874875,0.152787293338134,-0.035244903292191,-0.0565970849549401,-0.0133568166242567,-0.0310184906477335,-0.0240784648946178,-0.318459154753453,0.381408615056979,0.294939475016434
0.41814703820704,0.147634531767421,-0.0333739828184415,-0.0420003785712351,0.00271419200973386,-0.00244862062785356,-0.0161230182134852,-0.305102069413196,0.386764140268138,0.31641850154551
0.41041656596406,0.173227880518322,-0.000254891595817458,-0.0587554692542889,0.0317557159303861,0.0111194595255927,-0.00467172798735144,-0.299799366558268,0.409205199482444,0.302358209103095
0.408401255809475,0.200216234442063,0.00148005415980166,-0.0189673490549996,0.0189726223277035,0.0155268279368145,0.00159709451482308,-0.282532302135698,0.411042154498377,0.325734552253797
0.449487486994661,0.185973727720092,0.0146912973233832,-0.0124311322054964,0.0296505457999721,0.0097347418871985,0.0295144853736402,-0.277823541117699,0.41802468856611,0.325800985993786
0.431441501909371,0.181716696012675,-0.00455728054677093,-0.0337030667498978,0.00901472195068706,0.00855969612208407,0.00589567490092552,-0.293225761982764,0.413346316667449,0.31565370213553
0.422588603905893,0.188435158378104,0.0056021003153222,-0.024645899084496,0.022143410443927,0.0137265725101684,0.01486346175184,-0.290203814538214,0.413567785695921,0.32362012579496
0.39519895836802,0.139504805921617,-0.0393597676145073,-0.059619805532048,-0.04177021627505,-0.0409203664941983,-0.0257843128765476,-0.330360309321992,0.372672771285087,0.283711672049371
0.429846314213336,0.213089797660454,0.0123148998948289,-0.00781256133729661,0.0352084699211481,0.0218396710680217,0.0298519670785412,-0.27577688696443,0.407375435821516,0.343649620693603
0.424638783909795,0.172608254197479,-0.00921516249771091,-0.010251729389124,0.00305736993184657,0.0234060508056264,0.00586631948752113,-0.290015481735785,0.421140204235278,0.320702267660657
0.405458175638194,0.144077034497956,-0.0442542569670814,-0.0532647463873271,-0.0179825365490637,-0.0360458388254774,-0.0105717960642015,-0.317008578164899,0.398025803554142,0.289330174051503
0.431663014069232,0.189062117625753,0.00405314217407197,-0.0204403793398311,0.0170859391795592,0.00710144142633642,0.00662547548181707,-0.298630146826615,0.416277145301833,0.326075601353883
0.400880328209416,0.130601984605002,-0.0267700214318802,-0.0370849628964398,-0.0408297774035766,-0.0410379213531324,-0.0491493544936701,-0.324341500544562,0.376802683073379,0.29612546515282
0.419574886310948,0.174357697624235,-0.0166418096769963,-0.0418781568915127,0.0206134483375664,-0.0143523009210201,0.0113598022080418,-0.297655033992257,0.413906888741713,0.316457032162886
0.406852688125555,0.166988143244102,-0.0382068247201644,-0.0640744006976581,-0.0175929430734453,-0.0240683821893426,-0.0109341140357066,-0.314712637195677,0.398396268457662,0.294595856513156
0.408834476102763,0.138506742720768,-0.0332702752737176,-0.0392697926446862,0.00182294532538372,-0.0232379570520784,-0.00289379439210337,-0.330717832959994,0.391129251830004,0.304589553159603
0.400927440316951,0.189534043070216,0.00317330048176946,-0.0514872757042511,0.0223763594835158,0.000473204503733015,0.0154591634803403,-0.29466529339083,0.420745956443558,0.310119243025294
0.438828587206604,0.185559023032225,0.0178575442751546,-0.0116555509850282,0.0223585832136356,-0.00189148742974674,0.0198552032021228,-0.284969278665713,0.416508562174832,0.341123974121165
0.394353799823896,0.160276510429351,-0.0171411387342543,-0.0334671992632027,-0.00639961534047812,-0.00982645826018395,-0.015837578705375,-0.316733595102477,0.397727799285186,0.321110084112504
0.439164854219703,0.194166603682962,0.00613440705263663,-0.0152177746101125,0.0280224937205709,0.0103608196970941,0.0173008454502098,-0.277079844408626,0.422787925401806,0.336318785361262
0.417821414685732,0.160774972895298,-0.033649207258204,-0.054690454687392,-0.0123900834610145,-0.0283600874971839,-0.0277343674840267,-0.292779428531034,0.419253017551903,0.287664966164747
0.411504696815371,0.164355754994977,-0.00223871221416249,-0.0438137887528578,-0.00619707528557596,0.00662184026257987,-0.00240310030603742,-0.306628170033878,0.38679098917783,0.343368456028113
0.45152434596457,0.210655042500877,0.0189218077467479,0.00887675588018278,0.0262589931926927,0.0217669382601736,0.0362271384919848,-0.25548043596927,0.439199875590479,0.327015159556089
0.417148005231899,0.172155641401575,-0.0201677945436607,-0.009482673458128,0.00964440752162334,-0.00954441128761645,-0.0108412442529044,-0.297902974633673,0.425538513989067,0.310601331403001
0.369105828766125,0.143443215820769,-0.0341119809016995,-0.0456466077646243,-0.0333299774827974,-0.0519242177580959,-0.0324604524851345,-0.328649034465223,0.382835207555655,0.298009671617727
0.406114720550708,0.200652281774662,-0.00776437081464396,-0.0704191021700387,-0.007729908759694,0.0204345524215238,0.00877002684565015,-0.308322981264218,0.403282950409918,0.316484372149044
0.377631657053756,0.123427866984626,-0.0146832286355732,-0.0607308558431437,-0.0152509759331855,-0.043547695643649,-0.0434829131413854,-0.335302240641524,0.382131410480376,0.296661585946639
0.421468538747995,0.171931514378212,-0.00785983490730177,-0.0571716307947738,-0.0154852643291356,0.0213263132249086,-0.0208105260730808,-0.343107545913576,0.398118424092047,0.297765896858484
0.412869919681283,0.160136836764655,-0.0439470934756564,-0.0587819877666374,-0.0119219304884576,-0.0236464636001981,-0.0275930726599462,-0.332645440584753,0.389007235914885,0.297292556496644
0.386590221744894,0.144010381562941,-0.0397703952344908,-0.0749753887684486,-0.0105644483089281,-0.013615717381226,0.0117299716283915,-0.332821761510393,0.402367302659366,0.28423662617451
0.404166264265401,0.151329697188116,-0.0393550215743989,-0.0549266612908691,-0.0277149808483211,-0.0464478512848409,-0.0326192861067217,-0.337661438934618,0.378631617228557,0.296918104863085
0.448540242344783,0.169427148467835,0.0231212110597362,-0.013098817102867,0.00875227972955765,-0.00709711356319893,0.0233625204404567,-0.272661033973325,0.429083263567652,0.347757648490443
0.363041908201072,0.124612237775028,-0.0605739956637064,-0.0825522739450526,-0.0477898685557314,-0.0567032596371438,-0.0451826140892543,-0.350031251256616,0.355497431645141,0.264963332028107
0.398768946706021,0.178112640778161,0.0193914084790371,-0.0214590548301546,0.0230637375981184,0.0111852154856739,-0.0023703418512323,-0.338477869811953,0.417696809370341,0.320579819393677
0.453365090472132,0.209112923673564,0.0237493604949971,-0.00557064557309889,0.0421949864545635,0.0338878895795884,0.0303115319455289,-0.270833077087383,0.438204630988599,0.346808042452354
0.380248164977604,0.129823500320327,-0.0481697420066201,-0.0749482040246457,-0.0441360200826585,-0.0741483533051896,-0.0377636956371958,-0.344756367328751,0.354239327218738,0.297388070241305
0.405411987518755,0.179653212383723,0.00154376300841534,0.00114281235577489,0.00121345707582559,-0.00843978116426185,0.00228074726656859,-0.293920440257991,0.44273365266548,0.351151248001494
0.471710749088298,0.217201305183699,0.0346747702879067,0.024713086785115,0.0572482680949149,0.043113266734791,0.0343345980332147,-0.23866802269549,0.465699182224668,0.361428084605526
