0.404343241772054,0.130317986272269,-0.028502229686928,-0.0398737329994791,-0.00851687109341907,-0.0386738421401709,-0.025456555778193,-0.289270627429511,0.350165727170455,0.247521173346043
0.433514715805563,0.160391338421644,0.00565274328445555,-0.0283612457479683,0.0183238103514169,-0.00133359340902634,0.0191349926283337,-0.273062292339108,0.387098781700945,0.262667788517085
0.402535291849969,0.132230881993739,-0.022507277973332,-0.0320500131372605,0.00298583239131832,-0.0145467264342802,-0.0126608989240786,-0.276011146062527,0.376117760549753,0.264074374785512
0.399091730111736,0.148326657541793,-0.0247822288100739,-0.0452575321274874,0.00330684295045017,-0.0191875105802828,-0.0142363236204523,-0.279567201412509,0.380441743987103,0.265575931846442
0.398535323172834,0.129889419160344,-0.0157322132893481,-0.0297454579037275,0.00914497293514736,-0.0030932991533646,-0.00833285300968965,-0.284431743581659,0.384860723972458,0.265857467208564
0.431942186017356,0.148872219546165,-0.00438724918161332,-0.0220427818798561,0.00872597047402226,-0.00440834882495698,0.0108786450970583,-0.29424692795878,0.375542575798566,0.276673283919356
0.419635155051063,0.14293688330225,0.00557249738846506,-0.0133956169178848,0.0326255952732153,0.00255313676681419,0.0105354372443625,-0.248249015218397,0.402383150426634,0.277754265346388
0.363195605890572,0.094145188985153,-0.0362520491306613,-0.0475293156328657,0.0021096006466971,-0.0333330572352999,-0.0192767654583901,-0.320466577254209,0.361664387804017,0.229063278803451
0.377894893569683,0.117920050284972,-0.0437713774516108,-0.0623981163101467,-0.0125820899423644,-0.0518467721912966,-0.0317674388618917,-0.312449803325977,0.355377296342393,0.22359173748913
0.402107513644413,0.141906562965716,-0.0272460234528183,-0.0370797342163643,0.00303249028630073,-0.0174094925820705,-0.0135284038173484,-0.284152908514634,0.381657488311703,0.267160794538599
0.432775049931904,0.141350809034323,0.0066176503175642,0.00594968286517148,0.0198845207312234,-0.00158683011345078,0.0117064061374809,-0.276011146062527,0.382737062434047,0.296623079913113
0.403107294500416,0.140799205965545,-0.0197540804901219,-0.0315188232801114,0.0076260527375977,-0.0205694841876512,-0.0069038033579515,-0.29361841619589,0.380221282605865,0.27416140764418
0.386678670658196,0.132487104677974,-0.0210760033824528,-0.0255851710009673,0.0111218670388811,-0.00274760781091511,-0.00465753849686184,-0.287939985668228,0.383082963832562,0.281060198244382
0.405799421102164,0.160197026747569,-0.00719383013576519,-0.0392728839964347,0.00348243775995677,-0.0170895929274869,-0.00816138365965125,-0.286195747413244,0.394869953109829,0.262093045181297
0.388791129959964,0.122331353708363,-0.0378115360304776,-0.0695555921566921,0.00405738563476061,-0.0400093286688953,-0.012165299727519,-0.317295149858944,0.350174380123942,0.252501580922794
0.437629305278677,0.164912904094147,-1.21212353510099e-05,-0.0208699756227882,0.025890413070573,0.0263309840911931,-0.0161630418258763,-0.273797249907635,0.396723104304798,0.283842323730479
0.432482868817426,0.164572293328225,0.00130814284737403,-0.0207191333990918,0.019744165052281,0.00906426401477173,-0.00322199224970218,-0.27035330726802,0.396077306658945,0.293197455998632
0.402209968468013,0.125225835857838,-0.0167058683422024,-0.0336851820197368,-0.0143356944126729,-0.0209538929009533,-0.0111325944755522,-0.290854585622822,0.377737440642507,0.28169670391038
0.422683645331656,0.162482694652959,-0.00666989176557547,-0.0165036025291215,0.0236086219735435,0.00316663910517229,0.00704772786989438,-0.263576776827391,0.402233619998945,0.287736926225842
0.405897266290656,0.14461978383331,-0.0264767648306489,-0.0343806484811115,-0.0173798650393091,-0.0281561919277668,0.00694160811631291,-0.286169148117691,0.383271238391595,0.277499564952993
0.429907196226527,0.156663909035873,-0.00418449146513067,-0.0318182907550232,0.00701637751585138,0.0132209979074219,-0.00307298572859538,-0.244791894735083,0.407774623494795,0.29311861766418
0.439046256312082,0.169881470787025,-0.0190780596636556,-0.00573809898682466,0.0276665100242447,-0.00169729491422115,-0.00607291997254333,-0.274998600658604,0.387041292546097,0.303035140682551
0.378496224617093,0.120490461874661,-0.0407626061379758,-0.0524805855879012,-0.0226317857132947,-0.0448481158156954,-0.0277010242700158,-0.302625382606974,0.366447604221728,0.260789664715456
0.421802591644047,0.153143525894821,0.000409550860427196,-0.036545273943371,0.000992337620416936,-0.0211981225855658,-0.00601327251561656,-0.278553705259693,0.391884532288932,0.291992110156111
0.398900067199405,0.12891076532681,-0.0331469303126151,-0.0642493580393937,0.00389361152157695,-0.0494208285259139,-0.0329141571903337,-0.302054339080974,0.370840406114192,0.25265585637456
0.436959433454036,0.165045140631868,0.000619250899208858,-0.00711054226018141,0.0268029720376905,-0.0103291227284286,0.0166586436207651,-0.266745768982545,0.389449270079652,0.314111000297058
0.359729508258687,0.131274632046324,-0.0469444033885441,-0.0503122772589536,-0.0313841265610739,-0.0569899683882106,-0.00810151223862941,-0.320214551926719,0.363569208483791,0.241128913525603
0.422024134711377,0.137286955598568,-0.00660805058169335,-0.0419477289061909,0.0241830182909049,-0.0400430313301597,-0.0170680689225676,-0.324105277939711,0.373116316215962,0.263312503457257
0.39445625835842,0.145137408371158,-0.0597426619886085,-0.0605808509212354,-0.0219838826302646,-0.0375229603510081,-0.0100105198971744,-0.308393595546863,0.358998025289928,0.269877632063158
0.393740403316347,0.122082867492114,-0.0147473090894316,-0.0589374226883629,-0.00752307041024295,-0.0272274462607974,-0.0401053474374926,-0.298187052453701,0.388143867244066,0.260085106807525
0.438463306430227,0.17075003526708,-0.0202851088307917,-0.000107656225488705,0.0145729004874067,-0.0173097172895919,0.0048057587764278,-0.260696896890416,0.403351931291756,0.306343894700324
0.440459981452096,0.160969713670099,-0.00435801996521687,-0.0157891408924908,0.0494011593601061,0.00830451920609171,0.0154748806558702,-0.245850124945111,0.418897986539088,0.287927208617456
0.415097310841542,0.155653701953891,-0.00202701291723363,-0.0211127402302784,0.00850292585857321,-0.00890304582378283,0.0161065811044671,-0.26859089676346,0.409665478445172,0.298341636347557
0.415485310201042,0.12898730126335,-0.0139015686270217,-0.0512811636358826,-0.0177093866623139,-0.00544394211369762,-0.021366283826454,-0.306378882054148,0.383680785759837,0.276556095621401
0.43473296558338,0.136870323443761,-0.00163780128536978,-0.0167138538891074,0.0258806274413186,-0.00719326233270191,0.0275611755444804,-0.264743544210262,0.400384274741702,0.307079684785686
0.437956353543449,0.154633221258088,0.00816348462757943,-0.00640039724688315,0.0211150412576973,0.00313653301641559,0.0237114910072367,-0.263411381323483,0.419796285447644,0.288166733297376
0.414115821413522,0.144216208690463,-0.0115783135306624,-0.0528874631197797,0.0364430521404611,0.0174642613725202,0.0178321950439278,-0.277640368022365,0.410040030611633,0.280846691852266
0.367491291689695,0.104354112350608,-0.0625065290811043,-0.0809134046821056,-0.0432427471325646,-0.0584336840614355,-0.0505828853798011,-0.321356188926837,0.343753278470045,0.231462171383276
0.451208747524297,0.177934133751887,0.00526168966012099,-0.0122903501272601,0.0325909494504318,0.0159614304172364,0.028946757042997,-0.241615192056633,0.429841609268208,0.287879965405184
0.40812438371412,0.126420148321859,-0.0449274345548398,-0.0578696611756629,-0.0179932210102425,-0.0467286558234311,-0.0371290709235462,-0.322008402627265,0.36968939269175,0.250923424242747
0.3784717852278,0.134133150332177,-0.0426396373580792,-0.0717234818382167,-0.0130405007785589,-0.0501520404082473,-0.0361685960671567,-0.310985691403036,0.375779170107464,0.256808254288749
0.394779000843944,0.11259251176384,-0.0358859543333712,-0.0731449002404906,-0.0101002046521398,-0.031089383142946,-0.0381522068269243,-0.319953473173947,0.364985121690635,0.265640806698501
0.383571229400987,0.108475622188319,-0.050369164071186,-0.0639868948453429,-0.00135525811796587,-0.0495991554955452,-0.0105400976649812,-0.310207791901958,0.387578237097083,0.247336246549526
0.439574994855461,0.17092909084297,0.0253074583932785,0.011294213778899,0.0501846446177739,0.0379463725292619,0.0327068186729369,-0.243392071899032,0.425900395655085,0.306897138891191
0.46460087274296,0.193300063506063,0.0388301283857754,0.00968062340285383,0.0388960118375067,0.0159042092952095,0.0180054241378633,-0.24128353982616,0.418462582122195,0.33207714496112
0.453157254599847,0.192170486406409,0.0265622828150422,0.00482291727858696,0.0518644306436728,0.0192197358897482,0.0377623772791851,-0.236620427822687,0.429225049891322,0.317071909517716
0.371334451022126,0.103353396570207,-0.0571745210790094,-0.082429483146728,-0.0487271718069298,-0.05574835927406,-0.0620883887088155,-0.333370966866286,0.34361294095081,0.227168491406852
0.439484677956241,0.137213879579819,0.0196454226637615,-0.00738422071751223,0.0373307455142703,0.0135766349287675,0.0113834065812627,-0.283096494555671,0.407724947863732,0.317811258501418
0.357853743388391,0.0930034463130407,-0.0746719299942538,-0.0836426618976903,-0.0527287980223841,-0.0693369153916696,-0.0615167659153842,-0.336848582529824,0.32933310188521,0.21767128214358
0.43775271322478,0.177108705120804,0.0346526493454224,0.0144226534518355,0.0354849100972984,0.0210005832107261,0.0369446417290564,-0.23965551588217,0.437734294175451,0.338400377973319
