0.37822647638141,0.118462889503252,0.00724367734001947,-0.027116123784362,-0.0122025222152879,0.00314769955497037,-0.0162522336166775,-0.218838827902219,0.280611950216738,0.158932098036204
0.386287616711565,0.138060032985441,0.0185233834161526,-0.00902127836296897,-0.0189632744976002,-0.00612587722392179,-0.0349029512162403,-0.202280584523651,0.287336473264619,0.198723114119486
0.379011028736141,0.136295277773641,0.0426225038011632,-0.0227310397216535,-0.00296801920163242,0.000190754014465168,-0.019283044550847,-0.215400554451587,0.289707045485711,0.18856955597121
0.401063524433215,0.117407249023887,0.0286147351450371,-0.0198189461451118,0.0163478893856474,-0.00488359744542846,-0.0149076524833823,-0.203839157348021,0.294867446756415,0.202725315741005
0.38390225591696,0.140363018637852,0.016895132381534,-0.00554423095210956,-0.0013164033726662,0.02594818126063,-0.0115390831235274,-0.18645604619032,0.31454382359,0.199154317610832
0.357589665534335,0.137004528045949,-0.0209971757052982,-0.0402344812112181,-0.0266066369913206,-0.0148017633247001,-0.0172061155753904,-0.226082962970802,0.27072288879116,0.198509625953385
0.355489824544102,0.112796334316818,-0.0157519568697771,-0.0613790674276489,-0.036570823522602,-0.0287527474215558,-0.0374700198245833,-0.228651362803094,0.267960484489682,0.176784062040067
0.416055716173548,0.169575495523177,0.0374639426628101,-0.0293466537503297,0.0264571476359752,0.0112515726937277,-0.00239698850765855,-0.22981962302747,0.297092046066274,0.19731822832457
0.408600775908279,0.155836440830826,0.0388655058760109,-0.0324640488608412,0.00943317904764128,0.0069723327846571,-0.00175468387403917,-0.184042026506254,0.32028941701909,0.200717644262261
0.396607293110667,0.142649610163557,0.0466962742881621,-0.0124089843736359,0.00237277425010866,0.00581315234566882,0.00190593748201442,-0.201983410452302,0.315418471196384,0.197720281475997
0.376384141655605,0.131495065904402,0.00673208740685955,-0.0309044008447689,-0.022650769838607,-0.0118281864218915,-0.0169146392401155,-0.220037663958203,0.297964830927293,0.193567003185588
0.361223617800762,0.11215497181986,0.0167013208125385,-0.0345178176118381,-0.0334725212725637,-0.0146263739467623,-0.0238687036039973,-0.212535118269164,0.295178229761152,0.196522994906864
0.361223617800762,0.11215497181986,0.0167013208125385,-0.0345178176118381,-0.0334725212725637,-0.0146263739467623,-0.0238687036039973,-0.212535118269164,0.295178229761152,0.196522994906864
0.361220479954065,0.12264712036842,-0.0139320080607957,-0.0430511829690931,-0.0274459072802418,-0.0375729014009322,-0.0367494479123902,-0.249267032180595,0.274375525178553,0.159332790192051
0.388848980228421,0.129982513886752,0.046568367349648,-0.0343408583092564,-0.018366707902628,-0.016350882302541,-0.0282001364422755,-0.205960255897991,0.294503947382708,0.210350683395357
0.382806011981866,0.134089960468608,0.0194587254175232,-0.0325593789251451,-0.0210085481771256,-0.00796085423389811,-0.0195063963381293,-0.214830069115564,0.309078221356446,0.193499294436395
0.404937883119667,0.158075835174436,0.0396900265619505,-0.00602791369771957,-0.0152713135242283,-0.00206425195175366,-0.00604596119094718,-0.234782693603979,0.303776348584694,0.20030463128531
0.378034867357763,0.126144698906878,0.0003339807989787,-0.0212863505353308,-0.00379170366820637,-0.00911441975673409,-0.0273661122238821,-0.218292131408532,0.307590619285602,0.196134671933162
0.396124296817937,0.152989380175995,0.0403935078788424,-0.00300329288379353,0.0261150844783652,0.0153460623068769,0.0243325793624557,-0.169733364781125,0.324396831737169,0.227446716892456
0.375189759138117,0.123926532262328,0.00933616231375269,-0.0393632523844097,-0.0222150382509617,-0.0106074778910701,-0.023697611973929,-0.227630030538921,0.300536610268749,0.19096713022953
0.376470508628875,0.143725807050806,-0.00212773504696154,-0.0329033468550544,-0.0361767351718012,0.0105168327525506,-0.0139695254516283,-0.222033223837472,0.306768518584325,0.189700605919505
0.392116419777902,0.137372119480269,0.0344467210180115,-0.00915320125166057,-0.0113841678589091,0.0114780437239204,0.00382829127205867,-0.178111710351781,0.320735002305876,0.227615105283856
0.392097578405781,0.142158352975471,0.0375925370683425,-0.00443174105481997,-0.0203875632905405,0.00479579710930279,-0.0203471845458353,-0.208960724716875,0.319419758660034,0.199410798968135
0.396083896265139,0.141796524618764,0.0462635087432237,0.00846714687948717,-0.00151629983278418,0.00982921660269694,0.00785566230724126,-0.205688870011025,0.333064814143932,0.190766057654303
0.359811463626313,0.140528822246649,0.0330996259393706,-0.0431679144545767,-0.0227648091352667,-0.0087335715203422,-0.0224994613257015,-0.191559845773127,0.328664458864401,0.186932662119938
0.349894155901248,0.120873364299539,-0.0153198965865572,-0.0559778574378768,-0.0455878403174549,-0.032453522933289,-0.0556549313517972,-0.245392564978923,0.264048820341039,0.180223713742494
0.341881002182373,0.10603805483993,-0.0293625977290147,-0.0504815300124837,-0.0373716945223896,-0.0315353643956506,-0.0545234521485738,-0.251083035748191,0.273920661567246,0.158931189318983
0.352494817355853,0.120537192045529,0.0133463222346764,-0.0261852341886482,-0.033480804252156,0.00374362874283167,-0.0169147914850522,-0.227840788482401,0.309074931472285,0.202596351458927
0.374411122664301,0.137782680400998,0.0320790154835922,-0.0306689463444784,-0.017291373237249,0.0229084551084099,0.0069895682588477,-0.217576506694255,0.319614188362599,0.218893259823222
0.373670746387354,0.143985618780087,0.0190613256097346,-0.0297425544375943,-0.018275750423552,-0.0156784333694835,-0.00978224324949589,-0.221576920214262,0.32925122158827,0.193047458689917
0.361922477845319,0.110886033650223,-0.0103378803604273,-0.063270458537713,-0.0265864152007758,-0.0350964235381421,-0.0447927268453434,-0.231259422894316,0.299384273149827,0.18145110166531
0.369585948546915,0.108983037352456,-0.000399751036618493,-0.0705993077168506,-0.0299880658452096,-0.0144939916881941,-0.0258684575182685,-0.263448982020523,0.282818679723037,0.181517567271817
0.422517385091493,0.153126299529717,0.0832059493520541,0.00941745180586469,0.0291465359636294,0.0276395885251694,0.0045833136533665,-0.168909940100306,0.341522888867067,0.225102537773916
0.343143833239878,0.112959802251848,-0.00134299706657031,-0.0653782422501591,-0.0577036724716625,-0.0466377734800743,-0.0453409524734767,-0.250341038525019,0.290084826784965,0.156189979236648
0.336223499085324,0.0913344233341208,-0.0334285551634216,-0.07106504341505,-0.0628114124088881,-0.0519888289921727,-0.0570752818103967,-0.260198306528484,0.257804188357012,0.153406360615307
0.336223499085324,0.0913344233341208,-0.0334285551634216,-0.07106504341505,-0.0628114124088881,-0.0519888289921727,-0.0570752818103967,-0.260198306528484,0.257804188357012,0.153406360615307
0.382667351763195,0.0918851179778234,-6.21451667771767e-05,-0.0137505373632286,-0.0251699647006638,0.00717147690683286,-0.026527199498939,-0.225822652117074,0.316377496092477,0.212102510267867
0.331592933563787,0.107403091663258,-0.019897472189361,-0.0667520730251806,-0.0660246571204054,-0.025662533192058,-0.0249745735946309,-0.257040933439654,0.28080375618861,0.178881527410359
0.388955579927569,0.154402751783229,0.0224413120682053,-0.0131589898673388,-0.00502485163627306,0.0186928006349456,0.013623290551372,-0.204633821894415,0.34068495464061,0.221611400970202
0.421018664084759,0.160320292894481,0.0823946232395231,0.0120023866004565,0.0250722678767893,0.0299095378878375,0.0315483165219838,-0.180358449068304,0.344534937059838,0.226406454740484
0.431071454930342,0.153415301804414,0.0555783915569168,0.000140039944476825,0.021955128331581,0.0191094666713178,0.013282183400659,-0.166968372060062,0.354662393653123,0.221162958345089
0.416518498199454,0.166161825443037,0.0395740834800457,0.00559122964259404,-0.00141819744517815,0.0418967201185403,0.0170367587053264,-0.200439313725657,0.338678312208611,0.239816968213242
0.405335925131716,0.163656891640693,0.0383701492818213,0.00517364521085867,-0.00081761344979794,0.00633060606283947,0.0315078362721344,-0.175773598025463,0.355649541958833,0.225015700811648
0.413117311027717,0.141640953244767,0.0482764909525166,-0.00147047593090703,-0.0276701947161672,0.00681027884937244,-0.0226643154084905,-0.222080723229645,0.345935649847881,0.188087277147718
0.364097945627348,0.100056061032649,-0.00167504457680485,-0.0786302247615624,-0.0443139287118915,-0.0334385962024037,-0.0360782321771208,-0.259761575077737,0.283009693085192,0.188128430276695
0.346522657466606,0.0952783826167656,-0.00972016494572708,-0.0754866565677108,-0.0571006169435162,-0.0548875596703128,-0.067923696939827,-0.251113961644153,0.271990944996311,0.17137957332492
0.342395116866121,0.0889348215199509,-0.00594947046655115,-0.0802433225660426,-0.0427221954966261,-0.048917097169708,-0.058312373542242,-0.259868128301784,0.270063660462387,0.180615787164775
0.382443221104664,0.0866316828867678,0.0386338801726069,-0.0533919486167907,-0.0221037981916472,0.00046754752268198,-0.0103955233385552,-0.217417599655401,0.333975241972567,0.219626954100468
0.372733851955304,0.105293247851817,-0.013244325080399,-0.0451353358163002,-0.0282450670423979,-0.0336517874562147,-0.0519018071733341,-0.257789251590402,0.308931231002254,0.2020791502592
0.435693661453929,0.190878865784972,0.0742300801310244,0.0205868121573986,0.0447112054104337,0.0543538383422685,0.0347997129751757,-0.154842484189145,0.362970602673473,0.256593246217107
