0.354354166891935,0.124472104133076,-0.000281781314854974,-0.0179931904482327,-0.0254289839813711,-0.0305466763417903,-0.0163358437498371,-0.186234130572382,0.252584293348872,0.164935673081654
0.353645767895463,0.123463434156138,-0.00158721700401623,-0.019444276907807,-0.02586205709095,-0.0293347587063848,-0.0186047943319319,-0.184068456798368,0.252002588788308,0.167143537882953
0.350482212058703,0.122642204188283,-0.00439901609770145,-0.0211537760245658,-0.0275126079623033,-0.030248865872985,-0.0203997684045287,-0.18434354861026,0.251717672268848,0.166455808353222
0.349600578135601,0.122055451550236,0.0119840043665654,-0.0233903800245013,-0.0219873008858493,-0.017623463179865,-0.0296546892237053,-0.185693876003307,0.258625976496814,0.16023916316263
0.34906097496612,0.122351326397367,0.0103493241766674,-0.0264335525460755,-0.0201353435093606,-0.0185062127862933,-0.0311308192176171,-0.185508497626863,0.258884693796094,0.158180411538146
0.346299476392894,0.120203494173747,0.00814858968152965,-0.0271374639470938,-0.0229845087039586,-0.0204542466635301,-0.0317540741039354,-0.188269996200089,0.256821505206902,0.156765019796314
0.346299476392894,0.120203494173747,0.00814858968152965,-0.0271374639470938,-0.0229845087039586,-0.0204542466635301,-0.0317540741039354,-0.188269996200089,0.256821505206902,0.156765019796314
0.3673097185751,0.120764053122243,0.013628929631337,-0.0240708650219553,-0.0348842984804487,-0.0172663341934809,-0.0164119088270322,-0.169743314744403,0.262341126197739,0.174807119415564
0.370275636010691,0.123818195739716,0.0123100734091512,-0.0224692384461186,-0.0352741571025511,-0.0202841357395856,-0.0190049248797804,-0.172692182023052,0.261431198236496,0.173125805588902
0.367742469137676,0.12292776698017,0.0145039306089917,-0.0224181499667672,-0.0346183763956195,-0.0186817259353134,-0.0173666548928865,-0.173066283880741,0.262711130908531,0.173453334256433
0.37942362457256,0.130820383778483,0.0151869418408752,-0.0105118417883494,-0.0127726514087663,-0.0115219417734542,-0.0133587429652978,-0.172690773880201,0.271744589331666,0.17505554865252
0.37005856471522,0.123193689064999,0.0173347140926568,-0.0208411701613851,-0.0316267529412916,-0.0166873102990948,-0.015615460675719,-0.171556996372252,0.266113369346786,0.174284340771524
0.357404048742383,0.126639019357949,-0.00327818497378258,-0.0142051735247551,-0.0188434180469418,-0.00383431653650957,-0.0195773133554072,-0.180890315279415,0.254869317193481,0.18707497105596
0.366825106071573,0.123565969299602,0.0109593806906418,-0.0183236381209186,-0.0135249913492214,-0.000552591260459924,-0.0167992559305682,-0.186230487238015,0.263383635220332,0.175381780024979
0.37154522307729,0.12805543959909,0.012906789897724,-0.0123484657694945,-0.0104593815083886,0.00369358396503771,-0.0116916061304962,-0.181168902100642,0.267756576170855,0.178811091978658
0.370274934946758,0.131394848180847,0.0203403764872134,-0.0177531958379609,-0.0145632027462755,-0.00738059952124884,-0.00124424383486538,-0.1737147083038,0.277759380695725,0.17247022761757
0.373762246497807,0.134122504859793,0.0255597167857233,-0.0133672863393082,-0.00966956901339163,-0.00277899127072712,0.00220526021679614,-0.168628563409119,0.282702804067548,0.175902923760678
0.365530139728958,0.133767367130319,0.00601354528432693,-0.0128788860877971,-0.0203132574781535,-0.00269865897766966,-0.0144686378051147,-0.174525650247781,0.274467735036336,0.177612072449048
0.357321105468279,0.119573958884477,-0.000550296783746092,-0.0116573024971921,-0.0274454706308992,-0.0183312681626166,-0.00519158725812099,-0.197485949499681,0.267234354953437,0.16084915874149
0.357066691328668,0.114246044034394,0.000584495121608134,-0.0255310874468847,-0.0317730714446444,-0.0102455823331062,-0.00593985536543486,-0.17998862891594,0.260656294058806,0.187164960755282
0.353054278122246,0.115362337289905,0.00542703343811647,-0.0183650406698795,-0.0349506121059564,-0.0156241588502853,-0.020618420046597,-0.19268681726794,0.269189735570849,0.155538020539645
0.352057070304137,0.112998585424757,0.00435859649014222,-0.0185312419728977,-0.0365114591256057,-0.0160040475428984,-0.0237208443696037,-0.194214454776533,0.26819252775274,0.154056454638454
0.356977718331176,0.114742149176479,0.00780910054580935,-0.0166661021540448,-0.0269165052272977,-0.0169086981502084,-0.0197160790175163,-0.196445614270604,0.268032620393689,0.159885586362255
0.360833920863747,0.112363104881907,0.000916672369945557,-0.0230855759521504,-0.0269679322192898,-0.00706341321555615,-0.00428693541566099,-0.175319163735904,0.264292593598491,0.190849567228804
0.361304995893395,0.118247485749227,0.0118613904975807,-0.0145153674544469,-0.0226859266050159,-0.0157477960584965,-0.0154250635577732,-0.193012408817688,0.271184664236147,0.163860896172752
0.361129018043141,0.116128419135744,0.00849825824827097,-0.0169884428433579,-0.0252732766195697,-0.0175712617830392,-0.0160116563919552,-0.194462892916756,0.269314899577192,0.162191152849406
0.361598804279788,0.116406660973631,0.00239276529844632,-0.0215214448808522,-0.0259565403941245,-0.00363301432102824,-0.00123873279434818,-0.175556594168787,0.265293659087076,0.191939768633126
0.355893239919695,0.121931410615718,0.00742186454357125,-0.0240151206782316,-0.0258755317758796,-0.00491670386607346,-0.016127535192073,-0.176052539271981,0.270610784585198,0.181857071467103
0.355893239919695,0.121931410615718,0.00742186454357125,-0.0240151206782316,-0.0258755317758796,-0.00491670386607346,-0.016127535192073,-0.176052539271981,0.270610784585198,0.181857071467103
0.359078883807554,0.114234792495505,0.00177283704731401,-0.0261430563400925,-0.0271897857001526,-0.00437852592814416,-0.00377352297463236,-0.176767292264434,0.26495157448455,0.189050312213554
0.355426405907494,0.120147342314846,0.00541987455868514,-0.0227457845990092,-0.0239366880612248,-0.0168306411675145,-0.0143098029374309,-0.18711037371641,0.268069652557432,0.174362146895589
0.353649522328949,0.122793697648157,0.00829298861456327,-0.024044799482342,-0.0268173391596494,-0.00391949604796416,-0.0162223461221479,-0.179026434587321,0.270519611298971,0.180536291472719
0.353327333348521,0.110269823204352,0.0038837279527064,-0.0224930299993212,-0.0306635891498902,-0.0237254586033708,-0.0234027261026476,-0.200990071362562,0.263207001691273,0.155883233627878
0.387028139229508,0.147547999528832,0.0307345949338471,-0.00435433841474068,-0.0052971421198025,0.00134726600875807,-0.00187624219074142,-0.173303732402225,0.282204003224284,0.189387102280583
0.360950669680925,0.126687593741139,0.00524990088333942,0.00095677844358982,-0.00924589674185404,-0.007425513569377,-0.0140253927131538,-0.178001119583995,0.279771371272341,0.18117320887714
0.369639890549992,0.135995391808728,0.0132775279122367,-0.00821305648232799,-0.0145748956414535,-0.00466008954330486,-0.00895700198950433,-0.200543045249045,0.273557896874616,0.169423468780739
0.374116779127791,0.133404369310425,0.026228283174509,-0.020185544086824,-0.0211999260781551,-0.0234579926440477,-0.0100963812736621,-0.198824847099102,0.265939117017773,0.176274357777375
0.363734387208189,0.125572112437626,0.00763222751638473,0.00123013890841419,-0.00789522913904537,-0.00503732141778553,-0.00968731119982009,-0.17699441454857,0.281240562011576,0.182806270712603
0.376807000038766,0.128819992653544,0.0195206729218447,-0.0227685898173294,-0.0114807698760474,-0.00905119180646986,-0.0016189289653753,-0.181565953672597,0.279700411349891,0.1784710278612
0.351045352939434,0.108159203585807,-0.00664057062079569,-0.0206012853658812,-0.0406804685086999,-0.016903939972213,-0.0263792253796449,-0.195747722201603,0.264497313677692,0.161571091132503
0.34334354805286,0.117519110642439,-0.0114534731600724,-0.0245462410668907,-0.0403949264462236,-0.0190449307972978,-0.0195621353273653,-0.200332130782095,0.260715819144327,0.164187875079234
0.33731785316053,0.106253223008429,-0.00238842158462397,-0.0298429726755254,-0.0388561092842155,-0.0213604190825899,-0.0241122529649387,-0.208984625884321,0.256378877800644,0.159277050269177
0.370468047182376,0.127069631501682,0.0116648072221288,-0.00740405075460466,-0.0249047199659923,-0.0124373797748327,-0.0114664070800179,-0.179679686781046,0.276852279233082,0.186713186312906
0.349300778206472,0.122215548461682,-0.004404265405473,-0.03835639358049,-0.040798187175672,-0.0139964525856605,-0.0298132198067852,-0.21164605771293,0.254788948009773,0.158908554476426
0.36667098664419,0.121689823170139,0.00758715582014341,-0.0115564452141391,-0.0305122074069547,-0.0158206610438637,-0.0158234381622185,-0.184371312134818,0.274349483140572,0.183473865163733
0.335415810459041,0.101082515803418,-0.00633713530116019,-0.0367072156143864,-0.0436854988707678,-0.023601504526003,-0.0283179130142366,-0.211996378465365,0.252566694770272,0.156838423877619
0.373225310283108,0.134608905916061,0.0201483617975797,-0.0122544835575741,-0.00769820873680067,-0.000884984131661472,-0.00259955226266306,-0.179172166992673,0.285858584617201,0.189644296241545
0.345466677984241,0.12018789256486,-0.00849819127704216,-0.0398578705211955,-0.0414053759360319,-0.0162887354922234,-0.0329872330027369,-0.213837469141088,0.255391886296908,0.157673807341207
0.351081212779855,0.099883686960582,-0.0115155145390111,-0.035761035341776,-0.0351771668780071,-0.033726789068165,-0.024031505843792,-0.208618724102806,0.260159144931318,0.159037404983641
0.346068222253445,0.1305125460219,0.00871631903241293,-0.0277773132066832,-0.0160694064189672,-0.0138378665896027,-0.0224551831045557,-0.191526272499937,0.283687535630202,0.170819963751757
