0.379594176283185,0.120666320203278,0.0241215335926161,-0.0332849999158472,-0.0250829914606906,-0.00760237143606447,-0.0215922403785795,-0.214037011942729,0.296935308164658,0.183417134958085
0.374340101498908,0.139168043402988,0.0129101866328722,-0.00570618315424318,0.0254609467495032,-0.00677787023651392,-0.00998938914567429,-0.183343702094267,0.31386871033296,0.217677447991169
0.3715461153753,0.153119119514695,-0.0129547646012465,-0.0553974382131515,-0.000174812519947346,-0.0126110981632147,0.000822369777699127,-0.189718190236417,0.2916965041882,0.222933547928704
0.34285305931834,0.103643623436443,0.00928110803246086,-0.0357506353078291,-0.0418620510844369,-0.0216503764574602,-0.026145166829415,-0.2110332245956,0.293421151357645,0.209628854855643
0.373174107028026,0.142323811605526,-0.010657358778897,-0.0285238017736907,-0.0202185482165234,-0.0160540014077186,-0.0122370381016515,-0.226038315973678,0.298994353689928,0.203716871413091
0.413620409938149,0.164632900123837,0.0692710149837082,0.00846703116857531,0.0298285399609079,0.0192286761274021,0.0254041153426084,-0.189929808961875,0.33390163422811,0.212023427993909
0.374953295688893,0.134481451455144,-0.00998686094864522,-0.0366796547303344,-0.0191641030737635,0.00150916691798425,-0.034528055832084,-0.231275817303929,0.295063438687637,0.211117551277656
0.375392039506499,0.132634825527891,-0.00756254410696013,-0.0439789777449811,-0.0126069922002181,-0.0143561668904301,-0.02530592358146,-0.226642724606567,0.309832023091558,0.195998100644413
0.386017847680546,0.147513600733938,0.0147959172424303,-0.0318337579344431,-0.0169341048935606,-0.00831933703173175,-0.0174205522976791,-0.2156231262884,0.321221134548234,0.203581453914704
0.333083490732164,0.119758478349721,-0.022253478856888,-0.0409042983955996,-0.031124716397805,-0.0250765197344833,-0.0354820676511455,-0.249053839755542,0.282699857004639,0.189666127214016
0.367579496710992,0.130951936670881,-0.00154110712917367,-0.0262869946906674,-0.0170162356264412,-0.00736946057641674,-0.0162498898348174,-0.222547250874336,0.314022653274446,0.210737115376894
0.34940288650243,0.130095580902882,-0.0118985375134666,-0.0597884665709223,-0.0380007224380922,-0.0171789480680756,-0.0350809250229907,-0.244326221085784,0.280003527060828,0.198740057422386
0.365633598461509,0.124997757683721,0.00122670844327781,-0.0491490475709307,0.00262513226092127,-0.0160514949842785,-0.0214654283354384,-0.232632216296987,0.316324128245362,0.1882794483447
0.37078534199305,0.127186744321378,-0.00544920896511069,-0.0454415048529723,-0.0193470850412327,-0.0136125843460758,-0.0258029835692784,-0.241223049135114,0.304137912372839,0.198517125500975
0.328838589674315,0.116024805389003,-0.0037891309032463,-0.0602300498981944,-0.0179862085035977,-0.0159579121290769,-0.0395983422072942,-0.254625905921737,0.28326035797118,0.19497648801346
0.382936311949292,0.149063963565069,0.0171101230374054,-0.0242690351512714,0.00267616739728877,0.00231728997503201,-0.0140213147156381,-0.214821189197457,0.328209701518167,0.217413877602578
0.376475558432341,0.131623077610478,-0.0234535719946587,-0.00928770115481436,0.0174995841242779,-0.0106264680774037,-0.0331399840691847,-0.222547250874336,0.318245930406546,0.208852208908238
0.380857314624094,0.125561319665194,0.0061417440047968,-0.030289303358507,0.00080130463751386,0.0053885102094231,-0.0230663290142633,-0.243593976608493,0.316360582314645,0.198336572275836
0.356169180711336,0.1088384347127,0.0072294482422767,-0.0806998485559126,-0.0235474771764706,-0.0299908590479299,-0.023979062158484,-0.236330862039445,0.297463151368604,0.191201320228225
0.387128539803114,0.136526809384371,-0.0109497166890601,-0.0300552002695662,-0.0125451657471776,-0.00463497925637442,-0.028295463099879,-0.247914836169787,0.301648358253014,0.210266686378169
0.368891557182819,0.128297914208191,-0.0093229468194043,-0.0381947694040917,-0.0241478543735469,-0.0143956383805007,-0.0331693444423777,-0.234585048687329,0.306675584870627,0.208862023093733
0.3474836222062,0.130413991896396,-0.0048121360754527,-0.0526213475326994,-0.0290790159771507,-0.0183580785878739,-0.024705939304293,-0.249472193922152,0.301743566585129,0.191977421478854
0.387410584879941,0.182802399988069,0.0513107298223645,-0.00962596010551174,0.0302282691281259,0.0123844040689917,0.0167098756764495,-0.187496165228138,0.340383886003886,0.232249624688413
0.383760697541415,0.133880042770914,0.0517802694773285,-0.0135914129056074,-0.0290092368841009,-0.00280331229379257,-0.0396971542101796,-0.20937562218875,0.314993538701845,0.234880795694253
0.365734191376771,0.13841625468998,-0.000783556531935049,-0.0467647706140555,-0.0222961126796025,-0.0136170695057423,-0.0207536742541165,-0.233035025188047,0.317842131958909,0.203900590060335
0.388178892369951,0.117669735895252,-0.0234989555755341,-0.058416859519356,-0.0057733507691368,-0.0186136055649024,-0.0184268024333907,-0.221516920587852,0.31686976416,0.202718861158709
0.351326471668101,0.11750781207013,-0.00166798951896682,-0.0645296332930408,-0.0568811250592505,-0.0352169760873078,-0.0463208294582898,-0.248525996190419,0.291427149502287,0.172637278095
0.39505617842556,0.163982152096785,0.0262068111510671,0.00207400077870185,0.0267527262216179,0.0516433951059037,0.0117806690001308,-0.199112927831439,0.336036875042044,0.235665821799081
0.368759937805187,0.113285412814475,0.00532098633046821,-0.0415958079649495,-0.041095178719064,-0.0428351567824508,-0.0438033340611598,-0.251209204015886,0.296189391395686,0.193738053467277
0.395937111731252,0.166486820507828,0.0309938035870291,-0.0107026966692864,0.00202875519027814,-0.00136137782225412,0.0173117010483232,-0.176285976934675,0.350106747640557,0.235059476074276
0.359369242876555,0.117869623771798,0.00581977394838833,-0.0371551562325842,-0.0282932403791807,-0.0164207220517015,-0.0220685883702806,-0.248662819132084,0.317318780148878,0.199052569809139
0.363661955935368,0.137861281964247,0.0232576099741293,-0.0471463942554354,-0.0189219297738912,0.00096614288667873,-0.044138521164417,-0.232814499276047,0.323770910441853,0.200675948535846
0.421818005788293,0.157663182226641,0.0503668367396566,-0.00850797431644609,0.0288326055535716,0.0410965232998435,0.0222465151990711,-0.181321891402531,0.352148515286167,0.231298339965024
0.411471861484111,0.180770126226104,0.0440173415288704,-0.00586266090991786,0.0341841171409957,0.0359887629800392,0.0108703811883686,-0.175969241576125,0.348684612041726,0.249448072335566
0.39015938333831,0.161679642150892,0.0309302478253066,0.0066692073701824,0.0104346428731928,0.0193836249953996,0.0155051152189513,-0.199796661498999,0.354435018118853,0.225935676970406
0.340886259730859,0.130252897183255,0.00794837580459861,-0.0677127142304546,-0.0163757225301182,-0.0356904884969191,-0.0511970752212686,-0.243282341074319,0.304886218665226,0.20173201568793
0.352124350014002,0.102018959086478,-0.0176517715032437,-0.0784616390811602,-0.0402270253842603,-0.0348065087544121,-0.0464282904934886,-0.263476669763867,0.283556256891855,0.181996733141657
0.379450717915922,0.106736681035195,0.0087782787701919,-0.0658985069544895,-0.0241122654504578,-0.018095380696758,-0.00860227382718198,-0.22185504638308,0.329621981520059,0.210077980496105
0.41125970976865,0.145494946637818,0.0179787678172159,-0.0100020114153396,0.00962772491400302,0.00316834073558907,-0.010752065962588,-0.202726135861538,0.346698157933311,0.238891906299067
0.404732729455281,0.171810674429575,0.0513840669368438,0.00908088964763649,0.0402753154483745,0.00975548389972303,0.00110139813067045,-0.181964414311631,0.347475730884561,0.255616306454322
0.372799445419079,0.16407322118391,-0.00362598653232849,-0.00731852585604419,-0.00555248410750134,0.00543159501275141,0.0265851554805343,-0.1947633044286,0.348580473914978,0.235111877060726
0.326188055625434,0.0940298237142228,-0.0294818348780615,-0.0703023252636236,-0.0548494206997448,-0.0499306393112021,-0.050754692026367,-0.273209936299661,0.274080788507907,0.164790696916446
0.37260185424607,0.117731627287239,-0.0159921802836085,-0.058204884252826,-0.0312840706745329,-0.00624476643374735,-0.0357823631622612,-0.245598146074688,0.307399212559357,0.218096987286373
0.415654432754661,0.161144500477821,0.0463962731289246,0.00705087536327003,0.0236857968107699,0.0339567914131912,0.00238435269674068,-0.200532382096353,0.352818202636735,0.238242389521115
0.385234603699745,0.16228586180989,0.0416238773063883,-0.013616811533263,0.0265662981828408,0.0308007403706315,0.0181565079263053,-0.205126735533924,0.342036936898352,0.250379296244099
0.340021496315236,0.0920251893991837,-0.0390876630490021,-0.0793328626452254,-0.0594688308975032,-0.0465242791137951,-0.0593977159940824,-0.27429752111068,0.267337299877824,0.156651076561842
0.33512358313066,0.0923663691520521,-0.047831000482799,-0.08424743412082,-0.052875448576057,-0.054624623266269,-0.0655743799572989,-0.266911180982406,0.269563566715719,0.155729644268575
0.37270938168194,0.126638477278898,-0.0165344870271149,-0.048953543202697,-0.0202514085768048,-0.0195405609060839,-0.0278763869612376,-0.250272585829206,0.323437194000492,0.231595393282012
0.410387515966376,0.173059794344877,0.0408980083375481,0.014117413356351,0.0181928895626558,0.0501382524828867,0.0290881654689342,-0.207939614192386,0.366463834766891,0.249326914394023
0.425512113088068,0.178681062029275,0.0547815864482259,0.0275840192964028,0.0495760408352552,0.0546320471240354,0.0280156690443909,-0.165872695811193,0.375339877664449,0.25700529990708
