0.353828722836683,0.122772859620812,0.00515574003561075,-0.0199028746851471,-0.0218378438878801,-0.0234716972511929,-0.0217050420432055,-0.183912777604468,0.251740376186544,0.162341220305953
0.35110602579017,0.122581993056697,0.00794421030449981,-0.0197822827743685,-0.0239170262108134,-0.0219916489242815,-0.0223322522116389,-0.183774390445595,0.252665475733008,0.161142024801098
0.354760795215367,0.12629754025398,0.00734721990933073,-0.0177226239125027,-0.0199121370428487,-0.0235085919470761,-0.0180716561285538,-0.180238636883628,0.255517327763451,0.164191356148325
0.354912294085649,0.125969109354458,0.00859504343534153,-0.0159351855434245,-0.0183422628299722,-0.0212411453024253,-0.0159790044612122,-0.180079180453696,0.256234694689568,0.166723052942633
0.351916494693973,0.123723811613907,0.00700504453900677,-0.0192615904618698,-0.0235283665918412,-0.0229109883511542,-0.0210956079694545,-0.184625414440217,0.252683844984351,0.161835682720852
0.357263941962588,0.124715642761149,0.0108309244041527,-0.0167776565196012,-0.0226747538231516,-0.0181596363399672,-0.0171121641274376,-0.179004129853402,0.256433140118118,0.167482385777107
0.352349954046866,0.123101759121947,0.00536564267914029,-0.0218691912337061,-0.0249703132939191,-0.0262769382754292,-0.0205992988191565,-0.18470120378415,0.250833478548174,0.162835400618632
0.348199791982708,0.122387498939818,0.00424774934042192,-0.0207474015137455,-0.0247219853272095,-0.0236966820535721,-0.0247118429373167,-0.185897106297107,0.251346840481314,0.160297979996912
0.353742323860289,0.125190313842081,0.00714641038788583,-0.0169141585778424,-0.018719869370345,-0.0210716172806345,-0.0177164550373761,-0.180857490007709,0.256206484565941,0.166544981526055
0.35325882865369,0.12244688301395,0.00834647711104067,-0.0172376073140026,-0.0207639640655741,-0.0230580129365326,-0.0185498712868352,-0.183567052287942,0.25578401768178,0.162572308771543
0.353268521268168,0.124317067746645,0.00637334548134911,-0.0189946135522435,-0.0229934340352475,-0.0240803871744884,-0.024431474927362,-0.181953216070643,0.254516922595198,0.162356075811558
0.358479319699492,0.126942538222269,0.00975229442689984,-0.0146689560290815,-0.0165610994821281,-0.0158896859593075,-0.0160839671523679,-0.181493460666226,0.258274827494664,0.166900529321313
0.35408403003507,0.124751490408307,0.00645598312453607,-0.0174941067699358,-0.0212442546516316,-0.0230150901463864,-0.0189469506424548,-0.182428804513847,0.25468005621368,0.165763716803241
0.35804129161006,0.128708751983297,0.0104132446995262,-0.0135368451949457,-0.0172869930766415,-0.0190578285713963,-0.0149896890674647,-0.178471542938857,0.25863731778867,0.169720978378232
0.348261384205666,0.121478910184533,0.00640619098428228,-0.0195670539007988,-0.024079180788209,-0.0277492596926721,-0.0230344009511905,-0.187098241367034,0.251478537356977,0.159953648109141
0.354455358844781,0.126197183600868,0.0114048371842698,-0.014890290221265,-0.0185998955305303,-0.0202176973402716,-0.0182215152518782,-0.180715561407373,0.257697091260533,0.16681290150579
0.355850634257234,0.125417211248769,0.0091862824452374,-0.0160112303647612,-0.0219242386968604,-0.018400730007351,-0.0176811821316845,-0.178872221134236,0.258939405782278,0.166021967814909
0.350498097269791,0.122239922025878,0.00744757560927967,-0.0188475517962551,-0.0225571571055204,-0.0241749589152617,-0.0221787768268683,-0.184672822982363,0.253739829685543,0.1628556399308
0.354230041421762,0.12201130726476,0.00580890944242781,-0.0207233132219374,-0.0268478083308597,-0.0215272074585856,-0.0204575466017569,-0.184808113496721,0.252458053040538,0.164108566613815
0.349067440493233,0.123275721509605,0.00717914601122916,-0.0199574542910394,-0.0238728220357023,-0.0232374238342434,-0.0240562089428464,-0.184890466761225,0.252564640963115,0.163193820142155
0.353966291258221,0.125004041851983,0.0061593669142043,-0.0178066545530202,-0.0210112195807533,-0.0198625146787158,-0.0199953923719691,-0.184222907326202,0.255561738377031,0.163772950660306
0.352477759691334,0.123872121869308,0.00536858912183568,-0.0187119393062502,-0.0230091243624062,-0.0241021811833246,-0.0206247281124184,-0.184121233145882,0.253934423133455,0.163626033066183
0.356054628900714,0.128405735418632,0.0111779342436796,-0.0147708478969849,-0.0180998192104649,-0.0184201693970007,-0.0178205722225704,-0.179512213727796,0.25927709560679,0.167179727322909
0.35133087419711,0.12319550674795,0.00675777093611447,-0.019961322581924,-0.0227491265650523,-0.0232127423691187,-0.0224391219869535,-0.184585399122386,0.254463165240995,0.161862101472596
0.35133087419711,0.12319550674795,0.00675777093611447,-0.019961322581924,-0.0227491265650523,-0.0232127423691187,-0.0224391219869535,-0.184585399122386,0.254463165240995,0.161862101472596
0.353757018566842,0.123593722038374,0.00942620639677473,-0.0180288080221193,-0.0213846351573752,-0.0231490022106346,-0.0197054883424995,-0.180715561407373,0.257414429719462,0.16421241532794
0.350666393723045,0.122198892304145,0.00325180450072469,-0.0199948377007728,-0.0241435655631854,-0.0287771887910418,-0.0231826545972906,-0.18714452524025,0.25141521132961,0.160218240185027
0.349382559555079,0.11911288202244,0.000314900390344141,-0.0227538164754988,-0.0274274973838124,-0.0281999218963004,-0.0235724787810828,-0.186284418960781,0.250243649307548,0.160179099121169
0.355850009694408,0.128160317517854,0.0114087064806916,-0.013281304869413,-0.0175754327059387,-0.0180618954286401,-0.0184881431146984,-0.179744931542962,0.259848324023484,0.167086469227885
0.357920400592522,0.127660271485958,0.0111346287398108,-0.0156896231410711,-0.0196869658920439,-0.018855170416387,-0.0168806917464117,-0.1779015489033,0.259441851565627,0.168936517393189
0.345999172426647,0.118031370938918,0.00206796434973563,-0.024430371262365,-0.0268679072762951,-0.0279415313252055,-0.0266448413146384,-0.188922760813148,0.249233837161758,0.157525541993472
0.353705682549409,0.123376984881937,0.00559746733110799,-0.0196157506146145,-0.023235253490187,-0.0247188933655837,-0.0211896595203205,-0.185381161824614,0.253224324083064,0.163785143396629
0.350009029683231,0.121046780276993,0.0022021053392142,-0.0217639161280103,-0.0249684811557434,-0.0238197762537059,-0.0239526539469593,-0.188180168901192,0.251604476802041,0.159815689085316
0.353749736626152,0.125455026499304,0.00830826914897118,-0.0171290346762542,-0.0213939155562878,-0.0222498459780101,-0.0204268650336689,-0.182142602358387,0.255844825273105,0.166496987542157
0.359293019344904,0.129558530208704,0.0118549052179618,-0.013981240795419,-0.0175018968937103,-0.0165202990826071,-0.0133463311068403,-0.179208920332285,0.261312795931907,0.168183982504376
0.359066525127842,0.129331277968753,0.0110999784599152,-0.013538458995632,-0.0179767045156189,-0.0153446788011628,-0.014765266179367,-0.179121317315762,0.260844616669491,0.169378577026475
0.35212604867927,0.12268031011446,0.00670881309852601,-0.0181704270410148,-0.0199974528412994,-0.0242863937135006,-0.0191459743572934,-0.182455303253932,0.257302956251661,0.163877659503427
0.35059169001214,0.122851206962697,0.00640243301538286,-0.0188463341471612,-0.0240374013411925,-0.0248662261009309,-0.0218673309893274,-0.185495758076667,0.254391499799978,0.162509630579683
0.349423810707851,0.120944712207007,0.00183286031308695,-0.0219701101559012,-0.0253345599459798,-0.0248133837779451,-0.0242879162735767,-0.187335292055247,0.250542703245631,0.162937203024771
0.35393028965523,0.123578849199582,0.00941766275157638,-0.0171075849265621,-0.0234599972694576,-0.0242947103920637,-0.0201826183733253,-0.182619159912047,0.256979259831345,0.16476077600806
0.353099093416015,0.122477854725216,0.00648301425553368,-0.018444742570406,-0.0229797296059413,-0.0233037461322967,-0.0207716946855887,-0.185807312182185,0.255656433957488,0.162729432456442
0.351352701853484,0.124638357351402,0.00686799320067581,-0.0180690149092167,-0.0202685807935829,-0.0225929056216813,-0.0194929740443333,-0.184259113834483,0.256666925205598,0.164770922908249
0.35174291757317,0.121100675934215,0.00351479529601548,-0.0185366418006021,-0.0210601989254888,-0.0232736784938129,-0.0230284564088698,-0.185032399271287,0.255293237239846,0.163396010638678
0.350513433221326,0.120566759986786,0.00513664892824705,-0.0196497937632796,-0.0246771912392813,-0.0252315116605906,-0.0227102407986605,-0.186319371823781,0.254779071795229,0.1614969091566
0.351993220153282,0.125259974877908,0.00954311680505755,-0.0155772919765172,-0.0217761090126267,-0.024033118400933,-0.0202438390611263,-0.184236629393715,0.256991985977829,0.165279713682176
0.352902324236513,0.122646645215437,0.00495304926548912,-0.0172909832267012,-0.0225274946787045,-0.0213117916498198,-0.0217233567845951,-0.18354873610831,0.256407089910104,0.165819770473137
0.35340278118723,0.120219218125503,0.00477364317792609,-0.0206947276149458,-0.0240788263886682,-0.0256532779894738,-0.0230751037909081,-0.189987811278079,0.253406939468389,0.159666413950774
0.357551473297757,0.128061416443248,0.0112350620578762,-0.0115447566546298,-0.016282460308274,-0.0167759909749546,-0.0155396357765211,-0.178625690272438,0.26300471724551,0.169526409564415
0.352226870990136,0.122976819502272,0.00360680515704804,-0.0205311059468139,-0.0236385906995554,-0.0223071181137847,-0.0218791483583654,-0.186726482582172,0.25343454824274,0.166545294460791
0.354526226531422,0.127814378015796,0.00773017574957435,-0.0170869361710202,-0.0217955652994518,-0.0201384160127289,-0.0171978023099404,-0.182303108657126,0.259971007764211,0.167653762051525
