0.353749510426484,0.122146049259907,0.00694000280721972,-0.0199266188566176,-0.0172120839005062,-0.0247596455822221,-0.0163265614811539,-0.177821867716731,0.244472658676924,0.154441122469308
0.356466786261639,0.123000861493213,0.00502377540686399,-0.0246734517895439,-0.0216828279099355,-0.0239363968979116,-0.0183296175884707,-0.181114121702093,0.242064367816758,0.150843533306046
0.361461053582382,0.127938649897126,0.00914666973296956,-0.0157458394245447,-0.0170214209867794,-0.0223863932376219,-0.0131605411693065,-0.174133312454529,0.249199759819613,0.1560478479004
0.359831504214139,0.123483788206778,0.00613782443575936,-0.0175628943025787,-0.0204087397973684,-0.0238391096297998,-0.0151172060826647,-0.174195230918527,0.247737867707662,0.154700959358917
0.354834600343269,0.122596419344145,0.00396079854429416,-0.0207352148379677,-0.0197609330944398,-0.0266531387090751,-0.0198882433290267,-0.180758155045502,0.242335232292102,0.151852865001674
0.360829332817769,0.130128786963573,0.010489466361605,-0.015204221413496,-0.0143812612141753,-0.0201404315931081,-0.0116193871613125,-0.175219803798408,0.249553836056928,0.157143434660305
0.360227875473643,0.128942281673485,0.00916209564418062,-0.0158612573087578,-0.0133099706956486,-0.020603881914544,-0.0123429747849175,-0.173854220677896,0.249296137306767,0.158567559332248
0.359389386804204,0.127171095555248,0.0090514608351268,-0.0182521169032453,-0.0141213188984284,-0.0218252749913034,-0.0130832315442582,-0.176496420426654,0.248426663569129,0.156078141640622
0.352961758795091,0.125215150192015,0.006507572892252,-0.0204310069115898,-0.0180431324281459,-0.0245992386341813,-0.0167661215421722,-0.178410684649236,0.246137610705667,0.15339057369776
0.356031777183744,0.124226481115094,0.00603441639320444,-0.0219467438503494,-0.0172083367035656,-0.0236436559770705,-0.0166601253495653,-0.178239116659144,0.245242883082071,0.155367029117293
0.353624756126119,0.121920976884586,0.00359469307026511,-0.0214378069161996,-0.0194089453246988,-0.0253608971649481,-0.0166280019912229,-0.180947043926189,0.244114855428303,0.151960915428664
0.357908989728811,0.125195405137347,0.00638561169552961,-0.0185742403409466,-0.0173683231504578,-0.0237580156175114,-0.0150932817955145,-0.177388454561827,0.247460293256025,0.154848215787581
0.361774470981227,0.129060886389762,0.0102510929479455,-0.0147087590885307,-0.0135028418980419,-0.0198925343650955,-0.0112278005430986,-0.173522973309411,0.251325774508441,0.158713697039997
0.357936277942863,0.128713181507749,0.00857914435303423,-0.0178845225317542,-0.0145798162914426,-0.0201817448275281,-0.01524446762019,-0.175567165857688,0.247778140837765,0.159415439126965
0.354566795733985,0.12490316535121,0.00441382735191745,-0.0217098810207242,-0.0197434485359352,-0.0256410800910277,-0.0184187171396027,-0.179490429676797,0.244922784902526,0.152819200670959
0.353925907423773,0.122253598234701,0.00545007957862786,-0.0219606044707372,-0.0198394269802451,-0.0271883797065112,-0.0180951234049201,-0.179175100345353,0.244818954640391,0.152976703527715
0.356475832660924,0.125615027562954,0.00773749874529343,-0.0187743720891258,-0.0173988855527433,-0.0238892522816968,-0.0146723191971136,-0.177806703203546,0.247154842614198,0.155936134522521
0.361290882818057,0.128062334721716,0.0117019150568257,-0.0133338272591012,-0.0163258956288523,-0.0219704661957011,-0.0119991449161042,-0.174641633525611,0.251031814182852,0.157518357278021
0.353559920313225,0.122908359718495,0.00449130579751137,-0.0210647897639331,-0.0204887215929925,-0.0266949432819873,-0.0184173024672854,-0.18086935332117,0.243755614178304,0.152769337453624
0.358802243191781,0.127932743351397,0.0102457403353621,-0.0170175014556401,-0.0135950198632751,-0.019742013768222,-0.0141694945226287,-0.176154920607476,0.249874980068878,0.157266056459284
0.354936761939365,0.124067262098981,0.00638025908294619,-0.020882982708056,-0.017460501115691,-0.0236074950206379,-0.0180349757750446,-0.180020401859892,0.246009498816462,0.153400575206868
0.35662679894988,0.125974515156602,0.00802547859103009,-0.0189616536528202,-0.017871478820783,-0.0229964391415903,-0.0160401573185427,-0.176724455220346,0.247303257329158,0.157188560205669
0.354432568732528,0.120790006254541,0.00384008568850144,-0.0213817544825613,-0.0206660221542798,-0.0265526235939072,-0.0212562101520579,-0.183517742040649,0.242895638918683,0.150129783377901
0.359112334691511,0.127124320569836,0.00875069666510606,-0.0157771430632078,-0.0129131571400069,-0.0201962302147866,-0.0112409156919905,-0.176121427646558,0.250028242121955,0.158912836029944
0.362048969358927,0.130248197548158,0.01096718085878,-0.0144436788584249,-0.0136838407266446,-0.0203208171220596,-0.0115669567431419,-0.175685309875496,0.250983418248869,0.15898516759655
0.355032320993127,0.123686107639159,0.00656007552133047,-0.0203628989308437,-0.0181823604718518,-0.0262778493834982,-0.0173644893429271,-0.178190955676224,0.246515369451296,0.154887361931881
0.355032320993127,0.123686107639159,0.00656007552133047,-0.0203628989308437,-0.0181823604718518,-0.0262778493834982,-0.0173644893429271,-0.178190955676224,0.246515369451296,0.154887361931881
0.355223922358957,0.122165602286261,0.00687823466366318,-0.0224795177545695,-0.0201993084885016,-0.024758104631751,-0.0181676623672878,-0.181705361857048,0.242983685351551,0.155334502261932
0.354771420716,0.124328403492052,0.00562862612398584,-0.0208110936628436,-0.0198589757325745,-0.0257269133405844,-0.0172025414226929,-0.17992618559473,0.245645269723519,0.153755860405321
0.357952574490129,0.126667085924643,0.00813288799821635,-0.0173533070490423,-0.0162294297717152,-0.0219261074230813,-0.0145883245170624,-0.176976150076452,0.249351687390075,0.157011881195308
0.355414078956451,0.122526753096557,0.00326055879351885,-0.0221564759754926,-0.0206321441272299,-0.0272051530974548,-0.0195412606019412,-0.182135266558644,0.24389420434084,0.15177337953186
0.35578819992957,0.1245421869467,0.00809365838789391,-0.019631549109306,-0.0173232119660543,-0.0244187153021322,-0.0168939667039793,-0.17953852267293,0.247047503513551,0.155048756295921
0.356365301309798,0.124937336312826,0.00739213756436803,-0.0187758923497101,-0.0170209310349045,-0.0235417230114409,-0.0166275324902533,-0.17876407932749,0.24737904760994,0.156379969980484
0.355514782495311,0.126436847811552,0.00896093754848232,-0.0192194249118488,-0.0173740234988785,-0.022571418440653,-0.016356967398727,-0.177886070489288,0.248406327760959,0.156298940176647
0.361020230736853,0.126384783984244,0.00916392634570356,-0.0171600398827457,-0.0151594767205058,-0.020595349138262,-0.0132100986212606,-0.177388454561827,0.251145984682748,0.155952639002557
0.359235603495043,0.125629629247706,0.00962251357426645,-0.0178848304623941,-0.0179725929761327,-0.0257916869456749,-0.0166696944871018,-0.17869194650283,0.248017533267799,0.156054423206308
0.354986085765428,0.125139132518727,0.00698157132109383,-0.0221481907900767,-0.0167483077433377,-0.024480412013043,-0.0134688487788247,-0.178846556017822,0.249171902830335,0.153651542586091
0.35614138953223,0.124856247214814,0.0104682542286663,-0.0192384649162514,-0.016833659682946,-0.0229481390855665,-0.016401333775834,-0.179289869594106,0.248014801854577,0.15635813162692
0.35815714048579,0.124660780660836,0.0102248938476485,-0.0189921814072812,-0.018090864169002,-0.0236628849435665,-0.0145376644555363,-0.177937148073239,0.248597036387668,0.157358098216723
0.359713828401814,0.125876466119915,0.00559576103714122,-0.0184120523163697,-0.0193897039250262,-0.0232748304609594,-0.0140660494504024,-0.178391390238129,0.249263887619192,0.155087991880306
0.358437516171198,0.128704305546205,0.00787752552105856,-0.0173363475588239,-0.0136816909977546,-0.0202483910560181,-0.0149603025119043,-0.177724416758657,0.250574930214513,0.15769164343332
0.356344909600041,0.124142094683593,0.00687915167480237,-0.0200393197964231,-0.017163284787581,-0.0233618911458415,-0.0140606062545066,-0.176975117477995,0.249757647116708,0.157241683699917
0.353855483676259,0.122240670203756,0.00510369229756721,-0.0204474502710736,-0.0211813906134219,-0.0256931605846976,-0.0200857789070354,-0.18221868525174,0.246563257224527,0.151647944347197
0.358204745160372,0.126793396530551,0.00826358144790122,-0.0178964178492477,-0.0163936819266951,-0.0238184343040904,-0.0146475814878962,-0.175532675223454,0.25011592594507,0.160044087718294
0.357512074026566,0.123290434547908,0.0027013120407737,-0.0226744651547346,-0.0212820508321882,-0.0273224725093215,-0.0186546641305059,-0.180181353621134,0.245837310536833,0.155283179029938
0.354621650076593,0.127941156310939,0.0102990883056755,-0.0178104102975839,-0.0182577897306435,-0.0247624586145137,-0.0170299273592858,-0.178160599481249,0.249716880495387,0.157201040369851
0.355060105738626,0.124778447455423,0.00763748914364782,-0.0183335669584674,-0.01935932337023,-0.0231207957786928,-0.0193283077587695,-0.181364102688014,0.246821286951286,0.156912703460444
0.354498274594112,0.124695664780723,0.00666134936981119,-0.0180592541835371,-0.0181871725285186,-0.0231221146037841,-0.0185730542203689,-0.180046646049959,0.248815039190254,0.156408637725123
0.354545686804533,0.122846538597957,0.00570110024549466,-0.0219259186665046,-0.0206885106541331,-0.0271905582910916,-0.0132205695816556,-0.180703573517634,0.248177070545795,0.155432726556911
0.359272067846608,0.126256051522506,0.0109357820652393,-0.0178745416313783,-0.0159677663317034,-0.0218455665224423,-0.0144328277708917,-0.17822166324078,0.250737030938132,0.160120021258287
