0.353043955647468,0.123629607184577,0.0053204993632007,-0.0182288953075327,-0.0188720704928966,-0.0225147941521697,-0.0164523133274487,-0.182680193612737,0.250272194120338,0.160169663440551
0.35480026079367,0.126501812467578,0.00504732413841299,-0.0181256956459096,-0.0172863905393899,-0.0214332268193848,-0.0158649523898441,-0.178313152007707,0.252540310103137,0.16281497266312
0.35660339883552,0.126513710005977,0.008646073704285,-0.0172675114554919,-0.0185863183679479,-0.0241504871010701,-0.0164690020665306,-0.179535540633962,0.252319100711885,0.162378887281898
0.35778816565777,0.129366751806871,0.0094715402744124,-0.0144279100769292,-0.0156648239127414,-0.0208067565898806,-0.0143448337363994,-0.176937772240211,0.254373779970696,0.16587251171824
0.357269891961873,0.126962673123794,0.00984181488410785,-0.0135117996201827,-0.0170627846746598,-0.0196000062665225,-0.0149533928255239,-0.175821118777332,0.256077854481013,0.165551425976966
0.355327387842195,0.126186527699996,0.00671918976787579,-0.0186850718464576,-0.018885948479741,-0.0230364201186912,-0.0174420137938825,-0.179532579708116,0.252749242484783,0.162370939533575
0.357059248307004,0.128055042506728,0.00957132210785282,-0.0192328314245593,-0.0182675751169214,-0.0214081204483477,-0.0169118249770977,-0.180568373368152,0.252222924719668,0.164362123704913
0.356840465185273,0.125767746441081,0.0076393193609194,-0.016554595065805,-0.0186094646665695,-0.0212826581258528,-0.0169950104148447,-0.179026169937961,0.253501293821414,0.164336177411894
0.351889457661719,0.123451026641454,0.00435722481242412,-0.0212645662622422,-0.0233724936362705,-0.0275792263423923,-0.0241319767336406,-0.183491643718789,0.247850311149427,0.159392687499359
0.356032447986048,0.12829367587578,0.00660106763145583,-0.0183752222800813,-0.0193888005770499,-0.0192032161758901,-0.0151587337932923,-0.177421795734487,0.254871504997337,0.164619522304754
0.354939511166216,0.124395939308161,0.00667043624687145,-0.0200079181366969,-0.021214479924448,-0.0214578383581835,-0.0206022888765306,-0.180223354855158,0.25290954459945,0.160746606906608
0.353649235108789,0.123868081268007,0.00736525648546456,-0.0202555904207022,-0.019193180207944,-0.0220687482714953,-0.0200932809761649,-0.183292880096346,0.251256913767049,0.16049234852267
0.352455993564571,0.123331032993916,0.00678206371652993,-0.0227788193551595,-0.0204099587141289,-0.0237108148573329,-0.0188962855780047,-0.182160165036165,0.251914729476482,0.159325969954021
0.355898844165652,0.125929012125397,0.00752129345287384,-0.0171464834301593,-0.0186714422392765,-0.0217584432626849,-0.016997667395179,-0.179609126878836,0.253936201201908,0.163342862815781
0.356767448405434,0.126722849701263,0.00662065894692608,-0.0176524736042131,-0.0192454488731833,-0.0220697508682525,-0.0173172367033528,-0.180560357344796,0.252354995072352,0.164563889945994
0.353465186273139,0.12450872858255,0.00552476394476317,-0.0199327506217673,-0.0214663113622965,-0.0239727691219023,-0.0200250121519821,-0.181969035420823,0.251267746263841,0.161315384730583
0.357357338839753,0.127937148442776,0.00786081636101712,-0.015132314258405,-0.017233126633391,-0.0216273281482892,-0.0190081680264729,-0.179097524932129,0.254633263427386,0.164056820557439
0.357516076507178,0.126581716566647,0.00850875156068313,-0.016804747211373,-0.0170208011846875,-0.0209481884744548,-0.016537912209394,-0.178469328999855,0.255130672065326,0.164734651116182
0.350993142183505,0.122408674711603,0.00536117279177272,-0.0222481946333244,-0.024192830578804,-0.0262163049343427,-0.0209826189011945,-0.184799542812099,0.249444873416233,0.158025876140721
0.356144307013026,0.126509327526332,0.00613398249461883,-0.0183167004908353,-0.0192554408701367,-0.0216392040222407,-0.0175648771555716,-0.179034523637912,0.25432511205636,0.163539597712098
0.352673519131565,0.12491716971928,0.00837847210176593,-0.0173675779055001,-0.0215967183855092,-0.0207236988398724,-0.0172417131814446,-0.179569342119563,0.253758413314334,0.164030241641296
0.354239333412693,0.123814913642797,0.00635568090197016,-0.0216589428782895,-0.0215019687679566,-0.0226473369206413,-0.0212481801015404,-0.182539861806617,0.250019858802934,0.162981888762713
0.357673603485212,0.127707360318087,0.00943918662478543,-0.0147458679838313,-0.0166005895758051,-0.0187433408312962,-0.0152167236249606,-0.177674536895236,0.256696866675168,0.165587019333476
0.35626749863191,0.126669110817782,0.00749769938421696,-0.0172121058803398,-0.0188161392082323,-0.022464918640397,-0.0180622910774061,-0.180148596864086,0.254047664123019,0.163369733571148
0.351751147396254,0.122112886867694,0.00282013592132712,-0.0214572034895122,-0.0225660387334241,-0.0278174654326642,-0.0229259335375464,-0.185603271552117,0.249209814812806,0.156858691135969
0.350066120877035,0.121391693570488,0.00341646158279902,-0.0220458504329343,-0.0227653876283304,-0.0237209435961427,-0.0211108206889914,-0.184131026315119,0.249337037146753,0.160584312063951
0.355821411003016,0.126673617642474,0.00716973342070513,-0.0173281773924498,-0.0189211191323563,-0.0218030384523912,-0.017139102111361,-0.17991697488316,0.254200279152597,0.164028345435356
0.358905897688924,0.130141421354995,0.0109270902109444,-0.0139485516356815,-0.0152747740909223,-0.0175730932395153,-0.0137184283909329,-0.176455077869303,0.257540101344196,0.167784088687215
0.354937506650053,0.12626298264866,0.00698306222284943,-0.0178294357976044,-0.0195032175264112,-0.0232177330311771,-0.0194433547191272,-0.18098748850288,0.25231472964298,0.164456334868
0.354394667916317,0.124737778108565,0.00563422261344267,-0.0195513321629815,-0.0201226092467701,-0.0235968755077887,-0.0190552094873669,-0.181718547303877,0.252470169331474,0.162295731555876
0.354550850627817,0.124835990786594,0.00738536496209642,-0.0183760295998668,-0.02026480971517,-0.0222120541144722,-0.0184813848505445,-0.180583770182551,0.253502784916594,0.163306342146118
0.349538998601368,0.120582540910779,0.00159857627299246,-0.023858938293538,-0.0253924990340672,-0.027898956793673,-0.0239511998237528,-0.185895223092594,0.24734155859207,0.157389197058813
0.352670759532209,0.123540361515693,0.00441427786904135,-0.0211251070045662,-0.0223757555286202,-0.0247863383831361,-0.0210826326462127,-0.183419225659927,0.250914316274255,0.160176405252368
0.349687923437519,0.121470949952883,0.00165675209711565,-0.0251980073429627,-0.0258992831070998,-0.0278489034763408,-0.0239027897611113,-0.185221931148156,0.24714948696962,0.158283222798135
0.352173566979166,0.1219073483068,0.00357813474281269,-0.0225710289910139,-0.0229856978167787,-0.0256859961828732,-0.0226298567055176,-0.183826495459321,0.250289307390637,0.15922516892444
0.354970224564638,0.12468250810166,0.00692189425062683,-0.0198273668324332,-0.022557841821544,-0.0208748739000576,-0.0219027320517711,-0.181523450067331,0.251814179806819,0.163569667040153
0.356970710980077,0.126388874791567,0.00667389204381801,-0.0170773414059341,-0.0192767066991936,-0.0205881245772724,-0.0172984929354747,-0.180859460644018,0.254022965682627,0.165045263018765
0.359099887571152,0.129251262332687,0.0104051669823292,-0.013701460209301,-0.016129255770134,-0.0179216949927287,-0.0148709641540587,-0.177234086947948,0.25776546117233,0.167572552488406
0.34839213089967,0.119510795037105,0.000689976094896578,-0.0245736551223386,-0.0257699960648451,-0.0278546576049583,-0.0242687460340242,-0.185752448857396,0.24794228545372,0.157289821519679
0.349413827896924,0.121066011966938,9.25810139206376e-05,-0.0243621191582752,-0.0248760174713422,-0.0285231908890808,-0.02443502215691,-0.187521713673035,0.246823288441425,0.157120329353368
0.353874224045219,0.123790403880199,0.0050047485086876,-0.0177123387239495,-0.019519928969457,-0.021618090167506,-0.0168408244047786,-0.18228704123203,0.253506773627121,0.163827409945947
0.353050947029206,0.124920156325853,0.00220779482284812,-0.0218222251977734,-0.021218534706022,-0.0241722283266089,-0.0198551532974378,-0.181324799779778,0.252671980405088,0.162038408308185
0.351982232881587,0.121986198754499,0.00469303159101745,-0.0214315500132132,-0.021838210728907,-0.0261473256904231,-0.02290369924666,-0.185056510868051,0.249842641863777,0.160609185709774
0.351247512227611,0.121398886989146,0.00255279163878781,-0.0215538355528425,-0.0239816311136754,-0.0257740703362701,-0.0227233394976001,-0.185086462291489,0.249913085828789,0.159720177144864
0.353424922966845,0.123614968900253,0.00457105014207438,-0.021359124910627,-0.0225290875070895,-0.0236945857620974,-0.0204092307987952,-0.183644102089303,0.252281684309498,0.160867101312236
0.355712803800787,0.121194972025076,0.00352079729101292,-0.0189831824724008,-0.0190947241669913,-0.0222447178266201,-0.0213094516366044,-0.182901751293215,0.25364544973242,0.161168955374335
0.354364927540154,0.123767121414481,0.00369711012680574,-0.0218159929002887,-0.0214152227480704,-0.0254846532253465,-0.0206667628696322,-0.182053378446263,0.252948982910224,0.161188262760325
0.352548091700729,0.122971631637573,0.00472506168096247,-0.0225398853631947,-0.0208986599030845,-0.0245473878974368,-0.0201869375277551,-0.18505679787071,0.251004948058051,0.161445317743428
0.352968452038396,0.124373111248323,0.00350407111834389,-0.0196795639141979,-0.0211354329008888,-0.0258691001462595,-0.0218455716315568,-0.184533945232817,0.252057874663033,0.161411061325059
0.352306348582457,0.124460168879247,0.0031714321647865,-0.0207204636030199,-0.0216560697515694,-0.0237684467170226,-0.0205566127359237,-0.182557476293571,0.253396477678277,0.16311563152808
