0.356177984843395,0.125452279757701,0.00817324191937253,-0.019098023508844,-0.0177488221540513,-0.0238527098388444,-0.015395364523866,-0.179415126911785,0.249310431571207,0.161230886454783
0.355423569363386,0.126374716879989,0.00973483478069577,-0.0195313515027163,-0.0198263775546808,-0.0236575685638823,-0.019142388876607,-0.180047780737192,0.247686645031975,0.161727825290333
0.354276189507998,0.125692900847548,0.00973025013690003,-0.0178819516978407,-0.0204733103504722,-0.0218880471275536,-0.0163987558212795,-0.183252156585352,0.248223405065913,0.159049153403408
0.351738687451369,0.120411834690408,0.00381244486458869,-0.0226309702314584,-0.0232418871936118,-0.0283259164637634,-0.0222721428847619,-0.185845951104681,0.243142903030351,0.155172632358986
0.353312966777585,0.121729157749336,0.00514774778246439,-0.0229538709784387,-0.0217698594731009,-0.0293167470101923,-0.0221793101782207,-0.185008268142399,0.243751426298172,0.156306991167096
0.356739871637195,0.125073461246228,0.0053860499162736,-0.0173493981990517,-0.0208527378422734,-0.0240182963289616,-0.0174692925008915,-0.177996252788056,0.250750695554487,0.159813862062219
0.354677884047737,0.125163125852567,0.00589588819792624,-0.020474488050515,-0.0195365203576586,-0.0223060536430978,-0.0174406076323169,-0.183115495883258,0.24693325907263,0.160493228752921
0.35509809091006,0.124041286737679,0.00708612595533584,-0.0193717481149722,-0.0214820463584969,-0.0267801429379355,-0.0211514834835058,-0.18403183278242,0.247570373483869,0.155874776864703
0.355146423780563,0.126184021089728,0.00636316334052991,-0.0198693374257001,-0.0197471269893266,-0.0247245757239877,-0.0202062037640646,-0.182307629899174,0.247447476166093,0.160164243499557
0.35497290688955,0.124477642466315,0.00656801739697954,-0.019985507484102,-0.0211689761746522,-0.0258651615516613,-0.0201415320356555,-0.183473869719575,0.246876019450106,0.158979340573354
0.351488628820157,0.126811669622638,0.00800619130616544,-0.0224951719531058,-0.0232619884291432,-0.0261161577025545,-0.019645696228023,-0.184869959758228,0.246109779375488,0.157395684770174
0.350788760487396,0.121486945632912,0.00333495209103291,-0.0218677726767318,-0.0236209152988188,-0.0245273796312473,-0.0213073794589258,-0.18531532809281,0.244776241088169,0.15776347263019
0.356954699756719,0.128537562662287,0.00957192362807134,-0.0154015795328287,-0.0160163136997184,-0.0208704559872349,-0.0156970276353591,-0.179589963002299,0.252067892754058,0.162588698839689
0.354094358201671,0.126399993871958,0.00898776166558844,-0.0167115667335365,-0.0200481382434566,-0.0226549664984215,-0.0176878011740013,-0.181013752577349,0.249781949723834,0.161466387004401
0.360427306988046,0.130797815235579,0.0117756764125894,-0.0143678332841224,-0.0155097260648112,-0.0178543673359256,-0.0134803956780284,-0.176406343398484,0.253930901934167,0.165898020785293
0.353228102679106,0.122043929186211,0.00397619079011679,-0.0213128651885682,-0.0218553352147694,-0.0263895978603425,-0.0212634015353022,-0.184251622038197,0.246264867804318,0.157457913118672
0.355480336379938,0.126121807842365,0.00783914669166667,-0.0167280087947145,-0.0173793314327962,-0.0215206971488493,-0.015151399066088,-0.181367995468714,0.249133903930481,0.16424087249743
0.353166841047712,0.12636245455652,0.00579897329758058,-0.0221055892119754,-0.0202721726851319,-0.0263164166019899,-0.0193695166470672,-0.182132699166295,0.248100983588539,0.158940659107763
0.356236970158746,0.124214699165449,0.00718301007762732,-0.0184906520190801,-0.0195694167751283,-0.0220770083537678,-0.017124432473658,-0.181835512217226,0.249758375353438,0.160870787186409
0.355450827930941,0.127870483243601,0.00617183465948886,-0.0175848376097532,-0.0187335989942299,-0.0218654044723746,-0.0152055631709468,-0.181220049763563,0.249305772775063,0.163675073356381
0.355924956796297,0.125610886862314,0.00641459290621746,-0.0194074993487616,-0.0197331669406797,-0.0253507032692843,-0.0183867004709108,-0.181660716657345,0.249246825613816,0.160155670794434
0.360762002438998,0.130638360904272,0.0126393623388375,-0.0130031450593309,-0.014085374929061,-0.0187351907156643,-0.0124373844928463,-0.176427158047986,0.254949543806585,0.165990518340766
0.354965286473069,0.124642098540484,0.00724756760407428,-0.0182331087024492,-0.0181264634682592,-0.0248077909983832,-0.0188443885966555,-0.183137423376491,0.248280085600714,0.161125510858714
0.354682847812172,0.123194140202736,0.00798565054998437,-0.0203861538965938,-0.0206717230874822,-0.0249133620756092,-0.0200690894345822,-0.181961211712458,0.247791800524247,0.161543859704208
0.355868395270103,0.126271582317955,0.00777464240610762,-0.0185103278827134,-0.0184136821568047,-0.0248477100111727,-0.017548955771227,-0.181887859642833,0.249713990549955,0.16116828368018
0.359663512659022,0.129336447090967,0.0123389206896131,-0.0150087960690178,-0.0166325976072675,-0.0204090799042,-0.0148013858906906,-0.179794176530673,0.253366135114727,0.162751610805225
0.354679734902872,0.1245235373695,0.00676007876907328,-0.0187421563404079,-0.019578401316519,-0.0239102680042641,-0.0181290967729613,-0.181794224433824,0.249578193417816,0.161042978707123
0.356748484337453,0.123813615691006,0.00545337044636412,-0.0199484631626797,-0.0187831322217154,-0.0219270177470747,-0.0183498027784004,-0.18236000138476,0.249383243069605,0.161173271590466
0.352462611497915,0.122828663388704,0.00209004708552337,-0.0202524988330254,-0.0216952504421813,-0.0254966093103204,-0.0202970854900461,-0.183557625316756,0.248061479734323,0.157982509043171
0.353800577010402,0.123436413208066,0.00519254450469928,-0.0196676108021652,-0.0200772449355401,-0.02515462365215,-0.0186501490571299,-0.182844558420004,0.248728725399304,0.160082138972454
0.357338988668826,0.128271953906619,0.00920737772532761,-0.016342429864048,-0.0170265554709391,-0.0207361145659725,-0.0156808405141834,-0.179444322456095,0.252151710485988,0.164283612396265
0.349143216876886,0.123136005351764,0.00421547822475704,-0.021338306521502,-0.0229264716318786,-0.0269243552191058,-0.0228372112052068,-0.185350931626176,0.247325206719874,0.155167790103847
0.355944653528166,0.126020737584715,0.00621860018333819,-0.0180130603112451,-0.0186598656326951,-0.0247766522765199,-0.016955773457601,-0.182737261457565,0.250819597363357,0.159484735851385
0.351481595489618,0.12385159527413,0.00857498733607879,-0.0196957937091925,-0.0234776979554159,-0.0245896279895908,-0.0196361002403881,-0.184035551359701,0.247879864354953,0.160052844637256
0.35621213150461,0.127720202858477,0.0078129023366379,-0.0168967554987019,-0.0172168044805548,-0.0214176113334726,-0.0159276882149187,-0.181313924028171,0.25276512548036,0.161024935590209
0.354740523324205,0.124547096744991,0.00582651239544468,-0.0154575412055185,-0.0179037374443814,-0.0272612583259698,-0.0166991285907039,-0.182721309762715,0.250801347558601,0.159733461247259
0.355054874781672,0.124790896778539,0.00671929473346123,-0.0206630061729073,-0.0203088497871555,-0.024926158728652,-0.0189546378308541,-0.182842257635095,0.24967308017376,0.160335687100812
0.354437832772951,0.124524844960854,0.00784604656531612,-0.0189009330141403,-0.0190407145129574,-0.0243987407109558,-0.0182537862850221,-0.182062696642353,0.250331269414899,0.161765149397028
0.353293121173584,0.12355743214949,0.00511632694233407,-0.020574778528802,-0.0221577843299836,-0.0269745324685875,-0.0221125328336272,-0.185310208178443,0.246336548574865,0.159852291540462
0.356683340609022,0.12539293116649,0.00655108699865445,-0.0192038743689779,-0.0177208791860288,-0.021930543049771,-0.0167821189279182,-0.182227737837513,0.250816749345024,0.162823657906367
0.352809144046652,0.122858089535613,0.00613767729244321,-0.019870856512089,-0.0222175322232317,-0.024142697669342,-0.0203089755590819,-0.182928665950078,0.249319341007362,0.16038903356225
0.357315944441155,0.125215629045294,0.00765471347658876,-0.0150851279498257,-0.01696889971903,-0.0224354196094878,-0.0152713521169588,-0.180793807163808,0.253418077993265,0.162331707132384
0.354175703820407,0.122839549771542,0.00283857234990877,-0.0206557552211655,-0.0219689667105242,-0.0236033673116898,-0.0206114015291013,-0.182882376886086,0.250311353634615,0.158144029824326
0.355651047656355,0.126939526179119,0.00517963466045333,-0.0173291906853306,-0.0194265092573335,-0.0246581250770399,-0.0158365231388041,-0.182653255149198,0.250343174088179,0.16269440273038
0.355753447730361,0.127342154647983,0.00672420781447052,-0.0184076942086437,-0.0189613188098496,-0.0235923270761833,-0.0175652208793753,-0.180270319743696,0.252294837148793,0.162459546805447
0.354006087631424,0.122577023493367,0.0027603138541015,-0.0206627826910052,-0.0209305676922798,-0.0254561265792801,-0.0203153304964709,-0.186230078090347,0.247464549968284,0.159214052890412
0.352999275957808,0.124823470001132,0.00771203671690236,-0.0220295749697264,-0.021154812914929,-0.0256433281699703,-0.0206411321428776,-0.185087879887075,0.247940597369784,0.160282739689716
0.353288590138542,0.124978659449441,0.00501707512335986,-0.0201017059999678,-0.0218272670410365,-0.0244793159704459,-0.0183110226714282,-0.182714605963326,0.249055015487197,0.162565388933356
0.35414798441524,0.119840085127641,0.00293570290490642,-0.0221079390666478,-0.0209893518286943,-0.023786031864805,-0.0205251959542788,-0.187299578451787,0.24698012269062,0.15954870804739
0.350530866500025,0.120108410600569,0.00466736826865934,-0.0230860018730696,-0.0232093393482791,-0.0248386473209806,-0.0208884849302004,-0.186727044291464,0.247678936078297,0.159057755254348
