0.57850904695032,-1.20369648128168,1.32292994880955,-0.186025659245015,-2.23839007473419,1.83128049139257,0.214691494610946,-1.40329780444089,0.0433256532069883,3.2992085153665
0.0212691617801202,5.61206264731379,-2.34286749700223,3.1306072781709,5.24264587507076,-4.04981864302235,-0.954878254477297,2.14881456654436,4.99792686597917,2.40538507229963
7.32953256965041,4.32239400127944,10.8022986111669,3.40141857585608,-0.305402888257252,4.19673918079107,4.33780768083806,2.20924592371442,-4.74889860469754,5.25753131149963
-4.944710957977,-12.2615342941743,2.19421439441488,6.83247656923258,-4.03337785824885,2.8401853796078,3.71776819433399,-0.985198013459746,3.67305214334538,6.73268833509679
5.38276971331698,6.46899409119228,-5.16619368904261,11.050237232805,7.18623702760413,12.0105100237043,-5.17538515612358,1.74946542437309,-0.369540252642876,21.5306912485568
5.99826998881674,0.357891705979183,12.9212439640686,-1.68764822254706,0.587823749684976,2.30988698085581,-0.371201250318787,9.82958841324336,12.5250268832782,30
5.58788990998972,-10.3108393384245,7.82655313721535,-1.85606614507497,-8.51111734746146,13.4760173334978,-5.88578697428857,-1.06847637586946,-1.29953148965016,11.7774693849317
-6.97714256816063,-13.8440229806871,6.32020436584414,3.20541023148613,-8.92186532257964,17.7102277288662,-11.5160048473726,-6.10382534079097,3.63866688845441,24.5410730531915
11.3289614694724,1.49441558849026,9.82379916966444,12.7776661017003,4.5058037698076,13.3789669641741,-18.7366964362955,0.00595742368721552,-10.7363388682866,11.5514951292256
0.836486553084468,-15.0361313160707,-16.0949897380888,1.39983804740167,3.97597920840409,15.2647468404538,7.11944606984703,-14.447959627004,-3.81523412109487,-4.09461492770037
8.98368146074342,8.20517051379221,-13.7770700511904,0.125662652443296,-6.0729765408996,-6.25567603034656,-8.11864183872239,-18.8038283084197,16.5268421367235,-6.93888672272874
11.672499801958,6.39370611612092,1.32292994880955,-8.2702361855608,18.2973242109801,-14.2562195086074,17.105995842437,12.6139188383138,2.07035268023402,18.6842352533344
-21.7143347460853,3.99080177792767,-0.0493358617336774,-9.79335384998835,-3.76609444400833,3.35518153760265,12.6329350157956,-17.0302437751369,-2.93298144486735,20.3098553295709
-20.6153869542148,4.66402234084951,-5.63057840253184,0.743908164664726,-5.13779058489461,14.9915529955874,-3.55759304880239,-18.9744744236484,1.19251610163041,3.97411764243305
14.0591804204677,8.56317918537737,-13.6454249469585,-17.526520639264,4.1125112038783,16.7820094119902,1.48950978639322,17.8983306323916,-6.49461601487675,15.1723315304105
0.57850904695032,-1.20369648128168,1.32292994880955,-0.186025659245015,-2.23839007473419,1.83128049139257,0.214691494610946,-1.40329780444089,0.0433256532069883,3.2992085153665
3.85341417457542,0.44430003524822,-17.9852249628794,-20.369940150787,18.0375398829638,-10.2751810340455,3.71285898742135,-5.95074803608985,-11.6261254239501,15.797449387219
-1.21788510591748,4.40929218338887,-0.789731915163555,-1.18330086856839,-8.81013795495842,4.61336396132075,-0.351855614193743,-1.16103565824061,-4.56738435903708,2.06838160820928
5.82796272197619,-10.1831872775789,5.75940978843019,22.3984879056928,-19.6894585793432,3.20092052240672,10.9350418823812,14.2502186047378,-3.67706824654013,15.0180031457751
8.92430634915516,-2.27192177135507,10.7117267321232,-2.25952344631281,4.74767167381184,-9.19414532893207,-4.47363998791312,5.18944929963077,-2.89153329253232,-4.33463079524497
-14.8130893824855,6.33005485203642,-5.35477469692888,-5.2648936033679,2.13417415325246,0.553377153226691,8.14894346279089,-1.79317594221751,-7.25947648162568,30
-0.535970723390077,12.4278217759093,-6.00866494281401,6.44724021558681,12.7236818248757,-9.93091777743727,-2.12444800356554,5.70092693752961,9.95252807875134,1.51156162923275
2.44371539036044,-12.6469000354093,-4.75190242876438,-20.877946966572,-19.435014372875,-7.31779605513339,-21.7846466604442,-1.70692425240506,-9.757437152996,-17.6605682827964
1.36883162759548,9.45653517894998,0.300976167296946,10.1516969629604,1.70771976508274,14.0902064710733,1.39493558309302,17.1142354544717,6.25118786885563,-3.83842749726951
3.79279476123603,11.6534463758612,9.37171043661443,5.66763287734035,0.488882652538535,17.3868360469481,2.78612006603952,11.9300355288924,13.278619770854,11.6992085153665
11.863374424938,28.553239117902,9.87935472521999,12.22151636908,6.31407444649933,5.95018135697765,7.7951217455227,8.01837978393566,15.3825422505946,10.4823081492227
4.43618961834057,-3.73950993253631,28.5626236081531,6.58381643867018,-6.26940941238202,-5.13577445292024,-2.96019180623143,20.2162313732779,4.19398721054021,9.72524273276812
14.0805560923505,9.84848448384056,20.2816672735242,6.98886281095717,1.62758429821969,6.56219787018956,8.46092386706518,5.82178965186974,-9.54112286260206,7.21585410763275
-6.31204394844138,-16.7156859143237,4.17315707143117,27.2050578740799,3.96543407594351,15.0969663914496,7.01411586443338,21.6398240047194,6.03187214564669,-8.07897403944649
6.42821579181836,17.4597526821675,6.81195305805325,16.4114070804291,7.98466484517428,17.2710883088191,7.47148020551865,28.8554688250154,7.55902146691366,28.6959077504278
0.982225918314251,-21.333904814615,-15.9925504158468,-10.4876385624708,-0.286631927221327,-4.21768075977457,-4.90414391834211,-0.436035899678989,-8.86495356757223,-10.3825032659623
-30,-4.89219816184566,-0.699788407253628,-5.98911367445781,-17.9779527360608,-12.3300794555501,-6.88225054416463,-4.33458987985185,-5.55245057597057,-18.378856817428
-5.88414553462294,-12.0191542339126,22.6078013635239,12.3169272581199,-3.68614865123316,4.56956712320261,-12.6369450917952,-2.80435287714106,-3.31144642175272,19.9829375910166
-0.106001280557649,-5.28479010812782,25.7077279079284,21.0430028850221,8.46662214175115,11.7591042985267,12.0511015276673,12.0582802474098,24.9888416170296,25.3533779902692
-10.4679309629043,-23.319372107067,3.06549884002021,13.8509787977102,-5.82836564176351,3.84909026782304,7.22084489405703,-0.567098222478598,7.30277863348377,10.1661681548271
0.57850904695032,-1.20369648128168,1.32292994880955,-0.186025659245015,-2.23839007473419,1.83128049139257,0.214691494610946,-1.40329780444089,0.0433256532069883,3.2992085153665
-1.76835788710153,-2.0674197887012,-6.22205712972439,-3.93828439127535,-3.13941668335038,2.89807590956681,-3.75656606503177,-3.51780359629756,-3.58170063058709,-3.69867538444881
4.1383136310802,-14.8922445362134,2.1356661666317,24.327923909909,3.29566650737654,14.8116257306141,10.342478127285,-5.13466409788322,-14.1678475099529,21.4320658550543
-6.96450170573785,-1.25775053533573,-4.49902383270305,-3.77687446561106,-9.34491181386463,-1.50979352892674,-11.9383977502403,-8.60005025981404,-8.32024070257294,-9.51410317294519
-9.81355396403137,-29.7040828318846,-7.34311676596568,-9.04404729364412,1.16125406144469,-22.1071370351192,-12.9676475615063,-10.2699997918537,-7.03057732236405,1.8352143117006
-7.28446077048159,-2.20462663148397,-19.9409973184106,-18.7507892007973,-2.84143310711981,-22.8678059693211,3.78759807036366,-5.81793814316142,-0.561547929002467,-2.04584867762457
-3.01427925878528,10.0222808480594,-2.90239377913666,-2.18057607789176,-15.3818858351826,7.39544743124892,-0.918402722998433,-0.918773512040316,-9.17809437128115,0.837554701052063
-3.67018196791717,0.0469888257358644,-25.1320130307214,0.270479209896799,0.435124134157377,6.88372294273208,6.4373250701857,-22.1951770561416,-25.6806552270239,-19.2147242983748
4.01683624744017,7.51459436266289,13.0083190367416,-7.36635464232894,-18.9056193865411,11.4555810277399,-6.86789202302886,0.432810974091986,13.0237039839077,30
-2.59541383323855,-14.6004142485773,-7.24950258492358,0.599317959268308,-26.6271321466158,-13.0146732409776,-0.63063964483784,-11.811035899679,-13.1506678532865,-7.44471524752911
7.02755232874448,-0.299612024142085,-15.0007716576727,8.76736446114823,-8.94158342250511,-19.8844647633928,16.7400995892731,21.4790912642602,-20.4207340881166,27.209998087466
10.5972707730291,-19.4179821955674,14.3301763256211,-3.52610663090493,-14.7838446201887,25.1207541756031,-11.9862654431881,-0.733654947298035,-2.6423886325073,20.2557302544969
-17.6929234556383,-18.0318053709728,8.13248932431827,-30,19.6444111578429,8.9931508296881,0.616634284707654,-17.7887683716131,9.09404309498396,8.44698744598223
7.00708047552175,22.1296368520517,7.32292994880955,19.1688130504324,12.2060543697103,27.3312804913926,10.5993068792263,24.2064582931201,6.04332565320699,13.2992085153665
-2.36777913717522,-28.2044691824876,0.144682673105244,2.09793107195678,13.1323267690521,-7.22202514986624,3.85001338237655,-8.31702964811891,-6.78740712720339,21.0608752804485
