0.35127878345877,0.127228598398106,0.00746123372356296,-0.0230510305188031,-0.0123818299576054,-0.0236984269358118,-0.0137296191552724,-0.169633947081673,0.237285284662882,0.156282343211451
0.351903176225367,0.124464394210795,0.00659139861455584,-0.0196621698389348,-0.0138917460182988,-0.0232550076496549,-0.0154071742725584,-0.172447189579732,0.236582051552562,0.154517057144143
0.354536877624727,0.126513743724971,0.00709996394333976,-0.0182954888042224,-0.0154284432862882,-0.0219302340331408,-0.0143743513612061,-0.1687682548158,0.239148706808013,0.157112745249705
0.353059867786014,0.125276621109536,0.00359960464450944,-0.0225149946418357,-0.0175265047211144,-0.0246434484290803,-0.0160695157997451,-0.174040649179239,0.235322861804225,0.152977421500443
0.352029839198475,0.128061446633902,0.00852952526624708,-0.020051943139941,-0.0134095423029526,-0.0236795372861375,-0.0135396599954599,-0.172073146441647,0.238131741106793,0.155861111215859
0.356385966868126,0.130027181349501,0.0106895258198721,-0.0162258085508545,-0.0112618654702874,-0.0208105592496746,-0.0100772303769979,-0.167474868854305,0.243125008629021,0.158035050630313
0.356898847202601,0.131688030072733,0.0104988558592498,-0.0162659658113768,-0.00993452822928303,-0.0192430706932342,-0.00907587023327993,-0.166178481915592,0.243203372069071,0.160360254674053
0.355009418422025,0.124597369281824,0.00606547950071586,-0.0182970717211022,-0.0147378743298538,-0.0255130284563025,-0.0128948618178813,-0.171340169386941,0.237948212253055,0.156924806003841
0.349435294411727,0.126555758742192,0.0054978853908401,-0.020513047965211,-0.0145366802910276,-0.0260564690876881,-0.0159311223372909,-0.171424054315842,0.238223641071016,0.154356174134742
0.3509660538853,0.125418585227659,0.00570880980860387,-0.0230652228968797,-0.0153587964051016,-0.0245388693596255,-0.0146253138285405,-0.171663019737809,0.237442425178891,0.15564278507872
0.357809837264278,0.131762947165763,0.0112006587825934,-0.0149601459764968,-0.00883179332752067,-0.0184374419227539,-0.00822288753549711,-0.166611917099061,0.243884406173636,0.160566375779028
0.3532322821348,0.128074553831421,0.0065165894141036,-0.0195638010344427,-0.0132710177166699,-0.0228019081821969,-0.0126472410632818,-0.169579803136064,0.240122134932552,0.157540744483126
0.353257938340295,0.131136023099199,0.010403480954501,-0.0182276614067826,-0.0129874141484421,-0.0196777961531135,-0.0119434043233154,-0.168647238387144,0.241314575863155,0.159299166906049
0.352885536432783,0.123166037327467,0.00313713398605394,-0.0196889053023638,-0.0133221083940948,-0.0243141570264016,-0.0156798442606811,-0.17122472812525,0.239107218832443,0.155031228611156
0.354542793744782,0.12760028776412,0.00938785746407812,-0.0203503922458391,-0.0141818386385876,-0.022882888875326,-0.0117384837037605,-0.169992337722727,0.240308514041949,0.157433267420745
0.355341719758729,0.129973047692958,0.00862602703803306,-0.0189859985548446,-0.0122078611542094,-0.0204906982638046,-0.0113815784889241,-0.166064073762848,0.24318893270888,0.158964614879278
0.353231195799397,0.12805765347522,0.00849085407946121,-0.01960741142639,-0.0119246494625381,-0.0219059546175256,-0.0112951197393759,-0.173219347876181,0.239814932918336,0.155785652123973
0.3559615365366,0.131703249310141,0.0100200921077605,-0.0160801776177033,-0.00866362855419677,-0.0189555153890119,-0.0093194758592342,-0.167269836213956,0.243954264258875,0.159593237729995
0.353985900617312,0.127643501934337,0.00780183909875806,-0.0201377694174314,-0.0138889229519567,-0.0221251797637333,-0.0136486030741479,-0.170686901065748,0.240132942761131,0.156769790940055
0.351629509268202,0.125431690688132,0.00585608089289281,-0.0220847457524305,-0.0160317561258803,-0.0239452098822574,-0.0161946117453395,-0.172438276063924,0.237284876095171,0.155961676977352
0.349506664099619,0.123346865165871,0.00325876312897592,-0.0233947577961242,-0.0171395655189768,-0.026458153834321,-0.0193030514562302,-0.174556612171168,0.236487311969262,0.151186229377337
0.349274492417085,0.123083671402404,0.00330067592122588,-0.0230523374488214,-0.0170954544096417,-0.026538888923664,-0.017034454725304,-0.174518273792317,0.235822654007947,0.153218087659934
0.348715624990645,0.121712051007325,0.00276153854619254,-0.0233984986707282,-0.0179532057453496,-0.0262918096102625,-0.0173095110470686,-0.17327128336369,0.237240560545904,0.151945626921952
0.349649169741365,0.123764810690475,0.00186169849765206,-0.0252679753034073,-0.0187320683222861,-0.0282702423143321,-0.017685074392091,-0.17567716587592,0.234679521784955,0.151331720256525
0.354626071429776,0.129020765484368,0.00881714127042801,-0.0190855955666264,-0.0125553445361648,-0.021135711982445,-0.0127049063416132,-0.169485339427463,0.241344038886154,0.158178547345813
0.350254118687224,0.126263761896915,0.00378790081381845,-0.0209203378590147,-0.0171066161506432,-0.02385369864268,-0.0145876266054827,-0.173082095957543,0.237507890484461,0.155513036304173
0.347407419361691,0.122787852574078,0.00171728258661606,-0.0259101527698251,-0.0187253251152549,-0.0279511484745947,-0.019586714517391,-0.176981447644644,0.233981545223434,0.15011932490292
0.352239386778177,0.126121672811411,0.00697700912159568,-0.0196033781051495,-0.0150598333868906,-0.0235844945894002,-0.0135116189974253,-0.171456571581897,0.239710261059267,0.156608183849509
0.353799766767322,0.128239754260377,0.00710246484673674,-0.0205669602031364,-0.0138069086467579,-0.0226098471597128,-0.0123483304330836,-0.170464091549495,0.241154787047303,0.156382310381482
0.352710289750559,0.1240949986606,0.00658166620072953,-0.023028908270116,-0.0134847776801673,-0.0231037962432301,-0.0127627699175934,-0.170401013202802,0.239647229875192,0.157588330739249
0.358423059152849,0.132817753207441,0.012614128993501,-0.0152886078435534,-0.00875835681309177,-0.017338724259372,-0.00890791861854015,-0.16568835170439,0.245141026609227,0.161975535068887
0.354782021771158,0.131918182437341,0.00941319564723316,-0.0191531467378961,-0.0129839266623012,-0.0201290071478092,-0.0113303272982017,-0.168286505551472,0.241024573071264,0.161447505249508
0.349930856865774,0.124482443757364,0.00379250060861399,-0.0252116768184907,-0.0169810030566486,-0.0250300635174212,-0.0194332189209018,-0.175302670311155,0.235443912350651,0.153351247917739
0.34954418325327,0.124657643375121,0.00331686337436396,-0.0240800830862112,-0.0180470148540931,-0.0295397773104859,-0.0202192799077813,-0.175633955882997,0.234430448618828,0.152423801683157
0.358314567135094,0.132613296983116,0.0121662256764622,-0.015461209679979,-0.00878019984488525,-0.0181366426389041,-0.00876538434358403,-0.166330638155748,0.245089327000288,0.16135441850335
0.350611127753034,0.123655735482209,0.00328074811964613,-0.0235370354429044,-0.0185083543882221,-0.027343630438903,-0.0160006705567109,-0.175575155895358,0.236649698758566,0.151733044685226
0.350066043735172,0.121979883667156,0.00489266609748622,-0.0250627753391545,-0.017387823169835,-0.0250702432816865,-0.0170230454303736,-0.174584399559574,0.236262610169729,0.154063183115815
0.353178639880105,0.128807522498508,0.00581562128561907,-0.0215411832329575,-0.0145349389586219,-0.022676186474909,-0.0155629185262497,-0.168772869415833,0.242091025033559,0.155603325274069
0.354347306304548,0.127861415572041,0.00767810790073029,-0.0199672124693737,-0.0140041450212335,-0.0218549733042858,-0.012919406082457,-0.170412407382191,0.241161300332131,0.157668933047799
0.352787849657692,0.128413999201719,0.00679810214221853,-0.0205182084887156,-0.0145632510206662,-0.0224971360724368,-0.0125568042889618,-0.172452581149189,0.240229841899762,0.156538078598767
0.353366023565151,0.125586477884456,0.00741748827233963,-0.0218663269050346,-0.0142439408799822,-0.0227406769776684,-0.013739201308096,-0.170743008889391,0.240586011472893,0.157524178050986
0.34819998962514,0.122656589693908,0.00147257107429891,-0.0255400643715676,-0.0185493887338504,-0.0288234996990586,-0.0190028483487116,-0.1768611517497,0.235258960233243,0.150588256786426
0.351118971440619,0.125263621633794,0.00376019235918858,-0.0227072161413348,-0.016295195604493,-0.0268895195059419,-0.0163885419988466,-0.175331985173822,0.238176747319364,0.152231006822516
0.349533901242264,0.123015587709691,0.00360118650670478,-0.0244305816569202,-0.0167948672805633,-0.0261468242925397,-0.0180136902623225,-0.175221909596563,0.236822236475998,0.153306629575901
0.354266814731153,0.129357769226623,0.00782829854610136,-0.0197031579769971,-0.0101936868024207,-0.0225748026517177,-0.0115212591984721,-0.169376477541752,0.243107628496027,0.158258384503423
0.355822793941827,0.132020017651386,0.00971655617770536,-0.0167901553830545,-0.00907227582358318,-0.0193299816375842,-0.00978765026902677,-0.169494794591642,0.244419270343275,0.159379984887352
0.349858295852356,0.123815967551878,0.00247142877333702,-0.0244256116977907,-0.0165276512750351,-0.0273874172135067,-0.0163621542434234,-0.174635910101935,0.237776403420945,0.153012929939554
0.354046529481454,0.127723441110357,0.00565567417090937,-0.0191809721634936,-0.0129808157593389,-0.0219157127120064,-0.0141897551968012,-0.171520059154766,0.242384987808854,0.156161521672929
0.357469969877348,0.127664764424121,0.0105022841040342,-0.019872567540014,-0.014008578506748,-0.0211750676218941,-0.0135331725606092,-0.17091547709852,0.242916801819984,0.157560881893435
0.349441976523119,0.125997648966345,0.00648523039671028,-0.0232812346414087,-0.0153552337180639,-0.0232897957432408,-0.0176625157060578,-0.175389387799316,0.239949033410265,0.152577370170277
