0.349949724503467,0.123325041561466,0.0048067305219848,-0.0237927857160668,-0.0122009258602713,-0.0235444830507588,-0.0169633494455245,-0.170643026445807,0.231655434512588,0.152992350274347
0.351094447290937,0.126577438166134,0.00766076946543772,-0.0192598215562821,-0.012485199148662,-0.0223164840748719,-0.0127914693256804,-0.167640279724617,0.234535107652505,0.15697152600844
0.350560251970853,0.124845508079143,0.00584414942658307,-0.02256130504812,-0.0132749795134076,-0.0211868319556988,-0.0135971773809454,-0.166545211067031,0.234416556159095,0.157072471651152
0.349995269226273,0.123872842003493,0.00712023943461115,-0.0237317142854138,-0.0153583782339109,-0.0236137444881377,-0.0134367574665401,-0.168583252196567,0.233516610097554,0.155298128370917
0.349739144512255,0.124728258332992,0.00631789960872971,-0.0238079074626894,-0.0168784168144993,-0.0234124686128978,-0.0160407156128746,-0.167202896974611,0.233933714440614,0.15504354915335
0.350806345551713,0.127052777033743,0.00672145290687694,-0.0187458298316816,-0.0108944075388071,-0.0211659875461649,-0.0142237404210293,-0.165014089340309,0.236841532382302,0.157852938670068
0.351544161184304,0.127157734339998,0.00852619666114856,-0.0203868167646737,-0.0127386129016651,-0.0216739718964143,-0.0127176792719116,-0.166425286129193,0.236572908067637,0.156816200634067
0.345429018784614,0.120686247845624,0.00206882963566325,-0.0234634050800071,-0.0179058830094515,-0.0268552036089905,-0.0194525208027137,-0.171098835041116,0.23075669451551,0.151999447247397
0.347760480510429,0.125917081163618,0.00266385469382614,-0.0241179082524462,-0.0156552657673181,-0.0220506715483729,-0.0144452824657784,-0.169708532566064,0.232991301170981,0.154583141093878
0.344924326265727,0.121272438860153,0.00267226156238444,-0.0249096446872818,-0.0159162886319661,-0.0244206679046326,-0.0179287882587357,-0.170329167793923,0.233516388625802,0.150374392237089
0.35057559533917,0.125138388070606,0.00261367221958931,-0.0219335431306381,-0.0132858659134826,-0.0236994459416701,-0.0172475157818774,-0.169452444701313,0.234215281191191,0.153271886373697
0.352503152728998,0.126007151206888,0.00721260532395321,-0.0222306645613924,-0.0134266534942445,-0.0190004959840409,-0.0116225023665838,-0.167956162357046,0.236149166594006,0.156366823380697
0.354055739678343,0.123843290757978,0.00768568942763813,-0.0214238441611663,-0.0141493447791785,-0.0200191522362436,-0.0115419029485717,-0.167365192964828,0.23673245959769,0.156162199139747
0.350872662787411,0.128443190356627,0.00679056372312884,-0.0202565648358758,-0.0112733761317826,-0.0221214312447874,-0.0121864739283101,-0.168038792781365,0.235852731825912,0.156896734022609
0.348630724500558,0.124397054085689,0.00292110242903517,-0.0220786671945266,-0.0142267674698562,-0.023348595194989,-0.0162994261348431,-0.170646407265997,0.234235518342873,0.152918918573852
0.350183003725674,0.127169549506691,0.00774577080840909,-0.0216584828787582,-0.0119606948151054,-0.0200841946968977,-0.013948227277611,-0.169774264696701,0.236738143830699,0.153900075064445
0.355336331325931,0.128354619652947,0.0105871627008365,-0.0184290667060375,-0.00772576381218038,-0.0181616277385313,-0.0100299780855269,-0.165184582302723,0.240517327754047,0.157687287726171
0.354255889346104,0.12863774592527,0.00904003099093553,-0.0187063381367034,-0.00941582102290083,-0.0176905813875703,-0.0105145602511706,-0.166833244531086,0.23845137387595,0.158492625035878
0.350532020920024,0.124714359466045,0.00698313776498668,-0.0211412738795943,-0.0128330761529491,-0.021556849102965,-0.015584024200619,-0.166380319457131,0.23784257748068,0.155105247363623
0.350422265364258,0.125000595172494,0.00750395022181952,-0.0206526395428717,-0.0136546672162753,-0.0203525971760778,-0.016106476012923,-0.168827340750154,0.236147284296393,0.155380368417619
0.352842837190457,0.128724049990648,0.00773253059505641,-0.0178316134503374,-0.00982511721254509,-0.0192527683885988,-0.0132930092306602,-0.164878832552615,0.238977340041474,0.158628356307481
0.348184250149478,0.126951512777044,0.00425859724218624,-0.0217215597676811,-0.0155968209491243,-0.0224433690825256,-0.0135804378515663,-0.166403923482891,0.236409684402019,0.156408973466139
0.350186386042344,0.126771348753937,0.00583339133880121,-0.0200521910883039,-0.0149292155890155,-0.023430744718861,-0.0162356080148611,-0.17065072050639,0.235754615685578,0.15280532617846
0.351630537514515,0.12676178777112,0.00661099333617099,-0.0197711183448207,-0.0137833153336292,-0.0215342651784306,-0.0126706598637749,-0.169899741276472,0.235679844451808,0.156398377735142
0.34878566775512,0.124838239781246,0.00530837752033763,-0.021699099010835,-0.0148242738825504,-0.0226797936136624,-0.0142878781661153,-0.16920102775587,0.235513104673906,0.155385022250885
0.351362420955143,0.128911441439543,0.00757276888576129,-0.019000701332245,-0.00971533017666119,-0.0181495901070733,-0.010724533125529,-0.167473965715678,0.238405925647253,0.158127387991898
0.351429778351422,0.127620015158252,0.00717066850609296,-0.0206317794209372,-0.0111773888186976,-0.0211199406413519,-0.0113222277162706,-0.168874749732526,0.237226007750107,0.15655592703283
0.349461184955408,0.125703905756817,0.00326761928491447,-0.0229191701765177,-0.0154558361025174,-0.0252637704903434,-0.016734484224695,-0.171041690917153,0.23417853692945,0.152943974230818
0.344585672573995,0.12067283063538,0.00114316266512327,-0.0262541983643967,-0.0186224640108887,-0.0259678341892401,-0.0197415105924418,-0.172530124749775,0.230928910447251,0.151929327135382
0.347479734896922,0.124819573472379,0.00644892176895428,-0.0249403631350264,-0.013290742497076,-0.0216302209695007,-0.0163343842869463,-0.167330642821261,0.237335639053071,0.154268984324861
0.349786651764426,0.124156421075579,0.00632027885272168,-0.0208893939610405,-0.0145965067085906,-0.0221704874259673,-0.0173095750174343,-0.170266074222512,0.235575990134194,0.154600228475404
0.347175420946885,0.124115447347171,0.00237432902196598,-0.0246816986402954,-0.0166434832985607,-0.0256699810671634,-0.0176635464349619,-0.173342225035937,0.232605793553933,0.151302500889013
0.347395171646518,0.125239048861951,0.00735573948447492,-0.0242669055961644,-0.0138808474132472,-0.0230725416181047,-0.0158552319780609,-0.170335817414277,0.235252221622843,0.154566438300488
0.346260119632082,0.122588690513006,0.00199241272385125,-0.0246516696027603,-0.0165342214784264,-0.024620386683803,-0.0183978087461407,-0.171814453777357,0.233166321587846,0.152727533705454
0.346260119632082,0.122588690513006,0.00199241272385125,-0.0246516696027603,-0.0165342214784264,-0.024620386683803,-0.0183978087461407,-0.171814453777357,0.233166321587846,0.152727533705454
0.348548904608761,0.122769525933966,0.00922562022704367,-0.02299126581704,-0.0147436913672254,-0.0231796107641874,-0.0142699453242432,-0.166254064656444,0.237104319005773,0.157522017657148
0.34943411202159,0.125798629509017,0.00351018951439026,-0.0231880887446767,-0.0161849627590267,-0.0227839900885013,-0.0151637737881865,-0.171464242236073,0.234336195757876,0.154515216351161
0.345334342865454,0.121680368042676,0.00447294901521415,-0.0256206651086841,-0.0148804646855217,-0.0262797584391434,-0.01643026827488,-0.171400520790323,0.233388010495217,0.153720753184895
0.349222898097671,0.125114580308463,0.00507957288073926,-0.0229701804061354,-0.0147907985137151,-0.0236574180750495,-0.0142214218898154,-0.169878126565963,0.23601707233522,0.154681278668736
0.348144305035926,0.12447287591685,0.0040478877098626,-0.0213971675415757,-0.0160249821800903,-0.0237231555391155,-0.0153588000302637,-0.171455561319482,0.234171220469896,0.155619539209028
0.354611134917358,0.129888422272438,0.010339221969075,-0.0164176629996712,-0.00844764579827463,-0.0177194607714349,-0.0102825793951673,-0.165197323776508,0.240686297275473,0.161061128152387
0.346658835246495,0.12183060956799,0.00257148900388423,-0.025242697093194,-0.0174526447470993,-0.0256865242225458,-0.0179926331717585,-0.172841286378594,0.23257333766456,0.152788236321476
0.352109269751068,0.126320647541572,0.00651611430916447,-0.0198023383323504,-0.0152960741176103,-0.0233681947164339,-0.0143577962245236,-0.168876646258006,0.237256092565289,0.156384198007243
0.345454527289984,0.121346209500776,0.00131120207305179,-0.0267385512138229,-0.0185591693214026,-0.027425788882737,-0.0179897926975029,-0.17364649737365,0.232248701527532,0.150912907861048
0.35142358037312,0.128153867689341,0.00624704821009113,-0.0184335631164529,-0.0133442020331179,-0.0187002499122052,-0.010710123928089,-0.16890423077428,0.238610502092458,0.157829305080482
0.348251187442932,0.124788154009321,0.00316126374286793,-0.0233280052895547,-0.0119786066458558,-0.0215535586994622,-0.0156886856741578,-0.170715251209504,0.236603990365137,0.154762934313128
0.350105410342608,0.123977256710821,0.00258581735673987,-0.022616454712986,-0.0145644363898929,-0.0221717187774688,-0.0170929146741243,-0.171047606560506,0.235143309955501,0.155586917396567
0.352049381165212,0.127971992026522,0.00803515638551604,-0.0201613194803041,-0.0101454652832765,-0.0197123723578259,-0.0110521127522626,-0.165874735678542,0.240593794297358,0.159111212873093
0.346346057286219,0.123215592719604,0.00215899354724098,-0.0242314238922929,-0.0184930170168165,-0.0255321138424919,-0.0183633867278182,-0.171892851648365,0.234113141877008,0.153739706943855
0.351381829009986,0.128441836226754,0.00888137339997164,-0.0205160825169835,-0.0143469264901871,-0.0183017490604173,-0.0122200883803787,-0.167835747176304,0.240412984086717,0.157604067333388
