0.350523334577053,0.126169272885651,0.00530103867810666,-0.0220371758257142,-0.0141598894255473,-0.0232104657582534,-0.016761744558266,-0.169263415375172,0.232507963883231,0.152894228034117
0.351723898234211,0.125497534602633,0.00748354465229289,-0.0225473707718114,-0.0116710161761141,-0.0207219290331815,-0.0159147001147152,-0.167942371939939,0.233264440408189,0.155396223113172
0.355109948886946,0.128583728133699,0.00872112866862111,-0.0190283775225168,-0.00826556957652418,-0.017704363443322,-0.0119937385310225,-0.167826880348398,0.235654832586701,0.156767649687667
0.352985781292186,0.124643963474694,0.00709477331928055,-0.0215609225410261,-0.0118153948394815,-0.0222178027733353,-0.0138309099016077,-0.168763562719457,0.232687296950584,0.156266254829925
0.349949724503467,0.123325041561466,0.0048067305219848,-0.0237927857160668,-0.0122009258602713,-0.0235444830507588,-0.0169633494455245,-0.170643026445807,0.231655434512588,0.152992350274347
0.352638261845365,0.127201937809483,0.00732039717983588,-0.0208461705710624,-0.0107383362474383,-0.0186818993299115,-0.0129764957863826,-0.166754496020124,0.235166834965889,0.156996310819168
0.351817628078211,0.125186374781197,0.00594635910165588,-0.0234272337352763,-0.0118879609835712,-0.0234477729820364,-0.0152040689378424,-0.167859615690949,0.23237391152315,0.156309954933602
0.348215565945024,0.122711025338784,0.00488763577897517,-0.0246848001076605,-0.0149155640826553,-0.0260983343594678,-0.0170390221652996,-0.169413256595344,0.23165550555154,0.152608351919086
0.352169161587617,0.124534502680207,0.00878842052939068,-0.0211774825094405,-0.00799173709746348,-0.020434549250766,-0.0136942913169816,-0.167343165112856,0.235962998938121,0.155325062596266
0.348257386790868,0.123618649343418,0.00804039639915434,-0.0234902893364851,-0.0122871301222063,-0.0252102512512181,-0.0163244099278739,-0.166638062464419,0.234344150539574,0.154045217894363
0.35401391568986,0.127844202273005,0.00908436742698409,-0.0194181179293932,-0.00897902523413929,-0.0186067300505287,-0.0115213359605348,-0.164835191303719,0.236794922788541,0.15879133841545
0.351448299096741,0.125764572156245,0.00719670753152418,-0.0198691679453368,-0.0112944769821612,-0.0214409158771745,-0.0144490076714189,-0.167112003290762,0.234964991966749,0.156254826213572
0.345581354400621,0.122711751723106,0.00180056431830864,-0.0255231910435785,-0.0158143999322679,-0.0246072320589611,-0.0179846849853682,-0.174498577376006,0.228949983111745,0.150080015482695
0.348666146929219,0.123313305564148,0.0075459587229167,-0.021352953939655,-0.0132316174828716,-0.0258466649068494,-0.0155087185318646,-0.169373688371152,0.232619858542797,0.15451806851372
0.349742711107521,0.123646894757733,0.00617977328222157,-0.0214002499954545,-0.0115244854271995,-0.0218521748988419,-0.0173947901861501,-0.172550334079214,0.230570962339452,0.155101526233918
0.351655738926589,0.124792789108353,0.00777953596966823,-0.0199762063456718,-0.0110901799574485,-0.0195810246645226,-0.0122425790983898,-0.169730895196464,0.234001928199102,0.156555418362464
0.351688689534001,0.123209929450128,0.00560169003457218,-0.0207391275411901,-0.012651756076652,-0.0215813481910417,-0.0126408483888208,-0.16748769465575,0.234812047747522,0.156139967555015
0.348855102506948,0.124621061362542,0.00373529260790547,-0.0239553469842565,-0.0139280958137947,-0.0227975772995659,-0.0157043159556515,-0.170175779505936,0.232323367841784,0.153787745684113
0.351911050933522,0.120159365591706,0.00575894160131329,-0.0257094300870942,-0.0164095612673971,-0.023034793461068,-0.0158971569576044,-0.169829240121764,0.23214362299003,0.153420681644678
0.348016561813507,0.121200430392549,0.00275640645687562,-0.0259262310270588,-0.0125768186055413,-0.0257998395223789,-0.0194363280328273,-0.172956212570546,0.230328754235164,0.150511458155565
0.352002732090905,0.123584166159722,0.00624620997481146,-0.0226083149386165,-0.0131751353197249,-0.0217818176435012,-0.0142526261970481,-0.169004109705318,0.234193947055139,0.154577274707047
0.355761659543605,0.127343093612422,0.0100051374275116,-0.0188493874859164,-0.00941620786702475,-0.0180228901908011,-0.0104936987443479,-0.165245182252617,0.237952874507839,0.158336202159747
0.351762508715897,0.124467984090891,0.00856959545627836,-0.0241875778801799,-0.0101434997883427,-0.0219161149650047,-0.0152819841561626,-0.166838876089134,0.236375000509179,0.154081738593928
0.351499234501749,0.127487606827193,0.00782172540319816,-0.0226229253328489,-0.0131075202567609,-0.0200127077420869,-0.0146935971173608,-0.166131430221722,0.235836844634599,0.156409265257834
0.351396280846962,0.124145082049707,0.00584003884964058,-0.0220178932944455,-0.011221850839336,-0.0226516015372456,-0.0165990639934968,-0.168952784545189,0.23422003343666,0.154521578164274
0.346586697382187,0.123380584291296,0.00253092195834099,-0.02634315045444,-0.0179227060448155,-0.0265740631458167,-0.0191869807096997,-0.17028035217924,0.229889948717696,0.152815092928984
0.34661910757489,0.121429981844905,0.00200516426173071,-0.0250282352265743,-0.0153065941522394,-0.026114162751162,-0.0193524723859771,-0.171587485345758,0.230489555994745,0.151663717019507
0.351148334382548,0.124979483020385,0.00511701261423792,-0.0246473126273931,-0.0131145978517821,-0.0243743669736844,-0.0176041781313468,-0.170244259112065,0.232249937034462,0.15376334148219
0.349469426768853,0.121648254386435,0.00375421965367381,-0.0251381372560689,-0.0144094211119028,-0.0256270645221698,-0.0163484195427868,-0.170864898722092,0.232056670573898,0.15223760374721
0.347238292339597,0.124621400670135,0.00572359637316164,-0.0216611083281538,-0.0116209873779225,-0.0235417945943849,-0.0151518099630572,-0.170842155469579,0.2325888602335,0.155109398261863
0.349580308950778,0.12141764888613,0.0040292580940425,-0.0264280096655097,-0.0157614378118374,-0.0235047264282895,-0.016988866800826,-0.169750711818789,0.231469775563883,0.154454114431565
0.347080413416412,0.123722639846904,0.00249538660155274,-0.0255151355916494,-0.0150429565108793,-0.0243222416036837,-0.0171391617513702,-0.169717737193782,0.233242560965262,0.151669487759065
0.354415000182005,0.129877168953205,0.00994867715657321,-0.0176378160714557,-0.00719920056576607,-0.0170881091262159,-0.0100850138328266,-0.165299568628043,0.238789607532621,0.159318796585823
0.350080933600821,0.126196558146373,0.00856635352503527,-0.0225846745179362,-0.0104360622478389,-0.0201950445448135,-0.0141868945209104,-0.169582157662471,0.234629065828704,0.156265408258921
0.343678097931897,0.11853981275811,-1.94314105155429e-05,-0.0281101426543744,-0.0178175346988189,-0.0277415029303959,-0.0212049963048303,-0.174245024572565,0.228826984116494,0.147924443803018
0.347186430221084,0.121006608898944,0.00294814289424774,-0.0279888869300938,-0.0171083031039698,-0.0254861464587758,-0.0204957647099812,-0.171931838447827,0.231219028859122,0.149948481662164
0.350811757425978,0.127262800305991,0.00653798854292796,-0.0189721854416685,-0.0105225046669846,-0.0193480933363017,-0.0134321616479743,-0.165396310717781,0.237687502180766,0.158107592652708
0.345879517685333,0.118951516148226,0.00228921891272119,-0.025507559124387,-0.0159378579531438,-0.0257368329659747,-0.0212334133177558,-0.171923430430218,0.230909307083573,0.151203767449007
0.349422373462778,0.126584091483959,0.00596193591886091,-0.0209654380185649,-0.0128782727778542,-0.0211657760412796,-0.0119331531637375,-0.171522063755874,0.233311008816135,0.157028437955736
0.350027567423037,0.123651149136143,0.00369627393936233,-0.0232046202145264,-0.0133826811250821,-0.0228581009141138,-0.0170281320598244,-0.170845316503157,0.233399372234044,0.154289633835457
0.350999552834339,0.125648516793994,0.00642094345375042,-0.0219770525981854,-0.0111731955717739,-0.0216284277042924,-0.0140077310988936,-0.168258881062175,0.236124614404973,0.15605178157372
0.346109260681246,0.119981803865822,0.00180457723465308,-0.0261000172912538,-0.0171576437371311,-0.0266164126910632,-0.0208953896841796,-0.17421347778686,0.229856784870691,0.150037361922176
0.35079140533402,0.123755680619638,0.00658891326259215,-0.0234537495948087,-0.0112625574227752,-0.0243425862824208,-0.0159450233696622,-0.168177179870076,0.234848677593669,0.156302738111467
0.347317141788146,0.125922787967374,0.00534888812895755,-0.0227654160038316,-0.0132088471684516,-0.0245636263269827,-0.0149745493543305,-0.169409629354782,0.234664691401301,0.154879354516552
0.345288087316996,0.120140031286458,0.000668381663223535,-0.0263539040815214,-0.0178718814728809,-0.0273927467476373,-0.0199200021905943,-0.174808221335345,0.229154400038541,0.150547017288987
0.347227838995478,0.121954485383183,0.00270915637650371,-0.0269144324566177,-0.0163645038785958,-0.027519168538321,-0.0192827448953441,-0.172760154999719,0.231471146187042,0.150809617924791
0.351606104151327,0.124957998853993,0.00564709299222813,-0.0225260172066007,-0.0135156990897925,-0.0241355562195503,-0.0143600682039954,-0.1677596067579,0.235837731193348,0.156351059233304
0.3532279704601,0.128824669266449,0.00895366694850552,-0.0182822036347758,-0.007788836244621,-0.0183410849437826,-0.0109441972505866,-0.168823563114949,0.238277026516343,0.158003171977378
0.34929908419401,0.123268105492557,0.00527225106647969,-0.0240454144009342,-0.0115465388420858,-0.0252019399441854,-0.0164226845921838,-0.171155602635872,0.233221070495458,0.155496255872018
0.351571381988879,0.125446289053524,0.00711190301673766,-0.0229958415129112,-0.0140676467278923,-0.0206214327045682,-0.0150033513096836,-0.170583768409353,0.236571380273166,0.156695552623563
