0.358294427719565,0.129983450791614,0.00963866216715,-0.0145893893973204,-0.0126254515532588,-0.0204658445758805,-0.0113580066983659,-0.160846848789993,0.225609972996224,0.151626219078481
0.357250746069026,0.128388444841728,0.00810694388162077,-0.0132737673634755,-0.0120635478382855,-0.0193919550358419,-0.0131639656627245,-0.162378892881273,0.224831224988737,0.151890162950876
0.357415064280592,0.129504448688725,0.00882385908801627,-0.0145860650689281,-0.00912689021107941,-0.0190043440679274,-0.0144326331158147,-0.162644380005006,0.225329208442385,0.151140556578571
0.356685565222346,0.128787411756224,0.00691409667837448,-0.0154234549854531,-0.00993286406243613,-0.0189620467638144,-0.0156013350756137,-0.162556112898186,0.225349974374638,0.151790965496043
0.357771501391416,0.127109791865387,0.0073337397185576,-0.0128319800684399,-0.0131629944690065,-0.0203193939334115,-0.0146445174004462,-0.164728312199717,0.225076907262631,0.150281427462774
0.357210422812438,0.12956863876158,0.00891231415225801,-0.0142943925980764,-0.00921343255060879,-0.0198485925587415,-0.0146286254157514,-0.162884632271742,0.226605880971779,0.15300901378676
0.360438435045757,0.129848246199198,0.0116434585862327,-0.0116333777725083,-0.00727158968871055,-0.016183376369931,-0.0117312984745036,-0.159948185810884,0.229529885122089,0.15535833312908
0.355146226680071,0.12771434409761,0.00675330577099818,-0.0173175888993108,-0.0121922282495738,-0.0203966272967363,-0.017935323933952,-0.165455665854175,0.225680659406447,0.148284848935449
0.356359784541446,0.129584013943779,0.00662135658544428,-0.013712184282962,-0.0103817591660218,-0.0189529703699409,-0.0138445256825769,-0.163114743885678,0.22816605764657,0.150564897055955
0.356019254497005,0.128787877964154,0.007482151799945,-0.0160385740257618,-0.00936000924165468,-0.0202675735937762,-0.0154531666379877,-0.163723834872386,0.227320672268018,0.150059880212225
0.353525371835899,0.125883587785041,0.0052272631757195,-0.0179794435746149,-0.0128984835271473,-0.02353364353528,-0.0183136763922899,-0.16656968324828,0.22292082999524,0.149323962810222
0.356249712625548,0.127350696773992,0.0088433391357169,-0.01473995810383,-0.00768873051115699,-0.0164084721703292,-0.0149152244617141,-0.163115679079066,0.228031357285876,0.151991492491828
0.356255902187386,0.126612214039128,0.00774336484713759,-0.0132933488921242,-0.0135726401216074,-0.0212196127045337,-0.0131046397535584,-0.163760600300436,0.226983849901935,0.150842339285283
0.354139843563961,0.126887068331726,0.00531641078760571,-0.0168853063376407,-0.0109960435114165,-0.0216964649682707,-0.0186683091529339,-0.164575539050746,0.225622588091132,0.149101682514113
0.356375207718688,0.130844106393998,0.00783356782254653,-0.0143997085847525,-0.00939710329794295,-0.0188527208992269,-0.0126368209049059,-0.161324694623595,0.22817992296169,0.153515943647629
0.352028651605782,0.12499791315574,0.00385782571891115,-0.0189668826313396,-0.0124516478950701,-0.0233109786274381,-0.0172323278198691,-0.166876145931655,0.223359298592502,0.148399109842992
0.356846123387613,0.128946714255059,0.00815538014733708,-0.0160331258882667,-0.00773719330377703,-0.0189152120514911,-0.0159987869712651,-0.162086370371271,0.228999605409217,0.150735797939709
0.358617442276207,0.132332426993984,0.0105405924907285,-0.0110942167500298,-0.00639545239207934,-0.01839171194011,-0.0118136559197845,-0.16186806648511,0.228540532734462,0.155367446411745
0.352554108544445,0.127596526815283,0.00507071931252612,-0.0184107672193586,-0.0116215651076777,-0.0205129930063113,-0.0163787245428475,-0.16621981432168,0.223456469043672,0.151490950898515
0.359900433861522,0.133910342442023,0.0128423899335931,-0.0110042498260397,-0.00780409775597691,-0.0154912414366289,-0.0113341770323167,-0.159322182268038,0.230773750256957,0.156149563925385
0.356654462665345,0.128422834324138,0.00820960533303168,-0.0107556548358301,-0.00972586276992296,-0.0167682588569407,-0.0113089635723751,-0.163539497241844,0.227988464989587,0.154034853686494
0.359008231919375,0.132120862139704,0.00898961813350873,-0.0145544660447683,-0.00865766739027263,-0.0165555824660213,-0.011918174181784,-0.161549756411552,0.229315762599553,0.154003882666856
0.356735967554217,0.128186899577744,0.00943880871961077,-0.0135230573250896,-0.00870875018808597,-0.0177499016992073,-0.0143088045148935,-0.164513552765245,0.227504980941108,0.152505309502564
0.358404494342861,0.129533969419083,0.0122895349623071,-0.0101776770598277,-0.00858329923635999,-0.0183335367543138,-0.0137109861067905,-0.1625266888408,0.228214401691884,0.155059898644824
0.357305444798378,0.13150970166682,0.0115470265640692,-0.0128824334400973,-0.0075229920161954,-0.0171195212755451,-0.0139942077333487,-0.160698233030848,0.22933850013748,0.155476016472582
0.358467625610173,0.131731073996874,0.00860824312337643,-0.0115835889918463,-0.00898183595913158,-0.0179590965012915,-0.011548137207751,-0.160027396950839,0.229696152331908,0.155816277184705
0.356205408909745,0.129374688710183,0.00686506360973662,-0.0167949629035847,-0.0104663498826319,-0.0228785233616732,-0.0161947720807802,-0.165413588824268,0.225600867069086,0.151008557542353
0.360535570205542,0.1332081063334,0.011165317015163,-0.0112837884482278,-0.00535692772735135,-0.0155088238802186,-0.00992799140627875,-0.159538117308599,0.231883162681549,0.155729208328039
0.357431043140163,0.130880243254101,0.00961882893118196,-0.0114767061000745,-0.00772070597001645,-0.019064336922413,-0.0126886055387949,-0.160646366465573,0.229802873513443,0.154990532539041
0.359177708649189,0.130513642446512,0.00968554169774853,-0.0139052667383752,-0.00997976046260636,-0.0172826911317681,-0.0143166912946519,-0.161467875172314,0.230244630521307,0.152683421302416
0.359135535631963,0.130950687810148,0.0106671590451236,-0.011764282995378,-0.00793746044881046,-0.0174148970649765,-0.0120502248841118,-0.161289133160774,0.229961681592134,0.155032201600762
0.358320690365674,0.130700582806878,0.00989436745335237,-0.0122971447185929,-0.0122383975266538,-0.017616451749696,-0.0140426804948435,-0.162985409043205,0.227659442580967,0.154969740467021
0.352007589142977,0.12465724834015,0.00327516369884389,-0.020449179286908,-0.0126923160761872,-0.0231196576155372,-0.0198287225869862,-0.165388651570646,0.224982900196052,0.148328008201058
0.355465432352778,0.130593260906683,0.00921713378022702,-0.0134107075730072,-0.00978610061505903,-0.017119622358784,-0.017249142786748,-0.164838704422546,0.228383266193623,0.151061625361355
0.360068207934327,0.133355291482576,0.0123927967178171,-0.0125156506171294,-0.00892879620955806,-0.01615313272581,-0.0102891927361033,-0.158885555264943,0.231729120728713,0.156145880056655
0.357139320571505,0.130936592356382,0.00894745587090283,-0.0140775813105689,-0.00749768178031211,-0.0163018475049573,-0.0142030361044961,-0.161220811026491,0.229118092529768,0.155680880601751
0.356737498692667,0.130194630094792,0.00921599837483123,-0.0138126343990693,-0.0106843223327373,-0.0191682769712235,-0.01266884608906,-0.161082167369617,0.230754536024622,0.152533495943693
0.353281426798824,0.126283051963347,0.00556355302293569,-0.01708680405875,-0.0128777972902333,-0.0211770140091466,-0.0168138159310057,-0.16670237478746,0.225397287640401,0.149968839767349
0.354086170415845,0.12813528867147,0.00542041459227826,-0.0146395245969719,-0.0105661828347678,-0.0210471108995685,-0.0178106948549871,-0.165460485469671,0.226971807745053,0.150063721955885
0.353476350203707,0.126604217427564,0.00572762262976348,-0.0175221751462194,-0.0137053663251316,-0.021875748247102,-0.0180803083002658,-0.166649207308467,0.225015955281516,0.149822301944276
0.361109528039832,0.133567689813348,0.0121153769646583,-0.0113678479578028,-0.00495787935418094,-0.0155010611634587,-0.00867626329351427,-0.159471037608619,0.232825658824675,0.156533698216695
0.354436290658797,0.128617899711008,0.00899099551318234,-0.0164007575453681,-0.01212544350127,-0.0215672417507051,-0.0139452118063978,-0.166318909219435,0.226370232398374,0.152117279744738
0.36168965790095,0.134327372229783,0.0134457423279169,-0.00900821419351836,-0.00501226056623014,-0.0134077373167536,-0.00876398836813653,-0.158616972393621,0.23379283787089,0.157593659721049
0.358029015470897,0.13096284233688,0.0117966091482177,-0.0153760817321311,-0.00800525057671497,-0.0157147986281323,-0.0159857077300341,-0.164016871430158,0.229880465622152,0.154202059725486
0.354224329912033,0.124728250501744,0.00594788801027909,-0.0164467369648017,-0.0113320976348801,-0.0241718222979364,-0.0166819902238391,-0.168901829737878,0.225405905086343,0.14999291311962
0.352015750128966,0.127485083510283,0.00506527713498204,-0.0152784517303863,-0.0126424259532891,-0.0215334373304291,-0.0165186545644643,-0.168102884654508,0.226609726438073,0.150179807385525
0.353143664843872,0.128337609530527,0.00508624323909648,-0.0142200193136148,-0.0122266048173968,-0.0210421355924078,-0.0141964084693272,-0.16266857687513,0.230088006328999,0.153187663745253
0.358058709323275,0.132878719005151,0.00955589828328321,-0.0119885797437399,-0.00694205205430373,-0.0154002165930475,-0.0114090223900194,-0.161993665002247,0.233022455242195,0.155219581966929
0.353508437367404,0.125531584897703,0.00636916751873858,-0.019104422835577,-0.0129604548342006,-0.0231264731005654,-0.0175850194387277,-0.167935346773385,0.226682443799833,0.149629496595072
0.351662003705662,0.125750078965867,0.00626264046324517,-0.0164718823894442,-0.0112434594012652,-0.02297544110501,-0.0184316464177629,-0.168818768125141,0.22663062002498,0.149948240523106
