0.357210422812438,0.12956863876158,0.00891231415225801,-0.0142943925980764,-0.00921343255060879,-0.0198485925587415,-0.0146286254157514,-0.162884632271742,0.226605880971779,0.15300901378676
0.355703662751105,0.128394850520762,0.00820993351556446,-0.0161964336076621,-0.0112286121494237,-0.0179526372525319,-0.0135627831928168,-0.162671581202388,0.228340593250788,0.151313700570414
0.353116514858005,0.128757619696419,0.00799874242001902,-0.0158964562714247,-0.0117038479374005,-0.0189380236571268,-0.0186879372793472,-0.164926427292827,0.225458195427493,0.151643190450409
0.356053316861816,0.130214010272822,0.00896519676761317,-0.0162678965631945,-0.0107248553980658,-0.0183869062558875,-0.0119262324129084,-0.162809977797058,0.227320376967788,0.154250425117789
0.355089175112976,0.127754810288942,0.00885194413973449,-0.0138869818368985,-0.0101992426632089,-0.0160392275956991,-0.0179020763784163,-0.165708938050839,0.227337734518326,0.150520015641815
0.353000172551659,0.127902446381756,0.00649348301070638,-0.0171489593343413,-0.00986398786518141,-0.016724623523897,-0.0158125059132623,-0.163154644675525,0.227302408121876,0.153159959125113
0.355248912923479,0.128355445309096,0.00609130141919341,-0.0153137267208879,-0.011867625628333,-0.0193572242678433,-0.0147179928464309,-0.16226214865881,0.229548025980789,0.150589004349332
0.355185338740003,0.128799380185169,0.0104149850811084,-0.0120138120525786,-0.00904034787155003,-0.0157992661710057,-0.0143564798720256,-0.163591533052933,0.229498508684844,0.15267000351758
0.358065169794739,0.128393712000798,0.00827520830041955,-0.0113413242890006,-0.0115783115261602,-0.0180866816567788,-0.0108182297513919,-0.162004389060175,0.229941354515669,0.153589066085858
0.35649061564557,0.129477471952144,0.00604821792499104,-0.0156432862514561,-0.00887052485717094,-0.0185391571547728,-0.0125974593498831,-0.163561704298533,0.229790342438243,0.15107930091624
0.357900380031377,0.132546160739438,0.00996070481890253,-0.0117870581333351,-0.00843330179943017,-0.0150885791673868,-0.0100050891697025,-0.162603398363621,0.231256568565597,0.153644929589313
0.356677907769311,0.130462885401894,0.00909891004272386,-0.0134258074533426,-0.0085125885556282,-0.016232975480618,-0.014237183140598,-0.161459874571184,0.230597098912565,0.153950880600486
0.357565918908523,0.132140803592557,0.00893671273930368,-0.0126595439282895,-0.00948645723457328,-0.0156620650463902,-0.0125521430560867,-0.160823504831456,0.231251083001309,0.154369345024498
0.354924556035974,0.12758496691202,0.00657164181617364,-0.0149101837614358,-0.0131378923752761,-0.0184879613837054,-0.0145543373465827,-0.166307008980891,0.228183392237896,0.1494567656466
0.355579146059303,0.131129720999764,0.0071986568015333,-0.01224197484988,-0.00935188034341577,-0.0189729739405081,-0.014325935167581,-0.162013371484816,0.230329723041011,0.15289123906359
0.356945329170177,0.127171899459825,0.0102361543332468,-0.0124483832142457,-0.0100971955811881,-0.0191769135748708,-0.0134436499113364,-0.163947735536463,0.228594572086476,0.153835182634854
0.355257089946573,0.129583331511627,0.00719226419027442,-0.0153531777172317,-0.0106781108923542,-0.0177442089829856,-0.0150148939488339,-0.164380811676536,0.229236104998152,0.151448407919147
0.35540343688648,0.125814645277575,0.00649474345993949,-0.0166942716647821,-0.0133556019771771,-0.0200244704298396,-0.0141263440262224,-0.164819103014528,0.22827906351691,0.150911332028524
0.353690546498411,0.12496263490564,0.00505190198491219,-0.0166042753457566,-0.0140315903000892,-0.0223513035242885,-0.0168419263055493,-0.167063736002884,0.225947380259412,0.149685287461686
0.353690546498411,0.12496263490564,0.00505190198491219,-0.0166042753457566,-0.0140315903000892,-0.0223513035242885,-0.0168419263055493,-0.167063736002884,0.225947380259412,0.149685287461686
0.353551611632532,0.127124069862723,0.00596816387455605,-0.0165088852423682,-0.0126064508961572,-0.019603499357118,-0.0155575670144129,-0.165685973070678,0.228372622145615,0.150237182793226
0.353953963293629,0.128671996518303,0.00723393184464327,-0.0152218691365519,-0.0110193441246505,-0.0190428892980386,-0.0146923095392184,-0.164992753388462,0.22908805020272,0.151628070447571
0.357139335271744,0.129747026263426,0.00721037265272109,-0.0132305209953877,-0.0093482254102707,-0.0192969511479218,-0.0156244706276219,-0.166173363029836,0.229188129331411,0.151083054764728
0.355872777669759,0.131327780060656,0.00782554299126656,-0.0132808629416274,-0.0100064515579686,-0.0170405658707721,-0.0129530559921153,-0.162006016172815,0.23262238747568,0.15184994339079
0.353085664105611,0.127728928875748,0.00383872081213346,-0.0142152603201747,-0.0124916555501891,-0.0218239384893724,-0.0155907035546478,-0.166301992320059,0.227074203276434,0.151516310783856
0.354010348823357,0.128434523049877,0.00463465517756632,-0.0180847883772089,-0.0132658250218156,-0.0212584347565172,-0.0156877177303762,-0.165142939481748,0.228581448731794,0.149811386678168
0.355899567348126,0.132617605072137,0.00985683741125415,-0.0153659039101743,-0.00959770734499042,-0.0161443110665045,-0.0140211022338369,-0.162961702124296,0.231149074942555,0.153239564262877
0.356722532738288,0.130367567118191,0.00958489384669038,-0.0125091135663466,-0.00917206007678077,-0.0151353335064748,-0.0116289044931829,-0.163150015350101,0.2315587962621,0.154298767701016
0.357638531314148,0.13019663891204,0.00794833782398166,-0.0158114052706062,-0.00807242811083012,-0.0185236317212528,-0.0100940031243542,-0.163427544898573,0.231675334724494,0.152688280693553
0.353702279853821,0.130369155424769,0.00695857616942697,-0.0106746059038563,-0.00884341300454018,-0.0158685473259225,-0.0118345487744,-0.162602047529707,0.230762831013091,0.15589514887178
0.352069114011429,0.125440936700643,0.00439394003575037,-0.0195933811911054,-0.0142058390809452,-0.0209059956374849,-0.0198697483910671,-0.166876105082918,0.225923433143134,0.150280094373126
0.358798791036385,0.13171600374491,0.0106090685504988,-0.0110921377420373,-0.00818119053492852,-0.0143369840278427,-0.0102694532735987,-0.161719414468576,0.233609692816924,0.154808203702261
0.358106931970198,0.133077890076264,0.0114824772818164,-0.0108453425836081,-0.00824161597738104,-0.0154790147158913,-0.0118547178684007,-0.161117422851177,0.232232227674593,0.157045192565713
0.353827927418507,0.127595489132116,0.00470476650997274,-0.0152702206967164,-0.0128933232587574,-0.0208696627518687,-0.0145248187470598,-0.165335475266378,0.228997912172248,0.151270047652948
0.354172147252833,0.128172047530215,0.0054514425053128,-0.0155553718604475,-0.0122517579639074,-0.019564352032737,-0.0158009332083875,-0.165750040190923,0.228476970521851,0.152130444142418
0.352922535981967,0.13019880253602,0.00692582495147964,-0.0170851896275326,-0.0119236826375796,-0.018687135730479,-0.0150408928423397,-0.166696776048284,0.228498010757699,0.151528578941671
0.358850411201207,0.131829147117396,0.00987432621973739,-0.0116790466877291,-0.00864332171082673,-0.016634570536798,-0.0136528756101704,-0.162256044424831,0.231946628534068,0.155537644719124
0.357952685011106,0.127810843630651,0.00851091167170871,-0.0153081134121859,-0.00985907511257333,-0.0181666259423303,-0.0129334187272321,-0.16455459543496,0.230178382464046,0.153973821507179
0.352754048300749,0.126497869813687,0.00491605898457343,-0.0180849485132937,-0.0141448962825049,-0.0217207392584219,-0.0162177370061692,-0.167545723199733,0.22706007596942,0.150406837081826
0.353248264817014,0.125640136936993,0.00625906273633441,-0.0158567178141029,-0.0121501564921379,-0.0212784938747433,-0.0170345622735245,-0.167995598096578,0.228627990372752,0.148871981526128
0.356369906606483,0.128506796770083,0.00720722365303486,-0.0148654212467689,-0.0112949244821646,-0.0200256317486554,-0.0136966264430693,-0.165232269134476,0.229314815078569,0.153517316000816
0.352421649389592,0.126841467744883,0.00471551594852154,-0.0167611188245029,-0.013329513722632,-0.0208767771775815,-0.0154876292653083,-0.166844309647464,0.228294444534777,0.15061744722743
0.356115775728713,0.130535594084004,0.00840964228764234,-0.0130669924853821,-0.00963538738351123,-0.0171826508384607,-0.0117935029261875,-0.163150183308343,0.231988570873898,0.154311573566551
0.354956678386594,0.130363744582126,0.00607674242883186,-0.0147022310553002,-0.0109030929944598,-0.018810505257661,-0.0152378356874834,-0.163986356283231,0.2300428072892,0.153666915353527
0.355152075944398,0.127210868060074,0.00560987441203608,-0.0161740046635791,-0.013035651429286,-0.0199309467699399,-0.0130678466375146,-0.164514312685674,0.230839098062583,0.151213918615549
0.357150617243468,0.130915006739294,0.00793241596191457,-0.013010605814452,-0.00994600503348378,-0.0174698034085532,-0.0123572791986865,-0.163183277544449,0.231669708669896,0.154851663718197
0.35684336728725,0.129935379409747,0.00934249381511341,-0.0128871590429151,-0.011303763315768,-0.0162888110071679,-0.012169274418949,-0.164020029755845,0.232887827776543,0.152516748845046
0.359197742976722,0.13207793490102,0.00708518019678812,-0.0133926176572026,-0.00989304510356674,-0.018868670232791,-0.0123003658545715,-0.163717619308932,0.231963470372616,0.15408744380022
0.352937753073957,0.126760206656653,0.00637675500663621,-0.0164540226628741,-0.0120451359264087,-0.0213854244013092,-0.0161651716937109,-0.169225327513733,0.227357273549903,0.151625389943573
0.35674154323003,0.129042344035766,0.00911921448896958,-0.014375227135525,-0.0117333665593038,-0.0164904947291306,-0.0120081492302658,-0.164558299928731,0.232223817953339,0.153834666879602
