0.354103922085709,0.127179194799235,0.0123779789512915,-0.0119811166357993,-0.0128212960544034,-0.0183619659911044,-0.0138970417024108,-0.155763345087014,0.22081660862376,0.153319308202368
0.351828701315938,0.126221735759028,0.00662006016082047,-0.0147002852579885,-0.0137613919126459,-0.0197475774387526,-0.014944509050033,-0.160066680107072,0.220203685912691,0.14831749063665
0.353628708429285,0.126420517672972,0.00721181332454506,-0.0145497901963723,-0.0135964271435246,-0.0213509542005231,-0.0150582860284007,-0.161352614652595,0.219220392751557,0.148607402118636
0.355110431579828,0.128779596907625,0.00736115845441099,-0.0141514296056838,-0.013028723992212,-0.0188534352205036,-0.014870238542072,-0.158544031785957,0.221108854205728,0.150771537649306
0.353665582878388,0.125816730220137,0.00610001848722385,-0.0146869623107158,-0.0134206306539315,-0.0202597998409236,-0.01674218875295,-0.160297127118992,0.219926846740675,0.149678043332699
0.357735082591666,0.127727650718781,0.00916590808247663,-0.0115669039236582,-0.0114276109015151,-0.014855521598791,-0.012342886153915,-0.156487818454521,0.224451074436737,0.152245421865593
0.355734882712015,0.127246121490228,0.00813988255232111,-0.0132899793519399,-0.0123167691175558,-0.0191410428079163,-0.0141275231095545,-0.160355799891077,0.221164298419685,0.150449648031034
0.357385166185413,0.131535404821687,0.0111172084721573,-0.00836691118936513,-0.00786524599844868,-0.0162065741579277,-0.0115651307010956,-0.155430950776357,0.22482857138555,0.15485798289192
0.35192685544455,0.128008485513113,0.00676715783066351,-0.0163719582598746,-0.0144534402937403,-0.0172868276412723,-0.0129804167946279,-0.159316144166074,0.220734673424677,0.151529500089355
0.353724288495886,0.127055797348172,0.00627412261317387,-0.0142360862133606,-0.0123488837945256,-0.0204784968267692,-0.0161684292371483,-0.158719277560252,0.221187951436034,0.150808402787809
0.356104399587743,0.126941753072804,0.0108435986776902,-0.00984203393927197,-0.0106370446265644,-0.0182978899922562,-0.0129600758904431,-0.15770346875,0.223739506555184,0.152226657410629
0.357957350167216,0.12870381913345,0.0112005305927384,-0.0096645720931298,-0.00941556272216396,-0.0152996635984606,-0.0124256691387137,-0.157621397158105,0.224242766709557,0.153212497829258
0.352085691616042,0.123596930394255,0.00449069145634738,-0.0169391704479136,-0.0159659602135295,-0.02279023390389,-0.0177767142055282,-0.164004990987051,0.217515107323711,0.146800456935061
0.353779739295606,0.125227600689449,0.00572653803135043,-0.0162925892453238,-0.0142673903004751,-0.0234914213021682,-0.0174640232301938,-0.162571054844782,0.217847540588329,0.149195621827974
0.360963965070335,0.133115112412084,0.0133984006791713,-0.00738858011876832,-0.00612224846198404,-0.0129614176489761,-0.00944380656100258,-0.152998744927044,0.227225228932623,0.156976425524647
0.354721250954989,0.128624542667881,0.00745019232115991,-0.0130264392556123,-0.0103412183559736,-0.0178583384893527,-0.0143343857689442,-0.155638217894351,0.223807616427681,0.15329458582089
0.354782877189874,0.127863606147265,0.00849143548499787,-0.0133063228959276,-0.0125448328413396,-0.0198128554564553,-0.0146159223616748,-0.159712516313436,0.22188954375332,0.150736463771421
0.360692245616139,0.132682293451851,0.0142955362009086,-0.00763707297017039,-0.00658802911485787,-0.0135526169972196,-0.00961323778929574,-0.154167769243136,0.227345254900015,0.155706631984007
0.35694550498037,0.129238617327877,0.0119004895538197,-0.0105491645490708,-0.00760179041565317,-0.0156360598333293,-0.0118865335281877,-0.159723256021369,0.223023810828045,0.153695478801772
0.351133686093901,0.124214415051291,0.00484224438902414,-0.0169555139919013,-0.0161940239373133,-0.023462046552429,-0.0182651134576485,-0.16336170740941,0.218240352657347,0.147087272675447
0.355180266725296,0.127712280074576,0.00714625582819525,-0.0125947736055598,-0.0111430342666758,-0.0191363113890354,-0.0132102161128939,-0.161794830785532,0.222108544473484,0.149675460463678
0.35573296394637,0.128924847553988,0.00765402909118165,-0.0110876983854141,-0.0115122991498918,-0.0165633501153287,-0.0143637091230119,-0.159069513905382,0.222891141420862,0.1523461288365
0.353867962791663,0.126726752226844,0.0072969296524186,-0.0138694170680728,-0.0129690931874445,-0.0204013553919272,-0.0148943120669646,-0.160783047490274,0.221543671296319,0.149898580006723
0.356346747434763,0.130096343088203,0.00978803924413832,-0.010642681786448,-0.00885512160969798,-0.017877367002066,-0.0121873424441862,-0.157012331816438,0.225153163491138,0.152630672652808
0.359824732971145,0.132670970435495,0.0127924674781066,-0.00873907417809911,-0.00767995267974636,-0.0150705573188413,-0.010022989107797,-0.155446819051166,0.226426785867513,0.155148742254353
0.359824732971145,0.132670970435495,0.0127924674781066,-0.00873907417809911,-0.00767995267974636,-0.0150705573188413,-0.010022989107797,-0.155446819051166,0.226426785867513,0.155148742254353
0.353298452023708,0.125829834373655,0.0070150124221354,-0.0153912210439418,-0.0146687119731312,-0.0216373321862435,-0.0168058181013,-0.161891457635902,0.220061936075093,0.149116700570538
0.357517153887637,0.130375943322818,0.0109461207483923,-0.010220225972099,-0.00931990209147074,-0.0167521642959535,-0.0112451209709909,-0.1571338563943,0.225192862392293,0.153547771102697
0.354427155642583,0.129372657697146,0.00993666779272318,-0.0125003028256087,-0.0107085493237491,-0.0175264723434943,-0.0141410123379367,-0.158885823886305,0.223271144774018,0.152297728717008
0.355243853504543,0.13269290027534,0.0103008943103571,-0.0104810462948745,-0.00862858748463288,-0.0178560093818937,-0.0126595859495078,-0.157674086153211,0.223847593760661,0.154125658016624
0.356129487503016,0.129384145501034,0.0110331234819489,-0.0115922414213963,-0.0123936885371686,-0.0174209298216706,-0.0125484164099271,-0.154895499584546,0.22652659656914,0.152408677194971
0.361315702022566,0.134188054960496,0.014452185409708,-0.00683185519890081,-0.00674143437500076,-0.0133373112142715,-0.00787298464180196,-0.154228820442012,0.227666660993861,0.15666903362897
0.357001985046782,0.127938138764422,0.00866213470855124,-0.0119003004227389,-0.0102056672381984,-0.0183147728228402,-0.0130722913984964,-0.158161062500589,0.223288096409232,0.1533685151292
0.35704631073498,0.129746445160871,0.0117707167014843,-0.00895779194954148,-0.0103555058832481,-0.0170331524861566,-0.0104919097545225,-0.15662447064812,0.225875647507937,0.153584619289703
0.352211680849027,0.126450143217619,0.00509204944350337,-0.0152728066206731,-0.0148878575541553,-0.0211917952217943,-0.0164129646954633,-0.161490301763928,0.220503240499347,0.149169388676219
0.354678545790889,0.127872464269837,0.00922880125268617,-0.0122486813093676,-0.0134528032328129,-0.0212597801126144,-0.0151255182109144,-0.159260977562702,0.221605186840854,0.152696942311899
0.35208659916425,0.124371944284349,0.00428281407493696,-0.0158193755424732,-0.0162028591181721,-0.0225494357600195,-0.0174055139135726,-0.162069163754662,0.219237133077316,0.149038202703532
0.352081060419832,0.126104570391935,0.00445152775194955,-0.0150157638286274,-0.0147347666119656,-0.0215942336069214,-0.0172198277925664,-0.161692490293886,0.220293961228824,0.149093960931432
0.35945588651138,0.129563843503321,0.00963046687465174,-0.0110848777729009,-0.0111599366428195,-0.0156592172953782,-0.0105745498196081,-0.15664666268257,0.226459160937918,0.152789021279836
0.356288907654937,0.129262445845026,0.00791997136258705,-0.0140610443861367,-0.0106391042313141,-0.0195900512485113,-0.0148886065744314,-0.159764644170674,0.222992558597027,0.151741981163555
0.353174135465267,0.128408777377638,0.00650173458175409,-0.0149017231632546,-0.0136526258232586,-0.0205672870235859,-0.0153745064479667,-0.1607244589093,0.222181072313003,0.150139471039497
0.353521584714463,0.126791718114204,0.00668403890441144,-0.0142128608220597,-0.0146563474220491,-0.021295648011973,-0.0156855270153425,-0.161564580594416,0.222525926420093,0.148407016331283
0.355978364351372,0.128294559643852,0.00785501868149281,-0.0136000125590489,-0.0117286417486855,-0.0206535681722251,-0.0156725616367522,-0.160169830662616,0.22323652636982,0.151003524207878
0.353721180097395,0.128173376105118,0.00846928924534938,-0.0128926656110251,-0.0104395689889396,-0.0187946956308501,-0.0143219824543493,-0.160706342612821,0.224356935159219,0.150284803954399
0.359297869665876,0.131828139637929,0.0132171410111366,-0.00883405001072356,-0.0087688766017088,-0.0131228267351941,-0.0102519841535834,-0.155002403584399,0.228080397926082,0.156005238101764
0.35829771977246,0.132005726365462,0.0129785143646512,-0.00853991938986696,-0.00856148185394346,-0.0146243380170711,-0.0111315092340854,-0.15707754659076,0.22622602109568,0.156607909711263
0.358269274091796,0.132038729408385,0.0117697833702241,-0.010722395126708,-0.0076176495980139,-0.0151035170099414,-0.0128609340568985,-0.15587059677313,0.227067043571711,0.155837415275247
0.356792631885688,0.128224878777757,0.00927377276380593,-0.0098663478200307,-0.0110552385896521,-0.0173750778642882,-0.0125869909892072,-0.159569072399367,0.22381010635854,0.155152826159905
0.359016146710234,0.132557978166322,0.0113376525072937,-0.00775390129368702,-0.0085005169394888,-0.0140329552759912,-0.0107159302984827,-0.155733487877123,0.228722801813706,0.156104055513454
0.357810652459311,0.128107150284003,0.0115279601142675,-0.011967122843023,-0.013282194162717,-0.0181412200838075,-0.0127507890491673,-0.158461051166769,0.227053806090412,0.152093989018016
