0.57850904695032,-1.20369648128168,1.32292994880955,-0.186025659245015,-2.23839007473419,1.83128049139257,0.214691494610946,-1.40329780444089,0.0433256532069883,3.2992085153665
0.299889104365219,2.20418308301605,-0.509968774096338,1.47229080946294,1.50212790016829,-1.10926907581489,-0.370093379933175,0.372758381051733,2.52062625959308,2.85229679383306
4.75140769805274,-1.73780912631838,6.01732834046639,-1.22277455277891,1.25464079953882,-3.68143241876975,-2.12947424665109,1.89307574759494,-1.42410381966266,-0.517711139939234
-2.18310095551334,-6.73261538772801,1.75857217161222,3.32322545499378,-3.13588396649152,2.33573293550019,1.96622984447247,-1.19424790895032,1.85818889827618,5.01594842523165
2.04093573316733,3.46216580958061,2.69518572612048,3.96333252567351,0.317373655242926,5.69123244574921,2.02888867233787,6.16139385292318,1.92224960663366,9.64838332413183
6.12550442445417,2.59500481741962,1.32292994880955,-4.22813092240291,8.02946706812295,-6.21246950860743,8.66034366852399,5.60531051693644,1.0568391667205,10.9917218843505
4.52608969211161,10.4613614337762,2.81162754994303,5.16156289104317,7.4019835390662,10.4515675418683,12.9487769069754,13.0337778179796,7.27096688279483,12.476337973746
-0.353167971683222,3.36773209014689,18.9885037193014,0.210799737580382,5.45033313123039,13.8901040208043,3.55427873663721,-11.3058952070383,-7.07869026191238,-18.8436486274906
-0.0169772215170072,3.90255071979311,17.8013352644242,-2.70707829082396,-2.4150205095168,15.8982943802815,-14.5823335350578,-12.2989936437522,13.3705952304766,17.2060712604645
6.39420506081976,12.9921764985476,18.8951275002434,-10.167793307239,-10.436894890887,-1.16541097520134,12.9279798636397,-14.1814482906214,-12.8030297478063,25.83861450545
5.89904074805557,13.3678659474662,-7.17663544076301,-18.5060875689154,-7.25111885307847,0.0445770780312618,9.45945207461228,19.8273038355972,-6.73933578974279,7.56658250811878
0.57850904695032,-1.20369648128168,1.32292994880955,-0.186025659245015,-2.23839007473419,1.83128049139257,0.214691494610946,-1.40329780444089,0.0433256532069883,3.2992085153665
10.0757956101325,4.02540691629998,-17.5095168293885,8.34333086647325,21.8573565782046,-1.69805011778419,15.0317615070021,12.6472189228444,6.27325322432533,8.18159276175303
-7.73126650177249,0.15402068927183,-16.6710164918368,-11.0248134804855,22.1519895647481,5.16149282703328,15.0865802869812,12.7266588179147,12.0863153056758,8.96667742841496
-10.1910340244193,6.88992509141816,9.05794262629378,21.9513986119529,-4.88985055591163,-1.90588033367644,-0.3946007815216,-18.3808025761826,16.7408616549087,-7.7298285457517
0.0212691617801202,5.61206264731379,-2.34286749700223,3.1306072781709,5.24264587507076,-4.04981864302235,-0.954878254477297,2.14881456654436,4.99792686597917,2.40538507229963
-1.51685435788659,-17.6280791701551,-8.47070645937472,-18.6937301225679,4.52592996615651,-17.3830214372704,-5.43810150174409,-18.7474599384139,-1.18570629389854,-13.347723258407
15.6827098322324,21.9180178950548,12.9840776259403,3.27454036869355,10.7478920392591,4.75165085620793,14.4449753734378,3.6517631266708,19.1191973130634,30
-7.58219871741059,-3.99081231024097,7.71732505167716,1.36155015587815,-6.4698824656605,-5.82596798801374,4.99610694234586,-1.21689320651019,6.1153207335334,15.3477174652304
6.12550442445417,2.59500481741962,1.32292994880955,-4.22813092240291,8.02946706812295,-6.21246950860743,8.66034366852399,5.60531051693644,1.0568391667205,10.9917218843505
3.50336241938434,8.1280281004429,4.0674415034314,8.11269071059204,2.87313738522004,9.55118440010585,3.8430858500648,13.7260855102873,3.80117356006033,15.9975581328972
9.92454141854016,-5.95547288167303,17.3094389260248,-2.9636706617656,15.2815622925282,9.15981015590283,26.177357201869,2.05355839040757,-5.26047393332892,29.4153042181858
-14.7107454765248,-3.04794732156367,0.311570770777962,-3.08756966685141,-10.1081714053975,-5.24939948207876,-3.33377952477684,-2.86894384214637,-2.75456246138179,-7.53982415103074
17.4590165213799,0.603518296521335,9.8174415034314,21.2101697021887,20.8804903263965,-9.20699979893388,21.3597525167315,-6.70573267153093,5.58363866474627,-2.76657700601112
-6.64657979230024,-12.2416716481644,13.3549730839749,-8.97294870298479,-1.31974337144788,6.67448728967272,3.91876166501919,22.7821733233275,3.19343201164968,-3.79855316349001
4.4494767888858,5.07537328616018,23.8229299488096,6.6321561589368,8.40677121558839,17.6646138247259,24.4454607253802,-0.368815045820202,14.3911517401635,10.7992085153665
-4.29278770233794,11.4289139773902,30,11.5337006866353,1.71711450751527,2.15686697894896,-1.90331697574299,-4.79702594036324,-9.52914670088599,1.86182419500055
24.0160090469503,2.93423455320108,10.0326073681644,10.1588019269619,5.26160992526581,23.5812804913926,20.9839222638417,0.218323817180728,5.04332565320699,30
-10.117265031912,-2.61845844852269,-9.19620820762261,10.1519446436645,23.3710943024389,-2.22945480467681,6.52600828239832,-9.20183483288864,8.92046564787416,15.3546212187473
-9.37753025047349,-1.03906016022719,-7.32815059227816,-11.2200168828447,-7.27835990470976,-23.4821504317471,-25.5313837025138,-7.12724161894827,-15.4793737404069,-22.2828383413021
0.929824622056218,-22.7080469563768,-0.46270901072163,-5.03666747432649,-8.01595967809041,-23.5192938700403,-4.89418825073905,1.26343466924971,-23.3902503933663,-12.4944738187253
6.35493441679169,26.1094722162244,17.1808867234301,9.79177376552321,15.644901078116,5.34976403406867,2.81545598491705,10.216820353177,24.1667696556141,10.2934852856162
0.57850904695032,-1.20369648128168,1.32292994880955,-0.186025659245015,-2.23839007473419,1.83128049139257,0.214691494610946,-1.40329780444089,0.0433256532069883,3.2992085153665
-5.15465635018023,-5.11289008771565,-25.0554233195509,-8.00139340106337,-7.24787209983172,-3.04475294678263,-26.9738669648388,-3.37724161894827,-7.1852560933481,-0.556794115257846
-5.62838750477382,-5.11673995954255,-1.40434277846317,-13.5193589925783,-5.63461648982853,-13.5972909371789,-1.24872313953539,-2.43778056306158,-23.956674346793,-18.3007914846335
-10.0184389536322,20.4801629297839,27.0567020889283,23.421798395567,7.97857633685227,12.8558611879344,2.07854922290428,5.52539960024104,4.07945933895716,18.1194216995894
0.0212691617801202,5.61206264731379,-2.34286749700223,3.1306072781709,5.24264587507076,-4.04981864302235,-0.954878254477297,2.14881456654436,4.99792686597917,2.40538507229963
-20.5613589829793,-19.6868411187991,-4.15566499998586,-17.0728374034166,0.00421736249329108,4.3205076525809,9.25053503850712,-11.7545426797012,7.11993700645096,5.53139992100504
-21.0611855482679,14.2427320901469,-6.9872278967159,18.0809949141665,-11.4132152495594,18.0418476702092,8.7501300095218,13.0324055927717,-12.9146882840752,-9.08277906227325
21.2035090469503,5.71938044179524,23.8229299488096,6.95683148361213,26.0473242109801,5.40270906282114,12.7146914946109,3.21208681094372,18.5727374179129,11.0411439992375
7.32953256965041,4.32239400127944,10.8022986111669,3.40141857585608,-0.305402888257252,4.19673918079107,4.33780768083806,2.20924592371442,-4.74889860469754,5.25753131149963
-15.7023273528048,-10.3445510593094,5.66186509427934,-17.026190150787,-10.0976964302424,-0.992932876797386,-11.2324826171501,-24.3519100818411,6.18736097240351,28.0158833274507
10.5437915433896,7.91846879730177,23.1263948622673,19.8593875836565,8.3203097183501,22.0725491060033,19.1299066200668,3.53065311789384,24.6258894174878,24.9111203232448
-4.944710957977,-12.2615342941743,2.19421439441488,6.83247656923258,-4.03337785824885,2.8401853796078,3.71776819433399,-0.985198013459746,3.67305214334538,6.73268833509679
5.38276971331698,6.46899409119228,-5.16619368904261,11.050237232805,7.18623702760413,12.0105100237043,-5.17538515612358,1.74946542437309,-0.369540252642876,21.5306912485568
5.99826998881674,0.357891705979183,12.9212439640686,-1.68764822254706,0.587823749684976,2.30988698085581,-0.371201250318787,9.82958841324336,12.5250268832782,30
5.58788990998972,-10.3108393384245,7.82655313721535,-1.85606614507497,-8.51111734746146,13.4760173334978,-5.88578697428857,-1.06847637586946,-1.29953148965016,11.7774693849317
-11.0263296627271,-11.7069139844992,-21.6880469419468,3.78283565185768,-7.76533515482572,-21.0047737601464,-9.99518646114802,-16.008167538621,-20.7510483237145,-19.8849941063361
3.5877822372765,-4.90960471617146,20.8660919150497,16.7985654141092,23.2902500070472,5.40267663406667,4.79145844307735,21.4083779276132,15.4230995968338,11.5438065062811
-4.81936061986635,-21.7741308560616,-2.6533391871897,-1.42503707036284,-19.6015482216782,-14.6416047424515,-21.7660611164706,-14.3723707354884,-18.4239768649353,-15.7100501180383
