0.357314773974362,0.129465921316111,0.00974920958319758,-0.011037771214742,-0.00977143955795776,-0.0166106087449498,-0.0130929976569763,-0.156647936023018,0.223576037836649,0.153327234428673
0.356771335065969,0.128600283395643,0.0115434806266722,-0.0115347569175462,-0.0107030008637054,-0.0177930074414368,-0.0134318601135626,-0.158985984655201,0.223816089771433,0.150787647347393
0.354154991449669,0.125026321664346,0.00653055552144464,-0.0155421874891377,-0.0148620986771538,-0.0216714768708827,-0.0151620485621326,-0.164063663759136,0.218752559002721,0.147572061633396
0.358018247878823,0.131611806412934,0.0118567790442711,-0.00992432137500703,-0.0110098113839912,-0.0173623958755406,-0.00995135381857506,-0.159108087052953,0.224458901959126,0.152712450637319
0.354142364490536,0.12986831695363,0.00774557169843211,-0.0144818420860588,-0.0117835715736917,-0.0189632931559762,-0.013601358465653,-0.161151790699609,0.222678279950233,0.149654812165858
0.355036309775982,0.128577637362931,0.00853734318106816,-0.0137387593334036,-0.0128868479934824,-0.0208288880846803,-0.0142513627505652,-0.161544084271261,0.221979151706431,0.149671867888087
0.35451283233258,0.127941716950789,0.00900266050630551,-0.0122212710748739,-0.0120453876921668,-0.0178299722372069,-0.0143782726893554,-0.160084324046651,0.222780800776481,0.151561259715749
0.353293468840322,0.125299762717566,0.00870404087554868,-0.0134406345671309,-0.0126986181344474,-0.0205125719201724,-0.0153363440047002,-0.161710142036327,0.221696922116697,0.149579794040831
0.352250980405387,0.126261290978419,0.00723366138679817,-0.0155748745771131,-0.0153182261247213,-0.0230151021679608,-0.0161388470663733,-0.162777096603854,0.220203049669992,0.14814569311417
0.358469734215898,0.131006921867203,0.0121531623728007,-0.0109076556929569,-0.00989009186886741,-0.0165019166849293,-0.0116028148751771,-0.158010493861395,0.225122550655995,0.153632828829326
0.355850490559255,0.128563397682291,0.00948977932400738,-0.0120304946798146,-0.0127711142061403,-0.0187172442002706,-0.0129443369359333,-0.160070742441577,0.223192639871013,0.1517147895982
0.357253143532237,0.133269724120129,0.0107224008762486,-0.0108531764044199,-0.0107066853712243,-0.0163612742741692,-0.0109309326086319,-0.159736988883787,0.2246122708114,0.152905804133363
0.352857333321107,0.127421250392822,0.00741332890264438,-0.0138585254905196,-0.0142029521357777,-0.0201482434878564,-0.0153958833256193,-0.162543541250766,0.221804807985012,0.148981916457361
0.354835829428059,0.12888580710455,0.00854116294705283,-0.0137826833359968,-0.0135483586190262,-0.0190616258720918,-0.013501365197161,-0.161482192406948,0.222012411547206,0.151373922625124
0.351461101648842,0.124200568227245,0.00480567891108096,-0.0177805003381263,-0.0165176849839317,-0.0238628659584605,-0.017905150700055,-0.166304659008961,0.217820904427467,0.146186837256805
0.356580512265002,0.129492129623147,0.0115791974530207,-0.0124462886811942,-0.0122676021963572,-0.0193656734355897,-0.0132202563536763,-0.159836597056839,0.223846216505484,0.15220454890435
0.351177738951288,0.125227716627779,0.00488307247028171,-0.017440773812768,-0.0172064490957973,-0.0227197163488629,-0.0171594556739321,-0.165140282883719,0.218354321070435,0.147715832148353
0.352549207952761,0.126913723577444,0.00589081409788378,-0.0166582741410895,-0.0145462944716576,-0.0217122703409279,-0.014938322344983,-0.163624499218189,0.220515108073134,0.148753157936564
0.352927044890405,0.126765657280582,0.00907559984811406,-0.013216615047485,-0.0124698669584408,-0.018832015031393,-0.0149233148598336,-0.163345954684116,0.222080599059159,0.14978536120028
0.357719533800913,0.131285965329525,0.0121430319135871,-0.00940268072945602,-0.00886836462498371,-0.0168937198469571,-0.00939724428500549,-0.157619776765583,0.226809686947937,0.153768307776721
0.3544540847662,0.127127040608662,0.0062563009966971,-0.0164952253057472,-0.0151107271082505,-0.0202047754816894,-0.0157873088450822,-0.164018352460979,0.22133829911667,0.147585518909688
0.350403352847371,0.123969784375982,0.00482685096004483,-0.0167188616829983,-0.016184545578526,-0.0242099008004993,-0.0167134252385477,-0.164935957719125,0.219493505994395,0.146452126823178
0.351539537310804,0.129279394078182,0.0101241260022488,-0.0139628344364753,-0.0116456590895404,-0.0184423359420387,-0.0151890270188971,-0.161123711749591,0.222966251711387,0.151268223005343
0.356004422585337,0.129029025619546,0.00841343618154813,-0.0155787358587087,-0.0138956100109767,-0.0212068701726864,-0.0141257676043663,-0.161545461506378,0.221829920633549,0.151106915746825
0.354322505686332,0.128898891047883,0.00898950223549758,-0.0148044244382998,-0.0117926743773894,-0.0200235530451797,-0.0134642785588135,-0.160784826976538,0.223525721931232,0.150726236558414
0.356689196119202,0.126410356212734,0.00757505983390491,-0.0127628296307357,-0.0106398949184391,-0.0200189369007306,-0.0130515851400165,-0.159674188978159,0.223000154981814,0.153409795829727
0.353604209859317,0.126809450850836,0.00878695001136078,-0.0125469395852282,-0.012474936195121,-0.0181868591129894,-0.0152318271339353,-0.157317377415349,0.225201191467879,0.152410459290714
0.358884089709115,0.131567360549598,0.012114412180863,-0.00987800426736655,-0.00948740450159561,-0.015864866673173,-0.0102646876861643,-0.157766639248106,0.226327726441239,0.154666616779164
0.357938755980219,0.129751370565351,0.0100202621111099,-0.0119555353178744,-0.0119984155487291,-0.0178295348680059,-0.0127902854192522,-0.159278337076134,0.225044818886904,0.152431107935891
0.35456589729025,0.127910260588807,0.00825350840721156,-0.012826792762698,-0.0132728829303631,-0.0191231105691505,-0.0142518717133924,-0.159937901391094,0.224289071104571,0.150900627772954
0.357283529781231,0.128272760015854,0.00928725049795876,-0.0119622613387933,-0.0118511396852169,-0.0206553406273352,-0.0114560545195943,-0.160616460981691,0.224758087218597,0.150767634923449
0.354406969915639,0.130732747311074,0.00773327149575661,-0.0122094598346568,-0.0127058933584054,-0.0184745995066913,-0.0124345495420029,-0.15903428531289,0.224728825353993,0.152309925115712
0.356396619798835,0.130769345969521,0.00836770369397205,-0.011370240841591,-0.01129237850566,-0.0184607347934096,-0.0134037540085243,-0.159550080940122,0.224829429389719,0.152365901332027
0.353041754670386,0.125657872194464,0.00559500396456657,-0.0160083719025087,-0.0143947963899372,-0.0233282714698348,-0.0152317039871783,-0.164983031900673,0.220246349221135,0.148197465935776
0.352348990201415,0.124505283904977,0.0104014948991974,-0.0161422785381773,-0.014596233476673,-0.0220148314525614,-0.0158948752303901,-0.162802961590699,0.22174553349743,0.149600841353313
0.354106891212371,0.12800224576211,0.00741306222612888,-0.013284303352737,-0.015436788215817,-0.0218356219563789,-0.0157449412618404,-0.160882233556611,0.221386252625716,0.152646051831152
0.353851250604074,0.130732754828764,0.00750668987236847,-0.0124253474916885,-0.00832736234679864,-0.0194761744184083,-0.0134982972602371,-0.159169322855464,0.225801321771965,0.151934190603519
0.355183349375634,0.126817016075016,0.0104170796869872,-0.00990226639255632,-0.0140084622869533,-0.0197025399031361,-0.0113719986227918,-0.161034414455514,0.224075769608534,0.152824867050192
0.355819113146439,0.129661765690532,0.00761955100523065,-0.0149271430708724,-0.0132435177459619,-0.0193706811351062,-0.0134505583849836,-0.161916443147417,0.223652019957331,0.151416707309063
0.355470320510514,0.130701689897831,0.00916804843568387,-0.0108935778514705,-0.0116674845012254,-0.0198000501380884,-0.0138123918933526,-0.160097862454863,0.224628113775817,0.153329958364858
0.359524708533775,0.133061310433718,0.0134691636126748,-0.00826514598547935,-0.00814838958034157,-0.0149186091678202,-0.00922871545384472,-0.157180182542659,0.228691103229397,0.155351080956393
0.357760681344952,0.132093439720942,0.0118977324742553,-0.0118492058963818,-0.00900422998735587,-0.0180224009905406,-0.0128475299999714,-0.157845417469409,0.225873096241892,0.155954303269939
0.355263041335512,0.129058970373942,0.00609073314197652,-0.0170843175575313,-0.0115067689046705,-0.0225694937520728,-0.0166842154918865,-0.162881352318329,0.222409079357404,0.150156727898437
0.353982583165443,0.1268919757678,0.00938669024712808,-0.0139287109986525,-0.0150646958374073,-0.0169334269173858,-0.0147093528421379,-0.160655253337728,0.225286375823568,0.151384859582908
0.354692782685473,0.124448351516427,0.00685049688549783,-0.0148673118034265,-0.0129874103362449,-0.0224997931437003,-0.0143552999676899,-0.164987344555705,0.221841844109554,0.149926761202447
0.358011842529418,0.130762961186286,0.01126569005439,-0.0101945354435468,-0.00939477284490169,-0.0165095717583853,-0.0131131150989047,-0.161554056154569,0.226040678962757,0.1532185236224
0.356156030576139,0.131875009744836,0.0118834694039688,-0.0100654577197917,-0.0103025973492082,-0.0153191512027694,-0.00991689152203177,-0.159310351849349,0.22782233483172,0.153936811242399
0.357555478233096,0.130318561636593,0.00890786169250059,-0.0151019113227248,-0.0104440072941357,-0.0191220696306676,-0.012136689559202,-0.161042317705174,0.224716411233486,0.153931988677826
0.352345852270662,0.126699468067455,0.00621071491893836,-0.0184543428628589,-0.0162452146638528,-0.0232348069860794,-0.0170452677470999,-0.165858031009944,0.221741384797964,0.146969953959966
0.358649074746454,0.131934392308908,0.0112862628051176,-0.00956907855528629,-0.00776573922463205,-0.0177133457275261,-0.01230263416994,-0.15914783358343,0.227899485834946,0.15477928026831
