0.353975810184146,0.126122811913538,0.0130023983240472,-0.0103539259445804,-0.0131197906374833,-0.0162119149526625,-0.0136956328090224,-0.154385234950334,0.222938001345233,0.151836995367381
0.355013789335031,0.126898385495663,0.00937760087193977,-0.0138653798144435,-0.0124178068173384,-0.0178079762257306,-0.0132558211063804,-0.158136850274279,0.22025172289178,0.150777142318961
0.357623304810864,0.129472185447722,0.0107415878168389,-0.0109733921236364,-0.00906654045202085,-0.0158412757799422,-0.0122283006779384,-0.155647520843488,0.223016908166475,0.152530644682961
0.357765720329649,0.130328803970255,0.0141232435004441,-0.0106143835073368,-0.0121850948661827,-0.0169865289438059,-0.0103339099210464,-0.154825010302487,0.222359714476555,0.154706630111519
0.353636271337118,0.129198510269606,0.010367395251588,-0.0119411725469951,-0.0114621754845902,-0.0186509787170568,-0.0167417754198046,-0.157937343910311,0.219545347827427,0.152208897910541
0.354651485532378,0.130011916451525,0.0116778279883382,-0.0100690617870803,-0.01095532093989,-0.0184790360755066,-0.0142754230370273,-0.15522100620156,0.223173457610362,0.151589037723298
0.356975443116334,0.127916496525901,0.0118605168510901,-0.0130545912103202,-0.0116513690238171,-0.0189149296169772,-0.0147704487385994,-0.156393611462422,0.22110023727701,0.152505579841735
0.354201486758237,0.125873374603397,0.00868851984149509,-0.0139004233087258,-0.0145436510662616,-0.0174818237664325,-0.0148937021409271,-0.158533465830001,0.218622614690389,0.152650621500116
0.353623587399479,0.127955206147942,0.0101122531214984,-0.0115260365588185,-0.0134497534419809,-0.0204998854767314,-0.0136169817960583,-0.158266720986339,0.219552570284398,0.152262750988516
0.357984947586914,0.126212485320751,0.00980919240618154,-0.0141820060574851,-0.0118033069668088,-0.0210388934264004,-0.0142954195657125,-0.157147848970842,0.219712463606225,0.152806188930356
0.356564486602165,0.128005180837824,0.0102847269757906,-0.01213804377081,-0.0122457979749863,-0.0174928251304306,-0.0109570376662196,-0.155119766935663,0.22340242287803,0.152182159439126
0.356652895213535,0.130419619851875,0.011091007302849,-0.0106131397100853,-0.0108116295255877,-0.0167129168494557,-0.0112213589743603,-0.155403111878453,0.22382182511902,0.152354198750354
0.355495080212376,0.125236786311412,0.00816476168253842,-0.0142878452449644,-0.013082716821855,-0.0194374815837825,-0.0155451911344747,-0.156933070866954,0.221765712540993,0.149591407143013
0.356205140291002,0.128819836853633,0.0128524849670107,-0.0101798904038962,-0.00946299509506585,-0.0152198028800237,-0.0117222902015931,-0.154366992630156,0.224842150414302,0.152787780463687
0.35507370746355,0.128970526098307,0.0106414936770241,-0.0102385624683928,-0.0117152931360708,-0.0177426127563101,-0.0117950968998093,-0.157726333947622,0.221814744868269,0.152210385395636
0.356606646611636,0.130340800189943,0.0131393544668678,-0.00970036603608214,-0.00965100907271286,-0.0154144368041167,-0.0107804404654101,-0.154274677686231,0.224150482179037,0.15445873433032
0.358961078685819,0.130600718701772,0.013044573785427,-0.00991668437075931,-0.0110897308274674,-0.0155148951626133,-0.0107735074180815,-0.153665550998866,0.222927069424351,0.156686907629683
0.353645285180078,0.126484045385221,0.0109975494293623,-0.0133340187572449,-0.010600512924177,-0.0205435907300783,-0.0130588613579129,-0.158783502726991,0.219253020950653,0.1533224892016
0.356179714333103,0.129294315813108,0.0133351579827701,-0.00961984354498954,-0.0102730363761592,-0.015239077595708,-0.0112127027637589,-0.154724946278059,0.224566268104839,0.15385524453674
0.35467710972746,0.124862928607745,0.00940865591706764,-0.0147891798425757,-0.0149386285923823,-0.0229995168940761,-0.0158040954446088,-0.158694654856978,0.219079629711847,0.150774621953385
0.358203005130031,0.130439050096491,0.0135347960487506,-0.00932443189291012,-0.0103962266641076,-0.0137922583605822,-0.0120242303841004,-0.152868899584437,0.224514133471759,0.156274129524708
0.352390301215651,0.124301172055531,0.00814891986120316,-0.0144631792752764,-0.0147587642990955,-0.0204711497055943,-0.0168016903313741,-0.160332706033372,0.218889352755847,0.149625568105001
0.350244417571237,0.122857627598874,0.00559866380844588,-0.0169743743840693,-0.0167612982649792,-0.0229512178268258,-0.0189599501384922,-0.161670571013815,0.216731392771406,0.147858340856722
0.356670533281016,0.126550644497033,0.0128550379966844,-0.0141647687932831,-0.0115523543619375,-0.0195074493673351,-0.0140122273025432,-0.158992370433005,0.219777173629747,0.15312576476952
0.357582165601469,0.129843732655154,0.0126925934021328,-0.0104965180297498,-0.00990400826662745,-0.0172863587358245,-0.0120401975554905,-0.155526865055086,0.222972409516856,0.154897799925983
0.35252965466993,0.125821677355951,0.00911321195584711,-0.0151248190814903,-0.0143428905858043,-0.0188596329571604,-0.0143432346676033,-0.158383133530228,0.220161005532968,0.151780354952256
0.355987784145409,0.129948290413791,0.0111392881686244,-0.011465964353542,-0.0111502918538454,-0.0174856633630227,-0.0139097834691083,-0.156600326040597,0.222119462485553,0.153789338363094
0.354070504864744,0.126182815488495,0.00946880901402923,-0.013420630131221,-0.010192970869424,-0.019531414051533,-0.0124541649079545,-0.159497074409392,0.221505102892842,0.150664909224464
0.356834408758572,0.130276670288774,0.0109554452885428,-0.0106943302234963,-0.00950655285963126,-0.016249213082946,-0.0121888634602784,-0.155090659969846,0.223310008986635,0.155072924618395
0.353627834622008,0.129305542286423,0.0115035223668548,-0.0109782083708821,-0.0127379356443811,-0.0187267346734213,-0.0124202149967888,-0.15652165410814,0.222803727077087,0.152636766139005
0.357709812054138,0.130683624879865,0.0134150821804998,-0.00940648591735008,-0.00978136521470206,-0.015849638602688,-0.0108850131721064,-0.154996082764513,0.22424163480881,0.154994170915669
0.353701187054709,0.126504514586445,0.00969649568671345,-0.0136861688398706,-0.0137450040137673,-0.019999649088674,-0.0153514299018554,-0.158827401361458,0.220439272349426,0.151218004386453
0.352170203075862,0.125137234150214,0.00802171493903012,-0.014741006214761,-0.0147109339837488,-0.0211974000543407,-0.0162114162475127,-0.160088935651469,0.219364400597215,0.149793204741721
0.355810537986673,0.128777569061026,0.0116620498498419,-0.0111006713039492,-0.0110705990729371,-0.0175570651435289,-0.0125710813367009,-0.156448600740657,0.223004735508026,0.153433539652532
0.351033552884314,0.126295712626476,0.00769910172001251,-0.0148714163761487,-0.0143652766803299,-0.0217493225973109,-0.0169186487367711,-0.160359050530924,0.218691766281399,0.150082148198684
0.352916807578419,0.126270035347658,0.00884206069466453,-0.0132504422509988,-0.0141391984121962,-0.0221676941098514,-0.0152099030801126,-0.158320384285955,0.221049714945972,0.15066276039534
0.355732718546958,0.129714873002231,0.0120501667180449,-0.00970663994030337,-0.00862715622025177,-0.0166181504743863,-0.0131052817581561,-0.157142743376674,0.224230794109275,0.152551536795315
0.35173322821897,0.125845406422954,0.00876164068651722,-0.0155690033719247,-0.0141851259539733,-0.0187214610717669,-0.0171452735028572,-0.158172982211513,0.220196345117731,0.151853826351584
0.355686482712903,0.128480010810324,0.0111296856052159,-0.0102218947201612,-0.0109842124868012,-0.0195764343334436,-0.012397472487799,-0.157475718139563,0.222175736190362,0.153758612324161
0.353578915815282,0.124457390454946,0.00730297110515021,-0.0142173685757924,-0.0146206193615733,-0.0209162441786085,-0.0147588225586473,-0.160006424042998,0.219386813739321,0.151505815998028
0.358313268237856,0.129710988268927,0.0142911806187615,-0.00910205605879761,-0.00795031200652694,-0.016929421193389,-0.0111553955380518,-0.15410838544085,0.224642886217892,0.156735238757687
0.353690420826655,0.125354953213923,0.00986201864276165,-0.0135135266898472,-0.0140449731401128,-0.0194473055119285,-0.0164376568402929,-0.157548920513339,0.221771284560239,0.151749096802975
0.357022313385649,0.129265904892311,0.0109427665500067,-0.0115833641701999,-0.0114857558545198,-0.0185064496960158,-0.010350134186138,-0.158210285606459,0.222402017815928,0.154598410368159
0.35595728727251,0.127643172541619,0.0119529695327795,-0.0119741197394112,-0.0130517451085602,-0.0182515930374559,-0.0133239153757891,-0.157112198126891,0.223935207357086,0.152706648610192
0.353873145126303,0.125529261649747,0.00806994589634001,-0.014976930227672,-0.0168323876130112,-0.0211408309943311,-0.0190860070602875,-0.16243416719355,0.218465328198708,0.14985733620332
0.35386552267665,0.12644192085783,0.00843690607232848,-0.0111205070879589,-0.0145168378838528,-0.0189716537188514,-0.0164156416526706,-0.159882064775859,0.220834471433632,0.152719260968298
0.354617050983075,0.126409497910288,0.011022988420843,-0.0128105232222636,-0.0134861938259819,-0.0194242205004136,-0.0164296907633127,-0.157714469346312,0.223618068259526,0.151483176008362
0.359597622183322,0.13128350745243,0.0155933044435913,-0.00833378482859939,-0.0094114101977484,-0.0146112581266441,-0.00968358046497727,-0.15347186321608,0.227575542267898,0.156346983521004
0.358215692654019,0.133363176699798,0.0151176301091768,-0.00701492278620326,-0.00838378595127394,-0.0165140208265944,-0.0103159931873179,-0.155274142531743,0.226857550499692,0.156724780693653
0.35596296423021,0.132000415317513,0.0103345689766067,-0.0120981909368685,-0.0116161154008357,-0.019766316604615,-0.0102348565486251,-0.155987183814987,0.224909831472656,0.156029733218119
