0.57850904695032,-1.20369648128168,1.32292994880955,-0.186025659245015,-2.23839007473419,1.83128049139257,0.214691494610946,-1.40329780444089,0.0433256532069883,3.2992085153665
-3.57637872741109,-0.524837896004923,-7.67404327151362,-5.60541956986525,9.95679974500696,3.49638665921292,7.6506358907961,5.66168050673693,6.06482047944137,6.13294297189073
-3.03403537267496,-6.72268406472303,7.33895151639224,-4.5794871811149,-1.77906672309103,4.25288389053265,2.06672657981507,10.6894377594433,1.61837883242834,-0.249672324061756
-1.85713932769381,5.11260874805425,15.6614649744048,5.67383751369516,-0.260637783609461,1.99407373517077,-0.844312740566021,-3.10016187240206,-4.7429105238395,2.58051635518353
1.82902667799432,-12.9490803202473,9.35555503715445,-14.8662891350826,14.4359664116736,7.79429937268541,1.17290309727383,0.920039169350909,4.65305577355902,-12.2420570281093
8.55972239005883,10.1402236751385,-12.7495628521902,-10.7113465667858,-0.278690027927452,-13.7199465389479,-7.04517906353104,11.7908127301235,14.2001789342681,5.5122574582107
-1.18123418061316,8.64268209333222,18.271051004554,7.47575201386109,-14.1330075926068,-9.08276435745657,-4.05603881352941,2.9965569473373,3.7374390881645,28.8815445166077
-10.6578454810465,6.69565416806897,-11.9627843369047,-4.15419367543935,-15.3187472175913,-18.9633217813347,-2.6339109898611,11.6182477355581,-7.41984240206633,24.9824557954698
-14.7001108956348,-10.7958169169839,-18.3224687740963,-9.32770919053706,0.138491536531919,-11.7544303661375,-13.4950933799332,-2.9605749522816,-1.22937374040692,-22.7359385002846
3.31270961718573,10.8823440025563,-2.31222159011637,4.12164145881359,4.42566613105284,-20.3949833615292,-17.9598369696768,15.5419313133826,4.5131074626006,23.6700012199396
14.5714321008776,10.7792754147209,17.3947983077381,-9.40921896471015,4.73936221639054,-1.70340525642587,11.6774263898688,3.6092975870574,-20.9271210501553,-11.8242455495784
0.57850904695032,-1.20369648128168,1.32292994880955,-0.186025659245015,-2.23839007473419,1.83128049139257,0.214691494610946,-1.40329780444089,0.0433256532069883,3.2992085153665
-1.10365806719937,2.98471535055663,0.835052015928037,21.6367900803944,-9.86813108728295,-6.13899429221116,17.5446766797165,16.4731472767224,8.78197595640003,-6.02207343235674
-1.72093917319016,11.3786216792456,4.77516745604348,9.72555015752655,22.3844821531352,13.3412316964894,-2.31351851774454,4.86516507091411,18.1153092897334,-6.71403713519001
0.299889104365219,2.20418308301605,-0.509968774096338,1.47229080946294,1.50212790016829,-1.10926907581489,-0.370093379933175,0.372758381051733,2.52062625959308,2.85229679383306
-9.84705541914041,-9.98720348740277,-18.7509663484367,-20.6054195698652,12.2811240693313,-2.66303363064215,-8.93056069040049,-5.10755026249384,16.3684642041377,-13.3018396368049
1.73059394317438,1.67428702170182,-7.90223344574566,7.48776861589908,-10.2482836352278,6.17145404666046,24.1040955603638,-17.466613275084,-13.5145709037163,22.9017267329283
4.75140769805274,-1.73780912631838,6.01732834046639,-1.22277455277891,1.25464079953882,-3.68143241876975,-2.12947424665109,1.89307574759494,-1.42410381966266,-0.517711139939234
-21.7406643169992,7.81713685205165,-7.46494883906924,7.64926845840204,-15.5536074660385,17.6789463390584,-0.36223158231213,-11.9296135939146,-20.097740177514,12.9278557302206
-12.634035372675,-20.8403311235466,3.20102048190949,-14.8233896201393,-17.6614196642675,2.11002674767551,-13.3618448487564,-15.8819908119853,-16.5634393493898,-12.2496723240618
-2.18310095551334,-6.73261538772801,1.75857217161222,3.32322545499378,-3.13588396649152,2.33573293550019,1.96622984447247,-1.19424790895032,1.85818889827618,5.01594842523165
2.04093573316733,3.46216580958061,2.69518572612048,3.96333252567351,0.317373655242926,5.69123244574921,2.02888867233787,6.16139385292318,1.92224960663366,9.64838332413183
6.12550442445417,2.59500481741962,1.32292994880955,-4.22813092240291,8.02946706812295,-6.21246950860743,8.66034366852399,5.60531051693644,1.0568391667205,10.9917218843505
4.52608969211161,10.4613614337762,2.81162754994303,5.16156289104317,7.4019835390662,10.4515675418683,12.9487769069754,13.0337778179796,7.27096688279483,12.476337973746
-17.4214909530497,-20.768913872586,-10.6770700511904,-22.2448491886568,-9.38124721759133,-20.6687195086074,-0.246846966927516,-7.7190872781251,-15.956674346793,-5.61971040355242
21.8249131396431,-13.054345831931,7.00773295068572,-22.1356497193954,0.247454873001001,17.9985044902802,-9.65925661198092,-14.8147389735273,20.5788180421477,1.58990964430292
-0.353167971683222,3.36773209014689,18.9885037193014,0.210799737580382,5.45033313123039,13.8901040208043,3.55427873663721,-11.3058952070383,-7.07869026191238,-18.8436486274906
26.1394182783748,10.4594573999373,15.8782594937572,18.823090516758,6.82025225403151,1.33293475809561,21.5713356791253,13.3840975407041,4.62014795270036,20.7052751467719
-0.0169772215170072,3.90255071979311,17.8013352644242,-2.70707829082396,-2.4150205095168,15.8982943802815,-14.5823335350578,-12.2989936437522,13.3705952304766,17.2060712604645
6.39420506081976,12.9921764985476,18.8951275002434,-10.167793307239,-10.436894890887,-1.16541097520134,12.9279798636397,-14.1814482906214,-12.8030297478063,25.83861450545
5.89904074805557,13.3678659474662,-7.17663544076301,-18.5060875689154,-7.25111885307847,0.0445770780312618,9.45945207461228,19.8273038355972,-6.73933578974279,7.56658250811878
0.57850904695032,-1.20369648128168,1.32292994880955,-0.186025659245015,-2.23839007473419,1.83128049139257,0.214691494610946,-1.40329780444089,0.0433256532069883,3.2992085153665
13.8138031645974,7.02210997033123,21.6455105939708,14.813974340755,25.3616099252658,4.13897279908488,21.0842567120023,14.8467021955591,19.1342347441161,19.181561456543
10.0757956101325,4.02540691629998,-17.5095168293885,8.34333086647325,21.8573565782046,-1.69805011778419,15.0317615070021,12.6472189228444,6.27325322432533,8.18159276175303
-7.73126650177249,0.15402068927183,-16.6710164918368,-11.0248134804855,22.1519895647481,5.16149282703328,15.0865802869812,12.7266588179147,12.0863153056758,8.96667742841496
-10.1910340244193,6.88992509141816,9.05794262629378,21.9513986119529,-4.88985055591163,-1.90588033367644,-0.3946007815216,-18.3808025761826,16.7408616549087,-7.7298285457517
0.0212691617801202,5.61206264731379,-2.34286749700223,3.1306072781709,5.24264587507076,-4.04981864302235,-0.954878254477297,2.14881456654436,4.99792686597917,2.40538507229963
-1.51685435788659,-17.6280791701551,-8.47070645937472,-18.6937301225679,4.52592996615651,-17.3830214372704,-5.43810150174409,-18.7474599384139,-1.18570629389854,-13.347723258407
25.8571014223169,-20.380167069517,-18.4758316610976,-19.1946463489002,14.1425623062182,13.1408043009164,-19.5465988279697,6.54928840245566,2.27861977085405,22.3696732829827
15.6827098322324,21.9180178950548,12.9840776259403,3.27454036869355,10.7478920392591,4.75165085620793,14.4449753734378,3.6517631266708,19.1191973130634,30
-7.58219871741059,-3.99081231024097,7.71732505167716,1.36155015587815,-6.4698824656605,-5.82596798801374,4.99610694234586,-1.21689320651019,6.1153207335334,15.3477174652304
6.12550442445417,2.59500481741962,1.32292994880955,-4.22813092240291,8.02946706812295,-6.21246950860743,8.66034366852399,5.60531051693644,1.0568391667205,10.9917218843505
3.50336241938434,8.1280281004429,4.0674415034314,8.11269071059204,2.87313738522004,9.55118440010585,3.8430858500648,13.7260855102873,3.80117356006033,15.9975581328972
21.3477398161811,2.12963685205166,21.0104299488096,2.74080360904767,24.6581616494037,26.8312804913926,4.50040578032523,5.18206804921764,0.0433256532069883,21.5134942296522
9.92454141854016,-5.95547288167303,17.3094389260248,-2.9636706617656,15.2815622925282,9.15981015590283,26.177357201869,2.05355839040757,-5.26047393332892,29.4153042181858
8.28995837250153,2.40021493813546,11.170129144638,27.9912520679011,8.93669679097374,25.5034954648828,9.68776991430251,22.5029534877061,7.6429442501055,23.5336058305708
-14.7107454765248,-3.04794732156367,0.311570770777962,-3.08756966685141,-10.1081714053975,-5.24939948207876,-3.33377952477684,-2.86894384214637,-2.75456246138179,-7.53982415103074
18.5785090469503,21.6534463758612,25.1160333970854,22.0996886264693,21.6252462889022,12.6823443211798,21.0310180252232,0.396702195559108,7.14858881110172,28.2992085153665
17.4590165213799,0.603518296521335,9.8174415034314,21.2101697021887,20.8804903263965,-9.20699979893388,21.3597525167315,-6.70573267153093,5.58363866474627,-2.76657700601112
23.8203500857524,17.1227784212314,-15.5756476072129,18.9120720214718,6.54327234805338,2.36431425927283,23.9154271338763,-25.9692157824505,10.2345347905556,7.05560004096318
