0.353831427221844,0.119554143103077,0.00550619610114259,-0.0151778217970101,-0.0100800737928549,-0.0208194015874847,-0.0117206315832344,-0.133602142279067,0.190366419701398,0.129107046645801
0.355765562507873,0.121966275911618,0.0100879659851602,-0.00888109796059023,-0.00812243863518558,-0.016932648252092,-0.0120223612398415,-0.132890700617605,0.19275690405748,0.132019513079644
0.353284556439576,0.119429475885921,0.00704161591113676,-0.0116230015082801,-0.0102413046383075,-0.0212637543040187,-0.0126208824758354,-0.134989017970449,0.190957157852199,0.130221903827315
0.355269190574537,0.123843214696556,0.00957460904301176,-0.00911765943346541,-0.00769840182628373,-0.0170409513621605,-0.0095471075784839,-0.131082289270493,0.195784200069439,0.132615982508683
0.35377262320711,0.119309023510601,0.00766796826280513,-0.0119721874883043,-0.0105499286105511,-0.0201693015525793,-0.0122233299088261,-0.13452128731823,0.19246406399696,0.130134565563651
0.356487197026276,0.121276365074327,0.0090316044295087,-0.00733237635932373,-0.00990152825206566,-0.015951738295228,-0.00789764990512447,-0.133201335589409,0.194931866454401,0.132386268158631
0.355198014170938,0.120530276638144,0.00775961075124545,-0.0120460600386682,-0.00901242773887473,-0.0183424627422507,-0.0111739968035966,-0.133268828389044,0.193648907961478,0.131603695879724
0.35336215806404,0.11814625462261,0.00589449951373338,-0.0111092132596551,-0.0134147957228626,-0.0197689936829959,-0.0120090631408475,-0.134073751005678,0.193769038058206,0.128388706366218
0.353921811722472,0.116979516514689,0.00772249183852987,-0.0118921068732902,-0.0104365665461799,-0.0173958771172613,-0.0123639438384669,-0.135997869181621,0.193103948994373,0.128684518366997
0.35511274851911,0.118078337358746,0.0066765620215746,-0.0147624300269599,-0.0100152071869033,-0.0182968295114778,-0.0123911026831747,-0.136018065974016,0.192409951905286,0.128877877942762
0.354711398367699,0.122588080675031,0.0124630789585168,-0.0082890505841406,-0.0097703222669606,-0.0144607489406566,-0.00729550147233875,-0.13185353192164,0.196792571750855,0.132535242736673
0.350356155834373,0.115892556137864,0.00425150089006854,-0.0153886548610409,-0.0139663959832876,-0.0235857689253159,-0.0156397972815626,-0.137937754690966,0.189047596624223,0.126718098190914
0.350356155834373,0.115892556137864,0.00425150089006854,-0.0153886548610409,-0.0139663959832876,-0.0235857689253159,-0.0156397972815626,-0.137937754690966,0.189047596624223,0.126718098190914
0.354790663787936,0.116261112701482,0.00493568635011209,-0.013462355896698,-0.0121734894595136,-0.0211956892393116,-0.0127697475398137,-0.136204333676821,0.191541148796111,0.12841886521741
0.354493435375977,0.119877944925169,0.00899051824755152,-0.0104973181251742,-0.0117242739778348,-0.0159746969884514,-0.00858140326831399,-0.132128884937132,0.195512691911166,0.132095877713639
0.357375984976634,0.120045971313955,0.0112209547942511,-0.00910571252942187,-0.00778438717324445,-0.0159420204830504,-0.00942078122679608,-0.130035350271671,0.197963526538521,0.132091041553871
0.355989302113016,0.118264194732163,0.00779762650776661,-0.0134039868354651,-0.0114782761680497,-0.0184200003293634,-0.0104519846028352,-0.134278119157413,0.19257714364907,0.131860022538596
0.354159393098363,0.120085493368041,0.0078883855126591,-0.0110864366879652,-0.00947104417705529,-0.0193808860050247,-0.0103252924795279,-0.133354688703149,0.193578129444592,0.132737588323831
0.355164382101106,0.120300137089831,0.00957158523788192,-0.0104522090381301,-0.0112088233779565,-0.017001885494108,-0.0105157805506378,-0.132761685773091,0.195483021663718,0.131954735033313
0.357176577318432,0.122761923288504,0.00984292541954631,-0.00780075027906319,-0.010178971930027,-0.0156317613827626,-0.00719509436611062,-0.131911453898904,0.196236759460312,0.1341388843986
0.351747914728369,0.116883669717095,0.00615511786514533,-0.0138686764108667,-0.0146252907506931,-0.0204183528668446,-0.0139322479233744,-0.136178153145827,0.192066554290982,0.128538267660576
0.354639314281814,0.117762770130567,0.00704244957957454,-0.0133725531421443,-0.0130425210034255,-0.0208339424381821,-0.0119372232613843,-0.135032494034678,0.193971584766063,0.128611832766422
0.351832591814046,0.115066867415374,0.005542916029712,-0.0128672707691734,-0.015181631598437,-0.0205565820616647,-0.0151110478356446,-0.137692353990975,0.190396163814033,0.128801634573848
0.358587712609701,0.12419956426196,0.0123626755203957,-0.00746629314784583,-0.00557523684945267,-0.0143805095870655,-0.00584028408759415,-0.130122585980738,0.198072441961588,0.136079374772261
0.355604216192067,0.120204079288503,0.00750434973443013,-0.0107198171890588,-0.00954866325641704,-0.0177904103304983,-0.0104670651629743,-0.134551307964643,0.195073187621166,0.131365064974012
0.353575027440277,0.11769523479532,0.00627998339226331,-0.0127868644792254,-0.0122561137058453,-0.0199414802577317,-0.012460078201769,-0.136062575003075,0.192987146691032,0.129804079556795
0.354898932403274,0.119986043548156,0.00866483322205094,-0.0106916072867634,-0.0103860305586777,-0.018328972466502,-0.010463019679163,-0.133759706739893,0.195280148595946,0.131928229039771
0.352929551900554,0.118354595998038,0.00504488343484246,-0.0128294675372664,-0.0132691707320505,-0.0199840312453439,-0.0130305840596943,-0.138904510769047,0.191177604571408,0.128843502660445
0.35218774881933,0.116787611915766,0.00408788236169354,-0.0141362845617954,-0.0129651306291536,-0.0212068777032348,-0.0138835325357109,-0.137967775337379,0.191656720248429,0.127948597601275
0.35441803605236,0.117442246076734,0.00762755403492997,-0.0126557671576052,-0.0122480798111771,-0.0207059115902517,-0.0125564774212219,-0.135204349013992,0.194327469207822,0.129264884082194
0.354881242349161,0.119677864648782,0.00802616459378501,-0.0118706430312154,-0.0110042304399303,-0.0180849568088969,-0.0106817182187618,-0.134256502663606,0.195053315140716,0.131642230266966
0.358248293637495,0.121747451422784,0.0103619838938582,-0.00855523117389085,-0.00821744393965228,-0.0152857163021147,-0.00837411833491894,-0.131724322156332,0.19780635918991,0.133778621587439
0.352120397487003,0.116975278853206,0.00488462221091994,-0.0127292518597817,-0.0142539528397074,-0.0209496005501847,-0.0135746250434298,-0.136804136357969,0.192470273576293,0.1290108658327
0.354763594397005,0.117422707385298,0.00684811030030042,-0.0104284630814783,-0.00973113306383637,-0.0183712640905006,-0.012150585763924,-0.134736243797182,0.193540272290834,0.133275230895415
0.354750099348882,0.118790368651508,0.00467118166923394,-0.0122727569039391,-0.0127120589719139,-0.0190327621024025,-0.0117324234491731,-0.137025301579383,0.194097054086098,0.128698553853827
0.351839046917411,0.118889311079582,0.00543261822437243,-0.0147159838599876,-0.0116643495060095,-0.0196801607495283,-0.0113702255478326,-0.136301523347242,0.192903550722004,0.13102061298788
0.354227285956762,0.118738704089488,0.00521337554633765,-0.0129484578524336,-0.0118816219117852,-0.0191032938039107,-0.0112404001503898,-0.134245056569935,0.195420217896313,0.130362032998242
0.353725159137061,0.11966232517654,0.00919869534204747,-0.0108128582395146,-0.00659112433673462,-0.0176333313708322,-0.0101493753615461,-0.135739644442116,0.19735600900204,0.129211365175465
0.351376612185673,0.115191200282541,0.0039060609772636,-0.0153601841096638,-0.015196408737184,-0.0225966239421425,-0.0150804644833362,-0.138992112496553,0.190494311096861,0.127674711190824
0.352336581873722,0.117138987404208,0.00624024347365723,-0.0123998409731317,-0.0125601461595101,-0.0188170392340358,-0.0120520742711335,-0.134699235267395,0.194828917056151,0.130854482151196
0.355784823038708,0.12265987635866,0.0095901974654263,-0.0105326362758429,-0.00806415229053067,-0.0156276949979292,-0.00781606775235152,-0.133690659139073,0.197045563391693,0.134101206109959
0.35884165640638,0.121507165079044,0.00996849043166364,-0.00956253331564754,-0.00697047255381161,-0.0165294012229746,-0.00814654901033117,-0.131903769987434,0.198989078317179,0.133715938655605
0.356958567568565,0.122116417483481,0.0109334321826463,-0.00773203823765077,-0.00675166106161146,-0.0164912285502813,-0.00707405113491085,-0.132148824681235,0.199201869167164,0.134125532397148
0.357273051951466,0.121364700351987,0.0101742089113728,-0.00738416021800113,-0.00971572870813293,-0.0145413440518883,-0.0104922755310878,-0.132937542417027,0.198353730105852,0.133914056109222
0.353300147496514,0.11911872995345,0.00637622818023788,-0.0142066255584311,-0.0134573546996412,-0.0208051635480902,-0.00877418964148984,-0.137302919390432,0.194451053072835,0.12992521308995
0.35589633246416,0.1199791276223,0.00891491247793819,-0.00974668732403806,-0.0116061974775122,-0.0172637136956239,-0.0106352206556114,-0.13520357092718,0.197273087896709,0.131018707627101
0.351145116845928,0.115201408123463,0.00288016732916268,-0.0160617226785479,-0.0159111629573059,-0.0227164732744105,-0.0160664223568555,-0.140035996642017,0.190282595686556,0.127600592865365
0.355325638907773,0.120515975104645,0.00737531082708228,-0.00871428568389046,-0.0104507000698344,-0.0205270943098832,-0.00864525837032062,-0.134361731534337,0.195877498420708,0.133861224840892
0.35263541323466,0.120401616863731,0.00811565242378775,-0.0121802519881609,-0.0113196141885298,-0.0214355395560162,-0.0121035394914976,-0.137517937552099,0.194164566261158,0.132358234871214
0.353542100195829,0.119066000186394,0.00826952000117523,-0.0132383447167514,-0.00801813175069916,-0.0211500476949221,-0.0102522954425417,-0.136641541849046,0.196306006346463,0.13210436797082
