0.351927454201631,0.122524535450445,0.0068085973879458,-0.0180055303107401,-0.0106757723270947,-0.0221922646676996,-0.0111887543158684,-0.127933771814659,0.181675058974547,0.118743199837083
0.355922232437027,0.119059171729988,0.00502716057539674,-0.0158144474780774,-0.012708658494172,-0.0232210697306099,-0.01184259397698,-0.126917305749404,0.180548805656346,0.121619326335252
0.35446945065404,0.121776973045861,0.00540656917916531,-0.0152225145589522,-0.0114731987955053,-0.0215330705547929,-0.00680812868498112,-0.126410211184287,0.183435044924357,0.121042341748488
0.354628589159106,0.121996453444292,0.00873867137008278,-0.0146274498486288,-0.010721137993776,-0.0211577847247565,-0.00876984747781189,-0.128016740039284,0.183132753499258,0.120637372832343
0.355450947139009,0.121443890634078,0.00770560943691742,-0.015460203813615,-0.00873292975170246,-0.0189131347132274,-0.00754142660791708,-0.126019527194352,0.184115758141236,0.122654797740412
0.355669380433768,0.122275440164524,0.00618242719364705,-0.0147452624225685,-0.0112393255019636,-0.0228550620738896,-0.00938439864475676,-0.127816597392161,0.182819452904345,0.120307661253887
0.357488386386345,0.122651766967835,0.00723201783576409,-0.0141917326490916,-0.00930112965479068,-0.0188694067826552,-0.00684530284698433,-0.124618874669278,0.184884528825122,0.123746638622208
0.357654712362437,0.122466474928264,0.00997793279701398,-0.013612968334413,-0.00837134633304365,-0.0198927276694087,-0.00692268818622542,-0.126398361758693,0.183826785285688,0.123942904752168
0.355785437495527,0.123736693535625,0.0105193947785257,-0.0120902046975608,-0.00829060599023746,-0.0192985221873559,-0.006153224812682,-0.126509956446786,0.184260211083191,0.124236759103258
0.354218649488561,0.120183039762783,0.00571744932659352,-0.0161491955953494,-0.0121767208819435,-0.0231664891104277,-0.0116670172648377,-0.12823507747251,0.18175423088164,0.119800412671647
0.351227625469993,0.119258685235282,0.00413393673299601,-0.0181756904328485,-0.0124516239017908,-0.0222424665639926,-0.0089167336586424,-0.127528920766469,0.182206256310893,0.119913361086219
0.35625107385385,0.12257205647634,0.00877202453144537,-0.0141090060849456,-0.00933222414992491,-0.0189340993554626,-0.00529125405755837,-0.126753631354455,0.184214960696564,0.123522800439697
0.357052070578474,0.121066825030725,0.00785766679263319,-0.0152320798179316,-0.0100190209101255,-0.0202883605722188,-0.0070754909585369,-0.125274336680485,0.183828599858854,0.124142194195512
0.353151468872744,0.119898881983531,0.00867501481345942,-0.016193509104833,-0.0130287900352334,-0.0240494823457094,-0.0107489873165465,-0.125141032696621,0.183278645229067,0.12169858423492
0.352461033151099,0.117607777729871,0.00337396087664374,-0.0189390627976706,-0.0126230996343149,-0.0234576056880613,-0.0122528893773252,-0.128300721406682,0.181100993683048,0.118992313206147
0.35117531545995,0.117630006003657,0.00354939312870014,-0.0189872881644329,-0.0140585874103278,-0.0251931057745832,-0.011768597909904,-0.130541977344976,0.179527983796665,0.118306397577682
0.356670226859484,0.121414831646734,0.00755465837904087,-0.0153787922208666,-0.0107451063037037,-0.020946558567791,-0.00882500730005268,-0.126456574794073,0.183824241337865,0.122723743909246
0.354521101826476,0.120470329890926,0.00579263363981779,-0.01511840120745,-0.0113325876879265,-0.021748787575029,-0.00700611776427044,-0.127144126295379,0.18310622733028,0.12259644882799
0.355378657720215,0.123070031036836,0.00914135625197058,-0.0145052817721463,-0.0100445411080387,-0.0196166933464658,-0.00838886363358907,-0.125613294926133,0.185347494803776,0.12309200608538
0.35424034404943,0.123171868257603,0.00714314013031704,-0.0167867583166795,-0.0107894604322706,-0.0223398194291219,-0.0100818468603837,-0.126609926722913,0.183432974852247,0.122257848156952
0.359470484076192,0.120898695528907,0.0072242203143733,-0.0127961708953188,-0.0105235297496422,-0.0201257989350705,-0.00670572094355137,-0.124520042375214,0.186122321715373,0.123340257618646
0.355275983484668,0.120544566411109,0.00771814036313384,-0.0149229929337638,-0.0110184761436182,-0.0223275208641617,-0.00908258537511923,-0.128072282080086,0.183109390862234,0.121812460706759
0.355275983484668,0.120544566411109,0.00771814036313384,-0.0149229929337638,-0.0110184761436182,-0.0223275208641617,-0.00908258537511923,-0.128072282080086,0.183109390862234,0.121812460706759
0.35535012113105,0.122702980675965,0.00948792107155464,-0.0123512525551991,-0.010067124734572,-0.0193046850697209,-0.00667197709626814,-0.125409123392654,0.186487449995676,0.122992851596009
0.35519474997882,0.120366120909171,0.00970568608976663,-0.0149141534840252,-0.0105732326610884,-0.0225572451544914,-0.00876446717943223,-0.12598213107898,0.183972427292195,0.123340019381365
0.353936447800606,0.117674887346327,0.00472916574978327,-0.0179566539481059,-0.0121285966893848,-0.0229783697794668,-0.0102890941382704,-0.129769510857291,0.181434385774561,0.119590467926836
0.354556896349072,0.119890617225509,0.00616808074618084,-0.0161538813303609,-0.0122078642817931,-0.0224487906185205,-0.00949525902140634,-0.128042014590379,0.182451215030605,0.121805141039695
0.359353711020389,0.121736393159282,0.0102489815374799,-0.0127054076346973,-0.0080103165244543,-0.0185416611064178,-0.00443584737480225,-0.124269984487649,0.186878854666725,0.125306660506046
0.357371023266196,0.122528309853158,0.00732694866099117,-0.0159378916114715,-0.0110919174008647,-0.0220595068228478,-0.00739312652477364,-0.126568964707554,0.183972960777325,0.123339568000972
0.359029978728457,0.122976256211486,0.00973910539053267,-0.0123274732053289,-0.00937878423952846,-0.0176697249451913,-0.00715499825924984,-0.123420037592584,0.187345667995368,0.125296787864429
0.356919322138088,0.122057600784395,0.0085492822427299,-0.0137072869896831,-0.0094756674997138,-0.0198677680173659,-0.00768854320059813,-0.125805128336045,0.18553449067847,0.123818338668596
0.355926262272198,0.119601417965225,0.00443000711244116,-0.0180193425870072,-0.0137513305543682,-0.0224235470866669,-0.0104108265518984,-0.128716367227953,0.181685343149419,0.12099210219746
0.355683252713215,0.120078950721058,0.00467751820433802,-0.0145591269735906,-0.0128338894552235,-0.0217646572370788,-0.0104199212067374,-0.126946351983352,0.183620034080619,0.121910636959862
0.355223665097863,0.121588385346955,0.0060794769974231,-0.0136566430975798,-0.0118996424603867,-0.0234116421186689,-0.0109397791548652,-0.126791877765597,0.185007180689139,0.120811720815816
0.352514294252234,0.122386934857377,0.00556085678039872,-0.0142301959278625,-0.0125064324603997,-0.0228243873616841,-0.0113163541145064,-0.126604919773898,0.184160491343642,0.121912506253639
0.356073516667834,0.12118699611804,0.00845022876176757,-0.0169627315294069,-0.0128992102284044,-0.0199913772414902,-0.0100288783789964,-0.129092739659016,0.183836787089424,0.120789222603015
0.355153139353804,0.122144712287419,0.00883820989321267,-0.0149155583071767,-0.0119216334311889,-0.0224262645899579,-0.0089410661207073,-0.127878554051512,0.183306169244931,0.123384895652722
0.35540650581556,0.122428021140844,0.00882087011641319,-0.0145775665826514,-0.00911059883663335,-0.0188148803301278,-0.00995782069011307,-0.127699751200876,0.184054065824763,0.124372567739702
0.357855552332743,0.122642279450859,0.00926728390538494,-0.0135581594965389,-0.0083880216226147,-0.0186144402508261,-0.00595954407760843,-0.123658137749485,0.186661388095057,0.126591833690233
0.355423287814817,0.120146943616124,0.00614651009850567,-0.0151542986434192,-0.0112912570021754,-0.0221888077792203,-0.00998807444077618,-0.127287335752524,0.184186945310747,0.122078028992001
0.354010502504597,0.11886762385816,0.0054124193828207,-0.0164097420056554,-0.0119903136940824,-0.0222297929914254,-0.0109161270201873,-0.129283617904229,0.18308656106064,0.120336276086383
0.356417742877736,0.119246697765039,0.00759311041999929,-0.0163358527328863,-0.0109650395160035,-0.0223192197856732,-0.00777745754492739,-0.122899131845498,0.186474988176484,0.123911246899833
0.356044602317668,0.122774777772818,0.00676217103948407,-0.0149652630232528,-0.0109378431028994,-0.0194699951522594,-0.00640936669281982,-0.123680739376124,0.186631140799342,0.12500632895545
0.356383288516939,0.119686277664275,0.0072530478416229,-0.0140442346793527,-0.0104493038503668,-0.0207628569690819,-0.00796751564863493,-0.126517999601405,0.185748179822031,0.122568543452796
0.357450874497156,0.120047142216691,0.00751478361374714,-0.0126351585958019,-0.0120974496362504,-0.0177781265860197,-0.0111903699582531,-0.127287676153087,0.185319343395788,0.12288481724471
0.359552950242109,0.122761917928951,0.00993323277012373,-0.0138237710476564,-0.0110061721795583,-0.0187722239061983,-0.00839588416622999,-0.124302806865773,0.185687311147332,0.1269601745176
0.358220865297704,0.123553668476919,0.0089414943385752,-0.0125236861463056,-0.00747929527609547,-0.0212556560659834,-0.0070382498765787,-0.125986367648996,0.187165660017223,0.124124210461337
0.355017822516719,0.119184018680078,0.00630598477296215,-0.0157553700160717,-0.0126141998575764,-0.022679516797685,-0.00904995315510365,-0.127701817012294,0.184212228936559,0.122405251873711
0.357036062332352,0.119688581731465,0.00924878476134679,-0.015757766746158,-0.0109625741284346,-0.0207207920291196,-0.00770939012837258,-0.128660403593208,0.185392559693893,0.122982286409454
0.357209654069386,0.120264362834922,0.00721626612461851,-0.0155541818422048,-0.00835125842706198,-0.0212406532788101,-0.00871374232120821,-0.128277163940678,0.186236084248006,0.122584055365252
