0.355357119677388,0.119409033418917,0.00681234523853514,-0.015904846059406,-0.0112736529400228,-0.0207980323798787,-0.00795904977977914,-0.127759127243395,0.184717193660721,0.122727059018813
0.359070674736645,0.120401790711367,0.00993337119264713,-0.0142121845767815,-0.0107613750109654,-0.0184616874396464,-0.00653902908075725,-0.124219753311946,0.189972997675139,0.124200556172294
0.355745869575154,0.123756727327863,0.00906320009201007,-0.0139445256224381,-0.0115634106257317,-0.0179255816897198,-0.0100468281544142,-0.126087935287044,0.187196134782474,0.125910666347995
0.356512851548847,0.118994215841247,0.00911113517287805,-0.0131058693541075,-0.0103512240979563,-0.0169993529314198,-0.0097610341346089,-0.12631506441425,0.188264168189633,0.125415021734688
0.355624450894054,0.119188808789285,0.00830325569561578,-0.0135197170005945,-0.0114463705145635,-0.0175958299703878,-0.0099144675247621,-0.12820852275604,0.187817852449569,0.124310265182578
0.352420050006243,0.11773699009634,0.00675668013201653,-0.0178557936625275,-0.0125323820006251,-0.0221711614914641,-0.0101339710649128,-0.129807190794074,0.186319374978761,0.121097699109666
0.357457693851672,0.121393886561416,0.0104737354897706,-0.0159677778389471,-0.0111791356440356,-0.0194915342733355,-0.00774644990395158,-0.127041490090933,0.188635534254763,0.124682825909046
0.357514126451333,0.122284355640154,0.00808670633220976,-0.0139980127736539,-0.0121405828870043,-0.0191880696350001,-0.00909069826140533,-0.126807834472433,0.187546363577708,0.126445621303164
0.354448401155827,0.119871766901066,0.00858630711093672,-0.0175406348213086,-0.0130175399091335,-0.0223226768415863,-0.00829006406836224,-0.127424490979495,0.188186146545517,0.122342264923389
0.356813136764015,0.12146642115098,0.0106829819582717,-0.0157012925544828,-0.0101190755861808,-0.0184726558749096,-0.00879046674493142,-0.128029257406776,0.18847213041805,0.124765333220449
0.35739686059573,0.117327332393712,0.0084841202255968,-0.0163632453110686,-0.0110865326184788,-0.0186030923618582,-0.010740920250886,-0.130535684816069,0.185868222701045,0.123795281343693
0.354087286032326,0.11802347874207,0.00710332767042441,-0.0193381856582932,-0.0145495434633817,-0.0228619420926817,-0.0111168577232977,-0.13041189791028,0.185265126435417,0.1213124180897
0.355362575477484,0.119967944791693,0.00864809792095806,-0.0168375605020042,-0.0138473751676846,-0.0197611668988832,-0.01055512308674,-0.129943785713148,0.186388595708533,0.123441096712445
0.353946144316019,0.120687753283393,0.00929841986974668,-0.017119341924477,-0.0127140594525255,-0.0197411076427967,-0.00811790038983086,-0.131076361994983,0.185852041009541,0.124075604379269
0.354781445034738,0.118486166953048,0.0082823776946477,-0.0162162079892607,-0.0120004472334156,-0.0203869107308475,-0.00926442752025451,-0.1311361820535,0.185693976585939,0.123756199980256
0.35918169390242,0.124245679325016,0.0132929494137063,-0.0126351170299474,-0.00637399083546369,-0.0158398391351866,-0.00532589171711729,-0.124039316494501,0.191194271718895,0.129770296103018
0.35918169390242,0.124245679325016,0.0132929494137063,-0.0126351170299474,-0.00637399083546369,-0.0158398391351866,-0.00532589171711729,-0.124039316494501,0.191194271718895,0.129770296103018
0.354800288945173,0.119596065248896,0.00855629100358564,-0.0166948384490767,-0.0103841283186248,-0.0193843292651912,-0.00785768851067558,-0.130367460456073,0.18690492919894,0.124819492699404
0.355929042485449,0.122697920451495,0.0105439252697517,-0.0157289432359491,-0.00912470927508771,-0.0180544079146844,-0.00686811429032754,-0.124967692247907,0.190240827609702,0.127703702168873
0.357844418047296,0.124573947450232,0.0109341965477699,-0.014843931957982,-0.00919411244891362,-0.0168885331770248,-0.00752151503880907,-0.12399375845596,0.192287134640872,0.12654773329428
0.351432854033011,0.116210037444737,0.00456833352247048,-0.0184902412210142,-0.0125339551432332,-0.0228409824714759,-0.0122882020212264,-0.132372896276628,0.184239415636179,0.121666591681435
0.357093021467932,0.123652265317905,0.0092308757084364,-0.0158218617472594,-0.0100272591950905,-0.0172820227894175,-0.00625531286862824,-0.1269803619173,0.189767365558889,0.126580232895757
0.356712827324641,0.118756677756875,0.0112498347667046,-0.0167908766127357,-0.00916378315537734,-0.0180154862943871,-0.00732510786372393,-0.126744924826735,0.188991225863159,0.126952782315331
0.35477190209132,0.11935517241773,0.00823845248853453,-0.0178797688860374,-0.0119025640265773,-0.020862125084285,-0.0102675731313949,-0.129939125491624,0.186446201131677,0.124234504967517
0.354567796114938,0.118856499128243,0.00949879734305009,-0.0163361439216892,-0.00989979748522807,-0.0209200053687974,-0.00864672075114823,-0.130148484194503,0.186217729265413,0.125801573781776
0.358562173594313,0.124195879482315,0.0121710186997809,-0.0133341797853611,-0.00780585404143053,-0.0161585535163022,-0.00472330931437999,-0.124651716514843,0.191564916395874,0.128827171441988
0.35509840837813,0.119371641869808,0.00797311033348148,-0.0183517248331188,-0.0129634691954541,-0.0217384728195663,-0.008994749096302,-0.128627564358861,0.187540151713476,0.12384022395421
0.358577412862137,0.1209188885701,0.0119029641424427,-0.0132460434268497,-0.0109334925391528,-0.017519475942454,-0.00683335094044317,-0.128246195310075,0.189375231016404,0.126454358221472
0.353445982639783,0.120354451936663,0.00979641319069613,-0.0189489728116809,-0.0119145416688239,-0.0211205428058951,-0.00644936665216635,-0.128236118481449,0.186402229149622,0.127462522623829
0.355521028382205,0.120910573213101,0.00742537968100977,-0.0178829686728217,-0.0123449522427061,-0.0213887998115642,-0.0120422557593145,-0.132032666261409,0.185602878742401,0.123005331979768
0.356234859442549,0.123020208221135,0.00626508722768033,-0.0184030942664429,-0.0128387221739787,-0.0174000209057225,-0.00849378675427484,-0.128759037691746,0.187956918720935,0.125292520830865
0.353113936527615,0.117564667405834,0.00604632066408883,-0.0186588773425925,-0.013813667355749,-0.0222918558406393,-0.0123299154728505,-0.131183107540309,0.185647598053386,0.122290679798508
0.356200025451141,0.120773369368226,0.00956536099589981,-0.0148690710225792,-0.0103107035920005,-0.0203510455199173,-0.00806735025917422,-0.127732374667181,0.188781489864878,0.12658151152039
0.355749221591263,0.122926464036205,0.00979318861360163,-0.0177793504162617,-0.0082137035111634,-0.0185505777373521,-0.0070622594100737,-0.12713582299595,0.189403323584706,0.127329143196449
0.352958223412204,0.117566492028016,0.00688636725726468,-0.0198663509768434,-0.0144925353778628,-0.0225257007581511,-0.0134430050571329,-0.131708666793908,0.185052472779805,0.122003322278777
0.357142341469679,0.122262070213264,0.0103393196334929,-0.0148595340444491,-0.00954609172992402,-0.0181890153268111,-0.00790776544885305,-0.127859022764017,0.189592297677747,0.126895194633455
0.357596091607087,0.119489137666624,0.00815614068623268,-0.0148509887479158,-0.0108272765535262,-0.0158727593061137,-0.00927271652485804,-0.12941643015999,0.188557169641174,0.126289440400533
0.3578777860139,0.122104836429203,0.0122031725694591,-0.0154061622017903,-0.0102050352655586,-0.0169778642636892,-0.0062385154637441,-0.128024167552819,0.189239568207395,0.128445990658015
0.353381633961842,0.115673698927121,0.007569118523504,-0.0180608065638475,-0.0130451342904803,-0.0206042239034161,-0.0109499362335211,-0.130528074188433,0.186672586719386,0.124041892623103
0.358126182068534,0.123702362673492,0.0115206780088656,-0.0162916760169308,-0.00917766150889385,-0.0189731087323538,-0.00720416505110921,-0.12729503750667,0.190669819145382,0.12676154508256
0.355713965416825,0.119096670960083,0.00694509608258114,-0.0170469431681226,-0.013738769404208,-0.0214720269116091,-0.00982618394990766,-0.129931241778838,0.188312571677985,0.123133281753344
0.357719491457437,0.122180980714302,0.0115796626393094,-0.0155518963359459,-0.00929474810380755,-0.018334933569983,-0.00764800983527245,-0.12905296557844,0.190029326297732,0.126069275354948
0.356203925566178,0.120260375617026,0.00919132295109947,-0.0176257704018486,-0.0106071051900852,-0.0206345117412499,-0.00880911062084788,-0.13033603862206,0.187918681808288,0.125365668357118
0.354575236543718,0.118711982734254,0.00824890667666146,-0.0175838168394751,-0.0133109147322385,-0.0205818721162138,-0.0129109283944499,-0.130867800558088,0.187385201644844,0.12400958168757
0.354200469357512,0.118328873278268,0.00697497331162228,-0.0188790442623499,-0.0116465513239412,-0.0223750834942073,-0.0106552270764292,-0.131290398583252,0.187231534913857,0.123512297573019
0.351491788033907,0.118219455599798,0.00461052954490514,-0.0182168704928738,-0.0145542787158623,-0.0239948375382869,-0.0123385430344879,-0.132154360279094,0.185659559812368,0.12323616143083
0.357127306102706,0.121276871293767,0.0100360362251448,-0.0161747947842185,-0.0083217509603801,-0.0171904835672888,-0.00728881051029485,-0.128353600395832,0.19097159777731,0.12751965964188
0.355391628515279,0.120684325317519,0.00795563519564975,-0.0140015325538833,-0.0118814679984246,-0.0225629911268662,-0.00993705645880278,-0.132001623925106,0.188201764013526,0.12526876628766
0.357186191954775,0.118795875267622,0.00738054665699981,-0.0158711458944188,-0.0111202084353172,-0.0212012158601405,-0.00815898002396466,-0.12893590997961,0.190268967318992,0.126033752215736
0.356671013109815,0.121735226001223,0.00791625396314415,-0.015485164514428,-0.0137441436647069,-0.0192135476542886,-0.00741456430031466,-0.131704855722532,0.189121527319538,0.125722866363213
