0.43919907565777,0.500243300867188,0.406480587356608,0.643132575108963,-0.368131087282952,0.361005707788838,-0.0777009426611137,-0.515269711694581,1.28197595640003,3.07575265459978
0.508854061304044,-0.351726590207244,0.86470526808308,0.228553457931975,-1.30326058100857,1.0961430995907,0.0684952759749162,-0.959283758067736,0.66265080480351,3.18748058498314
-5.07093927968333,1.90348174312609,-1.33226442888662,2.18737698734374,-4.63206492883466,5.05805956150717,-0.0757354932558538,-3.59086270543616,-4.37261565287674,5.59464238869667
10.9410574511346,2.47053560705495,3.66470526808308,-9.74749009923681,4.63870370470572,-8.17795229514614,-5.06035142080656,-0.52379834439007,-2.6869119932887,-2.43421865897777
8.35023134780686,7.47947823012642,6.25317599243633,9.38514349740664,3.5749108363344,7.22081556333365,9.03505022786122,7.7924009550729,9.23103794933937,12.5131471082829
10.6571535485308,10.7637142072924,10.4863509166346,2.6127478762085,0.561794716942622,5.42645541679019,0.293916147215688,0.974013263210146,10.6933220206857,16.5378763272999
-5.35596165053788,4.13618800158929,-5.76254324755793,-11.5692667923398,0.115387001226029,1.8429493944879,-12.3031128261354,-3.75203020211579,-5.17185286259122,2.0340686125494
-4.10171344319593,-9.74400957269603,-2.77135534392113,-0.408815476839088,-3.13724652956181,-14.8194971461056,-10.5862479512081,-6.58011933575473,-5.71990374284809,5.09836057930823
1.74387905442115,-1.35567235585074,1.40297954314449,-2.98461510385603,-3.85332993864731,-22.186521305017,-17.3175196958923,-10.0467497044646,3.48011498601803,-5.0297311793799
0.43919907565777,0.500243300867188,0.406480587356608,0.643132575108963,-0.368131087282952,0.361005707788838,-0.0777009426611137,-0.515269711694581,1.28197595640003,3.07575265459978
-7.43348621301881,15.8629308061075,-21.1847490194782,-5.91143531315869,-1.35453076860763,-5.74913168401303,-0.223897161297142,-3.4281105040311,19.543981008741,8.62265181141494
15.8490146689193,5.05884827116571,21.0962311937715,-3.86504714196417,7.59251219149027,10.3642757990285,20.0742820218219,-3.8491417985852,7.31882023516292,23.4550756897974
0.57850904695032,-1.20369648128168,1.32292994880955,-0.186025659245015,-2.23839007473419,1.83128049139257,0.214691494610946,-1.40329780444089,0.0433256532069883,3.2992085153665
18.7210592401104,15.0538982751632,8.61800363340965,-12.4087550296103,-7.97950113830327,3.87312007540936,-21.7101023069877,-7.39370535385535,-9.4347816937259,1.6673802177786
11.7967950755813,-1.54019980641147,-18.4495000120515,-7.04676279770957,-16.018238156558,-21.0751385762257,10.1967395549451,13.2419582649261,-1.96611132531866,4.11091781198174
-11.5869394150864,-6.40803046951759,20.2399046301245,-9.73359321892058,2.39432819530463,-20.3525352025359,16.1134011679553,5.56703203140595,-15.8441128588192,4.90830286615025
-5.00128429403705,1.05151185205166,-0.874039748160147,1.77279787016675,-5.56719442256028,5.79319695330903,0.0704607253801761,-4.03487675180932,-4.99194080447326,5.70637031908003
-21.1451561028377,11.616483345569,-5.77729821799319,-21.3159235026952,7.68376081215066,-2.88457828806083,14.9390449748201,-6.57094524986292,15.4766940632258,-19.51893118568
-4.4562518961701,-22.3412821852106,-21.5222353551084,-3.42991622423877,-8.22446560096431,-16.0263690991351,-3.89689056044729,-7.72550137256232,-4.05012251683413,-18.1729736847988
-0.639315140371744,1.95445613338629,8.49219746160717,2.74390592722507,-1.24951392917183,1.91267711328167,-0.314810622977538,-2.25172983842148,-2.34979243531625,2.93986243527501
6.38445214742844,-23.9150382785189,18.5011816948821,5.10308253246105,-9.05861544034361,-14.6114765754203,0.145694062851124,17.5381586971752,-5.44261235309123,15.6291345386152
-0.57121506311992,5.08746259898195,3.04904870242651,4.76976224914077,10.0730460392005,7.58625609394099,-1.0494135115668,1.73093363323661,9.07931747147018,-1.70741430991175
20.5841524939588,-2.28616379638677,-3.35066097551812,1.11597914421515,19.9737861874248,22.559766311721,-5.17695076351431,15.5881887992595,3.74508862574565,4.95585949298935
4.14230332225138,13.0767106571549,17.7020439933121,-2.83135038407396,-10.0657352763777,20.2381293152294,24.7286871458675,8.41945568845887,9.08605664538042,-1.22292510874489
8.76954409001149,4.98857682830526,23.9482559066301,3.12667720952733,20.2544984064427,16.125868315987,4.27610283870286,4.11479084630648,18.5679677746632,18.4812661035268
-0.484455710066856,4.64569592070219,9.41458676368137,5.95232398799472,9.12555085776009,3.00231243602568,11.8110979318998,1.55930368132869,-3.34981961261695,-0.701733076559812
-16.1462221095602,-0.779635439991093,-5.49547874297766,-13.3330736525969,-22.9502403312116,-6.624081240412,-14.2673056968939,-2.59131167998219,-22.3365974133927,-13.2362157046514
-15.9489464502049,25.8149400764594,-2.01991011653231,-13.7479171303033,-12.030782887117,20.2896914866875,1.49706670454635,-9.96398595242511,8.24658760533017,2.69500452479162
11.1089393756104,-0.325378861012984,14.3686020073719,7.04894229362085,-9.8026043296616,3.83737820528909,2.23539257360428,-4.67178058013651,10.9189071298305,2.19459700116161
9.33186061661681,7.20444900503085,6.4328870862649,7.04129855597119,7.34483724507838,29.1297329094963,4.40814459724188,16.8738629384608,8.8593032902491,15.8196329154113
-1.24116973781918,-8.38254675853577,11.7859818001864,-14.6232268590373,1.43550841143996,0.731182253904624,-11.6656269055871,-11.3690603971037,11.4201806429581,-1.16560127500492
4.6364402682006,-15.5157582107606,-13.3852947319169,-4.53828917655772,-8.08897486672286,-25.7085302216434,-7.48148236266551,8.04905335626983,-24.6221789165587,6.67203656953912
-5.37288727735658,9.43033066330049,-1.28001122766104,-5.97947895361618,17.4269147385401,-6.55016577571398,-12.2099133389613,3.4854919419034,7.07037053222555,13.4193727868262
-24.2606768917932,-9.14659136865425,-18.7885389247078,-23.9488707808956,-10.2452247589282,-15.9681840672198,-4.49296774685336,-12.4511614691705,-0.291908718728787,-29.126494827631
7.59463807920838,-12.6102898878751,-9.4894491614419,-2.75745423067359,0.886609925265809,7.67338575455046,-14.2924513625319,-13.6693076566576,-4.10846006107873,3.73807998872073
17.4373466657116,10.9523966582625,6.56051690805723,5.12370498027692,18.9932846216745,24.972564569082,25.4744899220298,5.61465312741903,9.74393544253619,4.84367015984351
-6.40569903266081,0.766636068818013,-15.1352947319169,1.25273159910329,-1.23998664564161,-30,-15.0107696123626,-14.6881164301155,8.11601075372093,3.047890445393
4.24699431056718,-13.6870430594523,9.45830202834414,-18.5408741369001,-2.97946128771635,10.2832713190619,8.86954322673217,11.6129467733536,14.8008732728091,-5.32874230986171
12.2287258561758,-4.92112176702075,-0.285857935921928,-14.7463569200439,14.4091288106764,-17.3874928296974,-14.6152309440416,-10.7938801264509,3.52367433136184,-7.40332988138025
-4.01030674252336,-13.7262190038042,-7.50859179032088,-18.186025659245,7.04732421098009,19.8669947771069,-0.642451362531911,-5.2190872781251,9.30803153555993,5.12389545633251
6.38189236651786,7.07412627314562,22.014863114317,18.2152234240755,11.8104073802011,7.43986472565535,10.8972070054219,3.36294677335356,12.601330938713,29.7219278437833
0.57850904695032,-1.20369648128168,1.32292994880955,-0.186025659245015,-2.23839007473419,1.83128049139257,0.214691494610946,-1.40329780444089,0.0433256532069883,3.2992085153665
0.57850904695032,-1.20369648128168,1.32292994880955,-0.186025659245015,-2.23839007473419,1.83128049139257,0.214691494610946,-1.40329780444089,0.0433256532069883,3.2992085153665
16.261263619956,14.4587131593856,12.0998713975161,18.1271544197043,7.51795275995175,14.0806254188785,18.1478013983835,16.1000716218404,17.1800999422787,21.9505415619659
-11.9049390421442,-7.01839325687391,-2.88529473191692,-2.27144654206803,-18.8032605810086,-21.009120058304,-28.9637627885412,-12.0119153370151,-1.05163490948221,-14.8125194150169
0.299889104365219,2.20418308301605,-0.50996877409634,1.47229080946294,1.50212790016828,-1.10926907581489,-0.370093379933175,0.372758381051733,2.52062625959308,2.85229679383306
4.57850904695032,-9.95369648128168,25.4420366485614,14.6296991564798,6.58513933703052,-3.11931239398293,9.85626855554285,3.59670219555911,-18.377726978372,14.1112218635311
22.4243652886733,19.5794420241258,-8.42045887026466,-11.1527600524398,-4.2222752133088,-10.3802310694813,-18.6021191714738,-12.1921076422384,0.652688560333758,22.7397154436453
2.66495837250153,-1.47075280380003,3.67012914463797,-0.704400106011965,-0.491874637597684,-0.925075963688592,-0.95739137602007,0.244888971577025,-0.690389083227837,1.39074868771363
5.76329394087374,3.6102010067149,20.8005408829904,20.1562853648698,12.1597401814515,15.7819564483315,29.6319260513061,9.86647086886645,17.8360351851131,7.6330257418425
