0.351158350707968,0.12500450820741,0.00481126310447031,-0.0176339075147001,-0.0110756283301153,-0.0205370022797983,-0.00760099038479287,-0.122684968214819,0.179290501348547,0.118663510455454
0.351200050243381,0.124878102176745,0.00421734764700508,-0.01811622008357,-0.0110253460128682,-0.0208150006318606,-0.00768381159641394,-0.122863918613685,0.179173899079235,0.118465215150341
0.350756036743568,0.124768326306405,0.00421338902361216,-0.0181490742706276,-0.0114312908877373,-0.0211244907283272,-0.00788454635673604,-0.123210454119108,0.17896900596519,0.118158866267241
0.35127481730696,0.125548197609971,0.00488623780163608,-0.0175758340562698,-0.0106993886193976,-0.0205368368638994,-0.00748766464114869,-0.122715434967194,0.179583136866426,0.118800911947664
0.351223504344029,0.125284730854994,0.00477330864724038,-0.0176662197001443,-0.0107091641887436,-0.0205185248430184,-0.00743317767226696,-0.122881349485262,0.179414764096832,0.118843266838806
0.350868259526117,0.125167845269222,0.00441575324948226,-0.0179303155442401,-0.0110339974393384,-0.0208570028216779,-0.00767148872738108,-0.123030290502738,0.179398090203033,0.118255173557621
0.35111717908776,0.125308690020424,0.00448114974936444,-0.0176833691361197,-0.0109060903871487,-0.0207256883639538,-0.0079036437498778,-0.123071122308634,0.179190139342283,0.118716386849622
0.351357077703744,0.125336392396562,0.00475835283804312,-0.0177645207657126,-0.0109486513133982,-0.0206936770955074,-0.00747302650995495,-0.122890919504966,0.179568670501907,0.118598361575979
0.351003346406302,0.124880352621771,0.00455696486558482,-0.0179655400085253,-0.0110497474988119,-0.0209195616148514,-0.0078031863486008,-0.122983382966864,0.179131952367239,0.11878258161775
0.351083952445176,0.125096762991233,0.00450762330134758,-0.0179149332759743,-0.0110128045840497,-0.0207907541629479,-0.00771437153297378,-0.122988256207776,0.179345512778604,0.118602576281551
0.351084680295193,0.125045793528212,0.0044994759362168,-0.0179515437953177,-0.0108463132850825,-0.0209835458952915,-0.00754977337198289,-0.122790703705796,0.179497855992757,0.118608807590298
0.350811545892616,0.1249651854866,0.00440794337359559,-0.0181205231269628,-0.0111890244563255,-0.0210743263712079,-0.00796357135235375,-0.123296203559044,0.1791208682585,0.118312586386473
0.35089577577738,0.125250777156725,0.00432933429092638,-0.0178538421367857,-0.0111654527646273,-0.0209773441683124,-0.0079239547002659,-0.123165082565786,0.179156451695996,0.118547043641238
0.351168067797267,0.125094459877798,0.00457265293036407,-0.0178577718289385,-0.0111108584816687,-0.0209266693663055,-0.00806456055059073,-0.12294626335649,0.17923389521093,0.118752102965773
0.350926631515724,0.125074335007489,0.00441528821037732,-0.0179525268487265,-0.0112780818111316,-0.0209623769950774,-0.00783914330460816,-0.123305238378027,0.179231647630364,0.118323472483846
0.35099885306482,0.124689952341896,0.0043172861637227,-0.0183663508523921,-0.0113651194655702,-0.02096086585922,-0.00788226917740028,-0.123232340869432,0.179115373379525,0.118374385781323
0.35142441478089,0.125481065929621,0.00489436747991078,-0.0176406420475851,-0.0107406472982385,-0.0206560678095214,-0.00737194160063419,-0.122753595666038,0.179667191676728,0.118975145273422
0.351147959592076,0.125337784516577,0.00476229558615065,-0.0178183019918914,-0.0108194007134956,-0.0207957499533572,-0.00749304376604168,-0.122786681295668,0.17962439561996,0.118803876462245
0.351232815361224,0.125212985731878,0.00451877871706387,-0.0180515719383652,-0.0108825285918149,-0.0207707705530315,-0.00792943785155872,-0.123042875913566,0.179461716793073,0.118536532934172
0.351428429311832,0.125389638302595,0.00496211298716768,-0.0176085712292616,-0.0107429669094788,-0.0205123250510082,-0.00746921542122769,-0.122585469705402,0.179792365054798,0.119112818917191
0.351016278950495,0.124972734415375,0.004443472549007,-0.0180459180685128,-0.0111611852195593,-0.0208845691811865,-0.00786693023753405,-0.123204138159104,0.179300752047794,0.118501090045044
0.351379075441835,0.125457333670026,0.00486367720515602,-0.0176792586912982,-0.0106654401806432,-0.0206047568902424,-0.00739351531363712,-0.122746879480374,0.179800774778239,0.118892105477651
0.350991272311522,0.124824766730697,0.00450511101950131,-0.0179738937988135,-0.0110263913291961,-0.020896394372736,-0.00782195438165293,-0.123155806951294,0.179494571384246,0.11840898913918
0.351172548646201,0.125311621354022,0.00446760800427981,-0.0176912487801362,-0.0106551806601847,-0.0206954709029132,-0.00767440343140986,-0.122819849996862,0.179618839989551,0.118941829174493
0.351113333932962,0.125114572678361,0.00448234344863443,-0.0179108174248362,-0.0109232776908372,-0.0208544899107825,-0.00780703553846044,-0.123033389116854,0.17950882078481,0.118657679234876
0.350770541788669,0.124731750779432,0.00430422546400455,-0.0182664587524247,-0.0114008544326419,-0.0211702125741713,-0.00812710294439082,-0.123243357228565,0.179134477531635,0.118454931394028
0.351081537029539,0.12511046948736,0.00456601489639071,-0.0179370218059424,-0.01103931107358,-0.020909117181538,-0.0077442101021414,-0.123057340862811,0.179458188488344,0.118697424096092
0.351081537029539,0.12511046948736,0.00456601489639071,-0.0179370218059424,-0.01103931107358,-0.020909117181538,-0.0077442101021414,-0.123057340862811,0.179458188488344,0.118697424096092
0.351197447208895,0.125119552523737,0.00475969708479658,-0.0177557101609312,-0.0106101324502804,-0.0208514123736251,-0.00737755108189242,-0.123137784019432,0.179476642195393,0.11891432360783
0.350876661665621,0.12489448166046,0.00439610901344232,-0.0183429734955099,-0.0111972209567076,-0.0211012186446702,-0.00802408511181922,-0.123351035477502,0.179316570915713,0.118227912192765
0.350805564894263,0.124957315731337,0.00422859007883088,-0.0181148478210282,-0.0111950823891376,-0.0210756991715335,-0.00795099308708705,-0.123326569133724,0.179235329224985,0.118464528772508
0.350726996486078,0.125028174378817,0.00420158727044648,-0.018227994338324,-0.011094993513458,-0.021233390620782,-0.00802502350133969,-0.123239213119452,0.179346808631234,0.118305359189921
0.35075061439545,0.124785655777746,0.00419836942687027,-0.0182793355305566,-0.0112161021043956,-0.0211252627846036,-0.00801418761261371,-0.123415485432625,0.179156748588418,0.118389027679306
0.350661207733762,0.124778630835548,0.0041063667078834,-0.0182778343022,-0.0113873879681971,-0.0213117105640158,-0.00819732737645384,-0.123535907492643,0.179070495871506,0.11820148221258
0.350692607600675,0.124725545408304,0.00426897831294112,-0.018375796286696,-0.0110731727396605,-0.0210541789850091,-0.0080055321597067,-0.123333151949008,0.17931259436338,0.118303093704236
0.350791675867582,0.124983267660687,0.0042393553719502,-0.0182196662996107,-0.0111439038338527,-0.0212280187542916,-0.00795172290904825,-0.12316438502392,0.179324856144461,0.118467219785609
0.350767079131115,0.124915169257098,0.00427401667182862,-0.0182001104567542,-0.0112551691514398,-0.0210819354381354,-0.00799344706891157,-0.123313786079632,0.179254494331321,0.118435301292727
0.351014074678004,0.125329420389824,0.00471611611959556,-0.0177355216141871,-0.0107980303953635,-0.0207435349758294,-0.00766928607496765,-0.122976703097954,0.179713431405506,0.118761575644462
0.350974944534749,0.125038677973467,0.00432020490341257,-0.0180526543125529,-0.0112468291546013,-0.0211895457997207,-0.00804158362003661,-0.123330922485631,0.179237915452866,0.118490063102385
0.350852765423305,0.124991330007785,0.00421753767347795,-0.0181369195769768,-0.0110663403900707,-0.0212382782088439,-0.007948607911306,-0.123341100469038,0.179207749405247,0.11851616975013
0.350935138319933,0.125091109227776,0.00432908412715729,-0.0180389175656378,-0.0111210237165205,-0.0205734755048521,-0.00782825127927772,-0.123058377923595,0.179643216238827,0.118536974729174
0.35111868438009,0.125248626465949,0.00459031969171036,-0.0178402219367238,-0.0108608498890331,-0.0207303398932936,-0.00756880385364645,-0.122871586268467,0.179711049360523,0.118866619218104
0.350722810624019,0.124855381569279,0.00427684405156671,-0.0182162743777554,-0.011337432563775,-0.0211241113717323,-0.0079869560989315,-0.123358505803772,0.179259884079871,0.118372752876593
0.350834654949633,0.125379801620869,0.00453807621133738,-0.0181478505470699,-0.0110120662924881,-0.021019766808203,-0.00801974688633328,-0.122968807585482,0.179523593125684,0.118652318388616
0.350989983420515,0.125009343521773,0.0046075867353424,-0.0180373955815666,-0.0110754621419825,-0.0207620358376948,-0.00758222809027392,-0.122975157095987,0.179665907753086,0.118692628779858
0.350821054783566,0.124800916346919,0.00432628818706216,-0.0182036690228588,-0.0110922426553338,-0.020813008292794,-0.00789425259457821,-0.123337766040248,0.179350629294238,0.118557684521751
0.35079503762429,0.12486587028003,0.0045154081638397,-0.0181259894987659,-0.0112290863206463,-0.0209940058942042,-0.00786262985631076,-0.123339292658453,0.179348540567817,0.118631635343776
0.351221396340065,0.124889544165212,0.0043293303128004,-0.0180627019844904,-0.0112750689462488,-0.0207533636637325,-0.00777782271660318,-0.123325074785761,0.179400593695594,0.118703192990933
0.351235487074597,0.125518847789103,0.00467509146818845,-0.0177455774717014,-0.0108340298159273,-0.0206786038722578,-0.0073539182765496,-0.122901759755223,0.179819902816412,0.119021763078371
0.350996951490846,0.125316059338349,0.00436864863944177,-0.0181547452002601,-0.0109131478606753,-0.0207483551927952,-0.007723967409121,-0.123236249146932,0.179516928445769,0.118865346435921
