0.351410830692617,0.125031302001699,0.00492067109781831,-0.0175733123183843,-0.011025897424048,-0.0204301386583886,-0.00741163039630595,-0.122525829315403,0.179413585341064,0.118707865047352
0.351410172906076,0.12501424385431,0.00480606002466568,-0.0176124846150999,-0.0108629306114666,-0.0204353038704639,-0.00735064634167542,-0.122476610543471,0.179401001117914,0.118881645983607
0.35109287456675,0.125221327788922,0.00467915297298508,-0.0174903568805421,-0.0109263774142749,-0.0204480050486358,-0.0074799424227327,-0.122835747760109,0.17934429577579,0.118611731711558
0.351067431187855,0.124992487123895,0.00458961608553048,-0.0178293147950328,-0.0112352814714307,-0.0209073518505494,-0.00797113305403132,-0.122924934401733,0.179040531835823,0.118451986267006
0.350838764201083,0.124789900220458,0.00459791751744172,-0.0176886115113741,-0.0113748913707436,-0.0208228747785463,-0.00763152284805277,-0.122832669005838,0.179140065357694,0.118510339264767
0.350900460437933,0.124830742570916,0.00463017401203225,-0.0179394953581893,-0.0110830879660254,-0.0207381718159543,-0.00764787952479915,-0.123001874126585,0.179142271164011,0.118383912250232
0.351494295496517,0.125128861752103,0.00453361266868146,-0.0176972758099445,-0.0108086379230383,-0.0204181111857949,-0.00742905540357482,-0.122680665134239,0.179389747724312,0.118745451895336
0.35086966733109,0.124750324387133,0.00436925407274001,-0.0180499438485471,-0.0115261379923475,-0.0208896585004809,-0.00784034847293969,-0.123210290350999,0.178818361675801,0.118405529327209
0.351190927525999,0.125144619531202,0.00479228587585535,-0.0176500636074222,-0.0108923962594295,-0.0205277635614083,-0.00751708402852991,-0.12278315885004,0.17935263272269,0.11875338864713
0.351190927525999,0.125144619531202,0.00479228587585535,-0.0176500636074222,-0.0108923962594295,-0.0205277635614083,-0.00751708402852991,-0.12278315885004,0.17935263272269,0.11875338864713
0.351024521721675,0.124901683488537,0.00463168023860268,-0.0178094348976528,-0.0111158172947143,-0.0206600700344399,-0.00759689104630046,-0.122694509810929,0.179441966711057,0.118484871295643
0.351261676446631,0.125104188039278,0.00494882895832118,-0.0175340822653393,-0.0110016460161123,-0.0206497798280409,-0.00765694119266824,-0.122717148591641,0.179331821548233,0.118858612323066
0.351354401089456,0.125301154130359,0.00468765704732185,-0.0178062703954166,-0.0109024928656215,-0.0204221989010897,-0.00763149323741713,-0.122566957510819,0.17948893606395,0.118801191230969
0.35134224051446,0.125124814136385,0.00484893470352518,-0.0177395276722031,-0.0107948579694884,-0.0207318358230519,-0.00764341547920489,-0.122560330467842,0.179371606273087,0.118949655959067
0.350862703545955,0.124816395551158,0.00446406189581137,-0.0179782875874662,-0.0112206202394735,-0.0208559875414523,-0.00784530800857389,-0.123111382830084,0.179024408742646,0.118425164667086
0.350843752258011,0.12473992571213,0.00428585151781089,-0.0177995247533278,-0.0110616157317015,-0.0209547846360561,-0.00749605935719293,-0.123131836814305,0.179073571173798,0.118429536285698
0.351121151576572,0.125050635599321,0.00465944320290895,-0.0177744203953372,-0.0110442164570825,-0.0206638782213731,-0.00765768095888332,-0.122836612211297,0.179318007063576,0.118633043368503
0.351121515501581,0.125025150867811,0.00465536952034356,-0.0177927256550089,-0.0109609708075989,-0.0207602740875449,-0.00757538187838788,-0.122737835960307,0.179394178670652,0.118636159022876
0.35080954091782,0.124828375133873,0.0043179824468734,-0.0179868623054539,-0.011319083338676,-0.02095956930192,-0.00808054104737931,-0.12320626924177,0.178912096365371,0.118361724672494
0.351012645249183,0.124951274254588,0.00458134295645295,-0.0179408893781365,-0.0110719804133458,-0.0207983023959832,-0.0078034582196464,-0.122942912137377,0.179183999396359,0.118548431059936
0.351276626093435,0.125173719591838,0.00475175619729632,-0.0177316085718532,-0.010864015056274,-0.0206221042602766,-0.00742935123363533,-0.122803789813293,0.179453158114182,0.118662004307919
0.351438421413347,0.125234020673294,0.00484844244978119,-0.0176566327852346,-0.0109361991864635,-0.0206967468656009,-0.00740629679775916,-0.122640584410664,0.179508343533276,0.118787647013666
0.351271435294689,0.125349759518729,0.00494467558087577,-0.0175982387684679,-0.0106589925402871,-0.0203422456596443,-0.00745916214969862,-0.122673750856692,0.179594481971143,0.118848679480046
0.351008522268233,0.124837154840431,0.00456023220170455,-0.0181016261526517,-0.0112896043534689,-0.0207922251370265,-0.00781954255700838,-0.122943678648495,0.179203568159351,0.118422784299844
0.351262407315219,0.125148984578887,0.00463297267643129,-0.0178518989990101,-0.011117803904079,-0.0205094192732608,-0.00745443379855809,-0.122860885697006,0.179424971232889,0.118590747114024
0.351243520451168,0.125276909490635,0.00470376037746104,-0.0175995410470905,-0.0110406867619351,-0.0205715727079825,-0.00761403638231361,-0.122938437982827,0.17939956136775,0.118613284672795
0.351506122938476,0.125390254345617,0.00511370407467743,-0.0173665848577717,-0.0105146564101539,-0.0203659833466677,-0.00716104675329866,-0.122583152137082,0.179711795752014,0.119117141011686
0.35079035072704,0.124766407284518,0.00460769106505597,-0.0181204023517992,-0.0112889722151876,-0.0208062139571882,-0.00782088037657089,-0.123029795576404,0.179182473019168,0.118442471517304
0.351074811509745,0.124914637469054,0.00465818706198581,-0.0178039006567568,-0.0110510098296557,-0.0207166983262671,-0.0077114723832229,-0.122920387583056,0.179392536366396,0.118536249797317
0.350924217188546,0.1249611199684,0.00441684286983296,-0.017915087815356,-0.011362494255913,-0.0209247742055106,-0.00785461534690971,-0.123014790943321,0.179161030377468,0.118480939572873
0.351286603129902,0.125109988674486,0.00447999268672269,-0.0181019891020746,-0.0109951678717516,-0.0205788637924048,-0.00774403837752779,-0.122667096720677,0.179407037868929,0.118761094573909
0.350964446248319,0.124868129493421,0.00455774428423743,-0.0179501831335624,-0.0112382413813786,-0.0208536074269848,-0.00786404666459184,-0.122964162721692,0.179212489440091,0.118559220924741
0.351026230956376,0.12492913531211,0.00486405190926424,-0.017800270633823,-0.011080544913733,-0.0205428983309612,-0.00768956124656039,-0.12290873894348,0.17929526521664,0.118825645832981
0.351324726808844,0.125520378894184,0.00500289363794783,-0.017562655050841,-0.0107156233312577,-0.0204501605639567,-0.00748214465551909,-0.122498663920106,0.17973527121716,0.118986138402079
0.351017506186795,0.124949494933935,0.00460368605895631,-0.017988440505105,-0.0111364246434115,-0.0208191104622343,-0.00781253774830605,-0.12301800184616,0.17930353613213,0.11844571132411
0.351402391044286,0.125335149844636,0.00503764889995034,-0.0175074275680894,-0.0107473212560049,-0.0203212950787026,-0.00726338525748941,-0.122501838675359,0.179806428530861,0.1190062935977
0.351319297812659,0.125266270528418,0.00485642047599359,-0.0178944669252989,-0.0111218301583134,-0.0205988416569099,-0.00739413447959006,-0.122660482769491,0.17957250943859,0.118770182552705
0.350838341871739,0.125006395211809,0.00460487352341371,-0.0178623489235031,-0.0109867138648573,-0.0210305761887576,-0.00765743787339887,-0.122993121278119,0.17936241505968,0.118431019035349
0.351184219503093,0.125060514793518,0.0048222990520078,-0.0175249102737194,-0.0108826898398895,-0.020639879947959,-0.00765101007110953,-0.122657808399021,0.17964573772243,0.118755065784013
0.350909779220865,0.124891569521479,0.00445881490617686,-0.01795587090845,-0.0112315081491562,-0.020924356421907,-0.00789915888062335,-0.123110437853731,0.179180498610026,0.118432496334017
0.351066647621359,0.125021593090439,0.00456573400394144,-0.0178432809136265,-0.0111612287423583,-0.0208632740397595,-0.00782128700241474,-0.123007945350225,0.179264208400707,0.11857678677892
0.350792651891731,0.124921254673943,0.0046171294993043,-0.0180673525453409,-0.0113379725428876,-0.0209627276473563,-0.00771771808003226,-0.123098355867462,0.17906079086704,0.118631448646823
0.350791719888709,0.124729264867341,0.00436041502038653,-0.0181136886403652,-0.0113856936818916,-0.0210512837107122,-0.00800082422351112,-0.123199378518859,0.179046120938402,0.118352243295729
0.351110745680411,0.125076008785705,0.00455737955936407,-0.0177595534142493,-0.0109054318097895,-0.0208584971480549,-0.00775705108266281,-0.123062398420326,0.179235854682353,0.118726925819579
0.351318701525987,0.125082726162279,0.00480968841206211,-0.0175537752240199,-0.0110790187303741,-0.0203332050234719,-0.00757395341201644,-0.122665013526216,0.17973540568645,0.118805382579842
0.351088250022373,0.125095210640506,0.00476576342159226,-0.0178358473589327,-0.0111365296059813,-0.0207534258333127,-0.0077787843427399,-0.122714788409818,0.17952267754567,0.118863851798912
0.351224616300637,0.125061206453246,0.00447863442774132,-0.0177599684895437,-0.0110676141015873,-0.0205970333335428,-0.00792293321070221,-0.122896468426616,0.179507872037403,0.118804284556088
0.350999984503256,0.125035316632709,0.00453651774333873,-0.0179043504801525,-0.0111568130607407,-0.0206596279149823,-0.00751027672867563,-0.123027809685052,0.17953332048381,0.118628028779961
0.351172676217229,0.124912628044432,0.00444953048305631,-0.0178512378585972,-0.0111612287423583,-0.0210161734093452,-0.00765906135710565,-0.123142601342038,0.179489066897023,0.118431137387775
0.351091181712604,0.125216735094293,0.00458172838488059,-0.0177978871511601,-0.0108764812608077,-0.0207804650671639,-0.00756813960505878,-0.122952252123401,0.17956914375744,0.118872791809726
