0.351337432983496,0.125102856488184,0.00498631147736584,-0.0175866988202061,-0.0110511928634403,-0.0202722088897772,-0.00755630877221163,-0.122433594736374,0.178711828546415,0.118403711919118
0.351241061639394,0.124631707356174,0.00452951217496383,-0.0176091569463787,-0.01115777994929,-0.0206560600859098,-0.00759075788358725,-0.12251501769178,0.178543068938684,0.118282630556055
0.351085830046546,0.124817533130697,0.00503798404936892,-0.0175131761833738,-0.0113191063589224,-0.0204621192194189,-0.00748487287611427,-0.122483884632895,0.178717611070557,0.118272181538489
0.351305399692882,0.124952825368873,0.00503108415750497,-0.0171279265937026,-0.0107762073275057,-0.0202807573111486,-0.00753226172566713,-0.122361256277612,0.178910910342678,0.118490479607641
0.351076953630959,0.124825253266802,0.00439413465933603,-0.0178091844871994,-0.0111391230701548,-0.0204432521423629,-0.00778239278484947,-0.122590521066616,0.178720584425192,0.11801532541898
0.351347494617857,0.124993888461356,0.00503589045803928,-0.017493587122093,-0.0108986346354746,-0.020493817573605,-0.00753452281384728,-0.122328789738102,0.178949595676886,0.118391083135765
0.351103573375817,0.124820120044612,0.0047586796979962,-0.0176646250182112,-0.0112124948963493,-0.020660044955409,-0.00773155848732988,-0.122653714022567,0.178555153833309,0.118329062522907
0.351113726094064,0.125035043950687,0.0046234097544717,-0.0172111060837131,-0.0109623526644166,-0.0203405489399777,-0.00755031065265487,-0.122323923846782,0.17904054635635,0.118347906143799
0.35152958577905,0.1251439673245,0.00503955647214906,-0.017477259023196,-0.0108126543321094,-0.0204638830213631,-0.00742517526002257,-0.12233689912885,0.178937461939759,0.118575009740612
0.351434073767433,0.125184871879539,0.00504059584660321,-0.0171869526340102,-0.0108248455875403,-0.0203111896799675,-0.00740465408948282,-0.122215154604283,0.179093894259513,0.118651980126676
0.351183441950503,0.12495140575124,0.0047422925078925,-0.0174135982131087,-0.0110807266123037,-0.0207340938041143,-0.00771055845407135,-0.122388967017038,0.178692528892175,0.118578877088986
0.351311423951357,0.125068538519945,0.00490345667262571,-0.0171757200788123,-0.0108707017164844,-0.0203313882749987,-0.00742053709129527,-0.12243256135885,0.179010699690208,0.118482449794519
0.35154814200157,0.125195257169577,0.00512569827267597,-0.0170208066406672,-0.0108714770017118,-0.0200160699802749,-0.00719459896814602,-0.122162913621839,0.179208104941801,0.118793290766212
0.351293285874429,0.124767404480207,0.00494622254456541,-0.0173555325925579,-0.011128315547283,-0.0200554935926166,-0.00724145759064334,-0.122182608111759,0.179043302790639,0.118728935914313
0.35119239396355,0.125399715844866,0.00504449958441407,-0.017173073368959,-0.0109854141367844,-0.0200647944772933,-0.00733826323835515,-0.122485341393457,0.178833025079003,0.118853414491085
0.350780389924638,0.124615375365892,0.00457308085923267,-0.0177423686760549,-0.0114136026783251,-0.0208113132114855,-0.00795145488011421,-0.12281875729971,0.17852071840174,0.118069886097376
0.351520201845852,0.125025189579765,0.00481508518747131,-0.0172970655922849,-0.0108711195888528,-0.0203445361396249,-0.00743871055196786,-0.122415092308091,0.179039206143165,0.118483477698493
0.351042222030212,0.124777711271348,0.00474894475680954,-0.0175475655895083,-0.0111383374473352,-0.0206145424169939,-0.00772057714791074,-0.12256049563194,0.178747988669377,0.118369583153602
0.350945628226737,0.124552396802083,0.00455567186295651,-0.0177058424171244,-0.0113859568260462,-0.0207730016696268,-0.00798180731000563,-0.122821208009736,0.178508599620462,0.118134886671881
0.351053424058089,0.124677572174991,0.00449947616175132,-0.0177821842873473,-0.0112274386330701,-0.0207657302152431,-0.00792030931857698,-0.12265944234553,0.17854928347992,0.118291233670108
0.351579941111043,0.125123757617668,0.00485664392897883,-0.017160128890588,-0.0109112303649681,-0.0203208509581962,-0.00737900772792563,-0.122475292555714,0.178941083314169,0.118661549514727
0.351149453695406,0.125126793652191,0.00473350496552354,-0.0175607911296742,-0.011160305537572,-0.0205245719209218,-0.00756918558544411,-0.122485965892976,0.178787786011516,0.118499197622157
0.35109375553688,0.124845650641594,0.00491977021052435,-0.0175137191128235,-0.01114201264388,-0.0205437581660696,-0.0075661800534608,-0.122479722173781,0.178821111761701,0.118497132721763
0.35090717123028,0.124713241486723,0.00482908274998935,-0.0175312907855496,-0.011070047093285,-0.020417381859389,-0.00766591567917662,-0.122409751381655,0.17882526890854,0.118557861422941
0.351388097449749,0.125060332634206,0.00450305233949211,-0.0175394302820213,-0.0110602430208244,-0.0202956142517226,-0.00749883364974617,-0.122610516803222,0.178924130726351,0.118268607467755
0.351027836215289,0.124715895658492,0.00457159603559533,-0.017449715454731,-0.0110497876256563,-0.0204409750221598,-0.00776382175303727,-0.12254687128237,0.178804187967753,0.118412689477166
0.351171928540677,0.125053619092067,0.00470072738974423,-0.0173805620355413,-0.0112120809837154,-0.0203748323313317,-0.0074644275677546,-0.122522371698205,0.178795831133129,0.118586253669399
0.351381999952467,0.125078497697909,0.004991040208336,-0.0173168973845435,-0.0109069568807452,-0.0202876977343596,-0.00739022429455623,-0.122330757077621,0.179015892511213,0.118715517239751
0.351168291128006,0.124862946929938,0.00490312451285491,-0.0173636875256439,-0.0107772453175612,-0.0206052851823996,-0.0075090403578447,-0.122457899499469,0.178940748718723,0.118512360730232
0.351238119104744,0.124939445752089,0.0048218654112272,-0.0174453214491916,-0.0110738821829921,-0.0203178762744961,-0.00787928023458115,-0.122449072282172,0.178762459900789,0.118691225611686
0.351184227872791,0.12478316280916,0.00479502695205901,-0.0175004056060393,-0.0110791364300381,-0.0204980801574414,-0.007713999463522,-0.12249136779852,0.178900177545549,0.118396575177302
0.351641495689019,0.125243960414237,0.00513962453594007,-0.0172725844670406,-0.0108022240831598,-0.0202411517906498,-0.00737534704246023,-0.12218720725298,0.179293271114754,0.118649295933275
0.350777040130802,0.124569126731178,0.00434240840215163,-0.0177655359482565,-0.0115040275976979,-0.0208211083120251,-0.00805239340838999,-0.12290115337571,0.178443701559075,0.118103969935816
0.35130823459744,0.124957807988191,0.00482791588631465,-0.0174306171129127,-0.0109896632162283,-0.0204017904932567,-0.00758168878594078,-0.122480271936542,0.178931737607753,0.118553851134084
0.350849493802138,0.12463796472624,0.0043774110128896,-0.017805794360762,-0.0114288558282724,-0.020866830000313,-0.00793389330581931,-0.122813725626802,0.17849268827199,0.118177662279919
0.350933019005767,0.124519176580769,0.00451509968821186,-0.0176993783591431,-0.0115267624933526,-0.0206684143824404,-0.0080039007471959,-0.122792516023826,0.178677795873878,0.118069050993901
0.350963064670312,0.124636749901302,0.00450055226539887,-0.0177379346557689,-0.0113392068429873,-0.0207454217878492,-0.0079167454147472,-0.122806872277496,0.178609785547933,0.118207008979451
0.351497646923747,0.125022375320816,0.0052257314470201,-0.0171508762162901,-0.0108993415346118,-0.0204412556263105,-0.00754792128329517,-0.122418003658507,0.179026484530135,0.11877559540752
0.351159305419432,0.124600344533497,0.00476185026450432,-0.0175911544221727,-0.0114898679693854,-0.0206286586504921,-0.00783632819962886,-0.122608535330977,0.178944026758825,0.118106156343719
0.350863954697274,0.124773411374181,0.00449227561586631,-0.0177296652424745,-0.0112706951981411,-0.02077225765374,-0.00806310682092426,-0.122669505200223,0.178666174700337,0.118300053225479
0.350908057982974,0.124553296534975,0.00460078303759085,-0.0178297466364944,-0.0114089358242665,-0.0209928228986669,-0.0080170075792025,-0.122736166527582,0.178496735520944,0.118367362895522
0.351553935953965,0.125278999629195,0.00515045233841782,-0.017222113029704,-0.0108653069420112,-0.0202806473113777,-0.00740817175226688,-0.12233836492252,0.179178602098452,0.118782888239814
0.351028151362531,0.124802152761597,0.00449571705626695,-0.0176507817333814,-0.0110381668256371,-0.0204239594145259,-0.00767095172312742,-0.122771300469002,0.178800372288084,0.11834319954701
0.35157024899658,0.125401278218251,0.00497857067281855,-0.0171338568718357,-0.0106795499099593,-0.01998895365201,-0.00751943471432991,-0.122317634604082,0.179266328933016,0.118802652037852
0.351558338358458,0.125395785689294,0.00494386819025486,-0.0173975010468849,-0.0106472410530944,-0.0202611125326905,-0.00727598457708202,-0.122170454664368,0.179312984556789,0.118816765788735
0.351483012038692,0.125360527212091,0.00510794964308092,-0.0170988354886625,-0.0107041090348813,-0.0203254619006189,-0.00741613457545866,-0.122211038640732,0.179288388207477,0.118872990788248
0.350916624413144,0.124780507263589,0.00454914387149248,-0.0173919849746038,-0.011356786756737,-0.0204843842899513,-0.0078483139843887,-0.122530568379417,0.17897699108828,0.118374529778242
0.35103519286423,0.124640943659604,0.00469481692477557,-0.0176571416454877,-0.0112447951691283,-0.0205599357937164,-0.00796799148826473,-0.12272844463519,0.178798485165918,0.118399750517624
0.351360448430073,0.125063786934223,0.00473025658645361,-0.0174031911340085,-0.0108949965659444,-0.020456102212232,-0.007559559998559,-0.12238635484632,0.179203785903808,0.118552652003385
0.350794736896432,0.124573067415914,0.00443486228658746,-0.0178444882326078,-0.011252062936546,-0.0207764911005778,-0.00794172062755771,-0.122997083542262,0.178561378215584,0.118239662332825
