0.351077666217333,0.124892727287836,0.00461266805704478,-0.0173014482323836,-0.0114915893186722,-0.0202784267354023,-0.00747092466187246,-0.121974922798518,0.178199381337238,0.118183150120413
0.350960657334977,0.124937103861176,0.00479968144315997,-0.0175605331627448,-0.0115262380136787,-0.0203777066720801,-0.0077090082536078,-0.122243777364013,0.177981317720853,0.118120749916866
0.351428968391977,0.124967865280838,0.00493517455638284,-0.0170283876790261,-0.0111248783636424,-0.0203408593150097,-0.0074112834250303,-0.12219923078496,0.178307724690078,0.118141125647401
0.351484312092531,0.125095287326406,0.00503066042973171,-0.0171731175032378,-0.0112629417648809,-0.0200190348613852,-0.00742613965387564,-0.121978892867065,0.178401982190187,0.118383209959801
0.351497123050346,0.125039784970926,0.00522275428225934,-0.0171432819957292,-0.0113768084590805,-0.0198946515422695,-0.00729420168835114,-0.122164185470451,0.178291184318567,0.118508567443211
0.351399266943767,0.12517864362664,0.00513676479523187,-0.0170452953726518,-0.0112974391653261,-0.0197823856753326,-0.00742397621682238,-0.121939490152247,0.178437355699126,0.118592657269591
0.351273075088636,0.125056661131408,0.00491110315950009,-0.0172458012035026,-0.011356824877723,-0.0201684814491747,-0.00753343463998094,-0.122153247219486,0.178279359348923,0.118318832968138
0.351273075088636,0.125056661131408,0.00491110315950009,-0.0172458012035026,-0.011356824877723,-0.0201684814491747,-0.00753343463998094,-0.122153247219486,0.178279359348923,0.118318832968138
0.35143393104051,0.1252496305888,0.00493401211334064,-0.0172858631631976,-0.011146534245304,-0.0202602730961649,-0.00747612563408172,-0.122162780850877,0.178269274309484,0.118374107603236
0.351151293182902,0.124887541203119,0.00460549112198281,-0.0175458604876425,-0.0115912353542874,-0.0205271198054364,-0.00791209796014184,-0.12242466131461,0.177949327396405,0.118059374162389
0.351199189253864,0.125118769537428,0.00473698557797618,-0.017451613510247,-0.0113200420477812,-0.0203082904282112,-0.00748158043010286,-0.12225071238682,0.178159416439564,0.118274188182761
0.351092256447696,0.124761569304164,0.00467598769048412,-0.0177451730879863,-0.0113541091314079,-0.0204889981057144,-0.00792414353911079,-0.122526617468022,0.17796858121898,0.117941942369694
0.351220632124613,0.125011549448266,0.00494110494373293,-0.0172471158532505,-0.01145344773487,-0.0200803544028363,-0.00757776700877229,-0.122332125448703,0.178234854450861,0.11825405375524
0.351220632124613,0.125011549448266,0.00494110494373293,-0.0172471158532505,-0.01145344773487,-0.0200803544028363,-0.00757776700877229,-0.122332125448703,0.178234854450861,0.11825405375524
0.351074263790853,0.124751717486688,0.00479614424581584,-0.017550744848223,-0.0115077084519336,-0.020429054986859,-0.00763000012747571,-0.122364771620665,0.177997710010397,0.118249236220394
0.350911242033004,0.124793275607846,0.0046856050718801,-0.0174946522752441,-0.0113584811514303,-0.0204438133539824,-0.00792858610332957,-0.122568153757707,0.177947271656027,0.118079123606868
0.35156703833513,0.125270764595614,0.0051828672546206,-0.0170684396063046,-0.0109534541161652,-0.0198856812987922,-0.0071976966159491,-0.1219695355649,0.178627079836566,0.118598124066916
0.351548736669265,0.12536528967515,0.0051931768652106,-0.0170605974813911,-0.0109823806303938,-0.0198599545516058,-0.00724781394002343,-0.121943794252222,0.178636727266988,0.118617339436106
0.35121178659013,0.125096257879641,0.00487145784435735,-0.0173296749232935,-0.011275151887274,-0.0202671170183557,-0.00752230172118785,-0.122239910855113,0.178321097703493,0.118264748556451
0.351287270028874,0.12521221739731,0.0050005977359598,-0.0173591777989338,-0.0113194670726549,-0.0201830228218051,-0.00742346238322846,-0.12219174346566,0.178401872310428,0.118297598495534
0.351484881787299,0.125019752375158,0.00517201886209504,-0.017180558717844,-0.0112602833343606,-0.0199338315485775,-0.00740788196890659,-0.122331743900151,0.178385747358233,0.118385716846108
0.351333144050997,0.125048842093001,0.00490933799750308,-0.0173844614287859,-0.0112841186803883,-0.0201000660073439,-0.00753769773920843,-0.122226193471379,0.178302077385111,0.118394788139555
0.35151181413199,0.125392602451873,0.00498815427226914,-0.0172526758003415,-0.0112966159301385,-0.0198483943418997,-0.00736243938655611,-0.121942555723279,0.178594508323987,0.11850106398877
0.351226851710949,0.125043404716834,0.0048712919068947,-0.017382482439707,-0.0113042655887097,-0.0201818395099217,-0.00756969889833932,-0.122265679210538,0.178314842308672,0.118295454477791
0.351252235733496,0.124936896460369,0.00489085168090066,-0.017407640077398,-0.0116127803484326,-0.0200030091763719,-0.00751112064065722,-0.122384010290923,0.178219640225744,0.11829546923682
0.351089041275782,0.124750636927579,0.00450143856677629,-0.0175972310167043,-0.0113155802441073,-0.0202942385210784,-0.00760921315561543,-0.122424258958412,0.178155344598489,0.118121266984423
0.351084832797439,0.125017438682434,0.00484802657687148,-0.0175090620578114,-0.0115845446414831,-0.0203349550309798,-0.00764183699042828,-0.122494430936642,0.178027133983216,0.118279829225871
0.350965385070558,0.124890332438994,0.00467871277764391,-0.0176810627572497,-0.0116413520309708,-0.020504907780121,-0.00774534734154436,-0.122513628423976,0.178079987352113,0.117975713537219
0.35114904047124,0.125146915149132,0.00509437737021584,-0.0172042676604941,-0.0114209598506205,-0.0200913631779115,-0.00761668074989023,-0.122344086134401,0.17831691259406,0.118347398516386
0.351204308805579,0.124969690343591,0.00488573308268895,-0.0176068713059086,-0.011608513798538,-0.0203633611981534,-0.00756048389979313,-0.122350124383974,0.17828079208311,0.11809743495739
0.351313197071689,0.125247813702885,0.00478917804549508,-0.0174013809190649,-0.01125934199062,-0.0201195316280076,-0.00762475749957835,-0.122220976372449,0.178435097961714,0.118247981003128
0.351231536044299,0.125108727107066,0.0049455348415634,-0.0173660787433664,-0.0113436226515787,-0.0202760127485482,-0.00743623829970811,-0.122015536086366,0.178371257373967,0.118571268216505
0.351056652536789,0.124865354640704,0.00443804445599049,-0.0174123127316904,-0.0115683301790103,-0.0203745162016068,-0.00729223921747591,-0.122365403690574,0.178153948427238,0.118281523869103
0.351018344074437,0.124807119811477,0.00468547736740985,-0.0174427745257238,-0.0115948328768136,-0.0202069672632064,-0.00761940637008561,-0.122452726076566,0.178186581040275,0.118170925569984
0.350838275073957,0.124620522381901,0.00461847668519104,-0.0178338611214572,-0.0117074398910849,-0.0204269349817298,-0.00804303049443562,-0.122415128562409,0.178075289253292,0.118017136565902
0.351139102889865,0.125052364476234,0.00476213842455195,-0.0174202050678199,-0.0115232715426425,-0.0205389309831558,-0.00767769445968518,-0.122478728727412,0.178103607866793,0.118229761060982
0.351488441527964,0.125423547736031,0.00521709943466674,-0.0169660606205708,-0.0108343959272775,-0.0196624577386178,-0.00727580182606616,-0.121995946505935,0.178825310932584,0.118606943252557
0.351198451974534,0.125127077259599,0.00489874688929465,-0.0173486446477973,-0.0115245591843505,-0.0199497353838733,-0.00781966568676004,-0.122316384145867,0.178444507875042,0.118176887718599
0.351000262188951,0.124964202512127,0.00482628100810248,-0.0175568878350459,-0.0115658866883336,-0.0205163182764067,-0.00755156399012566,-0.122266734601639,0.178300330931989,0.118184277316872
0.351298513330608,0.125074346205945,0.00502801786213185,-0.017398267239198,-0.0112631514119998,-0.0201687177624429,-0.00726454319802021,-0.122104948574788,0.178609981448743,0.118346176494475
0.351534298058092,0.125294327588339,0.00507632528538011,-0.0170554906389455,-0.0112454082335903,-0.0200281945076424,-0.00748199599986919,-0.121915002230977,0.178723091236551,0.11857064971862
0.35152107150748,0.125466092228149,0.00507257533305036,-0.0170639652178963,-0.0110402382567115,-0.0198836364586983,-0.00706614372932443,-0.121973159094285,0.178795744511712,0.11860669080936
0.351180383179562,0.124852881447744,0.00459474972229631,-0.0175710886420305,-0.0113299408163491,-0.0205545143025663,-0.00774035282198249,-0.122278230493008,0.178286110208024,0.118215227793633
0.351316242612277,0.125272983107854,0.00496530579266686,-0.0171999631130927,-0.011304606292995,-0.0201169201829438,-0.00736752722486235,-0.122217890665425,0.178591549012106,0.118370529632768
0.351278520202832,0.125125251604612,0.00487120442058143,-0.0174039579295272,-0.011063928313134,-0.0200456032999449,-0.00736477090089942,-0.122127850376119,0.178687754093251,0.11833403587083
0.351183174593835,0.125107090546507,0.00474802827387531,-0.0173562039033745,-0.0113738588131609,-0.0204083633590907,-0.00767283843660714,-0.122350970577573,0.178484418642934,0.11820773758421
0.351395564315436,0.125228429266428,0.00483529414937088,-0.0173534246929307,-0.0112036926133709,-0.0201735043194861,-0.00756262604041806,-0.122367917336622,0.178605591228051,0.118378018711938
0.351317703342376,0.125098773957775,0.00489820316511669,-0.0176165945091111,-0.0115061327159621,-0.0205149029222731,-0.00770104094740011,-0.122537246936224,0.178323982657534,0.118292475134652
0.351147730037742,0.124852438655837,0.00482059056114409,-0.017509496324627,-0.0115391934989413,-0.0201184343637257,-0.00753956568183293,-0.122282077450038,0.178499739160341,0.118549848982572
0.351137423619435,0.124869641252652,0.00510505892210922,-0.0173124670021972,-0.0115422177095624,-0.0202272498443512,-0.00752065470040556,-0.122415787944475,0.178550589653706,0.118594261200832
