0.352000867832808,0.125576560500499,0.00533804356061137,-0.016555169252413,-0.0115837732857449,-0.0194937549007454,-0.00712076307906218,-0.121038553077064,0.177638053449507,0.117503327964469
0.351996617263786,0.125590109845113,0.00535825416569755,-0.0165760698591262,-0.0115815751102338,-0.0194728631223148,-0.00711614207473498,-0.121033794821299,0.177629880772971,0.117531595000867
0.352026864596465,0.125616762268419,0.00537318441244272,-0.0165364088971905,-0.0115449079679098,-0.0194536851621927,-0.00709229417333041,-0.121004368723897,0.177660885658344,0.117561786385984
0.351998784501644,0.125625488257836,0.00536317165386586,-0.0165517763988044,-0.0115553888350897,-0.0194641592197337,-0.0070831043161122,-0.121030806408802,0.177649227282405,0.117540626595084
0.352025742679798,0.125634163692875,0.00540606312046349,-0.0165141694355926,-0.0115459362472475,-0.019439003208183,-0.00708821309094395,-0.120997923025777,0.177684868671188,0.117564402958265
0.35199449271235,0.125602913725427,0.00537481315301554,-0.0165454194030405,-0.0115771862146955,-0.019470253175631,-0.0071194630583919,-0.121029172993225,0.17765361870374,0.117533152990817
0.352017069124647,0.125594410547437,0.00538079391452734,-0.0165449551756184,-0.0115654361390153,-0.0194764589547345,-0.00709503840317359,-0.121036812647498,0.177663577282087,0.117525815706808
0.352010117696074,0.125628828332579,0.0053998131269739,-0.016514991803157,-0.0115732089461112,-0.0194644392281988,-0.00708893983437298,-0.121027054351364,0.177658306198858,0.11756302428323
0.352011284488624,0.125607116024226,0.00536194059454215,-0.0165539192537151,-0.0115636840209569,-0.0194707286089416,-0.00710890964313365,-0.12103013962429,0.177661950483438,0.117528327938428
0.352011803753029,0.125590147493728,0.00535713519753923,-0.0165427177084352,-0.0115776860164068,-0.0194705918817093,-0.00711286689573177,-0.121023963367766,0.17766095642125,0.117536267344098
0.351975544931291,0.125569941032598,0.00533595710653175,-0.0166038398942839,-0.0115914560492959,-0.0195034908145654,-0.00714382271068487,-0.121075098525569,0.17761441967363,0.117502362605588
0.352006614292735,0.125607491274384,0.00534858288239996,-0.0165523934811958,-0.0115663420174028,-0.0194782388395328,-0.00712901268778987,-0.121049644804164,0.177647953084507,0.117527607675823
0.352019492686309,0.125610489475112,0.00538892604154042,-0.0165156229224506,-0.0115679269650813,-0.019450721945976,-0.00711662215226027,-0.121025266747294,0.17767066414053,0.117555722411751
0.351994416238933,0.125585058158646,0.0053621973127372,-0.0165751563128407,-0.011569959117371,-0.0194809591320267,-0.0071261041855699,-0.121059882963767,0.177644748181726,0.117514965553903
0.35195897613412,0.125574810111865,0.00533085366615878,-0.0165953132578285,-0.0115970510201215,-0.0195142811997131,-0.00715161901013261,-0.121069773644942,0.177613770685341,0.117508911543519
0.352012885574185,0.125609530104719,0.00538449013961587,-0.0165650693662951,-0.0115364145146565,-0.0194599286443144,-0.00710434889473387,-0.12106061722286,0.177657874623687,0.117529880944514
0.352016437628317,0.125614474712429,0.00536295855160206,-0.0165461536196799,-0.011546843389846,-0.0194725300065062,-0.00710933256274744,-0.121017364086585,0.177674886115727,0.117545611039481
0.352014531631805,0.125633704281286,0.00538056952346234,-0.0165631441736909,-0.0115369549288754,-0.0194608538360117,-0.00710506293617954,-0.121013523703536,0.177671462932937,0.117563078153762
0.351996013132577,0.125627935056526,0.00536960362579424,-0.0165354174868866,-0.0115355927508072,-0.0194823934778274,-0.00711203571803187,-0.121033315349586,0.177652461121229,0.1175648325379
0.351980688741988,0.125586091992155,0.0053506558093331,-0.016568716925609,-0.0115588187236819,-0.0194987760677059,-0.00712866657149255,-0.1210619680545,0.177633005769715,0.117529118274723
0.352005736019744,0.125604180816239,0.00535584100966278,-0.016565423970554,-0.0115587126005565,-0.0194798316414143,-0.00713290430769374,-0.121063275860211,0.177647079407422,0.117520170329213
0.352001559456061,0.125603156210648,0.00536967679098656,-0.01656613450647,-0.0115482063911892,-0.0194566215539241,-0.00711196264182686,-0.121043564542855,0.177661349853275,0.117540984614536
0.352011849928906,0.125599521605335,0.00535443923312298,-0.0165459609149377,-0.0115541445822674,-0.0194824396720956,-0.00712622548806349,-0.121058791177255,0.177653269598395,0.117526453901598
0.351971963637868,0.12559304018099,0.00534440250958538,-0.0165964504161514,-0.0115971199525804,-0.0194902866967079,-0.0071178724488494,-0.12105049822309,0.17763080934643,0.117533902621119
0.35199193927068,0.125588366043757,0.00534992137629294,-0.0165844898740446,-0.0115875810548877,-0.0195011562088252,-0.00713935832936499,-0.121044028498711,0.17765768912424,0.117503327964469
0.352038827954271,0.125633084926542,0.00540562779263376,-0.0165418924584136,-0.0115589186510716,-0.0194542764368832,-0.00708164504015695,-0.121011209377473,0.177675786273404,0.117582537750097
0.352000365197589,0.125584781611449,0.005368097217107,-0.0165892899097473,-0.0115555339182329,-0.0194862588280823,-0.00711524974602296,-0.121047699112308,0.177651818535318,0.117530965946383
0.352009049790673,0.125614609940691,0.00537114881140977,-0.0165518576574093,-0.0115541186273658,-0.019472545761847,-0.00709630268914804,-0.121031090623299,0.177665998179783,0.117553466470747
0.351991661522738,0.125606022576593,0.00533890037074426,-0.0165905648056154,-0.0115874790410639,-0.0194882490626777,-0.00713898249107931,-0.121066991699846,0.177630054075991,0.117524332209942
0.352051106036302,0.125651622036742,0.00541557766123591,-0.0165032477862845,-0.0115101360294061,-0.0194244341415361,-0.00705564564567785,-0.120992108247446,0.177714435956939,0.117597577294971
0.352012246551496,0.12562126353672,0.00539702902374344,-0.0165411974388238,-0.0115377857012785,-0.0194442956871897,-0.00708204546989914,-0.121013506866206,0.177682549803839,0.117582091925575
0.352000443376791,0.12559408761981,0.00537846055524537,-0.0165346577470922,-0.0115617674609518,-0.0194500437890188,-0.00708365338836221,-0.121035334096361,0.177678146401425,0.117553628944006
0.351991949900397,0.125588245343183,0.00536996362977737,-0.0165981753006907,-0.0115516750114068,-0.0194656932885503,-0.00711286477558707,-0.121049543955743,0.177651921411773,0.117544124173525
0.352014662934983,0.125630809177694,0.00539495783258349,-0.0165586432617676,-0.0115550078825838,-0.01946269238923,-0.00710609755159426,-0.121027799260221,0.17766705486087,0.117570624708201
0.351965460078549,0.125561866273187,0.00532698172017717,-0.0165962530525224,-0.0116003722908522,-0.0195045145437417,-0.00714319774649007,-0.121077224721016,0.177624024641539,0.117509242313974
0.352020028552224,0.125614050017842,0.00536618665246789,-0.0165810885323119,-0.0115562101996245,-0.0194891615287498,-0.00712074944218629,-0.121015934505647,0.177670679704549,0.117553699720558
0.352025822930884,0.125639038427647,0.00538194763082759,-0.0165249906398538,-0.0115415225547696,-0.0194590422994695,-0.00709935061759285,-0.121020666211499,0.177688524810225,0.117565911901437
0.352002037684527,0.125600419448414,0.00535970627450847,-0.016574644578553,-0.0115640891772935,-0.0194870572921252,-0.00710286318400554,-0.121071067729713,0.177638046408066,0.11754318117954
0.352032166877874,0.125631755456192,0.00537494550764635,-0.0165568202372451,-0.0115588282999343,-0.0194713204062597,-0.00709973561221005,-0.121012605142549,0.177680814316176,0.117567333849718
0.351987142539613,0.125608413397475,0.00534777254113427,-0.0165671143631758,-0.0115724405043644,-0.0194767693682458,-0.00712170754512809,-0.12105406265733,0.177658005743674,0.117534459581216
0.351995760565972,0.125591788813096,0.00534303617399872,-0.0165641822682468,-0.0115872340024117,-0.0194774260282165,-0.00713217493267631,-0.121052565767434,0.177656507347294,0.117533239733475
0.351971572162261,0.1255544335275,0.00533931187240729,-0.0166054470501594,-0.0116212254541735,-0.019514212651952,-0.00714672095187243,-0.121081103397736,0.177641989622421,0.117488044481893
0.351991973199097,0.125579545943099,0.00533616258722727,-0.0165864746381182,-0.011604080003362,-0.0195159765911197,-0.00713804328218754,-0.121067021364556,0.177636199717701,0.11752749540453
0.352007574709024,0.125633062400918,0.00537847059606457,-0.016557070053548,-0.0115677153505271,-0.0194755538761266,-0.00707676207882828,-0.121064285374382,0.177670369862529,0.117543197726194
0.351970429861034,0.125563581116571,0.00533422054920688,-0.0166022089484639,-0.011599895265581,-0.0195187016133103,-0.00715049574094069,-0.121091458951906,0.177628275254873,0.117504386022318
0.352019202862423,0.125597661488225,0.00535024889657883,-0.0165657664963136,-0.0115544049986628,-0.0194739460911995,-0.00712091194140988,-0.121055609362388,0.177664048123147,0.117548204589168
0.352007617567583,0.125609130031731,0.00535049530163383,-0.0165775291134566,-0.0115613716298696,-0.0194873025324688,-0.00711676990819149,-0.121041596653854,0.177679059091524,0.117541355597536
0.351982142198694,0.125590429618599,0.0053351787288709,-0.0165945422599809,-0.0115963965737043,-0.0195152303644186,-0.00712498111261571,-0.121077998194445,0.17764376163557,0.117532127054786
0.352002489123422,0.125596659005569,0.0053721721242372,-0.0165628654779216,-0.0115688125960759,-0.0194728572636059,-0.0070754559668338,-0.121046312053322,0.177696510889761,0.117547258741484
0.352015274606138,0.125576362164504,0.00536076530118309,-0.016559358846957,-0.0115663191797599,-0.0194875063368456,-0.00709844907621532,-0.121065956544219,0.177667831406825,0.117556486089923
