0.35200240696842,0.125624194084247,0.00537178840261824,-0.0165478385467385,-0.0115389149259547,-0.0194559332337598,-0.00709521405200677,-0.121020934743014,0.177640837183956,0.117494641962203
0.352028049617134,0.125639449657871,0.00540501421151652,-0.0165407518738973,-0.0115556121580712,-0.0194605492420593,-0.00707916397833787,-0.120991449811121,0.177646195553768,0.117535462716399
0.352012220959285,0.125610105686448,0.00536470308474304,-0.0165377416633693,-0.0115766329701564,-0.0194774587029426,-0.00711984387482512,-0.121011190237367,0.177635271720436,0.117510238822044
0.352040347167994,0.12563569104928,0.00536511110898093,-0.016526649891071,-0.011537184365984,-0.0194540693418552,-0.00709388121136214,-0.121023954008423,0.177649473615609,0.117514333814237
0.351988252237496,0.125577632143032,0.00534089506421756,-0.0165730317214037,-0.0115751259803682,-0.0194977408457995,-0.00710734050339415,-0.121034568201913,0.177621026882463,0.117490997251679
0.352039075899076,0.125625736090169,0.00540694168696182,-0.0165114188241612,-0.0115527700739238,-0.0194547081626606,-0.00709242613275632,-0.120999002481781,0.177662775630803,0.117544173834908
0.352042582387814,0.12563652436505,0.00540853041079023,-0.0165003961523163,-0.0115173343938886,-0.0194352539638979,-0.00706293398942864,-0.120984550450644,0.177681195853019,0.117563003245999
0.35197726508411,0.125559703652406,0.00532955653792516,-0.0165682441645105,-0.0116122035865742,-0.0194968342448594,-0.00714151991880961,-0.121060857618408,0.177603657718583,0.117481616408504
0.352012268770052,0.125584427093214,0.00536364345997221,-0.0165569145782559,-0.0115751541874686,-0.0194774407247378,-0.00710850362501029,-0.121024869267072,0.177637530946849,0.117512754912442
0.352021022452693,0.125608329358203,0.00537654244799072,-0.0165515242853207,-0.0115589765147921,-0.0194731918637993,-0.00710094818810528,-0.121020791807951,0.177643183911865,0.117525089283176
0.352021022452693,0.125608329358203,0.00537654244799072,-0.0165515242853207,-0.0115589765147921,-0.0194731918637993,-0.00710094818810528,-0.121020791807951,0.177643183911865,0.117525089283176
0.352022529238383,0.125610541377843,0.00537382642633468,-0.0165391758218406,-0.0115305549312844,-0.0194598152106602,-0.00707568637597513,-0.120998622506987,0.177666889839927,0.117537092661398
0.351991480146643,0.125608153120857,0.00535895090905315,-0.0165500037903033,-0.011583836680873,-0.0194867064645133,-0.00710847049246727,-0.121019619680311,0.177641917222065,0.117512258974398
0.352002228892631,0.125584510596004,0.00536075812355055,-0.0165762115059927,-0.0115771563495158,-0.0195102335488103,-0.00712342337597418,-0.121035637923936,0.177631363969239,0.117492601192606
0.352012932927847,0.125565279857022,0.00536033186665134,-0.0165775592656691,-0.0116069095997919,-0.0195043334679995,-0.00713470054113159,-0.121064695557654,0.177617471628196,0.117472889343323
0.352015869225625,0.125607601304945,0.00537276191702478,-0.01654817045909,-0.0115492009674336,-0.0194884989586785,-0.00711821171220676,-0.121019864920554,0.177634972089579,0.11753566884901
0.351992823605899,0.125606143403027,0.00536240415687166,-0.0165517356483145,-0.0115698688745833,-0.0194733676366332,-0.00711611011237935,-0.121035723303086,0.177625612466459,0.11752748381383
0.352015721903093,0.125614178272839,0.00536976527280427,-0.0165446317769341,-0.0115605364037223,-0.0194757848479952,-0.00710059963300416,-0.121018622582684,0.177647505527991,0.117527174753422
0.352015721903093,0.125614178272839,0.00536976527280427,-0.0165446317769341,-0.0115605364037223,-0.0194757848479952,-0.00710059963300416,-0.121018622582684,0.177647505527991,0.117527174753422
0.352008482628058,0.125584710038019,0.00536016239801018,-0.0165489644341201,-0.0115615490655526,-0.0194978731275154,-0.00711691876773117,-0.121043131760237,0.177619213210587,0.117527092427629
0.352017904195974,0.125612945984177,0.00534910375740388,-0.0165529790822378,-0.0115523109084186,-0.019470888736317,-0.00710943847172336,-0.121007551882555,0.177655622140347,0.117525575022433
0.352019233485427,0.125629301594841,0.00541010272416768,-0.0165237820611223,-0.0115528914564311,-0.0194551827990583,-0.00709478859783312,-0.121012354688479,0.17767597762267,0.117525211291974
0.352033526048819,0.125614599383217,0.00540123364331305,-0.0165520181414038,-0.0115366560176719,-0.0194731559111051,-0.00710502493192072,-0.121007997140174,0.177659231186357,0.117539711837312
0.352046834210621,0.125637391205076,0.00540747426819093,-0.0165194811194427,-0.0115251803907595,-0.0194526224734686,-0.00706550393101596,-0.120998027623401,0.177680335319495,0.117553641075183
0.352046834210621,0.125637391205076,0.00540747426819093,-0.0165194811194427,-0.0115251803907595,-0.0194526224734686,-0.00706550393101596,-0.120998027623401,0.177680335319495,0.117553641075183
0.352035580703622,0.125594207758824,0.00535938352344506,-0.0165434291150665,-0.011570638693007,-0.0194757809754222,-0.00708938686950011,-0.121037513902289,0.177646511376182,0.117512625244526
0.351986886744351,0.125575816062767,0.00536849131315126,-0.0165755120459362,-0.0115842446847691,-0.0195133576509352,-0.00713211374264127,-0.121040117929922,0.177633122800825,0.117489803886773
0.352003548045102,0.125572474862153,0.00534009439628899,-0.0165847925449064,-0.0115920746770919,-0.0194956968666269,-0.00712091768387474,-0.121031337718864,0.177636387328901,0.117493634203735
0.352023592522092,0.12563215456323,0.00539870494976509,-0.0165216055505285,-0.0115493473870577,-0.0194731477972732,-0.00708539280990366,-0.121008739442844,0.177668640374616,0.117539512031111
0.351986838932886,0.125580858159547,0.00534955012005238,-0.0165695186766961,-0.0115859309647344,-0.0195009167543718,-0.007128924353419,-0.121047692649112,0.177624563467594,0.117499746155431
0.35200936459938,0.125611138232848,0.00536354694685929,-0.0165436350603886,-0.0115501080477839,-0.0194642422705907,-0.00711812508795533,-0.121016351270605,0.177659401822474,0.117526714790562
0.351989116948205,0.125590888169198,0.0053494905948611,-0.0165537763668662,-0.0115824369004759,-0.019481208694333,-0.007115982840791,-0.121019608126092,0.177641515237092,0.117526199289316
0.352014684942387,0.125590733669094,0.00535182425208446,-0.0165558685177628,-0.0115725943508331,-0.019486619061967,-0.00712395863869664,-0.121015432789108,0.177646629085433,0.117527177624422
0.351994139828661,0.125585118321975,0.00537586769389578,-0.0165793642159318,-0.0115691706525644,-0.0194916581069813,-0.00710108471627553,-0.121034676816195,0.177642618883462,0.117512920001813
0.352028256749321,0.125594309984381,0.00536498322650414,-0.0165367488867626,-0.011547675510507,-0.0194633201639925,-0.00711689273082089,-0.121027277592999,0.177653839132591,0.117533597883503
0.351971429387823,0.125578944304356,0.00533198888665084,-0.0165931081230197,-0.011603449679084,-0.0195216995901688,-0.00715543452977972,-0.121055787251888,0.177603137321584,0.117501248503809
0.352007068408582,0.125584935046882,0.0053662719955086,-0.0165491654191273,-0.0115775803461176,-0.0194831298095368,-0.00711472872201336,-0.12103860798795,0.177642946335668,0.117520201385079
0.351996462208497,0.125577919257598,0.00537377840426489,-0.0165654590230027,-0.0115435367235211,-0.0194851449010297,-0.0071292552434704,-0.121055609298366,0.177629989039654,0.117521693466407
0.351975445440624,0.125558086876629,0.00532745892374586,-0.0165695417567985,-0.0115907440982291,-0.0195128232005538,-0.00714137458161705,-0.121074860037768,0.177617632267849,0.117481224312855
0.351974039475223,0.12556211411812,0.00532213959690923,-0.016579727686004,-0.0116128731862576,-0.0195079450445948,-0.00714185512250186,-0.121068675554729,0.177621644815964,0.117473719516699
0.352007119363678,0.125570479230767,0.00537235391653209,-0.0165713263656005,-0.0115871934966913,-0.0194786848260142,-0.00712359053433131,-0.121067499192623,0.177624936565313,0.117513089606842
0.351978159710707,0.125557271716168,0.00533374653560894,-0.0165817814477643,-0.011592002458466,-0.0195215736738362,-0.00712184740432249,-0.12104558637707,0.177626375715424,0.11750646607603
0.35199944188351,0.125604817041012,0.00533125162443521,-0.0165558625637382,-0.011565310793616,-0.0195042377840486,-0.00714411053817789,-0.121054289592915,0.17764359099508,0.117492259760971
0.351988151686319,0.125580872403333,0.00534009439628899,-0.0165558965297816,-0.0115966850918575,-0.0194925848366601,-0.00711101032274817,-0.121052331571814,0.177646618209658,0.11749502725769
0.351975366419499,0.125576230945046,0.00535808915974881,-0.0165691415815175,-0.0115694877556216,-0.0194932784291452,-0.00713356819872638,-0.121052268961486,0.177646118896049,0.117504429707863
0.351986099329759,0.125589579392461,0.00533926214803523,-0.0165648858175446,-0.0115675271383762,-0.0194913806892788,-0.00711928984669832,-0.121063991523744,0.177637101979917,0.117510551854425
0.351990795649183,0.125586258333881,0.00534120102423034,-0.0165736194889985,-0.0115852798121647,-0.019494491069355,-0.00712524278630736,-0.121058990400428,0.177639538615287,0.117506068072529
0.351963927812824,0.125561062078186,0.00531255397879578,-0.0165874732338841,-0.0116157122478113,-0.0195254649205537,-0.00713680940198646,-0.121077854089765,0.177612302246269,0.117498745649078
0.351996559208258,0.125605758411891,0.00534331628136664,-0.0165666094033724,-0.0115727286741778,-0.0195035764823919,-0.00711828890138737,-0.121062180289371,0.177647667336048,0.117511200194001
0.352007978911158,0.125609684691657,0.00538611903457412,-0.0165562525536857,-0.0115550410961209,-0.0194867562852993,-0.00709058261572834,-0.121037806441007,0.177674644672771,0.117533672727489
