0.352011995774046,0.125660651360143,0.00540574643777038,-0.0165221555117979,-0.0115209651569649,-0.0194444441000927,-0.00706788968129079,-0.120966641166049,0.177632418703426,0.117493061307855
0.352011922198956,0.125614546622155,0.00538489220183054,-0.0165213764980105,-0.0115080669798751,-0.0194521243590533,-0.00707456064203535,-0.120995671067787,0.17761445111654,0.11748577657418
0.352033669752223,0.125634687133501,0.0053954983344191,-0.0165254696599872,-0.0115110749263187,-0.0194411736531205,-0.00707811189708548,-0.120969014121947,0.177630702175146,0.117498275743878
0.352023037309612,0.125630977782199,0.00539461553605768,-0.0165311089878328,-0.0115102564465711,-0.0194604437676446,-0.0070942136388156,-0.120966860155548,0.177624065546274,0.11750053215395
0.352001261342521,0.125622783611949,0.00539830730834288,-0.0165377393316252,-0.0115316714656423,-0.0194594744491158,-0.00711857894582815,-0.121017296662456,0.177602485644787,0.117469075766502
0.352036518609472,0.125635154733216,0.00542740604788193,-0.0165235141829006,-0.0115086167644984,-0.0194293222648368,-0.0070807190488476,-0.120964868610158,0.177633565054833,0.117521143232933
0.351984245124348,0.12561088792715,0.00537441096348667,-0.0165491049066045,-0.0115471866852214,-0.0194798066871489,-0.00710850192215016,-0.121018461623934,0.17759097045387,0.117467640680741
0.35202203474051,0.125621214840324,0.00541319944631331,-0.0165238254891554,-0.0115303154715238,-0.0194448017884194,-0.00708760893837393,-0.120967430679613,0.177624905716233,0.117518017679483
0.352003536203088,0.125611271765846,0.00539573229764989,-0.0165312991903642,-0.0115289233186148,-0.0194563456498385,-0.0071149464938281,-0.121008555276283,0.177610225480058,0.117478753246169
0.352032879416533,0.12565820350098,0.00542128771975038,-0.0165233116420747,-0.0115056535752363,-0.0194438805120355,-0.00708602299982423,-0.120958393837571,0.177646756791456,0.117512131611926
0.351986941635412,0.12560149084638,0.00536412033829788,-0.0165659555880877,-0.0115526895542006,-0.0194925588051532,-0.00710979875765017,-0.121009331183586,0.177590769850226,0.117472019455782
0.352020508295266,0.125634492185218,0.00541838823820345,-0.0165255207708724,-0.0115260008141621,-0.0194467799935824,-0.00710392857007893,-0.120978778071477,0.177635158865268,0.117496168874807
0.352020508295266,0.125634492185218,0.00541838823820345,-0.0165255207708724,-0.0115260008141621,-0.0194467799935824,-0.00710392857007893,-0.120978778071477,0.177635158865268,0.117496168874807
0.352011657254299,0.125618922880892,0.00538570812113539,-0.0165636360028502,-0.0115616385713207,-0.019492459677579,-0.00712711832742381,-0.121000012907165,0.177601852313027,0.117472229849001
0.352055898743446,0.125678968414965,0.00543906025548876,-0.0164932145643648,-0.0114952720193353,-0.019408893079916,-0.00706340874801236,-0.120946558041236,0.177669922779358,0.117534812230819
0.352042052516483,0.125670020758156,0.00541162367161407,-0.0165092869551474,-0.0115003605756347,-0.0194395727202351,-0.00707190813224279,-0.120957186024406,0.177661420522428,0.117510704452239
0.352024970940278,0.125648040611798,0.00540813245232154,-0.016524142367532,-0.0115261998225025,-0.0194398208830832,-0.00709433655117958,-0.120977485844403,0.17763899497619,0.117503884427652
0.351994343105961,0.125601893499965,0.00536440247038351,-0.0165629201712299,-0.0115468845140212,-0.0195048257579093,-0.00711328805254562,-0.121021861296288,0.177599416035271,0.117453738052828
0.352018969823079,0.125622795594708,0.00541960290971416,-0.0165370767884684,-0.0115094149196368,-0.0194618765130846,-0.00710013756234213,-0.120983896871114,0.177626770158267,0.117508931955873
0.352011124713316,0.125639092954989,0.00538069586844686,-0.0165402147583146,-0.0115312883788019,-0.0194705005234023,-0.00710283593541,-0.120988113827573,0.177630492719261,0.117479776649071
0.352020850495247,0.125649534464099,0.00539883742664876,-0.0165273122242727,-0.0115222668167911,-0.0194525890874752,-0.0071061400465729,-0.120968477295583,0.17764975602092,0.117491706795976
0.352046459074883,0.125676077742415,0.00542964087438807,-0.0164972558693138,-0.01149522648916,-0.0194199871997844,-0.00706364223367383,-0.120956201229659,0.177665036295565,0.117531213810641
0.352043812955702,0.125654994244616,0.00541721175614027,-0.0165157239733786,-0.0114861467382021,-0.0194252306171688,-0.00706652009897247,-0.120950861384304,0.177662861419166,0.117530666071349
0.351983902805695,0.1256212945717,0.00538204984806282,-0.0165583930875104,-0.011564919166274,-0.0194746576592558,-0.00713480642755296,-0.121001965056225,0.177608772124181,0.117473532028978
0.351981483787794,0.125592118784814,0.00535953844153237,-0.0165803885628991,-0.0115662204680862,-0.0194937483360443,-0.0071283554395505,-0.121016608313743,0.177587677069909,0.117469073950718
0.351987521916162,0.125637687145754,0.00535529088727379,-0.0165630036659115,-0.0115433158578113,-0.0194985106092896,-0.00711970564622848,-0.121003004992061,0.177615623583123,0.117459158113627
0.352041297115169,0.125639969988812,0.00540892685283282,-0.0165217152955523,-0.0115226475170172,-0.0194495391920062,-0.00707324849978391,-0.120959546478307,0.177644249264279,0.11752860107214
0.351995976124809,0.125627870305385,0.00539610497331207,-0.0165507546632805,-0.0115303792553629,-0.0194571404528569,-0.00712217157403007,-0.121006396616929,0.177614466028851,0.117490353513766
0.352012266596471,0.125606445952509,0.00537376196437365,-0.0165331208626602,-0.0115078154901093,-0.0194594721135325,-0.0071176499015149,-0.120981823840472,0.177636925471949,0.117491395900222
0.352003256138288,0.125638385773938,0.00539081078346474,-0.0165343195707582,-0.0115219059415547,-0.0194503294276853,-0.00710314036426376,-0.120984368512181,0.177632246467762,0.117504191417745
0.35201980867469,0.125669581139111,0.00544021931857086,-0.0165290953976264,-0.0115105957315528,-0.0194234608764957,-0.00706483339487504,-0.120973742740966,0.177642255531975,0.117539264165409
0.352020048373037,0.125642858424976,0.00540578579872894,-0.0165279590046402,-0.0115201778800688,-0.0194444200274932,-0.0070893179006436,-0.120982711851705,0.177644445892079,0.117504163994921
0.351974242676747,0.125606867753626,0.00535882419302069,-0.0165567215318173,-0.0115690515269465,-0.0194913608575836,-0.0071288029223446,-0.12102004190936,0.177598304252364,0.117468725895646
0.351973742810562,0.125593524103499,0.00535495023008057,-0.0165709940268598,-0.0115727410154609,-0.0194921356501717,-0.00713758390500888,-0.121028650715894,0.177594782467873,0.117457728839558
0.352032389650735,0.125650632957915,0.00542257890358221,-0.0165459641040929,-0.0115069683199054,-0.0194506207011652,-0.0071038715603035,-0.121001766498715,0.177634880236411,0.117501691696801
0.352021727737696,0.125646430117193,0.00541092959768189,-0.0165258016743168,-0.0115061380515837,-0.0194479389922275,-0.00709223201040032,-0.120954749479988,0.177651150289852,0.117536690256135
0.351990251148709,0.125616708217576,0.00539170724411236,-0.0165773688431501,-0.0115516936935367,-0.0194909591916311,-0.007131709694742,-0.121021498306527,0.177611306256684,0.117462252103888
0.351997856045671,0.125617521779738,0.00538943468543727,-0.0165064845479077,-0.0115204554192498,-0.019456606626254,-0.00707610062778042,-0.120999975598039,0.177638432028396,0.117502407121409
0.352028375634542,0.125663306422111,0.00542410132310336,-0.0165188231027976,-0.0115140564605819,-0.0194447936560705,-0.00708080585813848,-0.120959912127212,0.177660601045379,0.117528676829159
0.351983389739026,0.125602856625011,0.00536435443062125,-0.0165671973590335,-0.0115604481653327,-0.0194848852527688,-0.00712969174056407,-0.121019634781603,0.177607698224172,0.117469434839994
0.351981117328279,0.125604594291407,0.00536820059630667,-0.0165596476753949,-0.0115619578551811,-0.0194808278838044,-0.00712989618479866,-0.12102121521739,0.177605672340962,0.117475253790285
0.351994567018346,0.1256239804707,0.00536113581144364,-0.0165406389205075,-0.0115260912061611,-0.0194720517596639,-0.00711843624428371,-0.121007483440375,0.17762464296888,0.117485762644159
0.351970375036173,0.12560453681124,0.00535398985758152,-0.0165680682209631,-0.0115733492227904,-0.0194938188807674,-0.00712521453895019,-0.121030958893289,0.177595427554959,0.117468927323278
0.352032595635689,0.125650788125821,0.0054092012792696,-0.016507269538292,-0.0114908214252533,-0.0194286596729036,-0.00707887847656224,-0.120959460840667,0.177666923469468,0.117540204779222
0.352022888160214,0.125649988365227,0.00542430483596135,-0.0165158968592138,-0.0114907403267068,-0.0194290403608449,-0.00708748684263366,-0.120963742659424,0.177663146435009,0.117540964999596
0.352014867088447,0.12562459183545,0.00539792569696414,-0.0165496098968533,-0.0115193492512179,-0.0194538715399723,-0.00710964809160832,-0.120958244570856,0.177649959787014,0.117529802446395
0.35199233541934,0.125626786556117,0.00537938319424135,-0.0165345825283087,-0.0115506832396668,-0.0194583803347506,-0.00709731917490035,-0.12101264447044,0.177631296873928,0.117495704110708
0.352006263426785,0.12563267986378,0.00539597370906252,-0.0165297068269015,-0.01153500755305,-0.0194394031892876,-0.00709458632564007,-0.1209901147874,0.177657812009453,0.117505763910221
0.351996022468765,0.125628090465212,0.00536463442136753,-0.0165541914114837,-0.0115381535842951,-0.0194883029113165,-0.00710540839693267,-0.121023871050121,0.177631385516799,0.117481110864906
0.351979996686639,0.12562233165521,0.00537738087492102,-0.0165453813373226,-0.0115657613351202,-0.019475896956,-0.00711076170383039,-0.121017832780562,0.17762407742167,0.117498416586687
