0.43919907565777,0.500243300867188,0.406480587356608,0.643132575108963,-0.368131087282952,0.361005707788838,-0.0777009426611137,-0.515269711694581,1.28197595640003,3.07575265459978
2.29972890048649,8.81036387029416,-6.57403197647712,4.84477263525902,8.11293413292354,1.3152910905328,3.11686786405801,2.77248429718303,9.95671202266842,15.7481310084487
-4.84901618142551,2.04536478353481,10.2070396969784,-8.13903419841515,5.73071314801386,0.768992923932251,11.8521170375077,-9.03582279599364,1.98284863060947,0.423453302213003
-5.00385910901776,6.89658435482173,0.510180674085658,-1.68816311328895,10.0300796884246,-7.44636534659168,7.16712852912989,-5.72540311928782,14.1088018941953,20.5978759932953
-0.707073730336727,5.1204275198279,14.2055780227247,9.89777656586819,3.86237225357135,3.77307789693037,3.19818230721444,9.12372677671213,3.96044533991633,12.437017970529
12.6013612378199,-0.785470984847096,-2.47813479725878,0.178616446076706,-10.1903533095052,-6.23526758413663,-1.25664831108217,-3.84860304502791,13.0260637942379,2.18414426299139
5.48508201216571,-12.9547857126725,4.23153234719098,-12.6406371941417,-7.71966984108235,-12.7727605259774,-3.80984379980397,-8.92275995088187,-4.75692264499857,-19.0924017716192
14.9140379851921,6.83342271606857,-8.36133785392227,-0.709294533268531,14.2414598120742,5.62895832884293,-9.29416326408268,13.4927783918814,-4.6116140188427,-2.54867358400364
13.4122042240769,6.40543130620953,6.8086731856479,-0.887905379741307,11.1222498757082,17.2987774822873,3.85498077191065,4.46533235075769,20.0662272194853,23.5874774438036
6.71765644439434,-3.10277405377452,-21.477300106828,-1.23588082334887,10.3319151079071,4.32595817167504,-8.11201315003053,-13.51152277671,-9.77053127263786,-15.5648987319794
12.8739114430097,-16.1480952578503,-7.11083911045109,-12.2957968655423,-5.269213695128,-18.1815180602681,9.10206616543538,-12.6833326174791,12.1762378875808,-14.9654701089517
-4.65995992925266,-8.25021534666807,21.2607364207785,-9.79003480313891,-9.59034484952945,6.3831646940134,7.90147126904786,-1.20519706356078,16.6591115543926,9.02285614067192
-1.65071687622514,-1.87662759937501,0.260306181004436,-21.3588988738704,-17.7740523622584,1.10949944865852,-2.57425850178231,-7.83049265106356,-8.91600789661731,5.52417161207125
-9.58585828668867,-14.1708514326814,5.30908051330498,-15.9168119761929,-11.2258085911166,-16.503734348795,3.57625496854221,-19.0358227959936,-11.4654272314595,-25.1321022533426
0.43919907565777,0.500243300867188,0.406480587356608,0.643132575108963,-0.368131087282952,0.361005707788838,-0.0777009426611137,-0.515269711694581,1.28197595640003,3.07575265459978
-3.5205386489104,6.77669737972022,-10.3042566963403,-21.1342378460132,17.5347495099838,-7.82757532893055,2.49115268448373,1.55336365920751,-17.9242383435362,0.541873030047871
0.474026568480905,0.0742583553299738,0.635592927719843,0.435843016520469,-0.835695834145763,0.728574403689771,-0.00460283334309786,-0.737276734881156,0.972313380601772,3.13161661979146
-19.3575923681925,-5.28547098484709,-14.7026103217343,-12.106867424891,17.7696240147579,-6.59021380440629,7.86265320458958,11.6163917303117,18.1161845085381,-10.1706729131042
0.751339366996975,5.9238834775765,8.02429898233179,18.675076437698,15.5147096693722,-4.65752426100392,18.0560014660413,16.9970893108618,20.3075592466656,9.57495302287367
-10.6202679894025,12.106494707943,-11.6383047561297,-4.92692718053829,-11.3551597239832,14.285557054275,24.071033021656,-15.5240908269924,10.4698066166853,0.562397796396855
2.41695714369504,2.245052033182,1.86815443862654,2.82863530568338,0.617629393621383,2.07595817167504,2.20048684996947,1.56164795499729,3.26924145463487,5.43510126802055
2.45661282206934,21.6205841614319,17.8894578101698,2.06491152462828,16.1627924216386,9.77555928650853,3.78863534604045,21.191908594894,10.770001811358,21.5127755462865
4.29165297397315,1.63989454344182,5.57891823896034,-0.483912354159319,1.62202973241035,2.86182323059876,4.96029479845963,-1.34873773341723,2.79118702609076,8.17058341339919
5.12346015100357,0.936289336925373,1.72268543275361,3.1477785892532,6.22161647551095,2.79091063556124,-1.54397463674106,8.01651373489671,-1.88291612405338,2.00412730079616
-12.5083470260269,-7.73510545655818,-17.6863878834886,-9.40283127307824,-3.9335258231452,-24.5667481979727,-14.5397052015404,-3.99579655694665,-10.8451766102729,-16.1537409109251
12.3264171207705,2.31198419155545,-5.39351941264339,20.3116010435774,6.11524487179633,2.53862808541121,-0.0208827608429321,25.7347302883054,12.2819759564,28.1398552187023
-16.6170816856346,-3.0333357737604,-4.54712958909678,-17.8733106590762,-13.8987800666982,-9.12560936738689,-11.3700854904804,-23.5666172528448,-16.4197134806071,-7.81041283078487
-6.83125718376908,2.5239942425211,-1.50073976555016,9.61024610673863,13.2157322442092,-12.2292457191584,-7.0102961252563,3.65230547627534,3.87859708238573,-5.52584660885244
7.80516648748666,-5.45687965010657,-8.98629915234401,-4.49490136514833,11.508393368774,6.38563275440829,13.4148402530051,0.365547980868481,-14.1653347130397,26.3134405562563
6.21983879760922,10.4506007278533,28.8239918178608,-2.95341546838699,-9.89003982307349,13.61774532572,7.46721400520743,-6.74477836534928,15.2506587700494,25.477380168221
16.6920610439277,-13.6858273054256,10.5012810520682,10.7559519940262,-12.0315477421225,-20.7082236465243,7.49826410171626,7.73697660789048,25.7773516145637,-1.37806505768978
16.4987555657709,2.24327887961365,-5.16887512925099,-2.27615087194401,-10.9672747815142,-9.84426167863398,11.5647248977493,-2.00577768364776,-9.12122041170251,18.1388629966031
14.035545818346,-0.0180020407477164,-13.7204801969571,6.67852147406608,9.08582364471555,1.05218217837707,-7.25627237123254,-5.92252777621071,-13.4191919424535,-11.133661026449
2.69484346769729,16.4192304822644,2.60097909091783,-30,1.48071314801386,-8.69046653552721,10.5762549685422,-9.70641103128776,-14.741289300425,-12.2473541512031
13.5821697074419,-1.7842112886323,12.2303714388455,-4.3606232998219,-5.7967338152289,8.5033635327259,4.24017514923848,3.82264361326541,17.9829961286451,17.2157096048606
11.5820562185149,1.8160327745514,-21.1935194126434,-6.68659715462076,7.89273847793444,-6.19284044605732,-13.7140645790248,9.12758743116256,3.28197595640003,5.20395778280491
-8.39577127081987,-8.99444882972575,-0.499869165806722,-3.33908305350784,-15.5860949768726,4.71519872528607,-20.794280048469,-9.52906962659392,8.68218426047334,2.31878710229809
4.16025872531521,17.1204844397211,-13.5545445403108,9.04641269540907,16.59399935313,2.26957647327677,6.31143667077714,6.06023830606063,18.6314480889368,28.4205093622975
5.18330488359336,0.613025255754406,-1.84351941264339,-8.66242298044659,-11.0824168015687,-4.60273852424808,-23.3129950603082,10.5980906121921,7.08842756930326,-0.194547679104335
0.43919907565777,0.500243300867188,0.406480587356608,0.643132575108963,-0.368131087282952,0.361005707788838,-0.0777009426611137,-0.515269711694581,1.28197595640003,3.07575265459978
25.1891990756578,4.56803991103668,20.4064805873566,11.7859897179661,23.4780227588709,22.3610057077888,6.58896572400555,11.9847302883054,8.78197595640003,23.9453178719911
3.20294329655379,-2.67121656766929,19.7798867619628,8.74884626653034,-4.47895203477057,10.134550503326,22.3174376556025,-8.79318217786168,9.29118702609075,16.8134405562563
0.474026568480905,0.0742583553299738,0.635592927719843,0.435843016520469,-0.835695834145763,0.728574403689771,-0.00460283334309786,-0.737276734881156,0.972313380601772,3.13161661979146
-17.583042856305,-5.86305607492611,-6.70327413280203,-1.78674930970123,-26.479144799927,-4.92404182832496,-7.79951315003053,-23.5403928613292,-20.9243069324619,-21.8376260047067
16.2813296133307,4.31826631889628,10.4395830100551,13.0383127250382,25.426742694114,21.263458171675,23.5134865346232,21.4429297039088,2.55667277331619,20.7542256919837
-1.03360443284685,0.477030536960829,-30,-10.9885606980743,-10.9779749579856,-21.7616319863903,-4.38313213594199,-16.427515702817,7.58829097003684,9.08146434178199
0.508854061304044,-0.351726590207244,0.86470526808308,0.228553457931975,-1.30326058100857,1.0961430995907,0.0684952759749162,-0.959283758067736,0.66265080480351,3.18748058498314
4.39471521173231,3.9898607654968,3.32982828989647,5.0141380362578,1.60338987452572,3.79091063556124,4.47867464260005,3.63856562168916,5.2565069528697,7.79444988144132
3.41054572108781,3.7871847870064,11.2106718508368,9.42917799959225,5.72113814645907,3.9004352167221,5.40975303138041,1.42383853082949,6.94165344755649,16.3988402491915
17.1022033307696,21.4002034932122,13.6161306060693,0.860965801584847,23.9915827132313,20.7689929239323,18.6021170375077,4.60054084037,24.1567616740877,18.6843228674304
