0.352009270002825,0.125651758153004,0.00543165478657125,-0.0165268732944096,-0.0114916010772523,-0.0194418895811295,-0.00707955284974197,-0.120965336824646,0.17761771596079,0.117477993310599
0.351993659256026,0.125635182668243,0.00539568675034543,-0.0165116292445753,-0.0114924258667503,-0.0194387650710753,-0.00707669252817224,-0.120981834842786,0.177610036732949,0.117487069505322
0.352043359821217,0.125661724373442,0.00541887579755041,-0.0165259756795611,-0.0114912182559815,-0.0194403721751179,-0.00705270643581961,-0.120939274585184,0.177622387962524,0.11753507292063
0.35201102969214,0.125619096491954,0.0054160250970087,-0.0165353734146964,-0.0115435507515699,-0.0194467035988485,-0.00710173917909373,-0.120990287942952,0.177603552213311,0.117481060630519
0.352042823152279,0.125668463156926,0.00542618348557807,-0.0164909018391266,-0.0114836519026424,-0.0194174200637954,-0.00704036099588546,-0.120950291951141,0.17765429907576,0.117520283106795
0.352003469615108,0.125625794692567,0.00539568073147455,-0.016528623467054,-0.0115584864192864,-0.0194527019391892,-0.00710832057235773,-0.120988409073243,0.177614166290641,0.117469111652489
0.351996899707783,0.125634319926895,0.0053586032364139,-0.0165255743578975,-0.011526235564526,-0.0194543286707319,-0.00710534618612051,-0.120983537533449,0.177614528392112,0.117478200633738
0.352047879423056,0.125671797266011,0.00544033710781945,-0.016492126334699,-0.0114947761484668,-0.0194137587784784,-0.00704688514405475,-0.120936171757053,0.177659526375607,0.117536403659446
0.35204706733885,0.125675632494041,0.00542487231953612,-0.0164980543185398,-0.0114891558025301,-0.0194225753863419,-0.00706047554953479,-0.120952505661209,0.177649185665913,0.117524917415278
0.351966675626404,0.125621482986012,0.00536487698144111,-0.0165692664309021,-0.0115669984393061,-0.0194958248229945,-0.00710083879981183,-0.121009911129349,0.177586620213312,0.117452334733059
0.352019239044821,0.125634497914022,0.00541906502829709,-0.0165152838264245,-0.0115411483845775,-0.019458221293763,-0.00707254356578911,-0.120961821947215,0.177628348518454,0.117505723235493
0.352039148846829,0.125644543428449,0.00541033431936794,-0.0165051468387162,-0.01148894290249,-0.0194317498550493,-0.00704788884119707,-0.1209725141505,0.177650932075857,0.117493419851396
0.351986652376052,0.125614950405393,0.00536931682113642,-0.016557496415593,-0.0115464749675456,-0.0194833080996463,-0.0071119158258308,-0.120997614826576,0.177597377959073,0.117465932565125
0.352022184445592,0.125655915956542,0.00542411730658088,-0.0165111871527392,-0.0115169863620114,-0.0194605969120634,-0.00707742492670809,-0.120986739105263,0.177630578848587,0.117486299137673
0.352016252034656,0.12564757177268,0.00541206733798692,-0.0165238381413351,-0.0115234829855635,-0.0194456120468375,-0.00708590912568486,-0.120972709618763,0.177633788784347,0.117494615091331
0.352009523827076,0.125653318262752,0.00540197625914563,-0.0165223574254285,-0.0115298398723755,-0.0194689193427459,-0.00706287410581178,-0.120975334484401,0.177639519378472,0.117476829032095
0.35200817443986,0.12563298710593,0.00541061721196186,-0.0165344656750797,-0.0115194572577848,-0.0194571452350604,-0.00706289025660497,-0.120982677169002,0.17763622274157,0.117477996470989
0.352017541428804,0.12562345779764,0.00538956077726235,-0.0165642147942732,-0.011527392707284,-0.0194653995375207,-0.00711899390686288,-0.120979188974228,0.177612684430678,0.117484779407408
0.351986052447765,0.125637396502837,0.00538042195701231,-0.0165518952729312,-0.0115544591683361,-0.0194558172953265,-0.00710580860332072,-0.121009605580411,0.17759893367464,0.117471248120795
0.352010629749682,0.125621399492765,0.00539004188439653,-0.0165183870122959,-0.011524446645452,-0.0194621747068622,-0.00708284356684037,-0.121017357292352,0.177604704596681,0.117479939446414
0.35197690182279,0.125605097397217,0.00536987520193253,-0.0165575915168586,-0.0115558084035675,-0.0194812590407432,-0.00712228225333705,-0.121018462386943,0.177590457925964,0.117455043111234
0.351995111655758,0.125629822000553,0.00540386127553683,-0.0165250481115285,-0.0115333563556888,-0.0194560867772592,-0.00709318139272117,-0.120984904650386,0.177624405083515,0.11748643310533
0.351985387868879,0.125616707606903,0.00538120317220931,-0.0165547023071127,-0.0115543471513411,-0.0194764762126152,-0.00711677329146247,-0.121003573784541,0.177602924618569,0.117463750925553
0.35201348726179,0.125655962485636,0.00542671820567872,-0.0165040613471884,-0.0115170590615703,-0.0194391878956618,-0.00707471581409291,-0.120970657942644,0.177647581478794,0.117498705203337
0.352012801391439,0.125661999652128,0.00541777389641256,-0.0165091320540941,-0.0114962069300572,-0.019449490141342,-0.00708882514701981,-0.120976536831364,0.177643799632697,0.117493414203489
0.35199673978092,0.125626385072478,0.00538264243965137,-0.0165512720373485,-0.0115435928125256,-0.0194690962180685,-0.00709812256042065,-0.120991624739896,0.177610047886667,0.117481067629287
0.352023730212246,0.125636733167139,0.00540969993196815,-0.0165160436013888,-0.0115106992382002,-0.0194423433534584,-0.00708548267106375,-0.120964450096833,0.177652186257519,0.117492616878268
0.352019146443392,0.125666556745124,0.00541386599437617,-0.0165062153685687,-0.011513306403784,-0.0194199672404397,-0.00706462321425005,-0.120938823628195,0.177665521493413,0.117518104190064
0.351998294207916,0.125646536990657,0.00538046939968761,-0.0165240599650244,-0.0115388837764886,-0.0194704914115735,-0.00707268380338134,-0.120966280359426,0.177632911472857,0.117495230625924
0.352012283684837,0.125656674185055,0.00540364533205233,-0.0165194306111339,-0.0115104300310839,-0.0194674221319666,-0.00710025602987037,-0.12097147381344,0.177635869982964,0.117498971567172
0.352038064565562,0.125666417811363,0.00543292522132648,-0.0165102570518961,-0.0115063499916485,-0.019405274669052,-0.00705339281066648,-0.120957817925976,0.177664810208591,0.117518272203995
0.352014497933215,0.125649759232985,0.0054275997702172,-0.0165381881153074,-0.0115069708285355,-0.0194428892772956,-0.00708436760512759,-0.120971257092017,0.177652726645832,0.117488608506631
0.352013886474117,0.125649374625199,0.00542536831080367,-0.0164944787804243,-0.0115128539550003,-0.0194241505305998,-0.00704814557188927,-0.120957588243896,0.17765777527906,0.117523086922235
0.352020532825806,0.125661194315914,0.00540231564267413,-0.016534827682164,-0.0115144521624401,-0.0194387355120568,-0.0070813771236246,-0.120960787556259,0.177641881045374,0.117512847465438
0.352003136363701,0.125634246887118,0.0053781847850265,-0.0165415421506543,-0.0115308796542856,-0.0194596541246989,-0.00711760586458287,-0.120992346554362,0.177617691013415,0.117483335263197
0.352000681324122,0.125628207345004,0.00540269883767319,-0.0165373964745159,-0.0115395094963201,-0.0194679247958749,-0.00708588062079715,-0.121010062998304,0.1776042098041,0.117493815252431
0.351969634424011,0.125626609964947,0.00538421626755318,-0.0165489335617298,-0.0115692845924244,-0.0194858286758211,-0.00712508240770095,-0.121004089774586,0.177598012631101,0.117476927090716
0.352007777263198,0.125672011110093,0.00539710366391434,-0.0165164216010426,-0.0115099650323941,-0.0194228342861461,-0.00707149332841563,-0.120969462402159,0.177658863933732,0.117498146631938
0.351989606196569,0.125610511853676,0.00538433800816062,-0.0165347774559578,-0.0115357805224933,-0.0194665805688548,-0.00710159966800104,-0.120994755978261,0.177618956735302,0.117486597313563
0.351976825483543,0.125632829660253,0.00539437876128537,-0.0165389242208014,-0.0115309632060115,-0.0194800320124746,-0.00710452729405354,-0.121016922398076,0.177614829110573,0.117467516578174
0.352002165596693,0.12564371895813,0.00539256481600586,-0.0165283690200533,-0.0115358241983159,-0.0194514122174217,-0.00708260442809557,-0.120989642818244,0.177631857788677,0.117494382709282
0.351993938273914,0.125641279677545,0.00539683106751143,-0.0165383193489922,-0.0115327314938527,-0.0194645899029213,-0.00709648492789396,-0.12098963272878,0.177627609012278,0.117491210527133
0.352008778283882,0.125646926988858,0.00538301357401117,-0.0165498377589791,-0.0115210591040581,-0.0194686382121802,-0.00710788919203848,-0.120964652267349,0.177635398807168,0.117501158374983
0.352009522139678,0.125642476308522,0.00540621749250749,-0.0165390436888687,-0.0115392963262125,-0.0194471263710358,-0.0070586696437153,-0.120959712451916,0.177654137394281,0.117504519634278
0.352012974865502,0.125667756778034,0.00540584230258113,-0.0165344542966585,-0.0114980885765386,-0.0194405938025657,-0.007059434484846,-0.120961514833396,0.17766682570304,0.117500212170218
0.352006619727084,0.125606051490451,0.00537291920155696,-0.016553358325377,-0.0115195343511667,-0.0194594080778624,-0.00712256967560192,-0.121000118577784,0.177632908421071,0.117472316239021
0.351982321945964,0.125627984686683,0.00537121598102186,-0.016554343605202,-0.0115643367207324,-0.019497650942524,-0.00711805494779572,-0.121013706312965,0.177609624223691,0.1174693128822
0.352016126298544,0.125625726116775,0.00542263753185248,-0.0165252723045792,-0.0115327302173933,-0.0194692005503795,-0.00707780597945142,-0.120987750054041,0.177627794021176,0.117522545936799
0.352045542872635,0.125673692618248,0.00540939425635344,-0.0164985990832091,-0.0115025162333801,-0.0194246643771891,-0.0070678617075744,-0.120962259655535,0.177666392316377,0.117533207710186
0.352028878220295,0.125629108455363,0.00539556694353672,-0.0165120682195575,-0.0115058230269876,-0.0194450609362664,-0.00705939716747781,-0.120974732302226,0.177654743920977,0.117520923377097
