0.352031679614137,0.125672978636071,0.00540214500616207,-0.0165248139881758,-0.0114990740491782,-0.0194449134312487,-0.00706040919118811,-0.120937592355804,0.177601034807391,0.117484832559212
0.351999064287489,0.12565495239395,0.00539560179115972,-0.0165250074914968,-0.0115125730890219,-0.0194802909606805,-0.0070746137962557,-0.120974702012083,0.177585104504165,0.117470062344666
0.352043878613713,0.125690911444698,0.00545225306769,-0.0165047807948038,-0.0114841063996922,-0.0194068026236289,-0.00705097335914181,-0.120931120370125,0.177638471581454,0.117508080373458
0.351980141005765,0.125619153997677,0.00538475574136276,-0.0165246414076956,-0.0114932455035906,-0.0194458030220548,-0.00709103914916741,-0.121003596859609,0.177589920177078,0.11745669848754
0.352009270002825,0.125651758153004,0.00543165478657125,-0.0165268732944096,-0.0114916010772523,-0.0194418895811295,-0.00707955284974197,-0.120965336824646,0.17761771596079,0.117477993310599
0.352057115701753,0.125687542052955,0.00545606608179307,-0.0164956236972531,-0.0114606088768846,-0.0194103300883915,-0.00703532885304854,-0.120921504915182,0.17765085275139,0.117537333905347
0.352057115701753,0.125687542052955,0.00545606608179307,-0.0164956236972531,-0.0114606088768846,-0.0194103300883915,-0.00703532885304854,-0.120921504915182,0.17765085275139,0.117537333905347
0.351998854128957,0.12561419395831,0.00539536966480014,-0.0165277381906294,-0.0115253582945868,-0.0194581223109476,-0.00710163655615849,-0.120987933498742,0.177594284835872,0.117466190948269
0.351963938865051,0.125639450912348,0.00541284125771876,-0.0165507937420199,-0.0115215471785507,-0.0194907158270333,-0.0070745252475447,-0.120970400830082,0.177597851309702,0.117473946740387
0.352016063122962,0.12564658860602,0.00538911310913628,-0.0165140949828471,-0.01149451404533,-0.019440514277713,-0.00710861213603819,-0.120984206970487,0.177616233263879,0.11746140577791
0.352026314912021,0.125656741263223,0.00542526529206083,-0.0165264244869853,-0.0114914096666169,-0.0194411308781237,-0.00706612964278079,-0.120952305704915,0.177620051961657,0.117506533115614
0.351996850453775,0.125631749428905,0.0054187002367202,-0.0165421580075913,-0.0115187601320248,-0.0194813447323799,-0.00710914739218226,-0.120985299436566,0.177602375788392,0.117455904425266
0.351979280587212,0.125644432736896,0.00540948200149362,-0.0165348822898298,-0.0115330244949648,-0.019472858242786,-0.00709174733759838,-0.12098573604939,0.177604233711093,0.117458588466511
0.351995514122289,0.125625940473491,0.00539446450232858,-0.0165572252767176,-0.0115222104563491,-0.019471931667856,-0.00709693043251304,-0.120983106494647,0.177589251171925,0.117475732325882
0.35204425287195,0.125633029544143,0.00540146468181318,-0.016515257304107,-0.0114940860885167,-0.0194334306806906,-0.00709002416847991,-0.120940680890725,0.177616785211231,0.117524200235266
0.352024902754313,0.125657652055342,0.0054461074792228,-0.0164942837440502,-0.0114760604791091,-0.0194267947491302,-0.0070582043885473,-0.120966797951565,0.17763816590695,0.117495852791126
0.352037170598699,0.125669577212518,0.00544446854875515,-0.0164969475909996,-0.0114942429585371,-0.0194164949704271,-0.0070631359213176,-0.120946072159212,0.177646741915448,0.117504353271276
0.352018527781121,0.125677913588237,0.00542581436969663,-0.0164949020819527,-0.0114887705386993,-0.0194324895227791,-0.00706063545329153,-0.120944273457789,0.177653266066163,0.117490837222
0.352026777770483,0.1256717864437,0.0053962290396973,-0.0165203570090617,-0.0115089183208891,-0.0194300793953558,-0.00706963411812958,-0.120950883633958,0.177626389106362,0.11750205314196
0.352006974881259,0.125650779820049,0.00541391763268579,-0.0165440249382609,-0.0115222104563491,-0.019471931667856,-0.00708798826775207,-0.120971086674264,0.177593199991121,0.117499932946386
0.352045055313555,0.125673928823245,0.00545616069716642,-0.0164902777706848,-0.0114855739411826,-0.019419254647714,-0.00704524741803329,-0.120932778596198,0.177653833029354,0.117522659062778
0.351998521310715,0.125665122128564,0.00542176584781104,-0.0165240662812868,-0.011503790244546,-0.0194661267297375,-0.00708274280741695,-0.120950526199914,0.177640132092531,0.117471118615336
0.35197934905775,0.125604626532747,0.00539303915205772,-0.0165619241442852,-0.0115483767041433,-0.0194750973797213,-0.0071214468041501,-0.121008613173531,0.177579833297318,0.117448726180827
0.352012457759202,0.125645038461569,0.00542289149600941,-0.0165144104068195,-0.0114947090300865,-0.0194321877484313,-0.00706216650072766,-0.120948597835247,0.177642236065093,0.117492993484371
0.352026456147929,0.125641131172429,0.00545177554177969,-0.0165188030386601,-0.0115150091819334,-0.0194382703485197,-0.00708679591570132,-0.12096782293848,0.177614834194741,0.117505927647472
0.352006369808966,0.125638776422786,0.0054136677590229,-0.0165277483807318,-0.0115250437482693,-0.0194472957601594,-0.00709393671104985,-0.120976872948944,0.177615941125715,0.117473552481544
0.352028168670838,0.125663695323522,0.00542826355305368,-0.0165124638064747,-0.0114903784398912,-0.0194322324837357,-0.00707001419963838,-0.120958921242927,0.177633450813352,0.117501455362938
0.352024041682405,0.125654673076209,0.0054360391967993,-0.016523803445375,-0.0115069510426675,-0.0194553599382998,-0.00708639719910223,-0.120974721691889,0.177618168427858,0.117488557248243
0.352032991619024,0.125671590866511,0.00544855882078628,-0.0164951599132368,-0.0114816779267383,-0.0194181873894621,-0.00705556633149932,-0.120944319947784,0.177651861311885,0.117513013997697
0.351975569019234,0.125607975633054,0.00538286696929065,-0.0165585491704641,-0.0115558445380016,-0.0194780965498916,-0.0071247375007821,-0.121007673738676,0.177585140335983,0.117442751691812
0.352028842861074,0.125640319243485,0.00540456890781966,-0.0165443145657874,-0.0115109646010007,-0.0194677493141575,-0.00706934480254462,-0.12098709733246,0.177618569135799,0.117461794475416
0.352013405715814,0.125637607975322,0.0054106077819168,-0.0165455440443414,-0.0115094968922681,-0.0194536445593251,-0.00709927337830243,-0.120972262899437,0.177615200195734,0.117481386359004
0.351978596125218,0.125621737418146,0.00538601473312619,-0.0165554161496513,-0.0115415212645461,-0.01948620525167,-0.00710201426750913,-0.121001136444256,0.177597816879899,0.117446610381615
0.352028237845157,0.125655996712064,0.00542111526539464,-0.0165194217377556,-0.0115006903399873,-0.0194410318619486,-0.00705539214121821,-0.120972096564916,0.177631390106491,0.117493239915212
0.352020275045328,0.125671708590548,0.00541488249617681,-0.0165174853661931,-0.0115093129234798,-0.0194395974121817,-0.00707815147248678,-0.120940375926322,0.177662442249523,0.117476005047876
0.352005752723106,0.125640502505695,0.00540157000147574,-0.0165106886751427,-0.0115024793728657,-0.0194411622926054,-0.00707885236974713,-0.120991581028282,0.17762233978507,0.117476744052461
0.352028055335632,0.12567112640653,0.00542166755362469,-0.016518874065309,-0.0114988154977586,-0.019428783193173,-0.00708728309599917,-0.120938537886575,0.177643984110332,0.117511848555234
0.351996671365506,0.125642864291624,0.00541614905762989,-0.0165082581258197,-0.0115024819159941,-0.0194543606275737,-0.00707602366123699,-0.12096633873182,0.177635418972542,0.117487249433672
0.351999438099697,0.12563113500334,0.00540799639736594,-0.0165308253751837,-0.0115136907998728,-0.0194542350749922,-0.00709057625887151,-0.120980046401453,0.177618336348046,0.117482295312081
0.351993047743184,0.125642293906629,0.00541301677392831,-0.0165328987576055,-0.0115112821416319,-0.0194609607968021,-0.00709204007189776,-0.120991129611361,0.177616272535681,0.117472754944387
0.352007695528351,0.125613383650896,0.00540744675938555,-0.0165375141046852,-0.0115081505113255,-0.0194741580398807,-0.00707306960055741,-0.120994540856645,0.177610028916828,0.117476528186521
0.352029238572212,0.125626472137913,0.00541712398011903,-0.0165083929640535,-0.0115054128791466,-0.0194535490011339,-0.0070708041263615,-0.1210010760795,0.177612734140896,0.117489023880726
0.351992304566211,0.125640843898862,0.00540366908027391,-0.0165410491912235,-0.0115417784295877,-0.0194591203681388,-0.00711732135831714,-0.120990358776566,0.177606822340167,0.117471290900591
0.352000189072361,0.12563239894297,0.00540738312940104,-0.0165281660348212,-0.0115238677530017,-0.0194652768185247,-0.00711697180047997,-0.12097400546263,0.177620308595091,0.117478215508975
0.352019978453852,0.125675767035246,0.00543680406899999,-0.0164825535772267,-0.0114991474371531,-0.0194273162059142,-0.00703584849287722,-0.12095740979878,0.177659922188532,0.117503218445959
0.352015225861155,0.125625270204068,0.00539611699203201,-0.0165453670692765,-0.0115044877389783,-0.0194526867915879,-0.00708782581134693,-0.120992479032662,0.177626152380231,0.117467039435705
0.352018355115571,0.125635456558426,0.00539798819392907,-0.0165268028998896,-0.0115045065831972,-0.0194370729736321,-0.00709142251718165,-0.120973008226145,0.177649570067708,0.11747087567415
0.352016860419567,0.125666462845649,0.00544914672330633,-0.0165236087363159,-0.0114989653088661,-0.0194515707703052,-0.00706019894075735,-0.120975311407754,0.177639866540834,0.117504376395663
0.352010339949589,0.125630385304692,0.0053919299555196,-0.0165259502297352,-0.011518982193887,-0.0194699365354392,-0.00711266321418336,-0.120986537258929,0.177634951109155,0.117472559940062
0.352018169230555,0.12567950437955,0.00540620611085755,-0.0165282427120349,-0.0115054111436314,-0.0194721437824862,-0.00706180512712006,-0.120994470406373,0.177626173772434,0.117509404923049
