0.43919907565777,0.500243300867188,0.406480587356608,0.643132575108963,-0.368131087282952,0.361005707788838,-0.0777009426611137,-0.515269711694581,1.28197595640003,3.07575265459978
0.474026568480905,0.0742583553299738,0.635592927719843,0.435843016520469,-0.835695834145763,0.728574403689771,-0.00460283334309786,-0.737276734881156,0.972313380601772,3.13161661979146
1.36946398807213,4.65530358558068,-3.08377569456026,2.74395260518399,3.87240152282029,0.83814839916082,1.51958346069845,1.12860729274422,5.61934398953422,9.41194183152422
1.36946398807213,4.65530358558068,-3.08377569456025,2.74395260518399,3.87240152282029,0.83814839916082,1.51958346069845,1.12860729274422,5.61934398953422,9.41194183152422
2.96214054391174,-6.22727120590264,2.31900646727379,-5.99875230951639,-4.04390046418265,-6.20587740909428,-1.94377237123254,-4.71901483128823,-1.73747334429927,-8.00832455850969
7.23737244700187,0.241120630059736,-6.65699980480025,3.66082702458752,4.3588462787163,0.706593943082956,-3.66698665694683,-3.21889874395264,-6.06860799302673,-4.02895418592463
6.65655525933375,-7.82392597849154,-3.35217926154724,-5.82633214521668,-2.81867239120548,-8.91025617623961,4.51218261138713,-6.59930116458683,6.7291069219904,-5.94485872717596
-0.605758900283686,-0.688192149253911,0.333393384180523,-10.3578831493807,-9.0710917247707,0.735252578223678,-1.32597972222171,-4.17288118137907,-3.81701597010863,4.29996213333552
-1.00195289814648,5.71652244946167,11.9423826874719,2.50397220313469,11.107171274838,-2.2827957594619,10.2390678966281,1.21402906536813,7.85899049258819,13.2952137434429
-1.92620431520198,13.9293064588114,4.66113966855525,3.52866105952577,-13.7767157061013,-13.8994080416287,5.43201051538704,10.739618772596,4.93763096650776,20.2512468517335
-8.75381439669984,6.05473235918784,6.7061452935178,4.03353779864401,-18.3671806932735,-3.06744266506377,0.263383982253554,6.86000918406944,14.1535089025901,3.36747550231947
-3.37886609028839,-19.3407451901183,-4.88946820129414,4.92582903305232,3.70577639165081,7.8710554691437,-4.78210720401894,-7.53617000389291,-18.9897665442328,8.31498917329173
-9.60785957585852,-6.22617812554816,-14.9714530259809,-8.64401810202945,22.1221449929646,6.07888214828323,11.455291242557,0.417288678267731,-1.68935897271556,1.94903088678888
-16.8448217262136,-17.2677733374962,-10.8257111784312,-1.3469564857251,-0.53936318306206,-3.10922002189181,-9.24964730853232,-6.37139270725578,-19.6438139052026,-17.5111350915527
14.9800601711569,-5.92293807085249,13.9745175949767,-3.68345609161577,-1.51218111221891,11.4526843104636,19.7311768592886,19.1636900573484,0.703248157912059,4.95650136733282
0.43919907565777,0.500243300867188,0.406480587356608,0.643132575108963,-0.368131087282952,0.361005707788838,-0.0777009426611137,-0.515269711694581,1.28197595640003,3.07575265459978
22.7832994987056,-16.6391408106711,-2.10890402802801,3.60867994065633,11.0368221983791,4.47179491857805,3.05785100539084,0.589528268103402,-9.30781996196731,30
2.29972890048649,8.81036387029416,-6.57403197647712,4.84477263525902,8.11293413292354,1.3152910905328,3.11686786405801,2.77248429718303,9.95671202266842,15.7481310084487
21.5397588188443,15.7189311643656,-4.92475990670853,-6.82923912196086,-18.0514883557288,-6.88107845740672,19.2436404118986,4.54489946237242,6.06820999044043,-22.4007410801171
-4.25645309825527,10.0240528246767,-7.65066226978625,-11.3898344578581,-16.0824168015687,11.4243541240784,17.2240893386688,-22.3432267009419,17.4183395927637,10.5757526545998
-4.84901618142551,2.04536478353481,10.2070396969784,-8.13903419841515,5.73071314801386,0.768992923932251,11.8521170375077,-9.03582279599364,1.98284863060947,0.423453302213003
4.32485179845986,16.7334537635534,16.2223584259592,1.06233031285509,19.9633186165578,20.7789884927816,2.4579249652474,-9.67252242963809,16.1811312378965,3.48632844849282
-2.34826408261407,4.39134861045316,12.6780102645884,-4.45108669766142,-0.41250396029873,-7.42686979988288,-0.925140676620081,-8.65225130910822,26.964163628855,-8.85518794491237
-5.00385910901776,6.89658435482173,0.510180674085658,-1.68816311328895,10.0300796884246,-7.44636534659168,7.16712852912989,-5.72540311928782,14.1088018941953,20.5978759932953
-2.24097023328498,-17.3907924034807,-25.8415322087153,3.97503855663645,5.52734655576662,2.34348193973194,12.300127279673,9.94312549492813,3.09338467954342,-9.84846914258594
-0.707073730336727,5.1204275198279,14.2055780227247,9.89777656586819,3.86237225357135,3.77307789693037,3.19818230721444,9.12372677671213,3.96044533991633,12.437017970529
20.0697308672492,4.31826631889628,15.6895830100551,23.0159629817582,-15.8477671098076,1.87768230960608,-9.45123734574992,-0.0955318345527818,12.4054122691145,4.09512392418627
0.143558122776597,-17.4011247303889,-5.36815983349486,-5.00961431376774,-8.76933599948885,-11.1817175028513,-26.1445327983103,1.20788465899099,-11.3424321687525,-1.70573589955685
12.6013612378199,-0.785470984847096,-2.47813479725878,0.178616446076706,-10.1903533095052,-6.23526758413663,-1.25664831108217,-3.84860304502791,13.0260637942379,2.18414426299139
6.11542602481546,13.6507140834448,14.53116095162,15.0796101104748,9.3769493225637,17.2635883822373,9.94129692789926,3.5456082177426,26.7424638441866,25.9803108911423
-19.2019645833564,-22.7360007622454,-20.2266328374174,-10.8924110311796,-5.77045562003685,-5.82851826750585,-16.4804165393016,-1.70158138650106,-1.1153498880168,-19.3880581684758
6.40573094909689,15.3168797487087,3.32191165731904,-5.78954482355663,28.6208071593977,2.97812672898796,11.1188422303319,4.36284383903515,9.31685495589449,18.9856278231269
5.48508201216571,-12.9547857126725,4.23153234719098,-12.6406371941417,-7.71966984108235,-12.7727605259774,-3.80984379980397,-8.92275995088187,-4.75692264499857,-19.0924017716192
24.677294313753,10.7488716284429,-0.355057874181851,21.5175554434267,12.3598646709355,1.39442745845197,-10.8958827608429,20.1425224960976,-1.71802404359997,15.9535807088984
1.11411853042495,-12.1226406757426,-23.5426460245872,-11.3844323304311,-4.41468698895573,-23.5764465531127,-16.1145035319433,-10.8796667125382,-4.01776020769192,-28.8793176075591
18.1847075497421,9.82360427568986,18.0343601452479,23.4459894208197,-0.0235415610267644,9.30183215961149,23.1198683564707,4.65611888280808,9.19962496950626,15.8269495466045
14.9140379851921,6.83342271606857,-8.36133785392227,-0.709294533268531,14.2414598120742,5.62895832884293,-9.29416326408268,13.4927783918814,-4.6116140188427,-2.54867358400364
22.4566128220693,25.9236144644622,3.71252611924035,22.1019877958147,12.9464736360598,12.211456722406,8.95884811199789,6.61510608705696,3.5271446685009,7.94239431461498
13.4122042240769,6.40543130620953,6.8086731856479,-0.887905379741307,11.1222498757082,17.2987774822873,3.85498077191065,4.46533235075769,20.0662272194853,23.5874774438036
6.71765644439434,-3.10277405377452,-21.477300106828,-1.23588082334887,10.3319151079071,4.32595817167504,-8.11201315003053,-13.51152277671,-9.77053127263786,-15.5648987319794
12.8739114430097,-16.1480952578503,-7.11083911045109,-12.2957968655423,-5.269213695128,-18.1815180602681,9.10206616543538,-12.6833326174791,12.1762378875808,-14.9654701089517
-4.65995992925266,-8.25021534666807,21.2607364207785,-9.79003480313891,-9.59034484952945,6.3831646940134,7.90147126904786,-1.20519706356078,16.6591115543926,9.02285614067192
-4.12687668317804,2.87350359971721,8.45824140141809,-30,17.0678651959064,-18.7043272816133,-1.0621816921139,-12.0523815976721,2.00744023500336,-1.75814585604914
-20.5058264190874,15.8955166898936,-21.4863088606348,24.1569652176095,-21.3467148666819,-1.00374028249028,-10.6052737130125,-11.8765707823102,-3.32543899230444,-8.89221487054219
-1.65071687622514,-1.87662759937501,0.260306181004436,-21.3588988738704,-17.7740523622584,1.10949944865852,-2.57425850178231,-7.83049265106356,-8.91600789661731,5.52417161207125
-9.60575890028369,-16.2054335285643,-2.79160661581948,-23.0501908416884,-19.9801826338616,-1.20023129274406,-27.0402654365074,-7.85709170769486,-9.06701597010863,-11.582390807841
-9.58585828668867,-14.1708514326814,5.30908051330498,-15.9168119761929,-11.2258085911166,-16.503734348795,3.57625496854221,-19.0358227959936,-11.4654272314595,-25.1321022533426
0.43919907565777,0.500243300867188,0.406480587356608,0.643132575108963,-0.368131087282952,0.361005707788838,-0.0777009426611137,-0.515269711694581,1.28197595640003,3.07575265459978
-3.5205386489104,6.77669737972022,-10.3042566963403,-21.1342378460132,17.5347495099838,-7.82757532893055,2.49115268448373,1.55336365920751,-17.9242383435362,0.541873030047871
0.474026568480905,0.0742583553299738,0.635592927719843,0.435843016520469,-0.835695834145763,0.728574403689771,-0.00460283334309786,-0.737276734881156,0.972313380601772,3.13161661979146
