0.352086219980176,0.125716993046548,0.00546707401547721,-0.0164485909045902,-0.0114092377088524,-0.0194478138481545,-0.00706153366189609,-0.120814657874732,0.177470606369014,0.117389906596128
0.352079743416723,0.125677632010732,0.005468537430656,-0.0164927335022072,-0.0114377647096521,-0.0194364211327237,-0.00704172938514915,-0.120804397733568,0.177463608726642,0.117398804367231
0.352070191307087,0.125676529582225,0.00549084890680671,-0.0164889377426605,-0.0114129445606709,-0.0194226143666221,-0.00708658257285634,-0.120827689516088,0.17748041195662,0.117382572329974
0.352081676428226,0.125646440179252,0.00544007196325394,-0.0164834217806164,-0.0114226733151875,-0.0194636887432983,-0.00707493423339734,-0.120852568503219,0.17744764618036,0.117380859949157
0.352098666146251,0.125717789053795,0.00548868979639714,-0.0164513128589693,-0.0113944096503253,-0.0193944140410354,-0.00703871204244065,-0.120792513271958,0.177510015316628,0.117424156919385
0.352071150473182,0.12567913958995,0.00545391421629386,-0.0165102016234744,-0.011418886154579,-0.0194485218759266,-0.00707624070695888,-0.120823853669303,0.177462159909285,0.117396919366566
0.352057955236805,0.125707702554309,0.00544210364295569,-0.0164841254851068,-0.011409249472505,-0.0194374073165204,-0.00707981651011813,-0.120837997068025,0.177482620394443,0.117364604905519
0.352041813599007,0.125665510974657,0.00546714181969407,-0.0165004107818774,-0.0114436150364712,-0.0194382118324217,-0.00707768463990032,-0.120832472208038,0.177457180220336,0.117398735945848
0.352055662025354,0.125692305849263,0.00545182340110368,-0.0164735853873044,-0.0114095056139397,-0.0194456425506739,-0.00708682949580924,-0.120835865431406,0.177459165483746,0.117404927872315
0.352080488985275,0.125688511001212,0.00546083014022664,-0.0164864329718351,-0.0113931446904327,-0.0194527214827237,-0.00707815888801504,-0.120824288785583,0.177483097044486,0.117386937648665
0.352073900125966,0.125703376939512,0.00547710176643857,-0.0164711786986789,-0.0114045236346179,-0.0194233870685454,-0.00706317229194178,-0.12081891825863,0.177487102854761,0.117410881465963
0.352087130968226,0.125686338924778,0.0054625882806069,-0.0164785696115555,-0.0113958657492427,-0.0194402472082983,-0.00707217449589734,-0.120804977641719,0.177505929821136,0.117387629173157
0.352063547903626,0.125694248022309,0.00544393480995569,-0.0164897105859047,-0.011424315770436,-0.0194385837859321,-0.00708566650426814,-0.120830674440213,0.177471350840496,0.117391000712456
0.35206441400659,0.125700417529665,0.00545859766059066,-0.0164671665016522,-0.0114298715713851,-0.0194019368993662,-0.00707632229894804,-0.120820970690309,0.177506397749186,0.117376656966884
0.352072412185206,0.125685465746133,0.0054443497926947,-0.0164847423945143,-0.0114222331348598,-0.0194429014306138,-0.00708362893493983,-0.120825081250372,0.177471592620777,0.117401048925979
0.35209535344896,0.125685717832139,0.00545347054167491,-0.016483001701622,-0.0113950728405793,-0.0194125420357237,-0.00709299257606383,-0.120817786609068,0.177492279554414,0.117400169071748
0.352071729713626,0.125702819442309,0.00547310144745572,-0.0164806408275326,-0.0114224008787339,-0.0194349837895321,-0.00707589907217511,-0.120800674470213,0.177490100821746,0.117415000688456
0.352060424624834,0.125731236948082,0.00546784324547721,-0.0164711047403954,-0.0114174054025481,-0.0194630411056545,-0.0070740827893961,-0.120825775375135,0.177490187848352,0.117381943549904
0.352110789290731,0.125723673230669,0.00548810245763517,-0.0164383757808493,-0.0113967940639277,-0.0194027980784635,-0.00702809545969968,-0.120803602453148,0.177511190561724,0.11743150298001
0.352043900155966,0.125673376969512,0.00544710179643854,-0.0165011786686789,-0.0114345236046179,-0.0194533870385454,-0.00709317226194181,-0.12084891822863,0.177457102884761,0.117380881495963
0.352079257263466,0.125709898672121,0.00550410173943859,-0.0164411787286788,-0.0113961236430179,-0.0194139585065454,-0.00705745801194177,-0.12080391827363,0.177498641304761,0.117440881435963
0.35204752791372,0.125667273596463,0.00542249396289485,-0.0164859648975656,-0.0114427899774501,-0.0194428154167619,-0.00708967669671757,-0.12084115047851,0.177475107260119,0.117367623498406
0.352090369517715,0.125678621895386,0.00546856899570732,-0.0164678871773716,-0.0114134661431153,-0.0194531721725921,-0.00706626226690197,-0.120821588090022,0.177473939950437,0.117421068439618
0.352045641414559,0.125687371672252,0.00544875106301012,-0.0164953311841629,-0.0114403199500002,-0.0194653789206195,-0.00707690237889125,-0.120842119762115,0.17746796995913,0.117377396848368
0.35207894602056,0.125704513298615,0.00546851481232371,-0.0164607309794294,-0.0114103369160698,-0.0194218449043513,-0.00705150124677782,-0.120815743330838,0.177493533980361,0.117417675829554
0.35207051056947,0.125665402784964,0.00544166142292788,-0.0165054701527602,-0.0114328250639429,-0.0194506463292693,-0.00706130934714448,-0.120829974350485,0.177473769994339,0.117391116367263
0.352064324613879,0.125702058118358,0.00547263366799097,-0.0164718208343719,-0.0113981075917415,-0.0194363403812182,-0.00706806076879264,-0.120829313477004,0.177487889979945,0.117403210403619
0.352062002319297,0.125673389345204,0.00544755934262076,-0.0164916788344204,-0.0114313290520376,-0.019449270736706,-0.00707529235782857,-0.120840497951263,0.177472540931887,0.117385382127943
0.352062002319297,0.125673389345204,0.00544755934262076,-0.0164916788344204,-0.0114313290520376,-0.019449270736706,-0.00707529235782857,-0.120840497951263,0.177472540931887,0.117385382127943
0.35205629455179,0.125644506544886,0.00542153332845728,-0.0164924784989342,-0.0114563315973259,-0.0194807857813421,-0.007096021852527,-0.120843905140876,0.177447948597118,0.117390532755868
0.352070268486587,0.12569586703651,0.00545291783898279,-0.0164610043922445,-0.0114159225472957,-0.019435914938464,-0.00705968746175407,-0.120819518638991,0.177491794703762,0.11741030867503
0.352056847891745,0.12568172145324,0.00544034904355379,-0.0165011606073379,-0.0114397295036752,-0.0194759623728045,-0.00708700213126192,-0.120860301986716,0.177452174876083,0.117380234563301
0.352057626325136,0.125678214563014,0.00543557342246034,-0.0165165558554012,-0.011423165198538,-0.0194499047097719,-0.00709905085420851,-0.120840111334893,0.177473286668225,0.117379451774742
0.352082625903409,0.125699543557552,0.00547496211040606,-0.0164632494416078,-0.0113962557233374,-0.0194323499566342,-0.00706969896043416,-0.120825777915128,0.177502874602547,0.117403279143922
0.35209460395155,0.125699666099327,0.0054494399435538,-0.0164489867464683,-0.0114215152361752,-0.0194252207967518,-0.00705318348376189,-0.120813596347803,0.177509299818958,0.117408069849557
0.35208430334731,0.125677121896886,0.00545283118183053,-0.0164931996520592,-0.0114008157798259,-0.0194445819004953,-0.00709327557980961,-0.120854683295022,0.177469746703662,0.117395380167434
0.35206161242169,0.125666470272309,0.00541460150595566,-0.0165170789795889,-0.0114493157454361,-0.0194597201284322,-0.00709129149864314,-0.120852007752213,0.177467150844696,0.117367667402456
0.352082425599122,0.125709662910516,0.0054767140759664,-0.0164575086380717,-0.0114189763827569,-0.0194436296674978,-0.00707372990006728,-0.120818367549063,0.177507819957083,0.11740154161151
0.352045277245205,0.125715676572309,0.00545201829333331,-0.0164912534415047,-0.011424225680436,-0.0194178738923214,-0.00708953013676814,-0.120842455804949,0.177494475817371,0.117380527508644
0.352066247872226,0.125657286322252,0.00543465180060687,-0.0164907602348164,-0.0114510276374007,-0.019469445040063,-0.00709774589889736,-0.120836421460543,0.17747491888036,0.117385659944357
0.352109699841105,0.125728061733202,0.00550617399833095,-0.016432856493215,-0.0113688000599693,-0.0194037141233565,-0.00703212468564344,-0.120797619909212,0.177531030013141,0.117449908005187
0.352054583626876,0.12569204305557,0.00542058189213214,-0.0164710994934047,-0.0114294447975651,-0.0194507376199322,-0.00709706434233267,-0.120841474429413,0.17748788439928,0.117379799424956
0.352074472160997,0.125695438444538,0.00547640155322666,-0.0164894329688351,-0.0113988202107815,-0.0194192013697237,-0.00706367309448485,-0.120826897711068,0.177496904419842,0.117418854767348
0.352071729713626,0.125697676590309,0.00544851107656587,-0.0164737731018422,-0.011409871340436,-0.0194297602653439,-0.00706449005485635,-0.120824358657055,0.177493315104246,0.117419379062456
0.352072907219157,0.125699221538262,0.00547747122419719,-0.0164639968876789,-0.0114070236321179,-0.0194149211679204,-0.00706572910756678,-0.120814530345689,0.177500493645968,0.117436266055963
0.352090197951723,0.125716356537764,0.00545640157322664,-0.0164821915967662,-0.0114131059107815,-0.0194242555518616,-0.00704968814606379,-0.120826897711068,0.177503968049142,0.117409944061973
0.352108519021293,0.125710998990688,0.00546719422844972,-0.0164603430753382,-0.0114066693097957,-0.019435105415464,-0.00706363482622776,-0.120817737852595,0.177503698100949,0.117435103923241
0.352090070933117,0.125690019915275,0.00547994132662095,-0.016486963574261,-0.0114059224343702,-0.0194507518120573,-0.00704622748745617,-0.120835702279902,0.177493053808138,0.117423141482441
0.352075661800443,0.12568184422867,0.00544310188769476,-0.0164846238951999,-0.011429692880158,-0.0194618336234079,-0.0070847503612759,-0.120852522159637,0.177474964279842,0.117407577411579
0.352081213742943,0.12572287449067,0.00546294493672703,-0.0164479393164999,-0.0114254700104806,-0.01944429740906,-0.00707962956807736,-0.120841633281637,0.177501564253242,0.117408202410954
