0.43919907565777,0.500243300867188,0.406480587356608,0.643132575108963,-0.368131087282952,0.361005707788838,-0.0777009426611137,-0.515269711694581,1.28197595640003,3.07575265459978
0.452972983403954,0.796662946052652,-0.1071898294819,0.699918615845747,-0.887379763624788,0.669209814926178,0.12312429988756,0.290130301715079,1.78311843719429,3.64790581488788
0.452972983403954,0.796662946052652,-0.1071898294819,0.699918615845747,-0.887379763624788,0.669209814926178,0.12312429988756,0.290130301715079,1.78311843719429,3.64790581488788
0.23773468833812,-0.407338152766897,-0.161505666949726,-0.17988919302104,-1.14147590766725,-0.584807560750403,-0.78892305034969,-1.19109991219583,0.781575819126952,2.41153337607129
0.159622266324424,0.00765067252839757,-0.513969490498849,0.261578463887827,-1.26402759789974,-0.802690274279888,-0.159361575818654,0.12785118162853,0.00936991531805786,2.46751840568691
-1.04379733888119,-0.30894188189529,0.908874287734893,0.491540501563843,-0.802116206053817,-0.607561297395318,-1.0112224407301,-0.757499751075026,0.387895977200006,2.18429289576154
-0.69983821416594,1.43445307909395,0.253385109320735,0.273075746705648,-0.493794103209661,-1.47730224320533,-0.888753091700126,-0.980071379703073,1.92048799328208,2.96417667208735
0.970928632312562,-0.466185489012118,-1.71708377266639,0.379829107511196,-0.817234944610031,-0.760150392358551,-0.214681767431889,-0.365757612615258,0.856873194769884,3.54319895479174
2.24004653328489,0.771185282614255,1.5829511755919,0.892384818379152,-1.01806099680251,0.0264250342251131,0.512492761939371,0.363344445832837,0.657732614995676,4.05032892578622
1.12983387189601,-1.69487046094733,-0.778617863725199,-0.45260711282827,-1.793663522257,0.64063616507598,-0.446829491678309,-0.479010460354021,-0.888669611746995,2.86268169399413
-0.269467719234108,-0.0749440751222152,-0.0380874449381055,0.124588500867096,-1.90284207684287,-1.03191279743203,-1.42159330700318,-1.25090748653699,1.75747477989282,2.33781598469182
-0.922807481629447,-0.685066457464213,-0.624653731184223,-0.63386179007622,-1.24387444861312,-1.05590569324006,-0.960930155868337,-2.01163202359718,0.241296082117958,1.63221194659646
0.171869685357626,1.53256131560594,1.2312051107018,1.78465109073768,1.72329229820059,0.912212476743397,0.520324543096717,2.12504102648805,-0.0352356991842648,3.55176889435606
-0.322673006492258,-0.715735244823184,-0.131272605845455,-1.2872506352086,-0.734248507321905,-1.38903457866648,-0.599847082455133,-1.91376153730046,-1.26261099713181,2.46099870598566
0.106402938306925,-0.429389155853103,-0.696942664460346,-1.21004687779179,-0.864740738249143,0.582654987023703,-1.25833571011303,-2.02780112323462,-0.321869240505462,2.8014284884265
0.592301849160564,2.70473411632414,1.99342473071629,1.1797554611269,1.58259129584923,2.36399205571609,1.17981393449402,1.15269698187885,1.34071936266599,3.1789445362689
-0.268508858796033,1.13144913558528,1.43062984306913,0.511491710635473,-0.783201074539239,-0.398064889356451,-2.32972011342341,-1.51525690043,0.700589416452253,1.68769235086871
-1.32374486448916,0.332081819344443,-0.91610718419234,0.267344780275234,-0.611765106062747,-1.14693637075238,-1.75221317078657,-2.4740851395551,1.32234795690884,1.00884686432457
0.278467340363229,1.74014528433579,1.1904308221156,-0.938436949268257,-2.30598222553253,-0.721855422518868,-1.75554520225946,-0.839510673188849,1.05196201479822,2.61126571679244
1.32350261048019,2.09973931997716,0.573723454198849,-0.564573407081286,-0.244874500927491,0.2528085772004,-1.21651712520032,-2.43457628992501,2.8169222361749,1.57552884139712
1.90515413077804,2.78042356610817,0.38875977346261,2.41050684309379,1.88268254711822,0.138277907178086,0.574753004447961,1.10301845804473,2.16972525157167,4.33605810915874
-0.159325878213973,-2.04685861576814,-0.198893503440255,-0.114700144781144,0.160057158915498,-0.43154394733533,-2.39617027419539,-1.38480451268009,-0.886921559941748,1.24374487554417
-0.720429884914168,-0.956697661779025,-2.04863821160825,-1.14111002237751,-2.36550353185498,-0.295138519381244,-0.936197734010745,-1.13359851184424,-0.34919430200746,1.95299056065059
1.33113437363387,2.28186219954369,2.77524517744739,2.6723852872569,1.29013721733917,1.74192063436794,1.28469432890457,2.49972314404839,3.61002594739013,4.92887241252654
-0.725820706250127,-0.210438634653693,-0.0279495700268027,-0.690178216102284,-1.65064378152734,-0.390245232419506,-0.482506795623321,-3.42108168212913,0.682235045502536,1.35229474268758
2.0127605846206,2.0295365309361,1.80301513641188,2.55758198520706,-0.580025930143001,2.8803774977755,0.0465959623370664,-0.206456901627887,3.0505561126343,5.73665043975288
3.00025253519848,0.621424373210675,0.997298250460925,1.36061686859832,-1.63793348938765,0.0246476882990968,-1.6101416094415,-2.11107198950662,2.95588278881216,1.60198759343319
-0.878086741092818,2.68813384203144,0.947506518505763,1.11000950567853,-0.124882986367423,0.63818896709076,-0.229906816741211,-0.0850645638618528,3.78494441047176,3.65631616074601
-0.601154248301507,-2.15540240519352,-1.41407894708293,-1.24861513536383,-2.88718445601423,-1.02701509144809,-1.1894679504564,-0.561077071589045,-2.13683775001191,2.57496713934183
0.0919214962158813,-1.004587288477,-0.617152040011523,1.88133192889625,-0.415924505287784,0.48614015597546,-3.17946826543646,-1.8929321138848,2.07202310817778,2.43135568870716
-0.506160437653432,-1.96308345727458,-1.69095571479554,2.28206530285972,-2.91401737441742,1.15097764463241,-2.30859349898878,0.256650281132162,0.622298839548003,2.37449348304829
1.92446505366864,0.588885365071224,2.26529400673738,3.52326031449585,0.81169356780536,1.38328780189618,-0.592782518091245,2.52163663165335,1.31186968629644,5.73967627517768
-2.66243520439151,-0.0745794503158965,-2.37190286574341,-0.370396543702842,-1.51857716040113,-2.12873214596131,-2.28384617969662,-1.21527144832127,0.327746500976325,1.93313453134813
-0.607174616231394,-2.11750116554296,-0.347324978950418,-2.19176622060823,-0.775696679825564,-2.17821885588724,-1.17599775872094,-3.01488517614642,0.390874117521728,2.21052190485153
3.61473060838766,0.810099161142909,2.24664198950206,-1.08788688642321,-0.221102340988164,0.868645769892454,1.75844167645713,-0.466336438752237,1.59954718113748,4.18757524941262
2.77806367808525,2.20510812536178,2.41919067025772,3.10810900728388,0.918993317018495,3.04492281271226,-0.0890306159030725,0.722715214087862,1.82634260148915,3.56325100553207
-2.43892206017483,1.70890759506655,1.17629362545149,-0.0928604870703139,-0.532443890964082,-0.0112875512451218,-3.87885954744606,0.556046687186897,0.856288592544389,0.475975967183584
-0.892230567575243,-1.25865487303532,-0.451043108003577,-0.0545849957633011,-1.84961209398128,-1.90154466744775,-1.50380188471502,-3.4571802828786,-1.25356984179271,1.82935326962394
2.35928415473631,2.65384623001627,2.56570945272501,3.05386459199141,1.21086281673624,2.5267321481026,1.49470404998381,1.21222884509839,4.1304815582088,4.47100906738583
2.21955100391568,3.18864487513823,3.2579783843671,3.01741425057421,1.68218096819486,3.530309602245,2.14740152240493,0.725638341383966,2.99402525298874,5.20362294047507
0.695538631501406,-1.97058340274049,-1.44125370307432,-1.24051461854922,-2.51731603891754,-0.212189824437215,-3.21515447036748,-2.72631854692732,2.35852786579658,1.68403136046121
-2.74320838954882,-1.99975745309881,-1.78995230939679,-0.268630629144612,-0.501074560133763,-1.12656319023795,-3.38084434425031,-2.35640886091907,-1.42988414406463,1.13744669695742
2.26920492600923,3.65492730073631,1.56209751949761,3.44542638530447,-0.157616965171333,0.783739723502401,3.35449172656265,0.870965946979253,3.29406275932571,5.45722078056562
2.99534586475989,3.33903582740858,2.43518305187403,3.24229149720168,1.65499311773114,3.21158269628211,2.66549718124349,2.83250318307101,4.32549131855022,6.19027869624381
2.6006146972704,2.72767044319127,2.21713053356745,2.62997522089518,1.63770183236064,2.11027060272073,1.22646183472866,1.06177796247765,4.99045148089054,6.35864151599701
-1.33637129295078,-1.73935044519126,-2.38473791528932,-1.71225999153745,-2.52409711389873,-2.86041831185712,-3.36182436023219,-3.01320430224582,-1.07399187291693,0.869185998218832
3.52176908266735,3.35654650922463,1.73720742667766,4.04652981237909,0.793307811602445,1.91918788142054,3.00809666313875,1.84388071663766,4.45308005471979,5.98186553786841
-0.852094837878176,-0.413927125969673,-1.45051682346918,-0.977106414387141,-3.96304079104509,-2.48469730106399,-3.49096658252545,-3.3695515543336,-0.276423525191924,1.5673999600385
3.09891083759968,3.92224401152296,3.90957270091093,3.65238238703447,2.58284748076776,3.92574010677516,3.21333488671983,2.43074224767845,4.73204815418568,6.09763718412573
-2.84099196190866,-2.20314728360729,-2.80690146193916,-2.37825919026975,-2.90602188033532,-3.11923382697639,-3.571522310352,-3.06262355018461,-2.25000442837299,-0.703581941265841
