-2.63754501721098,5.91573844474361,7.56405545435871,1.36844371611035,-3.62635811274234,-4.12543135895478,0.419959482122225,-7.23771966390097,3.61641821171035,3.6889542848578
-4.29486769159915,7.03302149395224,6.47669834279478,2.63523633804589,-4.2390936066597,-3.22481772945535,-0.624804313543015,-9.15971236000898,2.20727740310828,6.59234378890958
-4.08624271622119,4.94701059227468,6.8331222069341,1.65543567110682,-1.9639439473986,-6.31422021093438,0.667769300531955,-9.64725518619732,1.235415845621,-4.1187245715675
-4.50349266697712,9.1190323956298,6.12027447865546,3.61503700498497,-6.51424326592081,-0.135415247976313,-1.91737792761799,-8.67216953382063,3.17913896059555,17.3034121493867
-3.18279267835587,-3.12907937672974,5.80258424872649,-3.81839423210372,-10.8834170109047,0.991419526027443,-10.2612831104946,-10.0455160425491,-1.59397009965163,15.6203218122411
-3.18279267835587,-3.12907937672974,5.80258424872649,-3.81839423210372,-10.8834170109047,0.991419526027443,-10.2612831104946,-10.0455160425491,-1.59397009965163,15.6203218122411
-4.15550566412692,-5.1989130210087,-3.22535680504316,-14.9869045490951,0.469816877776264,-20.4708772786089,0.138070281526629,-14.698862927018,-7.26002351292384,-8.61143398517526
-4.28830325250023,20.3441428758397,0.524113300631804,14.2889275424867,14.6969485844249,14.1928955654732,-11.2151509976002,-8.49631105139258,-2.84653256934027,26.402173034531
-6.36215215999113,7.58912994573591,5.48452146164147,0.882211792926466,-3.66656440402341,-3.41787131710739,-2.44767336402493,-8.21299483526867,0.931567385936688,6.40361570245023
1.08706212556918,4.24234694375132,9.64358944707595,1.85467563929423,-3.58615182146126,-4.83299140080218,3.28759232826938,-6.26244449253327,6.30126903748401,0.974292867265369
21.8110953650078,-1.58925859018292,10.1847789015943,16.1703757240616,19.7791204608468,-1.36386248583733,-4.90775776973676,-13.1860582070341,-9.24571506299129,10.06488705925
-3.67133322320718,9.46933728459282,3.26936783478553,0.372876267780709,-6.73384503151822,-3.01825062828979,3.6543147369389,-7.29596527337282,1.22929283899907,7.36050460851809
2.9569863984581,3.56010114947422,-17.0060707275924,6.22522976665159,-1.86790484752759,-20.8762413121528,-6.28697520966118,-22.6469826397731,5.55358233805223,-3.28168088420159
-2.22758322320718,6.47691304216858,7.46887522394809,4.38826088316532,-4.811622809296,-3.0317641418033,1.1980647369389,-10.1064298847493,3.48298742027986,6.78107187536893
0.15580087757381,4.74005062778443,7.78337964688694,3.74359960224192,-1.19799764461986,-4.24160095782809,-1.79231510517987,-11.4255133631575,6.90205354188359,-2.06032402816486
-2.71814308108176,7.4043984304413,7.10007367193205,4.71297057378109,-5.86408705872652,-4.14689464905021,-0.560885503130809,-12.376500202879,-0.396478685027256,6.52060211090906
-20.9182746313487,-17.1103383173012,-20.324152471712,-21.074737554881,3.16534364626068,-0.971751750142488,-10.5089115364623,-1.22961450501935,-11.6301467091072,1.18932743961243
0.720530986395419,6.04335997605087,7.82820976355622,-0.773384890463547,-11.4505564304968,0.997415762923467,-3.51582635145736,-12.3771713311631,4.31420016344767,-7.53154993662497
-12.0236171706904,24.8904868283103,9.0568767397468,14.3969662834071,0.28254363846581,6.90771775086001,-17.7863977557236,5.86740480984548,-21.7787144715025,-10.0374310300165
-8.47511977537471,-5.08727716823611,16.6292320178521,9.44700545712752,1.43018109271974,-0.321824324539026,4.6373778525777,-9.91747621032102,1.23191464414317,-9.54885894819706
-4.83672843117757,19.1275914841974,6.10952146164146,24.6753152412023,6.87397613651713,17.8724512635378,23.1405619300927,16.3324597101859,2.56793102230032,7.55746185629638
12.7547073216441,12.5527388050884,22.1069320748134,-0.626904870401587,1.80889068140296,25.1580861926941,-6.5878137227395,15.5642400550119,21.3472063709366,30
-0.0198516481608735,4.85686008632828,-3.27568354792252,-5.6983535693552,18.0741747734679,2.60644328852053,2.72017287174545,14.8446749161391,7.17177555948528,3.97503917677462
-11.6004984197161,-4.3974990753589,-7.18268832517479,11.4479046031218,-6.73386445565093,-3.67226548206169,-18.1130040816586,-17.573581281716,5.23514793442606,-1.01562611950205
-0.0431730199563418,24.4451502094495,13.2596157080585,18.901305192349,-8.61395116485152,22.2354060794689,17.0475254645269,17.9235706586797,18.3094006678507,-7.91818857228506
-0.00343319672061071,-13.8472886991954,6.12064703581151,-8.5190002571339,-18.1002696177861,5.40071036916227,-18.0748928569643,-11.8780372498294,-4.11950758523995,24.8370279220319
0.897416776792824,14.0602463755019,18.6700764251493,9.63068512558957,-5.67183786305944,1.21808369751502,20.4056006221064,-3.05258373090313,12.3160428391198,3.64267031591474
-1.81033327245125,2.30489123881345,8.18172295222673,2.42865954928718,-0.261323490773787,-9.21056910476137,3.78321196508885,-11.081515537126,1.53926430530531,-14.6410648455852
7.53149303592985,22.7329895887875,24.18968102292,22.7200673063578,17.9627368352491,2.04405110497481,-8.54699739620889,-5.75980175683477,20.9060299003484,21.0748672667865
0.333395359983854,-3.26987456532186,-3.73384625612605,5.79389965833046,15.927420669227,-24.1631733056165,8.62717741139665,-0.483029274159648,4.76667032311888,-5.41995511478307
0.962209609847734,13.6462700507805,24.0933845092687,2.71315838378601,0.728653199202901,14.9675994744983,2.53743680230328,-8.02233129901485,7.78127940402772,-23.5711243693948
8.21624825413028,-6.66882870181825,-11.7668630901093,-10.5585698879423,5.4525051985967,8.72135322825205,-20.4785500802546,-20.4730100320465,0.138704081215673,-17.625092623363
30,20.3671456180292,10.4198012356351,-1.32911932196194,7.9645434659933,2.60677049364231,-6.0404432658561,8.93952027869734,19.5702336839568,-25.4216245376874
-2.64483317396311,10.6489348455237,6.75602749566945,6.34786221704347,-9.36192212781821,3.14704082115476,-1.38708249121104,-9.1313442323726,5.42671053525441,28.2032085963231
-13.7001197753747,-6.3795848605438,4.44741383603396,25.3772380152671,0.959592857425619,-5.06972348420289,10.0748778525777,0.747804454959641,-0.755662995608386,-3.09565697775371
-2.63624256718337,-9.44222974321205,23.7395237847905,-20.1221630931647,8.53945586918373,-0.267920181248501,-3.45446901313917,1.30878590575704,0.0739312370646932,-8.74793204438172
22.8336912865967,-0.926378329454819,-16.9864892314164,8.19527842702498,3.10943326608187,17.039539061356,-5.19966253578837,9.20455912623973,16.8438206168976,13.5298883610275
-17.5597884259719,-16.3441365833181,-16.9968620847765,-16.6568208428213,-22.495722249277,-22.0543752636971,-14.16146573535,-22.2481148701502,-11.3084171855033,2.36297529213367
23.1852158659982,14.5310723532125,7.37833708317366,16.3682477403767,8.03886281707634,17.3796744070875,10.4987229447026,-5.41430377761088,15.6301427447132,23.0330225291466
1.22908314869433,10.0492117405362,11.0440706164321,22.7603333592107,-14.9719789571814,-12.0037985910643,-12.2003745099786,-30,13.5367751196855,-5.10931966474892
3.98445752358961,6.17980264868918,11.1054559419252,1.28069172930129,-6.91098015214874,-0.455413696842982,2.79197269144992,-1.44337344794057,11.0632737696627,16.589650580116
13.2397872151692,-5.36015176397164,16.197171325538,4.53522520585283,-3.23884988594724,23.8564883633872,3.77694965875594,-19.3649886416722,6.56405905078971,-30
-30,-10.1644582266347,-16.5434663134264,-4.17796740359555,-17.6034857732989,-21.9710701279279,-3.68639775572362,-12.3040237615831,-13.6958315886196,0.128555633534701
2.12193502759887,7.1752100167554,7.38503634154716,5.05853965519666,-2.13467179846594,0.727367189105181,-7.36784217544859,-11.769511189189,12.2648427784619,10.5204167892555
1.58490729080334,-15.2648189138782,-30,-11.1682134823644,7.20552872816527,-16.6237833232685,-14.5994800812776,-23.5441294506192,-16.0785194597224,-10.5613057862004
20.8164147245931,20.6997968607721,-4.67955531345888,5.84309293606268,27.7859505600615,26.8108338721243,8.36383205009335,3.95732060702399,15.74483685856,17.7086875156098
-13.0492290236187,-2.50560117789477,-11.3536325164543,-19.5877963710549,-12.6434450507939,-20.7578446251218,-21.0465991815923,-30,-0.883426032915132,-19.5701557068148
-3.89483317396311,9.81560151219036,0.26954100918296,-4.98547111628986,-12.7490189020118,0.0338332739849534,-7.18253703666559,-11.8236519246803,-8.40717862706568,15.6106160037305
17.8653000749311,-7.15102583800837,-14.1569235501337,22.1472149008813,21.9906653386148,2.47799697826278,-1.75128679853024,-2.87526406596972,4.4113936946185,14.6959949473712
10.3238681044646,7.27620190698354,19.7314315949389,-18.8560208911167,11.8789254323032,-16.5238832401104,7.72381392707819,-13.3586440622457,21.6912427310728,20.4911633860228
