0.415956630446702,0.246047722751091,0.310706681295791,-0.24003881687831,0.249563356608599,-0.081231157613709,0.0135747950556264,-0.97786344553182,1.64059743279376,3.08607870175293
0.312654183908985,0.421817366765657,0.171421126448048,-0.360054626977343,0.467523642405301,0.244631949671725,0.312591132096761,-0.873842453381778,1.70018280475718,2.99554442706969
-0.00451648138072347,0.122361327174942,-0.141282353280683,-0.775501323646017,0.260080852160135,0.0472798184531129,-0.12410673191581,-1.18457641497341,1.17972811518862,2.61843300465112
0.0882121035302272,0.375971604076333,-0.0156933012749092,-0.583177023212933,0.0867216533345543,0.323784336913972,0.472728385620069,-1.06812994847154,1.22264918081309,2.84329063376634
-0.275037036180522,0.306397404108282,0.236652748132081,-0.650310062742454,0.259459198136933,0.664126149690022,-0.563341546644029,-0.35231739048615,1.83285329588611,3.34887015999429
0.614626349880613,0.222831197778084,0.938477290706464,-0.41815196521452,-0.0789416051224383,0.481559129447135,0.890402529496509,-1.20643503025892,1.30028903242835,2.30626761483606
-0.379208357917993,-0.830754607373843,-0.180509958032807,-1.39365886236645,0.195661051947029,-0.573476477549537,-0.0155983101752812,-0.728063522176184,1.62768848665018,1.4801106206902
-0.379208357917993,-0.830754607373843,-0.180509958032807,-1.39365886236645,0.195661051947029,-0.573476477549537,-0.0155983101752812,-0.728063522176184,1.62768848665018,1.4801106206902
0.917923536641772,1.8920225477053,-0.205491065699539,-0.291090378514348,0.28641488677211,-0.700233938133639,0.54364108822724,-1.03662602607724,1.68964649239184,3.62286384210481
-0.443654444547133,0.791413797842814,-0.715441314455758,-0.204234740736849,1.76578275332171,1.7548612754536,1.19119295508824,-0.923399057471994,2.14416344164102,3.52806755327867
0.654289828588377,0.983060760317557,0.576052114053785,-0.170980844125537,0.484925452004734,0.579386671314683,0.728165995356918,-0.402482088844994,2.68937459519083,3.24560815508209
0.663671148692814,0.264555723977623,-1.05899053414796,-0.86802763517886,0.207704146721817,-0.301173074884358,1.31056610276622,-1.82228553046609,1.42508418748807,3.2506421980754
1.57581714460698,1.8979660621209,1.47754657898109,1.07950933733479,1.43839978381764,1.81966787815461,1.06114348757497,0.12139373428032,2.61256393608414,2.90545941108051
-1.75836696993177,-0.499227153849652,0.399915713794486,1.17204222843665,-0.597780233767182,1.13427025048275,1.64843651518669,-1.02204319420763,1.82406554304907,2.05436537395034
1.17144366878859,0.654693900112287,-0.390298513285868,-1.98527209699676,1.57522140815313,-1.61002605192726,0.375216626371965,0.407154199241432,2.09323353399563,2.55588905880333
1.60214797899313,1.71640381576169,0.342904717017258,-0.180095430913085,0.671058005388715,0.757874024936158,2.05924399031039,-0.846404898977741,0.541047296582392,3.44459692266826
-0.327428699839848,1.06525421664417,-1.16824350517328,-0.0309574689747822,0.695519293634443,-0.300647461320695,-0.637815265169074,-2.5872637942415,1.34892026857179,2.36530282752954
2.24482786511072,1.70621108354343,2.43354677928488,1.71968316148716,1.83299117312825,1.46967194812092,2.20264417394877,1.106509899533,2.36712721908334,5.4436413964569
0.534523908113008,1.0471875019752,1.43709096453255,0.139404679573743,1.81116288318281,1.34460937576633,1.72323985164562,-0.0584786512210835,2.77518448284264,2.76754802117188
0.665120923038381,1.23048155801081,2.21471544716142,0.194547683764611,1.85356451140534,1.80088776642175,2.00839303310674,-0.363770374423255,1.87105130259005,4.08555476166297
1.12027096089946,0.614886432328422,1.51254600074208,-0.146823145739752,0.245748642113198,0.54236986323378,0.0617837905510691,-2.72300247082439,1.23534349700111,1.85332682172617
1.02060721021315,0.946806389927668,0.694101836570187,1.10401698613272,1.08531964012608,0.817212231501322,0.65546234008908,0.0411022093213341,3.31782167200193,4.51223668190564
0.751692738423382,2.34572255184564,1.141533710054,2.08621640193043,2.42668958770449,1.67877422548512,2.10475151513301,1.22524646482706,2.47354109079298,5.21631695618342
0.623623486839435,1.36936920095239,0.579020301483128,0.454888650865931,0.794730305439105,-0.342510549137395,2.86482306214022,1.45795896122353,2.0588422576799,2.62317202931938
0.446587705444214,2.38561223550823,1.91247334172479,0.471513741253851,1.11583005323939,0.30700820996168,2.09163453681973,-0.601951879624542,1.72908690119228,4.35906070059437
-0.575019462149918,-1.0359467329997,-1.28566548429753,-1.00053171001147,-1.26264864210848,-1.08702464516214,-0.711930603815176,-2.43260155694552,1.14411915837441,2.61811317144004
0.390193615569353,0.152787988011508,0.982793996608285,-0.0382787549898788,0.491340125990414,2.62941280813543,1.66904370685363,-1.69636744595626,0.924228246396604,3.87972634950292
1.88999475378687,0.828872997701885,0.755457466486984,1.6491302180284,0.794016179718734,2.288759139808,2.43658653967426,0.245560531692849,2.57623731481558,3.32053239047845
-1.66552183708938,-2.01557613300913,-0.909021498929749,-1.84647939810239,-0.394071116073282,-0.509081791927257,-0.255920871034681,-1.69897474555948,1.17042453932145,2.46941708771341
1.94945393245323,1.18154344736803,1.37413692773184,1.74506501600293,1.24378320748102,2.73857936644698,2.62604212092756,0.604785551005367,1.83956364261069,4.68953908085418
-1.1938282935538,-1.49715047404368,-0.163577636383444,-1.25065987634808,-1.32181933603993,-1.3441458552189,-0.816644356369619,-2.47622231756935,-0.37445151802523,1.72869554388131
-0.38387422627677,-1.32652209469164,-0.720535237875624,-2.56650189306113,-1.09895598195472,-1.05804112352374,-1.24708587287301,-1.31141267334257,1.16843680415246,1.38552489167702
2.44487454089446,1.71285163422819,2.03286511987214,0.953991033867958,1.64881708795188,2.15757481253554,2.03572212293237,0.227647461471624,3.34208997010719,5.03907965443632
1.532247211275,2.05467083897167,1.12373579645238,0.711929772808731,1.76102845708003,2.35402993250912,0.232795942137844,-0.349000526208019,3.20074316075478,2.73779638115834
2.16866205659795,1.85737384860218,2.20849719614113,1.6522182099845,1.77038514723111,1.53838009605931,2.23773332804393,0.848831278502903,3.6772667482769,4.96565387048134
-0.350944390912907,-1.62268478868756,-1.97775294619047,-1.52475491546257,-1.68833095987685,-0.819570435273682,-0.0208798145005957,-2.47779991218899,0.147832334863085,0.591233171572817
1.07018847743169,2.65797185466126,2.20434588055528,-0.979057876030413,0.83820067198238,1.15048237136818,1.91306668869795,-1.19067530810077,3.01558693523846,2.65806976208752
0.742299341368873,0.554862934905819,0.965417645095505,1.09668372682705,1.75262190573295,1.28979760491201,2.30427496997159,0.270600729033309,3.54751883759428,3.16547648506145
-1.48135863111787,-0.44707224341215,-1.61916914514157,-1.7435328342177,-0.3988953719338,-1.6215183332745,-1.83327840641072,-2.59029683438741,0.123319531293439,1.27691461285127
-0.785797561462193,-0.322100359985417,-0.490086335779078,-2.39462845147431,-1.40288053608449,-0.62872553072886,-1.74080356762168,-2.86263966433732,1.22843107041758,0.553645343237854
1.2401250182872,-1.0135009101735,0.12651081468436,-2.30144007203199,-1.5734724876713,-1.95508155742192,0.636125980167922,-3.02252488626425,1.59275686525956,2.65688521376492
-1.86228962853245,-1.64141278058847,-1.56455986880375,-1.94943207791005,-1.41189341096633,-1.28423466328212,-1.52032845564891,-2.30123900909756,-0.49992438656168,0.1999817640205
-2.5447352227343,-0.773856373523675,-1.41964993962885,-2.63591058950316,0.173733491992,-1.11246322817038,-1.77574514380281,-1.59580276617518,0.406567820463625,2.45141237734254
-1.29131449390473,-2.11007230460199,-1.93957179172151,-2.74872563377258,0.0090938877679243,-1.37305003831713,-1.96737787389514,-0.882463933910615,0.135151173217348,0.328724693184866
-1.97971371161979,-0.99710376333812,-1.22433862475439,-2.43031032381708,-2.27283160482948,-1.70402855036374,-2.03635079678647,-1.7544314774846,0.948721972157501,2.06538250006072
-2.19467248890039,-1.55336681143234,-2.41313417395879,-2.42422496834214,-0.743567191683958,-2.01192509565038,-2.19132821131156,-2.42924443318768,-0.256899894144616,0.218084722421966
2.87909751147616,1.96111451240609,2.45557237631758,1.95267198774473,2.27581576903131,2.40493526778891,3.18995726003694,1.87755549994769,4.5396074805922,5.77740697102149
3.20490758986002,2.70871575804047,2.57188379987741,0.616959683887643,2.25706252983101,3.0654797166143,1.66343030484985,1.78745800623982,4.1633715657638,3.72269688257557
-1.32209185817954,-1.50069403320983,-0.836807774649983,-3.00356377658954,-2.67015221872111,-2.20221451569613,-1.42438101882523,-3.66784954857643,-0.82165618653179,0.124866925972687
-2.26930656297931,-1.62852760698653,-2.73277836412665,-3.34408878147576,-1.54942102910147,-2.14157903621092,-2.98628608476942,-3.30959724987435,-0.834473918005243,0.713671538108407
