0.415956630446702,0.246047722751091,0.310706681295791,-0.24003881687831,0.249563356608599,-0.081231157613709,0.0135747950556264,-0.97786344553182,1.64059743279376,3.08607870175293
0.112829471918584,-0.306896173931187,0.0436924279647297,-0.281829482250898,-0.182531067152429,-0.419835861040126,-0.165624572270584,-1.33017701379911,1.37167073063398,2.97456937900281
0.522688488266381,0.0983125310993238,0.418499421712334,0.0175902255515736,0.597482800034227,0.55730104409209,0.0907703989244231,-0.32822538477427,1.94537440059311,3.66508158559083
-0.25295416159593,-0.198184035523652,0.925932823632486,0.0431907097249083,0.705814019234549,-0.498689477314193,-0.452087221713236,-0.985371942679271,2.43201031792625,3.88833208032347
-0.147927863224184,0.747073595612407,0.10808361116863,-0.101041937375101,-0.981793069870254,-0.538508523560489,-0.0503807178714054,-0.917460592407448,2.39995079550564,3.63852093871676
-0.29184736229377,0.0392024846558527,0.980349538438649,-0.852687038222184,0.0293862829832494,0.607405206022654,-0.739047582566751,-1.21683403376711,1.55511949161729,4.01921010902227
-0.406988871039761,0.0463849962405171,0.599217459550334,-0.0920944720446684,-0.521887833515234,-1.4484058253479,-0.430404083522111,-0.690047856590513,1.51692712848997,2.89810416828104
1.07919553889278,1.45950874841039,2.0680630391428,1.34538035014234,1.39632868528558,0.976049831265282,1.70726410814391,1.08413204838699,1.80775697156572,3.64174755704216
1.27041748881666,1.1051704327924,1.18677183190387,0.0170769531611104,0.625959917515575,0.142067521377588,0.754469197017889,2.89018347835457e-05,2.51177556082254,3.83357296777866
1.50075275045184,0.83948010444601,0.132880830381878,1.19952789510591,1.57909117757733,0.147371462729827,0.959443625218647,-0.375328704493856,1.99007534909263,3.07396421548472
-0.220804461107224,-0.724440115225973,-0.0110601681583765,-0.473127540818927,-0.785919213874088,0.163972128562579,-1.35468156813104,-1.42653868332033,1.22631097853436,2.26016860967374
1.39172436425436,1.9083979832535,0.588433513563837,0.8071676030895,1.28789477518042,0.0642440996895852,-0.0361733142913419,0.477877586868467,1.68678006966644,4.67844339427244
1.00012325596689,0.0235136612897813,1.2185377056316,0.361076686709458,0.254232978536505,0.0973969131648098,0.71933641704516,-0.641255692164427,2.66994534075117,4.17463054847129
0.530765126421168,0.271611865783304,-0.0756256663800543,-0.948586134850366,1.4468707506432,-0.424129585605891,-1.16791908721179,-1.24185854659959,0.286623721156938,1.67769089302976
-0.340812400451526,-0.847283834928314,-0.2480872942697,-1.41529743187554,-0.612371182266391,-0.41851452100007,-0.691767719885747,-1.74990986957753,1.31375375387697,1.43467654791125
0.720937580026692,0.693103826068813,1.5941731971955,0.558687759128412,0.334710312157916,0.330164138959874,0.794741281387952,-0.392677013799109,2.53238501634827,3.48593301536645
-0.227311511733619,-1.28036393948891,-1.23591234299355,-0.978503524448426,-0.808767199965773,-0.0676989559079095,-0.319385851075577,-0.82822538477427,0.714905650593109,2.96195658559083
0.475531182436175,-0.960003776277288,0.936919072453559,-1.14635803793614,-0.321480224819582,0.124168405829198,0.025845916477889,-2.3411902647143,1.84418138545592,2.52665767998673
-0.212136107039737,1.18294164588769,-0.592598364651525,0.358756221243024,-0.626394553589323,0.703395426922109,0.448981512232698,-1.2722544681307,0.381152447539549,4.42225864500562
-0.619227886920445,-0.928034671959403,-0.25375100930217,-0.276998552093906,-0.0295636058506941,-1.19620621405826,-0.645802922231526,-1.6131057167958,0.656233627940861,3.98478907917825
-0.178379684429742,0.267898874471728,-0.0598890753973476,-0.426356580641801,-0.847730121469986,-1.24207565312891,-1.66334554494237,-0.823552827212109,1.38599766039699,3.49239089692555
1.09169553889278,1.30122952763117,2.08028598568778,-0.0320706302498208,1.11140221469734,1.17024625983671,1.53087037992091,0.362541139296082,2.44391768585143,4.23675529698024
1.15419553889278,0.542300956202598,1.46518417573303,0.426262703083512,1.53207529162042,2.00729983126528,1.38206085611139,0.427882048386991,2.73688643585143,4.2802044948412
0.442361271574468,0.0787768191845183,1.5170781744507,0.634090252600931,0.509989557483873,0.142029681526392,-0.654862300903558,-2.47748223814751,1.37587482793066,1.58235246876114
2.1199107104886,0.750486444142802,1.57921370742662,0.955090225551574,1.22248280003423,2.17368035443692,1.54910373225776,1.39677461522573,2.68401076422947,4.39877723776474
-0.506602691725029,0.0304063985051883,-0.626074310222199,-0.415656019651062,1.3848947490059,-0.796740557078096,0.255749293234841,-2.51250516758196,1.66956252857981,2.64626151278202
1.74535106693082,0.798116752414962,1.7535979565747,1.01479381118746,0.991049835120746,0.870801603456707,0.93250143798246,0.942328843407591,2.98219377357437,3.95123239640263
1.30519713677582,1.37732569645274,0.978999578623499,1.00204979071663,0.886522438151137,2.01561661486697,0.551611040370353,0.263094963148107,2.93854526555172,4.48778564459912
-0.378234734639844,-1.69955139295131,-1.02991966383983,-1.13785453573459,-0.438964166355995,-0.65081325844376,-0.650897370375331,-1.97336311760086,2.13235638367478,2.33996675879824
0.429754798817546,0.539651940405941,1.3594832594376,1.14350231177839,2.06634352842616,1.27605777240779,2.20879782097485,-0.794311385467288,2.22164096119315,4.81628766297455
1.02849345294848,2.49452490607592,1.15539852220143,0.937650156015309,1.58006251331852,1.44580624360035,1.44053030627983,0.562596602224833,2.64741130456664,4.03508608139845
-0.631362563142979,-0.421680791735245,0.354989352829118,-0.944289825638232,0.555434789508252,0.251977011297179,0.49271070222607,0.0723698281351877,2.90761568597465,2.42684352389789
-0.231396610193839,-1.39872845507709,0.289947290930335,-1.47262515678318,-0.640455977644343,-0.658740409428209,-0.0656054360949231,-2.14238270512709,0.234247559907704,2.96454009391881
1.36512289654142,0.664969872567765,0.269922228406908,0.431966924097582,-0.886595120550669,0.646383705911158,-0.961277440206336,-2.6849894831779,1.35822644032189,2.42393329737525
2.64215365851495,1.45391883370764,1.93554079726149,1.46038312404996,0.582951009579708,2.00124379256732,0.39017379340679,-0.352252527199383,2.22425955126601,4.73347529977153
2.03671934231111,1.55854772275109,1.53666821975733,1.11771980381135,0.479155193343293,1.65984027095772,0.354483885964717,0.0182303044681797,3.37670854390487,4.84857870175293
0.786252186889331,-1.28791346191683,-0.426125020982684,0.359571093556032,-0.745306530888015,-1.7408351551517,0.262124920708235,-0.792583547708382,2.90002336426012,1.03890167245089
2.25109936425436,2.13567071052623,2.07099165309872,1.31197529539719,2.10039477518042,1.51898547899993,1.69459591647789,0.66080441613676,3.33678006966644,4.90165767998673
0.653841691587985,-1.41955659291883,1.06487527512987,-1.67440956462433,0.043687008937741,1.28710263276938,-1.5259460587341,-2.58721269197489,0.850230356039548,3.52761530492195
1.64639711307955,2.28109994342521,1.87437399069783,2.50984355316925,2.68147535518827,0.825260691129573,1.93116752111823,0.811289444494523,3.35098000475246,4.61925877614795
2.80519713677582,1.81850216704098,2.29844402306794,1.83538312404996,2.13652243815114,2.22990232915269,1.93622642498574,1.06666639171954,3.56354526555172,4.86278564459912
1.94896433065107,2.5716725259946,2.73588930526618,0.787238328772528,0.994442430547431,0.318731169022592,0.234713244642527,0.680675243541966,3.59787471460552,4.53974115798866
-1.35231151173362,-1.77668746890068,-1.45650057828767,-1.85740977444843,-1.27751719996577,-1.31769895590791,-1.78422960107558,-2.20322538477427,0.0703744005931092,1.79008158559083
-0.825352044836482,-1.12902154680103,-1.22520241848739,-1.86062991177385,-1.26377951096686,-1.45141995062085,-2.10058224678351,-2.73143071729529,0.862160798484082,2.00442881921477
-0.944802863224184,-1.93149783295902,-1.45155597693206,-1.91461687595004,-1.61347756184886,-1.52009767084731,-1.81377357501426,-2.68333360828046,-0.186454734448279,1.11278564459912
-1.4590433695533,-1.62895227724891,-1.56429331870421,-2.11503881687831,-1.6254366433914,-1.95623115761371,-1.86142520494437,-2.85286344553182,-0.234402567206238,1.21107870175293
-1.4590433695533,-1.62895227724891,-1.56429331870421,-2.11503881687831,-1.6254366433914,-1.95623115761371,-1.86142520494437,-2.85286344553182,-0.234402567206238,1.21107870175293
-1.24165680921997,-2.29303224446471,-1.3885643621794,-2.52880547059796,-1.90681591358646,-2.28942137704172,-2.15391173327079,-3.06348665073026,-0.124604179634068,1.41357033490055
-1.58396478908591,-2.66571769033225,-2.14704521977943,-2.47401060252872,-1.80989017635917,-1.79299685917288,-1.83884359485537,-3.46133884512429,-1.03124246042217,1.06063248560626
-2.39793268999777,-1.73043664114065,-2.18948813277311,-2.36062991177385,-2.57627951096686,-2.29819414416924,-2.47558224678351,-3.66893071729529,-0.825339201515918,0.541014185068432
