0.5635822572198,0.359286165349123,0.31498721931161,0.00217595989527775,0.0724144712219169,0.0847121168858321,0.115611210747989,-0.897920466014268,1.69654202399983,3.04345894271165
0.156839665142212,0.815652571014937,0.35594165944708,-0.346860372308899,0.299386119869183,0.0734019932290588,0.515198683575532,-0.164116509653972,1.61192605104171,3.22076168689344
0.720033501656117,0.486858187624251,0.911847169764391,0.155244052481395,0.465397712619609,0.234021090280365,0.4542229113096,-0.791009846264256,2.12958217628738,3.64439299622618
-0.214737055012116,0.29333653391589,1.36181522579294,0.51018443607708,0.430156632855954,0.193524135472442,-0.14072043637993,0.129688329665173,1.73130568273431,3.30192891232872
0.0609425925652081,-0.260298382513686,0.164282234699456,-0.519104423145231,-0.547610660586133,-0.765815749400225,-0.480366889133859,-1.39541242077553,1.35322038018874,2.33806043989362
-0.947477479259371,-0.564986015872755,-0.546720983137173,-0.0826717411421053,-0.766810146270314,-0.21933870565593,-0.226992175915071,-1.03554909469579,1.21087677118426,2.6524372613591
-0.362574603179056,0.179572884957413,0.191506568168352,0.327934746043659,-1.00051609367755,-0.638339824336425,-0.404441189734043,-0.450635197463129,1.77559582516834,2.66527875303109
0.747600201983249,0.646160497180807,0.29212380595226,1.11953981368248,0.615910361077413,1.18290488207561,0.0282903992389789,-0.478287974042495,1.96943371192015,3.05602208559339
0.876955458473381,0.0162190854670946,0.378711959236612,-0.131433303348041,0.180279111940628,-0.144988657310876,0.241436759212963,-1.56504748791245,2.12950588266146,2.36101347752036
0.361487590485345,0.796516788932172,-0.721529634620974,0.234980487734238,-0.457574175374019,-0.321314440826119,1.04959997479293,-0.250986393133499,1.72718553778942,3.31925056681788
0.202724907508722,-0.0905337092052724,-0.417736001180888,0.623978729553309,-0.299663101815014,0.599210476287693,-0.616259220833141,-1.58259375525664,1.47475147326121,3.40911700975973
0.497632086237875,-0.395127959851519,0.0181281794750423,0.237276106451213,0.740047671656857,-0.594126834425029,-0.954479746983418,0.426317094178348,1.0686504179192,3.81140022578523
-0.0530970912481277,-0.379764818567435,-0.139968806148318,0.159901360183714,0.219683432698592,-0.845329133382339,-1.12995436529772,-1.43157700758033,1.54464107299657,2.66239891616538
-0.486264057008305,-0.0299585689496554,-0.721374723303352,-1.08424334609801,-0.301586161865872,-0.796167152016824,-0.775619844422043,-1.39656767243624,1.39211796505684,2.33293257099842
-0.335384980043653,-0.285358903069818,-0.513993182064035,-0.542266013534446,-1.05061038908186,-0.64097720742007,-0.400632685143364,-1.83443093605413,1.5571435313484,2.14196659761757
0.200761966360034,0.229156279331158,0.940245055050028,-0.166945726599774,1.50111793554681,-0.0237352342506785,0.804583315262727,-0.559923487814174,1.42188415127628,3.32369508681131
0.914287586373405,0.881821681923524,1.23192792453832,0.378988297914512,0.17810632457462,0.25712590998928,0.466379741438655,-0.536341863792268,2.53082754071436,3.75543309708393
1.56179939631181,1.12298974688648,1.26328699902189,0.8650890552,0.774473142972547,1.11167471949599,0.821922311887867,0.286634037963594,2.53287196437065,4.04042877560586
1.56179939631181,1.12298974688648,1.26328699902189,0.8650890552,0.774473142972547,1.11167471949599,0.821922311887867,0.286634037963594,2.53287196437065,4.04042877560586
-0.00413926932894787,-0.0136007561675325,-1.18258833270108,-0.438992789064928,-0.769673098355584,-0.159074353443964,0.0130844352365581,-1.82039791721651,1.16034360551673,1.67526936664728
0.338389279404764,1.69585031566012,0.0600194158249672,0.247921677987515,0.681075655173553,-0.814714986494928,-0.402664945953715,-1.03397582162188,1.18821003039243,2.62482389476446
0.236053858704253,1.4847030017307,0.401528075781758,0.310361184677497,-0.691377619938648,-1.18121417882543,-0.360671514662982,-1.69868823505764,1.50457094738681,2.96594758347809
1.82909550299512,0.605398222382008,0.484247041999465,1.03955675128237,1.6284007379205,1.71468638680719,1.46330654132488,0.44577274783056,1.94175320715105,3.01061940986249
0.748859698656877,-0.135489712162921,-0.187856269025195,-0.441946908551407,-0.828858572041206,-0.969965096047325,-0.101761817337731,-2.21379067379348,2.23961209513828,2.89405598203119
-0.273115442999805,-1.01047256413485,-0.925049030217956,-1.26296282651811,0.0984381911040204,-0.00926161936156711,-1.25683978739213,-1.38006994879865,0.950781511213787,1.74009218427909
-0.0332004413868274,-0.523495010359697,-1.00418486756735,0.0951663061263951,-1.08645369528232,-0.21933870565593,-1.07180082675566,-1.92250500065368,1.22960336294456,2.58895237597976
-0.691996957535785,-1.22756831087276,-0.702837288139646,-1.1427972613728,-1.28988414235989,0.0979791540716448,-0.61934746463814,-1.470965893362,1.61016614977496,2.45528063420834
1.6617488560776,2.05730734442131,2.08286375387577,1.69858303206418,0.308150992615776,1.39070921733122,1.20124946359924,-0.0455507942452262,1.70102747484013,3.24725249135199
1.14138181626286,1.89135256964672,2.03544267538237,0.966729695427712,0.987067054513669,0.614593761538067,0.656470102320836,0.051686782949227,2.71580591834894,4.64314455677549
1.42426136318468,1.43474047179432,0.252065648237171,-0.383861964292941,1.69698377421981,-0.0866878993877558,0.870634183289947,-0.683389482821157,2.49648341080193,3.10345876842729
0.282683380815306,-0.924822983928566,-1.12963557362579,-1.53450612867049,-0.797465920224259,-1.15861077867504,-0.536799082836643,-1.19005529747494,1.33538632576548,2.5327337128853
1.39524085807019,1.24892867748349,0.270843065450584,0.616690043570068,0.0834318914921801,0.579059306036127,0.0853292465554284,-1.53142072955336,2.93177706233129,3.40714877484378
0.24508650429383,-0.0399014613136063,-0.148275892994217,-0.0820858686520304,-1.64733733927705,-0.883775611854971,-1.37091994003084,-1.43834105641751,0.0573060277479004,1.56185923292503
0.533660737896246,-0.693531780819808,-1.01595702523155,-0.105221691052277,0.0976173506614297,-1.85552010093357,-0.816604082159719,-2.08192163543375,1.34401991962348,1.79417925934641
1.26961825983882,0.951794258914448,2.30665538363498,1.3276915366045,1.99757340209867,0.795818843089353,1.9289420124332,0.628268687147926,2.47828422975503,4.2572632720178
0.280483181732662,-0.701641650385114,-1.52786639304948,-0.859966648835855,-1.45925772418418,-0.469447721254916,-1.15800644470379,-1.7600505518223,0.47348462488298,2.61931348234672
-0.253589487171468,-1.16573544618384,-1.66005409959277,-1.26709943326018,-0.947620485018847,-0.962453912495457,-1.16263664596321,-1.74682601884424,1.67733695233081,2.56268959817032
1.49552808726478,0.907681658409554,1.67026452015177,1.32485843139226,0.819411973875556,1.21898248726985,0.861940308916053,0.262108097873775,3.15654964666659,3.7859003087389
0.449140028248923,1.77406831938505,0.938906839017747,1.29090833269344,-0.176935800745557,1.55868391938719,1.42038307161184,0.0249744073541367,3.11579119494918,4.51756715482112
0.0987584243434353,-0.0097703169438349,-1.10183853285016,-1.69099920961067,-0.510176041105717,-0.894518684393913,-1.46907449400886,-2.23755072940185,1.36996300419329,1.94981306485258
-0.911872002171573,-1.01900913894149,-0.978556572692856,-1.17859416907507,-1.19719166601025,-1.23584483683769,-1.00655643775698,-2.1707279278675,0.561008766873681,1.81393004586592
-0.426442498367687,-1.02823194904326,-0.848665995347882,-2.11492983676942,-0.431934025898462,-0.409773053933585,-0.987961544382478,-1.98557371373941,-0.168289071870587,1.96851381325761
-0.586864562802431,-1.23495230372274,-0.600857164821034,-1.31116992665083,-1.29459426341285,-1.41711725224389,-0.935001306231837,-2.42198118150676,0.588582296285446,1.85451446145034
-0.573958381440377,-0.287685886989415,-1.44530088085081,-1.25802023843999,-1.02318948314139,-1.91382284095303,-1.46021443809979,-2.30196808122082,-0.259591524298911,1.53345727770427
2.67283307519951,1.74775860266172,2.33460507666906,1.65980093397501,1.59124852053648,1.74868582264325,1.65364376536264,1.19637570016671,3.60973167957804,4.44164430715173
-1.43032028269974,-1.48490012974933,-1.23302519923738,-1.69117810893292,-0.992261335787359,-1.4563195039136,-1.83624190738956,-2.26060761249703,-0.0809999441392102,1.64833393111307
-1.29411669493075,-1.87266186879763,-1.51398858310479,-1.77275204642888,-1.35182861669282,-2.09069916102147,-0.825692994836886,-1.8374813690879,0.482466781375694,1.73720821760214
2.40542676008308,2.17225144605122,2.59724042819136,1.84063731090836,2.15079097104657,1.91941434870733,2.13961616973657,0.89438341216271,3.81497543471435,5.32978625465314
2.72787373448028,-0.366540806030583,1.57313944299759,1.35956217848142,1.8068317490955,0.552987383048417,0.4903037733391,-0.971540998213581,3.85458426839011,4.12088875661049
-1.019677331911,-1.72753319899283,-1.80876526945397,-1.56960591554195,-2.00701053317294,-2.08604941811343,-1.64417757694234,-2.6710739347558,0.0882518800996733,1.31696414628952
