0.409412420102818,0.174523419369984,0.201248212946628,0.0416073099673867,0.109231711591086,-0.147798195681211,-0.195780183263437,-1.03133460140578,1.65856678624902,2.94819393607508
0.708381787378883,0.316510116877304,0.19237347467275,0.155789244617172,0.28542129459651,-0.0679030414139258,-0.231538168556398,-0.839763120819284,1.63956512780291,2.89021150463831
0.708381787378883,0.316510116877304,0.19237347467275,0.155789244617172,0.28542129459651,-0.0679030414139258,-0.231538168556398,-0.839763120819284,1.63956512780291,2.89021150463831
0.427314140935204,0.0476129127598842,0.703829600542853,0.347933878334866,-0.217260198128878,-0.33057820520362,0.120740240698111,-0.793040860714082,1.60145226265616,2.31121741790858
-0.142732021342416,0.315613089419177,0.133526843741241,-0.487839811585799,-0.103793708833354,-0.463959316845601,0.0404555704618996,-1.29437959384785,1.48659429453732,2.97473867925593
0.474823924374954,0.546496353219659,0.381066938200806,-0.245528436022443,0.316852650502309,0.314883539961038,-0.231624434410036,-0.655412408075442,1.79438274829008,3.81144533212123
0.242029674007693,-0.286809837458122,0.266223224484963,-0.571741333443576,-0.319576459972288,-0.364659948420664,-0.0178685490487408,-0.236978084438953,1.68709389549962,2.57526634742065
0.875645742240843,0.632315432387251,-0.372708027163126,-0.0960132689130305,0.140097557520855,0.307952286054305,0.438452502832931,-1.56815432940783,1.73491219111336,2.71049500323989
0.194881527654306,0.416824144007665,0.454008737446283,0.146350392971339,0.00749686472880284,-0.661415013645855,0.716984588196986,-0.0962322996155021,1.87488982865902,3.15638791600819
0.555285429544044,-0.634119638133523,-0.211572870117978,-0.938970714973631,1.16112511972573,0.252262190792219,-0.15320354531513,-0.0995264345432687,1.44852687866658,2.81232437085769
1.04765500010282,0.385873273165922,0.586317771220586,0.621694477173928,0.795540402175619,0.0539456491016941,0.751492725563226,-0.772095048811747,2.08490263452144,3.55934368448317
1.04765500010282,0.385873273165922,0.586317771220586,0.621694477173928,0.795540402175619,0.0539456491016941,0.751492725563226,-0.772095048811747,2.08490263452144,3.55934368448317
0.149099917456281,1.34777651139498,0.571984196158756,0.514264179667016,-0.00407116195842383,0.92782078037011,0.270028214221165,-0.115391307564267,1.21543262531825,2.86456668272944
0.941301042037268,1.0656288007786,0.482228547136519,1.1933386517318,0.998736511987814,1.33608246583245,0.197523616340627,-0.43215442516711,2.18304338867247,4.3061153947985
1.07539335534229,1.39213324959155,0.868628182399757,1.12285594887913,1.45234226599876,0.361043937858175,0.600110734806661,-0.129263919629826,1.96393944114824,4.30936449327921
1.33036852762569,0.0718567973046287,0.55636332265992,0.358104470477821,0.230703770863596,-0.114679571768291,-0.98240993826431,-1.10708097877773,1.13835844498096,2.89886347032285
0.308019645886757,-0.858769860336252,0.0913227363058168,-0.318044557188016,0.0939836282550996,-0.672673592391709,-0.599708219012181,-1.45240732042582,0.853272178376133,3.09980389611308
-0.291694516588103,-0.28203507789957,-0.912762634047256,-0.332605253383742,-0.390503502283906,-0.911570358531698,-0.552708592762719,-1.32254432955954,-0.223388873493011,1.68611856352655
0.488625363237863,0.498889631337519,0.42338305673749,-1.45888503741964,-0.420475114347877,-0.147171035133703,-0.300650696517589,-1.68720006325381,1.36061498130183,2.49668338405113
0.546059464247291,0.175842997496416,0.633767896134952,-0.151243793225867,0.0360725083420526,1.19067428130827,0.574107520639132,-1.74318727232648,1.12932322690377,3.57617991861919
0.721587310289375,-0.0667163475859454,-0.578765331634524,-1.42391704131074,0.292962402570857,-0.136724038441544,-0.333608222710217,0.301109588175088,2.34981235295064,3.17059801583768
0.797093228493071,-0.102286500577298,0.313832022245713,-0.986840214659885,0.138878455044489,-1.15886315039178,-1.30404585985291,-0.594565782826636,0.89007829880504,2.32323655727833
-1.13789081812712,-0.346722620616186,-0.33517620324393,-1.38795129087023,-0.622571383997492,-0.276031966408209,-0.52967094726977,-1.34853844289504,1.08130969256754,2.93876228289924
-0.161239753810225,-0.912433102369147,-0.0809424225048768,-1.01028609816726,-0.542942201452392,-0.528232978289906,-1.32999568420862,-1.09926938401448,0.664399235877863,1.96993306650987
-0.929873294182896,-0.695041798021321,-0.359213743575111,-1.0159720084815,-0.773920462321958,-1.35747561503605,-0.627365861012798,-1.2577838767681,1.10078646588289,2.23930924798435
0.131825971304454,0.422459359234153,-0.166826438154779,0.876220856955516,0.213282409177253,0.0145551284840648,-0.908668485437454,-0.966498862657001,0.190289819919693,4.10488467297572
-0.629539448547269,0.109772088975945,-1.28827288884263,-0.71069093581725,0.172356236154374,-0.718322267768079,-0.93839822841847,-1.71418167771863,0.738423252039377,1.92512636101272
-1.09441972935381,-0.822213836222875,-0.577077993007761,0.426248967992111,-0.509299875125826,-0.332594822127069,-1.02067758985604,-1.7132684713,0.591420627624526,2.03339626176765
-0.0130952129140961,-0.11795087919502,-0.929591857770552,-0.320555754738637,-0.792629108747995,-0.663640402129007,-1.09943484468207,-1.52076042235334,-0.113547623060944,2.43232809412229
1.06187169316496,1.59288620256128,1.86222506971677,0.731181835859433,0.366045282989055,1.51459967547867,1.29044290581775,-0.598625782917956,2.49782560846964,3.63563287603277
0.159380607553714,-0.75391768775731,-0.679472721618548,-0.2370884513452,-1.13199158993258,-0.646956435532682,-0.683978734868542,-2.11014441063788,1.20801852352806,2.85398011595343
-0.0122443292685229,0.784233398799731,0.796450941434022,-0.307338137414789,0.595655869057775,0.0490457151277837,-1.15867385192494,-2.13639399959298,2.44722170710827,2.85730907209652
1.77929096845551,1.07564498299144,0.680330216631571,1.39990648040199,0.64238491219558,0.43100803464349,1.17084691824455,-0.210924068863088,2.74238334244594,4.07125086272463
-0.219031418093731,-0.2573559300605,-1.21317837227947,-1.30857310998693,0.342023097563252,-0.633260766875671,-1.07003865831185,-1.78666795659134,1.01393970040046,2.80119937197638
1.94644693272439,0.778902558458635,1.73879196926335,0.562492515798053,0.988553910406518,1.37812088632041,0.534771041450238,0.135019249116542,2.58422861909587,4.04768502703056
1.41033676796874,0.516949552051394,1.38832836203023,0.0685831844220478,-0.256860556828564,0.461757800676363,0.904630997355655,-0.781386670475707,2.70542039667591,2.91978326954105
-0.866016664446512,-1.32410984486955,-0.703392205257785,-0.939181961833557,-0.759480663715013,-0.399454925128001,-0.529238771200879,-2.17646589511992,1.0964878158275,1.93131510404319
0.576079086769485,0.153937121609773,-0.197499424104412,-0.458042058896568,0.484725782737331,-0.138985034694137,-0.192191552047131,-2.32340190909809,0.519864196054754,3.01159973317653
1.74695841085518,1.40303241629419,1.58061668921708,1.25093280125447,2.01988014680508,1.34685073472949,0.858761044443403,0.355466701991506,3.00785837927718,4.4333492918351
1.70431002354247,0.119481424367602,-0.62349223974032,0.201909703842244,1.19085055959691,-0.449374119585391,0.804428919803769,-0.315573309681313,2.8558926893474,3.23713871553907
-0.309611128238658,-1.09856575992818,-0.532976020625104,-0.803639406625848,-0.98044067055269,0.210560743421812,-1.65090608700537,-2.11275491311308,0.3345918743135,2.04005252193202
-0.686210282211981,-0.540365171450389,-0.583864460606585,-0.813926768107538,-1.38096762187683,-0.519228292527252,-0.746650876314712,-2.56249553587683,0.926132338015585,1.73956081364328
-0.167146240769813,-1.28228275945903,-0.594226172153814,-1.38187344172121,-1.53238874195491,-1.62797978311211,-0.942536940747936,-1.31505138960706,0.586045228040756,1.64775160236556
-0.397079351137706,-1.62121825095242,0.380827284724305,-0.643961147868137,-1.25925964154348,-0.622545000503411,-1.50866012915373,-2.1982035635201,0.388235125738966,1.96478058787281
1.86291166637038,1.34904518167412,1.60619707128091,0.6707116930695,0.613610387740426,1.35214182209541,0.659568220013542,-0.779439576508323,3.24124767106655,3.72858897229599
-0.237615274748164,-0.0841938052552876,-0.732952626013024,-0.777910777923803,-1.03179276926043,-1.1698983842511,-0.80902079245519,-2.62467094774504,0.645762296953208,1.98107479912311
1.75280291895415,0.725563843200879,1.71938203137515,1.47024809746668,1.48021495349916,1.43512909550253,1.43951489045597,0.844921475037075,3.35561711839461,4.07990705830742
1.36380593710934,0.941165034020456,1.65464738783042,1.58461733188352,0.917509991462967,1.60296375815259,1.1050264414619,0.356455407400668,3.7714387816175,4.44723127579119
-1.47007076737883,-1.24812133275518,-1.23785307593627,-1.69434498317399,-1.59278061140225,-1.07764402266175,-1.50287125646325,-2.82297416706013,-0.531551826016269,1.81512354165945
-1.22102236250588,-1.45591136323871,-1.42918656966207,-1.58882747264131,-1.52120307101761,-1.77823297828991,-1.82621496587213,-2.66176938401448,0.028132003640323,1.31775915346639
