0.409412420102818,0.174523419369984,0.201248212946628,0.0416073099673867,0.109231711591086,-0.147798195681211,-0.195780183263437,-1.03133460140578,1.65856678624902,2.94819393607508
0.477148313358886,0.146604383645807,0.21265766791508,0.266007711874491,0.296524204978166,-0.012459769073217,-0.10144755629143,-1.13598650299604,1.74420302465025,2.91041258172945
0.141352315163078,-0.208325763481612,0.0948209253964338,-0.0841244689637581,-0.0180861528607205,-0.399992172822545,-0.539675520637421,-1.04959319047886,1.40046589349274,2.59197271030706
0.500355318484594,0.661209299222759,0.219576639144463,-0.34596083535658,0.360390264071756,-0.115238787650129,-0.140822693322241,-1.59713738124053,1.63940595274929,2.96428192073386
-0.369044327471682,0.0704295381881385,0.27755736937881,0.185901102898154,-0.13925425390411,-0.527292066414878,0.0177969177695377,-1.61455446994731,1.50743820257359,2.44198006608719
-0.146606054476417,0.64988431369379,0.572889125392529,-0.0746602762064859,0.973898423003576,-0.0539637014744245,0.500491650391412,-0.883462456000235,1.85679831832576,3.1259234598848
0.262199384691025,-0.0543851083268094,0.474065673264088,0.0761695219489534,0.453619466693127,-0.613584510207021,-0.398397115203677,-1.04261675554508,2.28174462881462,4.17866065586996
0.691133752366769,-0.680280241086582,0.437878162307608,-0.498734737361718,0.135359409675326,0.49075993237633,0.700309708662943,-0.747593665846629,1.17970268620775,2.64155341112434
-0.0213550419246366,-0.0352448234482851,0.0324490167594115,0.265326949465349,0.224021313317669,-0.196812536609333,0.020085763561035,-1.48543256584672,1.12324135549088,2.79564174236921
-0.248293783601557,-0.229532895381573,0.174584182962614,0.324645372958542,0.736253911035736,-0.7877552177318,0.0124186149824512,-0.599882112173997,0.527075898288533,2.19066544557214
0.770085039414375,-0.41201133683402,0.357000722424937,0.96531019184183,0.039033693953606,0.0838622917175675,-0.345402522593243,-0.818174547402874,1.59828026469219,4.21584717386553
0.348503373393192,0.0570075693103169,0.539805010368545,0.313610485041174,0.826249138429807,-0.427646086515174,-1.03512102567918,-0.654127092565197,1.56320205283295,2.65722860137039
1.35205854304254,0.68780826202575,0.00285676639612431,-0.61396922791455,1.37365052259375,0.996667760666103,0.262303706337389,-0.917244203180775,2.1335573759719,3.35370871930796
-0.940359929964175,-0.377831162344227,-0.691445870705347,-0.167533605367038,0.393288954793805,-0.524244821542353,-0.34167442638781,-1.69508094517446,1.27550097980272,2.77415793634806
0.467277122323968,0.180141757548233,0.362175282931135,0.990404421802028,-0.412086334974173,-1.10616441910122,-0.579446391671914,-0.302478411163364,1.68163074919306,3.42263910308284
-0.479935772680217,-0.803848869368096,-0.433018811712277,-0.0839124997961695,-0.502969218699641,-0.382636381550324,-0.198996348996554,-1.96808408680753,1.61384674889275,3.06022011221659
0.43470043660077,-0.227830480774595,0.485086073054684,0.232747280832287,-0.597850234407307,-1.12340893848504,1.38526472580664,-1.20051279006123,1.68772088966922,2.98077313544267
-0.669163475450075,0.136130978340468,0.698749356729832,-0.000908602879941545,0.339328891345659,0.428251276935569,0.0721280459655195,-1.12205812888608,2.65071855712289,4.05837083082941
1.24245443580787,1.07134928160499,0.508905199185653,0.954783222078573,0.414263608431855,1.04719486200999,1.05810717469187,0.19498066648045,2.48311928080789,3.71398401030088
1.36604507316404,0.417477743956961,1.00299748408365,1.10638104554858,0.795368235166033,-0.0749118983051174,0.602800118422455,-0.898237884458135,2.50443144790315,3.68711019223272
1.81345073000212,0.595845487042513,-0.00644649967208061,0.933289691931719,1.42213047610623,1.13849299198418,1.17661989987677,-0.180918680947464,2.35913469747918,4.0446855026157
-0.118551097850032,0.020094848500598,-0.81774829840816,0.204855376208326,0.49676685891549,-1.12898377161428,-0.647916973100268,-2.09380373536913,1.6363414353073,2.49717111196652
0.809890105728008,1.18523412125514,1.31278521893549,0.66880040790027,1.55702840665884,0.940562949448154,0.524711998439554,-0.872087840082595,2.78386417212811,4.27819373674465
1.49395015335763,0.940685973712129,1.47600727009321,0.679299717240013,1.62724997860401,0.885049767787007,0.782873486092403,0.439434655337832,2.62491087051943,4.01313768715844
1.49406572177695,1.44024092085386,1.53516815474675,0.677721385972443,0.344783958999622,0.963451716654858,1.18490699695529,0.174726603492721,2.65900009653926,3.86522241569561
0.758371678879461,0.613812767270554,2.0584808305835,2.13586189734085,2.13888861998261,1.27637304565875,0.873937418395925,-0.0542898171500258,2.23858713832744,3.96845111378439
1.78142038268515,1.02398691610889,1.26121948966888,1.34312448040945,1.4351744598244,1.12508209045386,1.09066494280652,-0.20199303500219,2.83231939593683,3.9988914991387
0.0637176988451102,0.623868392763454,1.09645546745804,-0.66911817822386,-0.410789196272946,0.397949263600165,-0.38510621036246,-2.45147435727283,1.58997800656658,2.5891216772346
-0.431002109549164,0.828138845320105,0.617614807873313,-0.478500212066126,0.0961740198990053,-1.5596203119447,-0.248870594506547,-1.40786352077397,2.47997616089136,1.57073237875609
1.77082397541616,0.989441145515087,1.56608723658146,2.02974530619759,1.55738859854488,1.28547906801347,0.5912125623998,0.513420990082401,2.9562055892327,4.64317084763503
-0.963454354984724,-0.0721230007955909,-1.01557895269864,-1.13286661700493,-0.802384015388702,-1.26163855218805,-1.39518670919932,-1.5232438329067,1.12797665867508,2.66475727784012
2.04188101967416,1.41423778334368,0.267902655597556,0.485374817407644,0.926592354664091,0.29454785427937,0.90149705589406,-0.190597492557781,2.88422031474601,3.76453376674563
-0.101288282487402,-0.670552850637381,0.118728786843824,-1.09195751731936,-0.408521622576801,-1.01622310404672,-1.6753338398758,-1.9600559854128,1.18837612412846,1.94140741512721
1.14039110593712,0.425652464361209,0.667746243108977,0.0280152322775634,0.575289083831895,0.704699265059912,-0.693599626374856,-0.923167268657461,2.99015486186359,3.12522990125413
0.658779675323308,1.34860786820759,-0.155728500938336,0.208025421245399,1.78142063853541,-0.809956435360207,-0.417121450739362,-0.386462880679085,2.77142000870825,3.54938072085823
-0.396430365476746,-0.343379785090255,-0.755519210657988,-0.794765868380668,-1.24721416770302,-1.73520710986119,-1.57830525824675,-1.15163400680539,0.555990172169725,1.69356987091043
-0.0256120789916493,-0.439746242279752,0.394583809704032,-0.663122190085015,0.0166484454504103,-1.18148423393678,-1.11260874983979,-2.35485676286664,0.550621022087642,3.13973289916698
-0.158509331955092,-0.864862058601195,-0.389098498469,-1.17484988348882,-1.30807639814968,-0.482776761849709,-1.21302620837082,-2.52836866673313,1.08210125798295,1.48872277178485
0.0824826134362332,-1.22873392674692,-1.10484813141548,-0.818818346514778,-0.468266224889532,-0.863814065215866,-1.20294082675987,-2.37012140176337,0.39765097442166,1.58915779123598
2.20406884996431,2.19810279327885,1.98329564327346,0.898223370575268,1.9129835090363,0.849248508272373,0.652755685769048,0.94617833730556,3.02976297865681,4.21529191808623
-0.291764132356652,-1.54655892424705,-0.765246374221663,-1.67934866014373,-1.13772697992134,-0.855646510724397,-1.69526062469477,-1.31626762557453,0.0172011199525399,1.12852230254306
-0.644576803964316,-0.397588351771146,0.132380230974832,-0.478936960035762,-0.0795948997424437,-1.76693682534347,-0.422587879457638,-2.53810629963252,0.525008198563766,2.88507267672695
-0.963220134209951,-0.19349721132027,-0.876070253279553,-0.689835089486132,-0.872941102988216,-1.28653304501075,-1.38940719666721,-2.61049612385517,0.732694719533605,1.87594280262704
1.96831231901134,1.5631592502596,1.76407695268995,1.68931412266868,1.68703902945731,0.981352509867168,1.3083087103689,0.382045398360446,3.44547914569451,4.30776588106676
-0.00368112477370341,-0.870648600753311,-1.49638431266086,-1.29266704062387,-0.341529740778417,-1.30501796684676,-1.61292883510402,-2.39321111364373,0.339479183527363,2.11860249267795
-0.694292818252649,-0.628475140834361,-0.638311555510733,-1.64196355501549,-1.97482095481128,-1.41158086674876,-1.67947965754926,-2.06361878199673,1.31751853666932,1.70926576078161
-1.07517626073034,-1.54631955699582,-1.35968543886461,-1.06547589293912,-1.40448717802662,-1.63008569831113,-1.77756831575043,-2.1614710334568,0.253752283128183,1.70845061606667
-1.05346393153907,-1.38400786125215,-1.31795457698288,-1.26460453302347,-1.23408803991979,-1.54307201397118,-1.63205980118939,-2.666598747894,0.213590779752293,1.37980033683149
-1.07107826996855,-1.39135569099943,-1.31936479431851,-1.68529781477166,-1.70911806352099,-1.53213815649893,-1.7492068117866,-2.73689658161882,-0.175979649226757,1.22274421535098
-0.989230019834641,-1.4408101883193,-1.26674736972856,-1.92002066883338,-2.07876062475018,-1.92057928526849,-2.14495651628244,-2.4135199191293,0.35058590265989,1.12215437698303
