0.409412420102818,0.174523419369984,0.201248212946628,0.0416073099673867,0.109231711591086,-0.147798195681211,-0.195780183263437,-1.03133460140578,1.65856678624902,2.94819393607508
0.577983559033767,0.564452914040206,0.0382206851203475,-0.167383829000324,0.857974147019966,-0.0167638145537566,0.493928048855065,-0.506021576709408,1.19396129640918,2.2835354079366
-0.179583462444986,-0.312924200417544,-0.321208462088229,0.396774004210704,-0.27015080300506,-0.255067746883338,0.0477943328785464,-1.57932763896086,2.09022980172208,3.30222771806522
0.306139033883688,-0.0867695856608401,-0.223159918455245,-0.291961277680428,-0.00345865150128977,-0.437103138472597,-0.550067346223582,-1.37180372946527,1.3287948855686,2.7407960752258
-0.643969108833903,0.479528480995256,-0.162299237805348,-0.223165017929539,-1.03357708273314,-0.310096668646304,-0.661899757331141,-0.247129805670337,1.53238477159691,2.57863347281504
0.757154835026342,-0.989519340471029,0.405602633527285,0.17694130420055,-0.945158329412495,0.0702810849903144,-0.374460061122491,-1.40258218737051,1.58369256159521,2.52928644646101
1.16322719914344,0.631834472898513,1.42593558776987,1.34948244480606,1.28510659172348,0.859672974605086,-0.341916700746121,-0.762398161287077,2.15492598518243,4.39641008901458
1.4607662949861,0.425154732501297,-0.198885196620744,0.9378064757208,-0.332909251281211,-0.626700308569297,0.393913748535758,-1.18469248658387,1.86626660675372,3.27276255231037
0.920454181070918,-0.275035232650527,-0.346925307966365,0.0964649382766379,-0.341493108043017,-0.214132074368719,-0.23225374404453,-1.56670438572852,2.19657226446201,2.8511135075719
-0.829221143604406,0.867863345370002,0.179123643082585,-0.182106490294791,-0.417780293397708,0.0095521361575972,-0.0536823154731019,-1.09085226842903,1.14280033463745,3.95135160281
0.245333753979533,-1.16827521584596,0.278577878707744,0.233844046711553,0.584033729177507,-0.0604018554403305,0.231685163441709,-1.50531457033808,2.25127293363759,3.1714663335891
-0.323162816392676,-0.448033553233495,1.33669694467504,1.68678913679958,0.000102574148392987,-0.0282399139731186,0.0814742950034615,-1.11815998707953,1.43715605454959,1.85716438345025
0.404551984581711,0.513839632293663,-0.503169017379322,0.600979701250695,0.866173468619746,0.179266863717976,-1.16450624758581,-1.33281779498071,2.06641709980389,3.22731900527627
-0.981880158416523,-0.168378181794124,-0.360940242719849,-0.59298846382405,-0.124619353279175,-1.11410242246388,-0.283218424168943,-1.54834331918766,0.748916578292105,1.07181112487555
0.0964478342311217,-0.405825711263745,-0.29625258307924,0.019935627838595,-0.519573204073695,0.164445930497488,-0.567090856717959,-1.9726333324938,1.59629021693447,2.45969280702002
0.402210750674386,0.966519178909688,1.57239309061348,1.38428426344868,1.13798011621685,-0.0463940891305493,0.846651705701187,0.287334430172956,2.20697578881842,3.50963273722546
0.0599304886646153,-0.572072439300082,-0.61617571750177,-0.298224811219789,-0.0620003391634141,-1.05854159418234,-0.418560480763882,-1.91097651821077,1.77238677690995,2.28120429982016
0.418476347822336,0.827379393963452,-0.290854772634379,-1.00695607516008,1.37975127609145,-0.969239155649396,0.109582740183945,-0.490443347604822,0.5785296735302,1.73690546449819
0.665186109020604,-0.465894263465011,1.7324240325539,0.892610280477787,0.655462300606078,0.196391622820539,0.367308842088644,0.408990985217473,2.40341579078045,4.48183218724764
1.39492575762666,1.34051927905413,0.290273212744565,0.136803308045027,0.681369039277727,-0.148158962762592,-0.708186207203126,-0.534326335433773,2.28400231408605,2.52458834408287
1.3736034858189,1.71510636357225,0.58287681454766,-0.416286942032627,1.34405537653897,0.651939156770727,0.406559451955432,-0.916567096657258,2.25644971281502,2.79628980360048
0.727029143828795,0.165913357561519,1.00669985822431,0.205138059131696,0.554186612216785,0.500633618634083,-0.00628261497382399,-0.347730643037995,2.50758120749002,3.01330802624712
0.884263784509298,2.03400838594199,1.00170778854207,1.48503800036161,0.899843433828748,0.266491156423268,-0.19032095606527,-0.284376183265099,2.31218404969856,3.56093839090137
1.26696119630718,0.981055717639775,1.50753326238467,1.37657762388228,1.18338365747728,0.926725078590891,0.950260895517273,-0.220616668273593,2.71481807318758,3.95551043310316
0.613635999252737,0.8856655431722,-0.313101778554601,0.827253115616539,0.058969426647085,-1.0701013415082,-0.392128352195001,-1.75609471675972,0.694379282005866,3.1542647680761
1.66357438703802,1.74071272729678,1.73905975728015,1.65701153617595,1.91384218518236,1.21923091086945,1.48950884855833,0.613421386694695,2.48329157829211,3.98690546449819
1.05813522718321,0.271258883862182,1.31481421437281,0.87383125635366,0.215836949895137,0.683486213195443,0.169306269597927,0.0767358813203818,2.58873288417585,3.09841731559188
0.952261809299994,0.507125954087663,0.0462505530827017,-0.0863344961839261,0.246690191942071,-0.106319384790265,0.543596453477176,-0.519572710002891,2.79174721424393,2.84586774315781
1.48173724445526,0.360313175397554,1.31575349155606,0.818560930731908,0.604793378049114,0.535095577227411,0.065910349951892,-0.613514947407539,2.80664412071888,3.20965520057496
1.94048816835968,1.57560670994914,1.60513679501797,1.77383125635366,1.34083694989514,1.82348621319544,1.11667469065056,0.964490983361198,2.92744256159521,4.3214942386688
1.94048816835968,1.57560670994914,1.60513679501797,1.77383125635366,1.34083694989514,1.82348621319544,1.11667469065056,0.964490983361198,2.92744256159521,4.3214942386688
2.04544214222239,1.61846178861129,0.895667707375919,0.827773115488031,1.59686877141891,0.614543104475216,1.00647933666526,0.850208862070453,2.97575782133047,4.46292439776445
-0.580615141315018,-0.644784042073624,-0.731160517201575,-0.632095558465677,-0.8855925434468,-1.74413033281525,-1.22215273394352,-1.00691649699326,0.667253961818345,2.3240711055295
1.57196933258607,1.53643477394143,1.47807469203363,1.48932208113378,1.68024602239177,1.2580901478535,1.26774625595547,0.302728812652047,3.06280033463745,4.40468493614333
-0.30303066741393,-0.663565226058569,-1.36121102225208,-0.958046339918851,-1.02808731094157,-0.616909852146496,-0.23225374404453,-2.06265580273257,0.141747703058498,1.46468493614333
1.83289638560476,1.08635520471725,2.12602588332118,1.60838740416927,0.666283994015199,1.49434400638878,0.808819975224385,-0.876792773097638,2.83343598755102,3.96814888211039
1.85053600658621,1.45475023615571,1.53799368932794,1.99043766551472,1.93468452814211,1.21438379600562,1.93820367624265,0.549907342855875,2.88292366100709,4.39945275473096
-0.024778223307734,-0.881782204583302,-0.804185337767649,-0.873176047101319,-0.175322041728912,-1.06666472250871,-1.17147832838388,-2.47726301420662,1.46534524313556,2.14340991390436
0.0484786465560515,-1.46815770051106,-1.06814699301713,-0.270973463070496,-0.926716061216552,-1.68972073616918,-1.16730961526321,-1.58340815089574,0.528940518577903,1.61298228070423
-1.44842932018406,-1.36492276662793,-0.206835950951489,-1.08907450821443,-0.472867561684658,-1.54144621432923,-1.54073866955931,-2.13650972930818,0.975703672351422,2.21630528209341
-1.3032827554573,-1.17663313244584,-0.472030460051852,-1.08251699384083,-1.35362605043769,-1.40815207060294,-1.45934163506614,-2.22152390078427,0.349568852966093,1.75842123171743
-0.55285571447468,-0.986434765609791,-1.72520366886523,-1.35618773209357,-1.57385727273544,-1.32125714605696,-1.10587165348132,-2.52603501306601,1.0642077301982,1.79090337667731
-0.107654069564588,-0.63676958566084,-0.410659918455245,-1.35078480709219,-0.580381728424367,-1.8433531384726,-1.49451179066803,-2.64538863512565,0.488794885568605,1.6907960752258
2.29544214222239,1.7338464039959,1.93015046599661,1.80277311548803,2.0833552579054,1.61454310447522,1.37011570030162,1.11943963130122,3.6931491256783,4.89149582633588
1.80536939375043,2.37905281698306,2.09859499364311,2.09145610933469,1.94019188759855,1.30227657828322,1.73658001249976,0.765540011371915,3.64169690768738,4.5728040157208
-1.33642561296198,-1.25928727270322,-1.26094024271985,-1.34298846382405,-1.08615781481764,-1.78076908913055,-1.51049115144167,-2.38657861330531,-0.516708421707895,0.986905464498191
0.128646687859218,-1.1402499517151,-1.35417123169988,-0.552221082198876,-1.20324634533766,-1.83439378057636,-2.17413602799166,-2.47373348451834,0.729601927238854,1.34091487469511
-1.09058757989718,-1.32547658063002,-1.29875178705337,-1.45839269003261,-1.39076828840891,-1.64779819568121,-1.69578018326344,-2.53133460140578,0.158566786249019,1.44819393607508
-1.09058757989718,-1.32547658063002,-1.29875178705337,-1.45839269003261,-1.39076828840891,-1.64779819568121,-1.69578018326344,-2.53133460140578,0.158566786249019,1.44819393607508
-1.64089370762431,-1.08277359977205,-1.23934221889361,-1.64299257346322,-1.08229329918535,-1.78213402081459,-2.14745591322977,-3.06656123427499,-0.519957556329227,1.47411995923717
