0.889774443564773,1.72879359268365,-1.01283544174201,0.60720435315555,0.185168648023589,-0.124742117851889,1.03617315021387,0.0238913107580681,0.970132031366265,-0.181837317707852
-0.256058015087295,1.08104599554441,-1.51239806328489,-0.0537487786929103,-0.695093084601043,-1.13149866485707,-0.19669312117607,-1.427622602989,-0.143601704479973,-0.532105392699494
1.47688876343332,2.21852046100934,-0.642724469981939,1.10855089115043,0.555395852138045,0.185427873619351,1.4047130952013,0.716868841730073,1.27058269419116,0.1980016235249
-0.974729745243241,0.00319106057266749,-0.627151151595625,-0.0627692156279749,-1.11069478021778,-1.78382458763242,1.41815725182416,0.283280820108851,-0.527364309839645,-2.67962792727909
1.21865643187912,-1.02066338321352,-1.08020815886955,-1.37081990936994,0.430243791208718,-2.102151177531,3.41157845633011,1.79734019400016,0.978660775221578,0.00177079549593073
0.00336251660009657,2.67993593862125,1.05587531407566,3.11416025385102,1.30917904247423,0.881253493945705,0.533078830725072,2.32654314446984,-0.263942251712042,-0.211535757105486
0.848968880469674,2.18398925720583,-2.16633893250731,2.46977395380763,-1.31820149687819,0.434314310647159,2.52127573670389,2.13021655737596,0.496082945482423,1.94938354188426
-0.267912598397517,2.30403736157759,-1.82303050007041,2.19160100598104,-2.69521431597903,-0.879499431496615,-0.963868446805294,-0.795162545311745,-1.72396679366515,-2.75549037832768
-3.56354940962696,-0.0351682392662083,-1.0408336376571,-0.458380586072057,-2.30919422580121,-2.07072426481923,1.12195716361159,-1.93518492145075,-0.420426728830587,-2.43674540878547
0.063923734516474,1.94887130897428,0.0419835754171272,0.895297977161776,0.245661160253829,2.04268050279115,2.91496634273868,-1.9243842065998,3.7158966486173,0.323992970586039
-0.271842632279845,2.90845821703083,-3.8520948644121,1.57272741026795,-0.142470242372854,1.00570691333462,0.885744525557375,2.26736748779485,-0.392559130046462,-1.71687834732629
1.08154693544386,-0.0573348195367092,1.67699351010664,4.12352466611564,1.19775172169197,-2.84774438718518,-1.49491082243119,-0.230757575395449,2.03565685870435,0.0953915063359645
1.45379015234762,0.492226107608448,-2.17657917260053,0.661761809632813,1.02475502507615,-3.99789460175166,-1.93863357496736,-2.82123540693225,-0.554463958249968,-1.27028182253139
1.33245150196658,1.70371893180179,0.176557213803015,1.52344886327547,1.46034343393045,2.17758281378546,3.80536476582415,-0.825169404022307,1.64899098750519,2.69964306393812
2.29969560990162,3.72247382230205,-0.531336399053203,2.08563004019888,0.41460865569744,2.14921673938989,2.21326480864464,1.99222798688142,1.22705703590986,1.0926052836628
1.87181709227409,4.45908798964471,-0.0278078609697521,1.13630488225608,2.65430445049272,2.87826088515111,1.2419344670863,0.486854273721031,2.16487516159327,0.704687504987184
2.79094633809822,1.70818277680174,0.179045438428395,2.72559232551483,-0.30493942011391,0.215072538268672,4.68862290105452,3.08554963819254,-1.19190327641641,-1.6096339559309
-1.08257399807312,0.331899929290495,-4.26229853003342,-1.80121949176179,-1.09289051938114,-2.68341120116618,0.0835153886092135,-2.39456314761081,-0.489858999867354,-4.11607744578155
-1.6605821924913,-3.19017732574282,-2.09126507892105,-2.28210705401443,-2.06049949192351,-3.20840260828918,-1.33426628416026,-4.77923336201253,-1.75482791096938,-0.887811745927108
-0.727359448485168,-1.88900759080567,-3.22801957022254,-1.97142646343935,-1.57389100038162,-4.09988945267351,-3.75736252634278,-0.580821051856523,-2.78731270357106,-4.33506953469234
-0.804300634785554,-0.961825400409204,-4.77087630505908,-1.66283482519898,-4.14961168642859,-3.1379178720856,-0.589029628570249,-2.09831755217046,-0.725026252240949,-5.04608343178838
4.05370637986742,2.00203366657642,0.347580958823061,2.71025964013209,3.79151127232061,-0.909881440561398,4.41521124651459,3.56302153455933,3.2004845994746,0.890454114424265
-0.526892671643745,0.981891861996536,-4.29605404154775,0.0503989835180696,-3.52836075949326,-1.74501811244424,-2.12461386739756,-4.51464182353009,-2.16585988955704,-4.92483583653538
-2.32125490178623,-1.4259799320005,-4.65400122913422,-3.04665424029681,-3.3885923219638,-3.86331866441956,-2.50924921160297,-3.56106860521087,-2.48836531654258,-3.59525035405538
-1.17439918347017,-0.951421137722378,-3.09781640156178,-1.35453541696634,-4.0122181280097,-2.64530110832987,-3.52176994379096,-3.57964800335107,-4.55325391346008,-4.53197545532861
3.49720592699044,4.34806653612543,2.84166955519092,1.19117953123,2.64650071645287,3.71487499904091,4.78708062040172,3.77120414181214,1.65776257158093,2.25998030243299
-3.41758641390888,-1.23194418113824,-4.35126979345723,-3.43831312694137,-3.76812059793659,-3.31002170500064,-2.71728825511669,-3.61724083504698,-2.10186519950947,-3.64324264827206
4.82495962874996,4.55173848879928,1.47135606683974,4.31090805685925,3.16135912421407,2.045396771037,4.17770754174826,1.46422052886506,1.89605795729219,3.24006284332274
-3.57911070126229,-2.03536270583057,-4.968984222061,-3.34347178660735,-2.1156009314876,-2.3866183269264,-3.25345876358762,-5.55951684670308,0.562873166785921,-4.31867844906425
1.42263603058075,4.58413646654415,0.76722574981288,3.7406787739995,3.33708781065077,-0.20281073349069,6.19804998587507,4.35203109549871,3.55321828554162,2.24648756723191
1.40756153536174,6.74594872112608,3.57530957874905,1.31069263168282,3.84165921853808,2.59526202306546,4.57798959897331,2.78596348971863,4.04105649045597,1.57602631368832
3.28466591246612,7.11254835243159,1.4647431299473,2.1865685075587,5.26616064303951,0.869071546874983,5.524959295943,2.69778006820188,3.47090505823557,4.1876122586076
3.65533228106658,5.78826612128316,1.86396445447187,2.70206242897297,2.37468947501117,3.34781197200441,5.64551556418441,4.99480201494617,6.83428630727717,1.77073334567521
-3.30788427887212,-2.88505856657422,-5.66881315731061,-4.48447277792477,-3.71988848392356,-4.49610496037367,-4.22179896871398,-5.15149668842306,-3.92573970588663,-5.19411729689754
-4.35054785428227,-3.65916009625229,-6.57711334484823,-4.6947380102803,-4.73045665694728,-4.85355009005507,-4.37464647696006,-4.42002611057378,-4.37874788875624,-5.23841190144934
-3.99911489386597,-3.00473365240676,-6.61086885636256,-4.24854281542373,-4.94296981299121,-5.6701388853911,-4.35960748170152,-5.4791479963696,-4.69111241480957,-5.19716699121948
5.5194040731944,6.35842322231328,3.61679418788762,5.23683398278518,4.81479827765322,4.50488751177774,5.6658027798435,4.6535209403877,5.59976166099589,4.44779231192178
7.00804223844301,7.95896137213637,4.31841038275096,6.56243790732563,4.27333109640934,5.71634481977132,6.87234861277867,3.41500708267623,6.04426836331116,5.51817917526618
6.93800435747303,7.83327932725876,4.60525803012504,6.21260501896245,5.87066693729546,5.3959405948397,6.75001004765629,5.69819065404839,6.77089394271668,5.66400890520388
7.47100520140597,9.15370450236337,6.35544741978799,8.87725272214045,7.55265208406366,6.37772048114698,8.36044385087391,6.79338546105461,9.13068811639758,6.86226519677156
