-0.560715257990778,1.25626485182886,-0.256272093223299,0.405048248631155,-0.66367193535051,-0.131616313883518,1.2670697007221,0.406457232147927,0.0533824867553438,-1.08819155355908
-0.158356857391988,0.542184545791656,-0.44050449649677,-1.16223676781881,-3.90968419016156,-0.239248640824019,-0.683689966789474,-2.72147857396424,0.505734686461852,-0.740766657726164
1.36110685366862,3.38671388493276,1.16580125999594,1.678142488656,0.892294222385559,0.477899853725713,-1.03208004767283,0.0691782703246933,-0.749150915986284,-2.51283623041615
-2.2500395982348,1.95482983429865,-1.92200498918385,-1.78004571215153,-0.424527132625568,-0.928471576785366,-0.209172175579496,-2.04740350716959,0.64093984026488,-2.7866450594895
-0.0393024607585573,1.33868223981753,0.622707602967465,3.3663810423573,-1.72396399005866,0.113128392059016,-1.73159341795099,1.48453132003009,2.87061621338829,1.15959192907972
1.30331789315261,-1.0631200763439,-3.28945692866609,1.6577698692745,2.18408890661623,0.289302096512829,2.92344279308676,1.01555358688365,-0.715926585936452,-0.44374723535741
0.56418721267891,0.757334879207447,0.751211907056615,1.71667498394042,2.35017439040568,-1.62273661725946,4.29402655487946,-0.721583179160514,0.513004839130648,0.656490428219209
-1.62713564202462,2.18564946582104,-1.74736673836865,2.50414015344669,0.19030637369691,-3.67117301161829,0.523388512008154,-0.467016902200371,1.3780842844715,0.0468413543856867
0.641254204675378,0.248105025723299,-3.40482386647433,-2.82686582313671,0.394155985654308,1.43195486809108,-2.24353330520989,-0.0107870973432553,-2.44690569386775,0.183130450631251
-0.957431432463212,4.04764093095333,0.536514429720226,1.32216225161956,1.56510695743825,-1.01909024941158,1.31806357972237,2.98001603595698,0.697171384914346,0.363555893096007
-0.744311879742895,1.1582042673733,-3.67006008688467,-0.188376033346445,-3.87363453763287,-0.0206683856984333,-0.913538773169698,1.49301057331391,-1.04094006048579,0.882467945771764
1.7909724925182,2.14094005964205,1.7616149115629,2.46214264724444,3.3864386825247,0.201772442586867,1.36835913104101,0.133177039307409,2.55136246981789,0.944725174954044
-2.54890897538438,-1.39918635576917,-3.38407719342081,0.335909170563061,-0.253135860429609,-0.332530072752268,1.07016277404339,-4.2062398809511,0.58192803241308,-1.06655258472821
2.15394471778383,3.67970993646478,0.626668931688318,1.9371760053449,2.60014014814693,-1.74498623767301,2.01195099446483,0.359847936284579,1.14050741747902,-2.15983410483274
3.37397504691766,1.54870411431002,-2.16160988505109,-0.0826395165212424,0.196611336243381,-2.58472829933681,2.3979984659008,1.96550798130613,2.76362163275803,-0.442287496655002
-2.52140631377358,-1.42622659867403,0.333773599716887,-1.81267092993744,-2.18028691222325,0.179734488815684,-1.51806937113983,0.889677174408121,-1.98669994706811,-4.47544665668043
0.69627376106499,4.06457788314878,1.59705664070492,1.32216225161956,2.50600818823878,0.958411305926719,1.57333927747594,3.9625608936765,1.62730505841085,-0.132151028874968
-1.33758110621077,4.11707193652041,1.672044520664,-0.587476407029658,3.77983528509378,1.91801084942003,0.142747980561821,1.61623725039824,2.52612186178384,-0.759760849556117
0.0948075214258066,1.8093621969616,3.23697429708876,2.03522989744345,3.24054461852768,1.40003787263793,2.41751217859821,2.47135398731017,3.08086269169247,0.0180031367064066
1.79452678985135,5.76100853574151,-0.232623046991611,-0.551534588652945,1.41300750396282,0.891515170799475,-0.448157548695279,1.84601439951238,2.90885963808344,1.20004319874588
-1.26302795614766,2.10511236249899,0.383196801693327,2.92936083325981,0.576894867058708,1.24625996103199,2.54819184235864,2.18753205097683,5.02456879905076,-1.30499831885526
2.58483501204444,2.15701268375347,0.0335204408957344,3.01044170717713,0.779520404243852,3.50990819529265,2.01326548312183,2.80149346038932,3.7111888037341,-0.77102557287635
-0.830257945691776,3.94465412542717,-3.20863031046308,2.06454012694005,0.93951275653649,2.79692719040843,2.7136363343311,3.48761134086312,1.5432094937452,-0.207722290995781
-3.83736977937522,0.319843695551505,-2.33440913328328,-0.216996426036782,-0.933736589778742,-2.24709890308437,-4.24315074130039,-2.69094844765019,-0.788578183388312,-3.14843877245422
-4.26339786917345,5.08682217471323,-0.788174400604725,1.55758367721503,-3.51126129904268,-0.138386430277488,-0.995564939980335,-0.650793484687911,-2.76739893431514,1.96115724512878
-2.68686079694759,0.923458919078182,-3.82773369011815,-2.74550110238568,-3.41872453577171,-3.06813462963121,-3.57022622109151,-3.73287331271534,0.437509421126496,-2.11528010438561
-2.40442447495986,0.237653559346764,-2.84195871908219,-4.14565008232286,-4.43882298028083,-1.17701428360315,-3.86750944381,1.76521104046291,0.121486406354546,-3.84262614769371
1.32141629890718,4.05915698092148,1.19626043092224,2.66806558000415,4.16512574867019,2.14571688137913,3.55213848918657,3.3717015542416,3.61953625128203,-0.431160660147733
-4.53039077479289,-0.242711258999857,-5.23020396014392,-2.75966303356517,-2.73338897471645,-3.15429284340936,0.00349113522948352,-1.35582522731406,-2.17181586027281,-3.71447475531254
-4.61378057999069,-0.830339945600433,-3.75578606798706,-3.69140640103846,-3.47778721111402,-2.38739943562168,-3.63343734624953,-2.16228556851765,0.152784526936423,-2.92411063060123
2.48217227369071,6.68318778204176,1.63271444778333,2.7228958188179,1.86301620697405,1.63446202162436,3.39104218050315,2.59727456202973,2.51900019298998,3.01674099615475
-2.07076775158396,-2.80668143923269,-2.85886740724433,-1.57992129026551,-5.63320243787491,-0.962965987085191,-3.73999295324713,-3.76533204448928,-2.11284716015316,-3.59262362340861
-4.77145180851809,-0.162574446364806,-3.20478433933856,-3.21585623828357,-1.962258941799,-3.22790998440281,-3.6118031756876,-2.98320899970649,-2.763853438513,-4.26522059010505
2.28979058842715,5.89304871756641,0.320671354285826,2.82882417493088,2.21761520176299,0.416432263771588,5.42767253571758,0.998378213743698,4.78065805389333,0.836767577243279
2.66284209931474,4.53034406852372,1.91311226649505,3.53455163215053,3.24347131508244,2.65023847927393,3.27517726249977,4.11781628880148,4.13866597685142,1.44277022506234
-4.68433557368176,-1.18161440345786,-5.67095657728536,-4.36733375212717,-2.15201553584064,-2.26218446115517,-2.19471716724292,-4.54207414588008,-1.96472951511051,-1.67356445862591
3.56443829427613,6.82295543839638,3.51142052006081,2.95777270460308,1.9802868323041,4.2838455542803,3.28253826945499,3.70156678318352,5.63180041412156,2.09999820099577
5.77611912659023,7.24204206947627,2.88442875237214,3.34475905434057,3.52562565259924,3.58836340815279,2.37968708504377,5.17646571710906,1.94105797380386,4.25410701145503
-4.96676353879306,-2.44149178531166,-6.4504086906511,-4.85986209700294,-5.8102215068024,-5.12990494665947,-4.40993801725482,-6.02393173807861,-4.4609958411255,-6.15467667420618
5.82362209990201,8.85560754645574,5.49331943160441,6.57759689585977,6.86892276838283,7.80865039111281,7.28155485247479,6.5007719674054,7.77995302629174,5.22152508122186
