-0.560715257990778,1.25626485182886,-0.256272093223299,0.405048248631155,-0.66367193535051,-0.131616313883518,1.2670697007221,0.406457232147927,0.0533824867553438,-1.08819155355908
-1.63154300958331,1.21033654613898,1.3114055105571,-0.0818868615721979,-0.99403969233722,-1.97523836688612,0.817440489266017,-0.540060183055213,-1.53046442392668,-1.47420946564197
-0.335138328248268,1.50195622570467,1.21368060807409,-1.54196028074349,1.04380232606226,-0.424710315022346,2.86302552732662,-0.830909388691135,0.0605354067921906,1.71668374205809
-2.32995076970822,1.59068171835068,-1.10281291629862,0.216141488196465,-1.87316186305258,1.12965215074153,-0.240988213011328,-1.35118164752728,-0.341963751526436,-2.95595293148125
0.721560971004715,1.83410830628974,-1.06294801508134,-1.61364723834729,-1.72398274514992,2.13741225379584,1.36161652623848,3.01804147899207,0.517537383362193,0.592979520247401
0.916766169160654,2.66757495989913,0.0340732753955093,3.05846365117907,0.342998555456178,-1.28655483408805,2.27275449892785,1.70851250030008,-0.109985638928936,0.267246009828854
0.538556151362536,-0.869654656164133,0.269171891500991,-0.480297756550599,-1.45572971464793,-0.445560369497187,1.18897134478168,2.19849318097489,2.80392635629766,-3.26464035958612
0.230281109569817,1.64251395835986,-1.91805629823565,-1.14861875377561,-0.878791521296113,-0.532906446902453,2.00654455400825,2.30645035999453,-1.58543131586565,2.86801529106509
1.3422563668784,1.85078168246219,-1.50151209841355,1.58965953566886,1.01763311671064,1.47343092446746,1.3297800997032,-0.67992231826417,3.5260318935205,-1.07473139894519
-1.32593063995418,-0.349703403705924,-1.94761802026349,-4.10035317439962,1.03762383374426,-0.0170466422530378,1.48651583016152,-0.338730376003288,-1.4927082772072,-2.52747121923265
2.42100886610478,2.25863800999565,-0.141332334668586,1.89359913846431,-0.402028067663641,-2.26557853523329,1.3574770112294,1.71337582936075,1.49697461279942,3.11654758378741
-2.88585342721757,2.14600902162717,-0.771881451972815,-1.57477799783286,-1.4594415495182,-2.14795503071225,0.370989512658954,-0.392610565710555,-0.609239252864418,-3.79618381324941
-1.80904838950302,-0.991864012533033,0.594200981255609,0.169526684950032,-4.64145687133081,-2.71887464381252,-0.679593032256027,-1.46722934203374,1.16504175442564,-1.00064403002997
0.43837655669957,0.956023822610744,-2.88887946103169,-1.40249697563922,-1.28650626139916,-1.37408500146616,-0.156751822322009,-0.719573467113344,1.08005904707911,-4.73167563937802
2.70974611781476,1.42151757376763,2.19162814988158,0.836285961414401,0.625835673752141,1.49225605728551,3.11247394479866,3.2458485162308,-0.578055383129989,-1.23752643044605
1.50448403553833,3.30967169170369,2.61354925147139,2.97384468525719,1.27796214711442,2.91169221125318,2.44614468004811,0.395317386727866,0.637530592161879,-0.779210644217867
1.56788124390841,2.38876264481558,1.20510347748936,2.8016522081168,2.16458620494434,0.837688457766776,3.62210422370386,2.07044154671042,2.46313205749316,0.849778919669844
-1.34951206698653,4.00670421493282,1.71403581840771,-0.544118583509051,-3.21843081156422,1.78582292702528,2.26208519544489,-0.34733548058576,-0.401348539341507,2.77365403444551
-1.36491673378663,0.409895206215986,1.26737596025294,2.26328539305459,-2.31186638329718,-1.79486701345506,0.558416047413805,-4.47928043150233,2.1156708963751,-2.67888824970723
0.147634316572522,3.18869849943382,1.07447839142747,2.97791316761328,1.7645520298598,0.325766131516684,3.7203644439935,2.29400532836277,2.87431272561961,-1.80688460849988
1.09798867243967,3.08467506178238,-1.71168881927345,3.79719072273714,-2.01415199858976,2.41497080367984,2.5916046462458,2.81366085339855,1.7615274806317,-0.379300605029293
0.725380558730375,4.56593555905205,0.0360113809507741,3.27389112705978,-0.657728144829966,0.430799510935844,3.0558151665589,1.00351980935131,3.2558818945423,2.13917592851034
-2.61496928865725,-1.07709885549662,-2.45717382485784,-2.14161663629751,-3.63001862986944,-2.31336802643481,-1.37546384697196,-2.53037035019628,-1.9883730941342,-3.15617896041702
0.848998932814455,5.77578620437888,1.21942980869529,2.03562594342718,1.90552492105065,2.50888450971001,0.738779162559529,0.895648986905353,3.22558177944288,2.27829225095153
-0.268257821397274,4.55570662102924,-0.646132228432028,2.81801632027092,0.535410868008686,3.14651960003419,3.90666755115794,3.10821831475531,1.74042575240159,-2.10269819546268
0.932269118399045,4.27613313497628,0.983069755447476,2.24889521772632,0.161265355308558,4.68354874683971,1.77172247872675,2.29285620121972,3.89600222987185,2.09026013742841
3.02609062869653,3.55860608226713,3.96266548389904,2.77224465411923,-0.148099193186426,3.71736517196048,3.13409738411738,2.27847133409993,1.98906096366285,0.963045966735975
-2.26574509601294,-1.15919408536921,-3.05130314912392,-1.8194209121373,-2.29410671795921,-1.94321051678207,-2.84573875991244,-3.6804992895912,-4.10540768337698,-4.5664524231243
2.6519112036137,3.17633038348064,2.70126300139056,2.69402168322151,2.44094157403305,1.4546711928491,4.91591606164488,3.59791573841643,3.49607094375723,0.795572773321033
0.470135547082941,2.43588018476046,2.89414963148436,1.6991385073377,2.62602153014651,3.55357462476525,5.43156449593007,3.65705582497299,3.7256003278136,1.66681952159564
3.89532487761052,3.73564401058423,2.28077408129135,1.84036779886571,1.60397287271723,3.83114222353236,3.6616188052716,3.37742271623879,3.21335192977737,2.84418211182274
3.69374938807751,3.04529963139797,3.37979804560541,4.64770467579966,1.61616228318983,1.01045580846035,3.51755013838882,5.09983097361703,2.43174025632328,2.51050237207835
-2.96928023366075,-2.75952926113721,-4.08067989497265,-3.29759906827979,-5.04297294389542,-1.99557925129572,-3.07588846291128,-4.18816819532564,-0.627296847514388,-3.41712270329302
1.95613962225069,5.16212181245729,0.690229335612934,3.49203807309983,2.14206472724063,3.53806843376478,5.92167546949014,4.63662565759704,1.54785803581182,0.658529863050841
-3.60489166426241,-0.292511088367656,-3.86283304368092,-3.19767952373799,-4.50810974537146,-1.07558351168724,-2.66710378919572,-2.96853415597173,-4.3529561526381,-5.64230232640222
-4.43800845572281,-2.39083820285451,-4.24096504914344,-3.37702350548212,-3.80429860130186,-3.91010910202438,-2.5094891891183,-3.20005777428518,-3.40290515906951,-5.27175991716276
-4.05322932933613,-0.436670086113005,-3.04878840034919,-3.65740600255237,-3.4758575004736,-6.15935870285826,-1.96614273985837,-4.24728332834435,-1.96097982125269,-5.99074855102694
-4.59429409018336,-2.38948297729768,-4.14076599669777,-3.71349933757827,-4.21907799140971,-4.20693549588748,-3.00418899204596,-3.05234293942645,-3.9009629572873,-5.19700750934457
2.0241612157965,5.2910007386763,1.41802431942017,1.83227437343058,3.10050881354141,5.8101587669111,6.12587044970866,5.65707454865926,2.79641485186895,1.6591768478769
4.52307390368259,6.66200307925645,5.16422763277854,5.32286289269004,5.3676219856047,5.17622396605609,6.30861426939587,6.0296168196359,7.13176283547246,4.39430677575786
