-0.560715257990778,1.25626485182886,-0.256272093223299,0.405048248631155,-0.66367193535051,-0.131616313883518,1.2670697007221,0.406457232147927,0.0533824867553438,-1.08819155355908
0.911822091101767,1.01385070738053,0.880298689029615,0.777251024934048,0.483501883910532,-1.35380526182865,1.28661276813118,-0.891908370880641,-0.487008626070576,-1.51424704103037
-1.1848818237469,0.132200419647911,0.168964444016155,0.287287466790593,-2.65256440334066,-1.42524547884802,0.293738334233039,-0.530386054942907,0.609212120590491,-1.04441779179452
1.08656773562797,0.481876881730599,0.172590288690746,1.47724758083739,-0.0591369759138993,2.53119632545913,0.888004734347587,0.815886048805713,-0.764318852645813,-1.31965956417703
-0.962815995888706,0.833080029022421,0.505551933514822,1.33416682084287,-1.48776915932384,-0.963241663669292,0.912742874067954,-2.0364115996772,1.08452669156522,-1.88353990163316
-0.962815995888706,0.833080029022421,0.505551933514822,1.33416682084287,-1.48776915932385,-0.963241663669292,0.912742874067955,-2.0364115996772,1.08452669156522,-1.88353990163316
-1.02434343233596,0.645373754041473,-2.69498595586708,-0.154849660755969,0.772520698310672,1.03170726655828,1.11026317866366,2.29585335886449,-1.44866454907866,-0.982255831542917
-1.06381512616344,-2.11837295118517,-3.2102339185455,-1.59464754693192,0.06987637254646,-1.00812545255928,0.512363418812271,0.31480406923213,-0.358122038220575,-0.761172567861713
1.63913720122338,2.22206457847759,2.45883513367133,2.23389480828114,-0.624166837417739,-0.347659271951466,0.645603218117627,0.864137271629102,1.31454127419551,0.887805751606189
1.01070491427603,0.128929189196279,0.949212826654425,-1.24846235272876,-1.96380311975831,1.37037994073642,-1.84214863978146,-2.6919337716857,-1.30977912345665,-2.19302375284405
-1.01492683724496,-0.0118124860305187,2.71911153394564,1.33140561628794,-1.08308456390841,1.63545999398259,2.00358079684061,0.432982599370664,3.19252850675234,0.325117516533753
-2.05328885900466,1.06961359893332,-3.27850918334984,-2.73081232925819,-1.01403189002746,-1.86452682162699,-1.29592614307183,-0.334168565350208,0.561895926202559,-1.56012206509688
1.20975419157877,0.733643883962265,2.71598638758982,2.13457810718468,-0.394764731747885,1.51840464730842,3.05235902388821,0.164830852732288,2.81227725469011,-0.0181452137978086
0.107733939870185,3.54223899464967,-0.923508134645313,-0.891512695495713,-2.62396173725807,-3.45818832199711,-0.6284737556199,0.336785710150306,0.460470609360708,-0.416148542806392
0.64740531256824,3.95893660832079,0.0684022581568358,1.10848487909373,0.276136479919985,1.2113115063855,1.25006408944915,3.39362284060785,1.33845092729029,-0.76010189702914
-0.605673603976191,-1.03658084376119,-1.58569106045655,-1.50100267078454,-2.80532101596598,-3.76224649352602,-1.10365111856583,-3.0989190746627,-1.25982866968286,-1.08396415117546
-2.66553606442587,-0.549822269828154,0.0809870114730282,1.01701770309405,-4.30361810588651,-1.16194550323887,-0.330953459583402,-2.8687073827119,0.822477318524467,-2.68303934545963
1.94666676273198,2.05298894249022,3.11444485547489,3.08329225812423,-0.748852903166209,1.88158592253761,1.7748118395852,0.597688017181038,3.03113403305577,1.02885525214131
-1.97212229948646,0.252083130783437,-1.66022581769912,-3.13979645226172,-4.25644077037726,-1.15227444383694,0.0212396652044282,-0.651488130525661,-2.56244646888212,-1.88256439953337
-1.053176170251,4.23441633270157,1.77468230601186,-0.131927947919449,2.829978216988,-1.013705388909,3.37200974010321,0.887795533769064,-1.12274019239582,1.75187083551164
-3.27160051552891,3.57762216371505,-3.05418663688985,-1.51580571882813,0.410915770501454,0.738794001007224,0.902883548614013,2.17838207804998,-3.24447269041722,1.09799748111924
-2.33809289766781,-2.21497516308505,-1.80720340627563,-1.68570994686461,-2.92245187295717,-4.07066871969516,-0.290033306259858,-2.29149558001427,-0.921959897419125,-2.68206257856604
0.216917412424473,4.59110398505546,2.30673456770009,3.69188866331589,-0.256698293777136,-0.0997681080405641,0.929971532903196,0.864313025892973,3.82147094284967,0.1688841375216
-3.25130154758015,-1.81986022055631,-0.550019498229651,-2.814609782661,-2.67614645423795,-3.20859975417792,-2.29826214638525,-2.22197388924675,-2.7590151065167,-1.63068792805346
-0.610178351376897,2.65055299095991,3.61778934384317,4.61822590863823,1.71051141217,3.03723910239047,2.20511647136684,0.614930219492771,2.54062138910709,-1.14304675868729
1.81098297072941,3.74305815207338,2.06172625640284,2.82435719916073,2.07635955926002,2.28948211963226,3.68913508338811,2.91354455651758,2.63558349142913,1.13036909222528
2.67736670619993,3.73735297365096,1.38479234378711,0.546983552441437,2.58161196452254,2.42844938956242,5.37925581962901,3.48213929014129,-0.222315415119827,0.167743326247815
-2.90816378267443,-1.46643209591984,-3.03104519640561,-1.44937145946878,-4.87632204031018,-3.92421540338149,0.734641930893646,-0.705015469296085,-4.55912786283101,-0.906065142741246
-3.67217560180004,-2.10579144433181,-2.28349471962919,-2.13805540137935,-5.27246217866783,-3.70618837213324,-0.586507500744639,-3.96863514307791,-0.831182120695317,-2.63785024646074
-4.41724985984555,-1.40231133913405,-2.32164073255356,-3.30225617894868,-1.42075214473321,-4.58806153436685,-1.0775221174474,-3.64749945538701,-1.30420096105125,-5.89046354547321
4.40236902627923,4.80004777979663,3.5368299699621,3.61237788073985,2.39818448125155,0.459227509128597,3.61607835003045,3.35876710546698,2.06828199805325,3.40881403043984
-3.69903157663155,-1.70639401332813,-5.53236951076471,-2.827531842736,-2.78541488669682,-4.28762626977603,-3.5948374672136,-1.65648688007055,-1.79931623532887,-3.79070583540852
1.85411600114082,6.04078197467356,2.095819782746,3.95143376228355,4.10253613299575,4.01346607771848,3.63533088129883,2.85605312165987,1.72581658642197,0.320263937749659
-3.65680779056539,-2.23137190899568,-3.42568847628195,-4.0221950432865,-5.52015862593831,-4.86970702427057,-4.07718557887206,-1.6241754495789,-2.26059875196529,-3.99000134894207
-3.3801980235292,-2.55289339667396,-4.50914704153215,-3.16102113403848,-4.84319482909328,-5.50894225214461,-2.99807147161046,-3.25042829683187,-3.53516627780882,-3.29616681247204
-4.47556190179669,-2.86095542249185,-5.39750902331568,-4.68213008015843,-5.08157655590952,-4.64260620797919,-2.67353770022103,-2.95389103151498,-5.07636924214136,-3.4204329588332
3.74962956959543,5.56660967941506,4.05407273436291,4.71539307621736,3.6466728922357,4.17872851370269,5.57741452830831,4.71680205973413,4.36372731434155,3.22215327402713
3.86241803446668,5.68945536635297,4.7890490850116,3.74188881153004,4.50041002294208,4.03218151313327,6.37539244161057,4.0981187493146,4.36730377435997,4.62459092183571
4.70111538203002,5.86386809473173,3.43145273176778,5.30769871973621,4.48732541826627,4.98125213287818,5.60876972779886,4.17361228452809,6.10005201772413,3.22888335133407
5.24049163164321,6.06779625849846,4.11154261364026,5.45966852113394,3.77749482607913,3.1117474030278,5.62261818356196,5.37026135834055,5.08552337736359,5.32452284270037
