-0.560715257990778,1.25626485182886,-0.256272093223299,0.405048248631155,-0.66367193535051,-0.131616313883518,1.2670697007221,0.406457232147927,0.0533824867553438,-1.08819155355908
-0.792544966825653,1.3013125076994,-0.148310032213111,-0.0432416177600468,0.218048791158238,0.744975768427459,2.42484677008981,0.410088855102183,0.805598442184912,-1.15856396305107
-1.34559154235704,0.712811056023347,-0.993713194440623,-0.760302724090679,-0.948124289213165,-0.728433728306457,1.07617584836013,-0.813161861714238,-0.718095062536201,-2.0075793437841
-0.792544966825653,0.572145841032733,1.44794768383627,-0.841852728871157,0.0665336396430865,2.07213626225462,0.700040568539418,-0.991018997618573,1.22226510885158,0.906440924534463
-0.0513660558109263,0.0935154986976749,1.00186780830774,1.13231758371017,0.237174873086541,1.58045350900361,0.961685245051932,1.32659932553738,-1.03663639680864,1.80181929652317
-0.240915649542543,2.28775735412913,-1.02461464492792,-0.947316198651119,1.71417930869264,-1.46577828692819,-0.0428952175291781,1.12942603544783,-1.87513106501928,-0.841660613810635
0.0724386718428061,1.93269901120542,-1.30026335073502,-0.809912041501854,-0.663010243594918,-0.198695971134623,2.9194025007232,-1.06141905933013,0.862921959657291,-1.97897689403227
-0.38356988033038,1.25051344132227,-1.02252181943464,1.56757615685464,1.06061809454101,-1.35593447134376,1.17437553415831,1.68022137422197,3.40145372412736,-0.112725496161036
-0.458522764493937,3.23543151849552,0.916166579215373,-1.94380796051917,-1.53323715274181,-0.844628791601878,1.82980916432364,1.85486993056063,-0.199142765769909,-1.19534136848213
-0.420499263977326,4.08878661329473,0.316715645055605,1.03426085505473,0.26447949950488,0.828564952893853,3.10759496134778,0.128180763823769,0.594380289478318,-0.301159830549624
1.97736367123628,2.88251939271461,0.976857642589841,-1.20509786702824,0.217898328216102,2.26409049583541,2.07564345321989,1.55210207331714,-0.217243044899878,-1.60823857299302
-0.457949007229694,2.47856118494808,-1.82969590177833,-1.00191370448091,-0.918314845205399,1.87709528289991,2.41222050746354,-3.12898981984606,0.736153997740468,-1.3668972963844
2.96899798337063,1.68936347207462,-0.523682731202402,2.97334700001557,2.19407452706227,1.34662275931022,0.399478725785394,2.88345149879471,0.758980935282614,-0.979403336891108
-0.559619258706737,-0.432438710549949,-1.73609347988814,-3.78974366713456,-1.40097209500215,-1.71851355470342,0.13439834632438,-2.45998725853964,-2.05493414599567,-2.13625581437233
-0.303649076246558,1.59488747243661,1.62814413300186,-2.35856346753346,-3.11305415951446,-1.1883391340095,1.10426991247909,-0.847317697438448,-1.8878570131698,-3.26925716590424
-2.44143403251502,1.19688838769721,-2.13300730492013,-2.40237370863814,-1.63302506785215,-3.50613154341583,1.55011958177735,-0.508330814330217,-0.96686650172463,-1.79923343266897
0.805419288290828,1.60984809813214,-0.685574774275503,2.93692838222547,-2.7064397683151,1.2275202673626,2.25221489504008,-2.11706431209606,-3.31102403513723,-1.61936882770727
1.9739063742047,2.15287684368567,2.16916071676009,2.12143581517138,2.16905826548119,1.20042333463295,2.61613689779467,2.71136615536675,2.30078538661691,1.43489355145801
-2.38047669313683,0.142891297278831,-1.044902322643,-1.73413201554911,-3.46894009149586,-3.56743337039023,-0.712393737074667,-3.05306834694287,-1.48132529795244,-1.04934998245944
0.52686894177146,3.20685914339556,-0.30637967652195,3.31045389503229,-0.263437301276914,0.29439228254029,4.5858765190857,2.35039289108961,0.827916796354008,-0.110454988045804
-1.76132925094627,0.35104436514975,-1.72525948301994,-1.90909214735843,-4.92740382213187,-0.83586757964472,-3.08363205578998,0.503842974821789,-2.1849538286271,-1.93794647729355
0.483717458952693,2.10868604677094,-0.381138967060989,3.49113288063664,-0.610057875237134,2.85608951173239,3.71811195392225,3.1883645098431,1.75808698317523,-1.01201107644947
-2.97047957774365,-0.957048583568198,-4.03287697446096,0.48202844229157,-2.94991271420598,-1.54385394340358,-3.39820345226229,-0.360443483976865,-0.437515679015034,-2.28751832357592
-2.90781574291322,0.489467839047733,-2.61788761302989,-1.55407812467215,-2.31115809899771,-3.67222437162325,-0.909292563039908,-2.46163718409836,-2.55749987031266,-2.42442957969735
0.371194150639278,3.77507520532481,0.343986566245887,2.77073811432102,0.331765375876275,1.44250204938126,3.81346833189085,3.4675869237124,1.83562801900088,1.77323066270185
-0.199825466953928,3.09446882814457,1.59105028195482,2.21101157872246,2.09633048160962,1.02691694911222,5.61080075362594,0.526905877605837,2.21782211870892,-0.181007257676755
0.850954736295128,3.87849557652931,1.58192684562428,2.80081421878713,-0.367338183839034,-0.109579581326084,2.76119108749776,4.78027689562011,-0.64276644284312,1.97072292573516
0.852111502409827,5.31686971356089,2.13286571095289,2.27024533898091,-0.256536972614053,1.01564875961448,3.05805608971386,4.03712373112433,0.849065809897337,-0.112725496161036
-3.39885889713567,-0.457087155640799,-2.76123241068362,-2.55879353808353,-3.24682507964917,-2.58564140217971,-1.11038127967005,-2.48673129326224,-2.74013802222344,-3.85890510213641
0.734240390416071,4.40602747302493,2.28537116657651,2.15415253169585,1.32389562986558,1.66312895737388,3.50311258902236,2.20271115415878,4.46362674899543,1.78883283810994
1.52261807534256,4.53007437563838,2.43980633814925,3.12243955297898,1.28668267457857,3.09165412636805,4.83849827215068,1.03145723214793,1.33543376880663,2.08641162104409
3.62663879673728,5.1087032630908,3.89461380638926,3.24129795988087,1.9163302363032,1.41280378375997,2.204272929592,1.17426243211205,2.47564891764246,-0.409890875258401
3.10606574992735,4.08039129727883,3.81620878846811,2.14115935974227,1.52224156635247,1.60302117506432,3.76992949524857,3.77353097965646,3.44547650384936,0.555646854985211
4.34204749685571,3.90997671022408,3.16019350752821,3.21810947487611,3.2900787163773,1.14050287603995,2.79993244613935,3.89665258550014,2.65414880425336,2.81977970452534
-4.60195928085245,-1.17893750408529,-3.04266256800905,-3.42963492378099,-5.68424421072978,-4.64266731816112,-1.49256506822728,-3.66979618569287,-2.12565235344202,-3.74607578579415
-3.49071245410788,-3.33789704783589,-2.47755871853469,-0.931992978115955,-6.08618111306413,-3.08827200887593,-2.63447527872143,-3.7712445062955,-4.59023778186492,-3.99617387330611
3.50947174145054,4.70330804352781,3.08284099630668,4.17406495511569,3.02063885124093,3.78461708386638,4.51828339970991,4.56902244982017,3.56134352312831,3.02818974597456
-4.56301637567651,-2.6904420360545,-4.169902322643,-3.6280714094885,-4.54918700507611,-4.02197882493568,-2.795727070408,-3.42343871731324,-3.84619016281731,-5.08160804697557
3.64177892012109,5.13291250279875,5.45960751316119,3.87808642981784,2.65239196953459,4.77989891087882,5.308670811823,5.15365955776173,4.20264693084554,3.70840529093259
-4.93467395180241,-2.87775339407765,-5.42649357769431,-3.26517889746802,-4.84811396283482,-5.95837716853484,-1.7755628827377,-3.98698301128305,-5.47448557359877,-6.28565842046745
