-22.6584600081905,-15.3282643203563,4.54956147873102,-8.28223213602529,1.19888158086687,-11.10437424392,10.5435816014951,6.79122833098746,-3.05317716372227,11.7272372626569
-22.4192255584297,-12.0121575158774,2.91912669612233,-1.93235829245926,-7.30280192081663,-19.8781585990997,23.3560816014951,2.48088350340124,-5.39921821944074,-3.93942940400974
-15.5732674929509,-30.0848589369847,18.0855629298572,-2.70362516606638,11.9591147294224,-2.06021944196923,8.15897235351127,20.6508173389028,44.7478309157671,-17.4353863540179
33.4947133614719,-35.3921504691533,40.1623596947476,3.45172499441602,5.50346143166823,-36.1809329684182,-15.1818157578243,-0.0202701207449323,3.32482798132785,11.9673289574106
-12.1489860886428,25.5274109928636,5.00367181884258,-27.2988872044383,11.3743262399486,-20.1767147129092,36.6595432798061,-34.0943315325841,-35.8930671961768,11.7265934548613
-10.0987617692705,-32.8809194656237,-2.1146185727888,21.9842603557206,-21.6202218428154,30.6686782862202,52.9616136843561,-32.0021409781807,4.88120435354055,34.57772819598
-21.7207644397865,42.3358678398218,12.0815706852612,-5.33973228540356,8.42029264737837,16.5819668458808,34.2923358004708,38.8877788225978,24.3287191630851,55.8636186313285
36.9690109502976,-25.5649486854298,12.1461230578213,-31.0377644950735,-57.3840107581295,-27.5209445828201,19.80147398353,-28.3538700780851,23.7144902188162,26.6856566067727
-11.0347874783474,-27.313667060598,26.5185572112501,15.1816395153201,-8.23970854001009,68.0007173403075,28.1108139807841,37.4156191805852,31.2987030952326,12.5342235480599
1.27593607053839,53.6555841829486,59.5514997407387,21.1221324096912,30.0834041772412,-13.9038487855986,25.0024618056964,22.8753399982081,4.35792172628483,34.1158664646497
-45.0540977731199,16.4099419138959,-18.9529120733595,-38.6730656187369,-71.5797073526216,-51.9894617255478,-17.3205674253357,-8.73126879644987,-46.5046141702483,-16.2294046244855
-57.2805371161861,-11.7679813822277,-13.0933222942621,-14.298961013053,-63.3349592359953,-63.0897588887213,-49.1179869948969,-51.7551393549716,-31.3442325329053,-26.045331795922
-32.4464262825409,-99.2688704625804,-1.09094309162549,12.5654381621519,29.1212807941085,-59.8970050092174,-22.9251829323484,-14.4014633915283,-54.6990489954755,2.94393780905751
-22.6584600081905,-15.3282643203563,4.54956147873102,-8.28223213602529,1.19888158086687,-11.10437424392,10.5435816014951,6.79122833098746,-3.05317716372227,11.7272372626569
-22.1799911086689,-8.69605071139854,1.28869191351363,4.41751555110676,-15.8044854225001,-28.6519429542794,36.1685816014951,-1.82946132418496,-7.74525927515922,-19.6060960706764
43.7491897982829,-2.87467170828467,-48.4454622132534,85.072488540124,3.27373146216836,-74.0755865901324,-32.8085475520586,-14.500258550925,-38.6148450508212,-11.4971037904222
37.1220750985532,-52.6577294248478,-14.8575737794323,16.9176822174419,-4.49363467098857,-24.969569740132,33.9023768738507,34.3408840323418,-2.28702314025848,-6.07504021927835
-85.8166288458332,-41.2498929695578,5.70393705459038,67.1311861700193,2.40917638378114,-52.9795875402493,52.0996463750204,59.8364451554099,2.01804539930291,5.25887788225334
-46.8700253931217,24.4538719863617,-19.410810352111,-13.1115181490675,1.35598942817558,5.13787315307293,-27.6731957148392,53.2065515364303,1.71061548989238,28.0205286987868
-53.9754126680563,50.9516185208729,-21.8405420681572,-21.7767218055598,-10.9486915957066,-31.642226096849,-16.4869835240373,42.0601020660672,64.5928621345384,100
8.58484749919853,2.86616495923575,28.5537365292673,32.8582296223985,30.6044347033987,8.29485649589407,55.2717908007475,42.0433102574315,6.24197436364645,18.6643456234329
-23.4111149485043,-54.6836851854551,3.32626262118859,-30.9197062246388,-38.0172817117345,-48.4497466310206,-11.464810782784,-6.95998996981702,-29.0862587510757,-11.6587901665372
-6.47324845282546,-32.5087221229684,18.6857307903864,-54.9420092416701,-9.39556529660132,-43.131425555388,33.2049492152344,1.32081436252185,-50.5412424195703,-0.478511519424266
-24.3348246396445,40.9139538859305,-40.3504795799594,60.2551271843857,5.66563154131227,-30.3708398601321,2.29183765441652,34.0398790220986,46.465890390558,49.892144727813
-6.94460967060607,66.8295947582344,-35.4558311737799,38.8353724815793,-51.7942757993873,-30.0338119233577,-22.5650186323423,35.041587900496,-30.5008372622444,32.5365004632245
-22.6584600081905,-15.3282643203563,4.54956147873102,-8.28223213602529,1.19888158086687,-11.10437424392,10.5435816014951,6.79122833098746,-3.05317716372227,11.7272372626569
-56.5673252421905,-23.5728176765323,29.7421089046947,56.4540410459239,74.9849257304191,15.9614721121146,57.7179666485407,78.9755834405494,24.9632427833282,57.441036654036
14.5261881314087,75.5622070652761,75.0542274285703,1.43029840265965,62.8407999345662,-80.6449822745834,69.2251839574499,10.823890535104,12.3551904675095,15.6475240406707
-55.2801399447937,-21.1062516997434,35.8757106506877,11.2450221682951,89.379919011698,-47.0412715471636,-43.5297749956756,89.5538568445901,-49.1202587934612,14.6521406493941
-26.4693215303864,-9.14351305018058,2.46027405840277,-2.12501819610748,-9.68805952942951,-14.6827313066851,15.1141376626933,4.88077671718861,-12.4914835853888,10.3098847661493
-26.4693215303864,-9.14351305018058,2.46027405840277,-2.12501819610748,-9.68805952942951,-14.6827313066851,15.1141376626933,4.88077671718861,-12.4914835853888,10.3098847661493
34.7775684314468,-17.7709925859434,11.9291904004966,-5.89904939887181,5.46454489568464,7.76197382181026,88.5505803045019,80.7020611810028,-5.04315189334586,71.8861391408902
34.006265878353,-100,47.5516490039992,-35.9185850212089,25.411903019694,-14.4686686484491,86.2178929596039,13.1821502465904,-57.028430184157,-58.6991502352182
-100,-75.5197773335858,-58.1659432891663,-36.0820486710953,11.6618070092322,-41.2236066414522,-2.20746543046332,-60.4273784554652,-40.1435465706171,50.2032412728379
-35.9313194226064,-57.1715216187592,-89.5217778672878,-5.24094330948384,-22.9161553489311,-42.6808877931002,62.7033301961647,-36.6132875151171,0.823603801927078,-40.0983703870391
-0.520490705326118,25.0787406600448,100,55.4835114681562,6.51411154059775,36.814200451988,7.85996680441419,2.5955852813133,79.3996699548874,100
-1.6395121690951,66.3830863060834,5.45778215895414,-46.3155422728512,21.5497708990303,-29.2490551818984,62.7755049581171,-74.9798913961557,-68.7329572286313,11.7259496470657
28.0651408785147,54.8958920162868,94.8459938496494,100,5.66969662567086,7.6773137222597,33.1320701467638,93.8993895149979,13.9965665146763,10.8260985216893
-50.2634214728569,29.4157582538446,-1.23633634210931,-14.9044079652328,30.3786118530402,20.3481993639941,-10.4567626666932,-14.4508161915249,8.3650404842375,27.7246620314745
-11.4872661201097,-30.1286399739396,-8.89360982414416,-3.88292883570828,-32.7711348074647,-73.3050203898994,-7.69024376248827,-20.4426399625288,-24.3318732969397,-4.9177026583668
