0.149889993525038,0.599940984230819,-0.769588169357448,-0.0857091715589222,-0.753696582052639,0.801715684723913,0.752449250331616,0.00850912333589982,-0.576664951006914,-0.80525532790975
-0.3006007967121,-0.993678111657028,0.282867552927496,0.131496220453922,-0.84106250051342,0.842782077786503,1.35476132398876,0.0668812897887447,0.260161129970677,0.191830053347337
1.15545035037119,2.07684873263794,-0.633011578888855,-0.660046726146815,-0.120502428410479,0.161099994253071,1.99544237780978,0.326212314434169,-1.20652288459858,-0.320471883036646
-1.55494397362612,-1.06300639953309,-1.7825581706155,-0.00707882096592938,-1.5084744511628,-0.607486796869424,-0.816948071795056,-0.99125362167519,-1.30196044444041,-2.34789161762348
-1.70690622106247,1.3533628397972,0.701755446200751,-0.656952323202449,-2.68752143091335,1.78855193299533,0.983436033646175,1.45214692213596,0.369007199881148,-0.448824373458102
-1.63887348115069,1.65446714787202,0.62021936549983,-0.0935521298629065,-1.00426136766784,0.129915153310004,1.85361047999302,0.147017315492543,1.45432063506364,-3.00433000507938
0.915581093682917,1.27214160011176,1.60992124493534,2.21816678915089,0.0870489412453055,0.890846210796544,2.08065133373569,2.33002605912402,1.40269634359902,1.07840553586959
1.16481333001938,2.75575454993567,-0.777002246264003,-0.958135863632481,-0.905148553458606,-0.725083537602978,-0.13323693153461,-1.82061143708805,-0.411587962986387,-3.33723292217704
-2.84267424810081,-0.278474713917074,-1.7285385410713,1.22344426757533,0.880010533397143,2.07180463844769,2.04210417235189,1.26814944562517,-0.337071183416568,-2.03056174280825
1.95729642638599,2.4756311116325,1.48190806205676,0.936910037492717,0.121889004075258,0.211918057312857,3.40777584938402,1.49593092975532,0.712854499276517,-1.52680766115437
-1.99762167835813,-0.972081594916307,-3.52996872878426,-0.692055652280857,-1.88764048278155,-0.09154701553472,-0.545780637403215,-1.51570036993128,-2.29844766051971,-0.976617551344865
1.8384941537002,-0.0125457196433751,-1.54308011325385,-0.448254440707581,-3.79004883835889,2.0042397706677,0.93592646321018,-1.89196616722388,-1.4211117725102,-1.43547706933423
2.26373608786842,1.12826999299324,1.06508390955792,1.23626326966187,-2.65428995721256,1.91591571189121,1.4388581460432,-0.358739688750472,2.07098487643556,-2.68720335499581
-3.1938012893559,-0.696128724929139,0.371424474648923,-1.02167868419131,-2.25921486042193,-1.73075212489637,0.305941383687226,-1.61465771263936,-2.85794297359162,-2.00921383818019
1.03693183185267,1.16456803088355,-1.85654099065356,-1.9420980081981,0.301315753407702,-2.47526364211057,1.60834560361623,0.111926600148454,-3.17426482008245,-2.66822955416174
1.46930663521676,2.46817347938927,1.61585525685019,3.31625016879353,-0.389548278084263,1.04987989033818,4.09090460212798,0.256185331757887,-0.467558721333037,-1.50218208127813
3.00160419652504,3.88330034554116,-0.533011578888855,0.464953273853186,1.12087688193435,1.85806969122277,2.92567493594931,2.46906945729131,-0.977951456027154,1.49770993514517
1.71449234577716,1.38304025915204,1.4509617954071,0.724000057749932,0.986831243439322,3.01683476127816,4.39187944208958,1.8390575392256,1.52200054799645,2.70774128310755
1.8972660753679,3.83114781129189,0.0871939722080628,1.26578583676993,1.56350845160312,3.51941763936797,1.43740809049245,2.07128480038276,2.66633270723538,1.87840553586959
-1.22718485925432,-0.782825122274103,-2.74209671847684,-1.36226103724877,-3.25383715257486,-1.29764259788052,-1.57436902681651,-3.35218955364544,-1.51572579164439,-3.62769987731016
2.73576383835537,2.33161168995966,0.731514313154071,2.36375117118918,2.44921047814053,2.16362111399163,2.34309280886019,3.61489058514932,2.44424112081539,0.183711341874281
-0.212773885869523,2.37568058283607,-1.22951439479083,1.27681567436704,-3.48842052605101,2.31608504681019,1.84489881522273,-3.90088084965819,-3.06859308874847,-0.574832588308732
-3.18698300888119,-1.61507644500102,-2.78293589792181,-1.63733403186718,-1.71753730003087,-1.90915378920346,0.180651333735689,-1.00179897858337,-2.35371391281124,-4.63053063434317
-2.58943718092905,-1.18927044073505,-3.14752241794309,-3.14325995209476,-0.966561079129462,-2.12001102516325,-0.69531557656803,-2.81318945037905,-1.29968734945615,-3.97555016036585
-3.53249320411089,-2.9226249866699,-0.574722758324601,-3.56814353341959,-3.49324865731301,-1.46135127788748,-0.0454834350987132,-2.95728824824043,-1.23337353862714,-1.91646051772212
2.9589000607723,2.97663635380164,3.13669793788241,0.48524931225815,1.64920162248161,1.93743849171166,4.66088602926345,0.105352261647668,0.508003952383514,2.55508976572831
2.93890897948958,3.74737736504592,-0.166651095080614,2.85168108096383,1.10933538452683,0.541150080030804,2.98346913304718,4.57224676018788,1.99253973537789,1.29342841392953
3.17846142209647,2.86660765089749,2.66791183064255,2.5458697758095,1.77963675128069,3.80171568472391,3.87440046984381,1.23927835410513,2.83796919533455,1.97735336774242
2.78898887238817,3.06281532576167,1.86012381864029,3.93192616632603,2.7908809130023,2.3673485310065,3.6653325842659,3.57152826923987,1.4287574560883,1.6763016005638
-1.98978676127646,-0.316969251327718,-3.85161161425838,-4.57962669323359,-5.17385281780786,-0.96938391174314,-1.32476257163275,-1.79076225220374,-1.86813316631983,-3.02133698545508
-3.79758277309208,-1.03341533272991,-2.03296318951125,-4.21485137613629,-4.39498570021988,-2.55249758768811,-1.16548076655608,-2.71010666117867,-3.76573431277245,-1.56381002380232
3.27862749652452,4.77912420340601,3.45564430368003,3.35910903106459,2.30609138646785,2.97260297037411,3.97402203654026,4.42808272955742,3.57151120225501,2.55738693468343
3.27862749652452,4.77912420340601,3.45564430368003,3.35910903106459,2.30609138646785,2.97260297037411,3.97402203654026,4.42808272955742,3.57151120225501,2.55738693468343
4.14988999352504,4.59994098423082,3.23041183064255,3.91429082844108,3.24630341794736,4.80171568472391,4.75244925033162,4.0085091233359,3.42333504899309,3.19474467209025
2.74822329304286,4.18736188471413,3.87476482004528,2.69432665801588,1.28973995072372,4.55340564131662,6.32027714665968,5.23492940340463,4.65227721233057,1.14620762932922
-3.85011000647496,-3.40005901576918,-4.76958816935745,-4.08570917155892,-4.75369658205264,-3.19828431527609,-3.24755074966838,-3.9914908766641,-4.57666495100691,-4.80525532790975
5.15545035037119,6.07684873263794,3.36698842111115,3.33995327385319,3.87949757158952,4.16109999425307,5.99544237780978,4.32621231443417,2.79347711540142,3.67952811696335
3.84499748659125,4.87562099402587,4.63886738414785,5.4094781731674,3.22925214584567,3.61665350456448,6.31318494807812,3.02110932517777,5.36762112767448,2.15395956731371
3.24872223944014,6.30488980178227,4.47844424782476,3.9506651919723,3.25100540466509,5.5101648058549,3.50575932242056,5.63139625521594,2.68947157651928,4.43631455898332
5.03294075321049,6.102229893129,4.68923677304548,5.15862334909588,4.49789671225893,5.58345347035102,6.13243840902759,5.29839562221281,4.83156993156601,4.1062657956799
