-22.6584600081905,-15.3282643203563,4.54956147873102,-8.28223213602529,1.19888158086687,-11.10437424392,10.5435816014951,6.79122833098746,-3.05317716372227,11.7272372626569
-22.6584600081905,-15.3282643203563,4.54956147873102,-8.28223213602529,1.19888158086687,-11.10437424392,10.5435816014951,6.79122833098745,-3.05317716372227,11.7272372626569
-22.6584600081905,-15.3282643203563,4.54956147873102,-8.28223213602529,1.19888158086687,-11.10437424392,10.5435816014951,6.79122833098745,-3.05317716372227,11.7272372626569
10.5453648950462,-9.1014680143205,-21.9479503672612,38.3951282020493,2.23630652151761,-42.5899804170262,-11.1324829752818,-3.85451510996876,-20.8340111072717,0.115066736117363
-27.5524431453657,-57.2985673914684,1.72930919355277,2.14160301306329,15.1600811874877,-35.5006896265687,-6.19080066542668,-3.80511753027041,-28.8761130795989,7.33558753585721
6.05955421162817,-16.5496284531499,8.23937593961379,-7.09064076744855,3.33171323827575,-1.67120021105489,49.5470809529985,43.7466447559951,-4.04816452853406,41.8066882017736
-61.3292300040952,-45.4240208269711,-26.8081909052176,-22.1821404035603,6.43034429504954,-26.1639904426861,4.16805808551589,-26.8180750622389,-21.5983618671697,30.9652392677474
-62.0162689598289,-38.5426679447713,-2.72875461670687,-8.5295406089035,-43.207587162208,-13.3151439755538,-26.5717257017556,-12.0843808194148,56.9352081509754,0.986604500440833
34.1440681527811,-1.97746400485548,-37.0438190445014,-6.33320705228282,15.7042580020857,-100,-36.9256038077693,1.41802178279562,-32.3793939171997,3.03846693584469
26.9652125216526,-4.23674398367493,24.5261473440775,44.915159851926,51.1560173258705,12.1584234334974,73.6134594834296,60.6299048948709,30.3588534711725,12.0342235480599
9.80907245934199,25.7165117990466,64.9385557861314,-1.31253516632831,58.7382664270784,-45.2997765427706,69.1724232090601,-15.4575754967637,-6.14841525896036,-38.4542509406099
-20.6731698908596,-40.5167639662746,9.40879186114202,2.98567316179125,-25.7650085245339,-83.7577000504836,-30.425647132212,-49.7762790928873,-63.6229927043857,-12.8042085569551
-30.178597833931,46.3416508379309,11.1577630597587,-51.9323582924593,-52.1440717620865,14.9044500965524,-43.2286849832715,80.4570739795917,41.3030990711118,-25.7414316287038
-22.6584600081905,-15.3282643203563,4.54956147873102,-8.28223213602529,1.19888158086687,-11.10437424392,10.5435816014951,6.79122833098746,-3.05317716372227,11.7272372626569
-22.4192255584297,-12.0121575158774,2.91912669612233,-1.93235829245926,-7.30280192081663,-19.8781585990997,23.3560816014951,2.48088350340124,-5.39921821944074,-3.93942940400974
-15.5732674929509,-30.0848589369847,18.0855629298572,-2.70362516606638,11.9591147294224,-2.06021944196923,8.15897235351127,20.6508173389028,44.7478309157671,-17.4353863540179
-100,-25.749402198782,-26.9298648401288,-17.7036251660664,-20.3736212323458,-20.0364099181597,-3.83780703457247,-9.95347116012249,-100,8.31585831170041
10.6829117708886,-71.6276723574735,-1.67025577309554,50.6153420520237,-69.6995759897316,-21.0784886406616,-79.3340378259028,42.1984364189696,7.82871916308505,44.070259368799
33.4947133614719,-35.3921504691533,40.1623596947476,3.45172499441602,5.50346143166823,-36.1809329684182,-15.1818157578243,-0.0202701207449323,3.32482798132785,11.9673289574106
-12.1489860886428,25.5274109928636,5.00367181884258,-27.2988872044383,11.3743262399486,-20.1767147129092,36.6595432798061,-34.0943315325841,-35.8930671961768,11.7265934548613
-10.0987617692705,-32.8809194656237,-2.1146185727888,21.9842603557206,-21.6202218428154,30.6686782862202,52.9616136843561,-32.0021409781807,4.88120435354055,34.57772819598
1.30232036569419,-60.1066681475637,-9.11610778687088,-6.23783051484725,8.06224232971229,-48.1818995282579,92.3618681265618,83.9631853682675,18.8683613864712,-46.6977110021202
-21.7207644397865,42.3358678398218,12.0815706852612,-5.33973228540356,8.42029264737837,16.5819668458808,34.2923358004708,38.8877788225978,24.3287191630851,55.8636186313285
-94.8230778871263,-43.9200345068837,-0.223383351213201,-24.2421725734576,-6.75687435046183,-22.3072111450813,18.3384045459138,-29.8677678170145,-83.4731221799495,-70.415941784098
36.9690109502976,-25.5649486854298,12.1461230578213,-31.0377644950735,-57.3840107581295,-27.5209445828201,19.80147398353,-28.3538700780851,23.7144902188162,26.6856566067727
-11.0347874783474,-27.313667060598,26.5185572112501,15.1816395153201,-8.23970854001009,68.0007173403075,28.1108139807841,37.4156191805852,31.2987030952326,12.5342235480599
1.27593607053839,53.6555841829486,59.5514997407387,21.1221324096912,30.0834041772412,-13.9038487855986,25.0024618056964,22.8753399982081,4.35792172628483,34.1158664646497
16.1324123909264,63.528681494134,100,47.5847464291954,11.0434791985752,-10.8221407856563,18.315803556756,8.94103466067682,18.317643590621,100
-45.0540977731199,16.4099419138959,-18.9529120733595,-38.6730656187369,-71.5797073526216,-51.9894617255478,-17.3205674253357,-8.73126879644987,-46.5046141702483,-16.2294046244855
-57.2805371161861,-11.7679813822277,-13.0933222942621,-14.298961013053,-63.3349592359953,-63.0897588887213,-49.1179869948969,-51.7551393549716,-31.3442325329053,-26.045331795922
-31.0785011128774,63.3979816539126,74.3772720711068,30.8701772095754,22.5018948064303,-25.8326322704482,82.3257928023654,21.9466464339355,29.0672581791686,84.4155829857524
-32.4464262825409,-99.2688704625804,-1.09094309162549,12.5654381621519,29.1212807941085,-59.8970050092174,-22.9251829323484,-14.4014633915283,-54.6990489954755,2.94393780905751
51.8580068236305,100,56.4346883390494,-18.0231034228356,14.8095871141226,-12.7969179847339,33.4536123512376,90.3343275933557,52.9988821107925,16.7965353667048
-67.036806254496,-81.7866052361159,-26.6312055331645,90.7641892193771,22.2242387872941,-64.9569474262015,22.1437973122324,25.6931863596002,30.3822773878409,47.591124318817
63.751460009974,62.1397926052452,35.6892939200727,47.5847464291954,87.561697822057,-6.97598693950246,8.79199403294651,48.8400245596667,84.3463517245923,34.7044259671766
-29.7642427006561,95.1878038330027,53.6804866744211,3.58883914316788,4.40243550452122,58.9215113593384,28.2772982064858,85.5544454892644,46.6971402157166,65.3284284352673
-22.6584600081905,-15.3282643203563,4.54956147873102,-8.28223213602529,1.19888158086687,-11.10437424392,10.5435816014951,6.79122833098746,-3.05317716372227,11.7272372626569
3.10184147944982,69.1636599312961,57.7648163240206,100,57.9488351867464,36.2763762901187,32.7730217035957,25.6440949754086,15.3582546342225,84.8263137684152
-22.1799911086689,-8.69605071139854,1.28869191351363,4.41751555110676,-15.8044854225001,-28.6519429542794,36.1685816014951,-1.82946132418496,-7.74525927515922,-19.6060960706764
11.1984651606017,38.7306959409053,64.2438348494452,58.1483650445719,-76.7662285777917,-91.5461045778918,-75.6403481450533,0.0830747824083673,-28.1735816530361,-50.3787243573983
