-0.0753554015935309,-0.196868563713104,-0.243360308214976,0.0228935244474999,-0.79737954128303,0.822248881255208,1.05360528716019,0.0376952065623222,-0.158251910518118,-0.306712637281207
-0.107876381375727,-2.03876164422424,0.205831431037389,0.386638991483065,-0.1695526535284,-0.251823836918604,0.0962699561757143,-1.2429504826738,-0.0408708284892146,-1.76015091649606
0.577780173966132,0.538046289661619,0.375376356497863,1.28425110256615,-1.34710073217954,2.15427966280006,1.30360905209547,0.177618693043546,0.00681373923193718,-0.379349123704374
-0.477749421893362,-0.80565968335634,-1.19900907980578,-1.27841038488957,-1.81176199677953,0.476089392419068,0.409189643758789,-1.10986873856145,-1.02771934026395,-1.0750921967382
1.9677856847201,-1.13321563418204,-0.154853026364167,-0.151885543927229,-0.338046864005983,0.467648213564816,0.481158910725559,0.575134227262283,0.284694972346051,2.40696159324572
-0.122700973586571,1.40994212131359,-2.23734281408575,-2.03063918341337,0.351395224073161,-1.11924889522591,-0.624663918782826,-0.173904059742257,-0.494231095995656,-0.122125912785335
-1.46269499360346,0.267308889797149,-0.281059070007266,-0.46247412433631,-2.32398233373105,-0.0732305257910348,2.30037450817986,0.142109772877706,0.0388058136294906,-0.0878180265478972
-0.445754199576953,-0.946207657781136,1.86021172845099,0.431428107940727,0.998665683920459,-0.815760367631166,2.30071292537247,-0.645823263378742,1.7904365277844,-0.520890803584424
-1.59305864654354,-1.22817981800318,-1.73620695673626,-1.23445175049497,-0.870515347670862,0.561678467382715,0.778237214461345,0.234081122232926,0.0323039145868034,-2.30601082912243
0.597558152116634,-2.03114987943477,-1.26126660313596,1.29283550477065,-0.370982982471101,0.476089392419068,0.114753687558127,-2.32680900303934,-1.42600365398944,-0.939948116600519
-0.488669019577489,1.86577436294293,2.52006137817201,0.449097400825479,-1.10002591762268,0.503470742951757,1.95657182873704,0.353785352200344,-0.955836229234166,-0.284771808060502
-0.282355506766495,-0.000577001672538824,0.717524923999475,1.30729315984384,-1.6480527256656,-0.696394439441709,2.73954893723079,0.94731399152322,1.60740877122723,-0.871826632461429
-1.60848730342813,0.332684440542939,0.882633321681546,-1.01231378065353,-2.83455789588154,0.43190851608388,-1.63743717168317,-1.5951121141597,-0.708306338311379,-1.25920765216848
-1.83034205242699,1.548251130947,-1.4190142520801,-1.03759452337312,-1.7637582440952,2.61059300362073,0.664416070750836,0.797912634562921,-0.00354983830870392,-1.49446764291618
0.30234491624373,0.315448962749918,0.523744673754796,0.706268484010553,-0.282432123126182,2.36038693133542,2.37900373802656,1.74493698460507,1.57690281045757,2.32422636975847
-2.51057689070495,-1.33788539451041,-0.0428088059936647,-0.326266960657001,-1.26663025790287,1.2778090706177,0.788646700026129,-1.16973239886204,-1.95386818056801,-2.56349461018362
-1.87549276166846,-1.98021501072231,-1.12071037011817,-0.855336597941625,-1.7246458629205,-1.48420956549213,-0.810146803134322,-1.50366640063364,-1.71892176098565,-2.52623839716731
-1.87549276166846,-1.98021501072231,-1.12071037011817,-0.855336597941625,-1.7246458629205,-1.48420956549213,-0.810146803134322,-1.50366640063364,-1.71892176098565,-2.52623839716731
2.21380763887733,-0.579234614546713,2.20030668459727,1.13918543816552,0.0320855203306836,1.68452802695757,2.59187551951936,1.81340518736476,1.59983099333083,-0.70709909276132
-0.609028970504402,-1.4934524380912,-2.91246918647379,-1.66723624648102,-3.03507898283448,-0.290719809172884,-0.832195656533358,-0.780441659100947,0.120817555043708,-1.91956205896098
-2.28437782235173,-1.9551174978931,-2.79802299758601,-1.41858150319816,-2.62395989478941,-0.809355077952303,-0.00158457055879913,0.597980845729214,-1.18429428787496,-2.18647896462377
-2.90127644167074,-2.14491014649821,-3.05602101632014,-1.60482212086534,-1.22415044962453,1.23345880742571,-0.545292197303361,-0.207095348355309,-2.22700498138538,-1.00145674942603
-3.37807621927898,-2.01970642259533,0.169784405330215,-1.84717856201688,-0.885519406720247,-1.9607549105195,1.69316914465005,-1.17037491595404,-2.67481591958888,-0.452526097127625
3.28598913622159,1.14002983200882,1.3906266198896,0.455419476004594,0.494353368096938,3.57960182243168,2.27909548323862,1.20748130281901,1.84709568306477,-0.131642609270003
-1.75510256477938,-1.38915693014225,-1.61254673363456,-3.37427456055733,-3.01228874301096,-0.614223109302132,-0.0536196229923951,-1.7049209771164,-2.89772116402815,-0.734010045187127
-0.0554145939450852,-2.57138338897154,-2.70839455981471,-3.06427367162386,-3.24281352782457,0.44156814149751,-0.641066708325718,-0.837120375073547,-2.67052344758805,-0.954687172519878
2.48836383277075,1.97817081531573,0.373534870321345,-0.559728025801444,1.87609601347983,1.50666581174215,3.63300505789876,2.66125431276606,3.6659856222706,1.57013595928375
1.69743256664036,2.27602474147056,0.349879990907676,-0.751305043868716,0.858079650940869,3.60155883068366,4.0131729526102,2.6924087436288,2.97251168039728,0.567630564051614
0.866922594554915,2.9447250049259,0.608451985376811,1.2089839146167,-0.150413857786487,3.73698496065334,4.27613916453833,1.46948127793334,3.00700177125369,1.27336193753398
-1.21125327466724,3.91334754445422,-0.666371579746946,1.18886477278515,1.99521061203674,1.37139223857895,3.70196704884711,0.606105651692573,3.79940766705281,2.08421539848226
-1.20657712105054,-3.00828724883421,-3.47148082471426,-2.2880308453004,-1.44076189422421,-2.24147660894087,-0.951742306422703,-2.50755366221596,-3.34452642032204,-2.96898444255504
2.66471720027271,1.11220180519471,-0.0508824747101901,1.45634488559985,0.194667556190984,2.06928904831991,5.27496937085582,3.8148926104351,2.73727433957602,1.30570738359973
-4.11907532973096,-1.335012018648,-3.56993391760187,-1.97963217513498,-2.16173293175268,-2.39456000374321,-0.0579469815288329,-1.31935848421213,-2.68265462861574,-4.04499290078583
-2.92279763896822,-4.04806505575999,-1.79012811263773,-3.77960833887062,-4.58147940956484,-0.725666236032521,-2.59140511540559,-1.74228314599329,-1.99189263653534,-0.924691955644955
3.13872630473767,1.24650647655664,3.14720914110434,3.87203754806939,1.41871771285986,3.54418035704844,4.49900882794953,1.33068854999505,1.51133978826571,1.99659274033846
3.45501802562854,2.85286110447643,0.793157105160964,3.76835285137378,0.520312899939974,5.02192672162359,4.53172956859476,1.16398885086277,2.87905638629076,0.289100074156588
3.00412899164799,3.77094568606046,2.90576220003288,3.28212083890727,1.55982927327802,4.09643652159809,2.44577506861494,4.08662690161491,2.69137226855281,3.5011703449825
1.01130179268963,3.37890159529324,1.5881974592956,3.9245635778682,3.08700412997967,2.97109346010798,6.03806588151247,4.68232804500703,2.98879269926701,1.12449843201472
1.8941157333129,4.17758313687539,2.67116460201007,4.27726563430053,3.49803810878859,4.20384940833708,6.66873316818998,3.10669779290619,3.33301822731607,2.04631143874234
-4.20608295693624,-3.79300308398841,-3.69055184872407,-4.35466671742008,-5.18474863605909,-2.87666654821616,-1.95993770578107,-3.71026857069929,-4.03567634610098,-3.54542873030823
