-0.0753554015935309,-0.196868563713104,-0.243360308214976,0.0228935244474999,-0.79737954128303,0.822248881255208,1.05360528716019,0.0376952065623222,-0.158251910518118,-0.306712637281207
-0.886983246507247,-0.224504906301531,-0.872236588407151,0.438858747192366,-1.8132139487497,0.638734296821898,-0.18433159984987,-0.0444801936553829,0.384700273765831,-0.744108615851626
0.370837848371683,-2.16441944020777,0.144962466055337,-0.227042374170587,0.595645705717705,-0.446913671268561,1.13395556365442,-0.972591275150606,0.172819314481163,-0.000465640353269681
-0.755970597749024,-1.68453399790819,-1.46412069137377,0.147959293686342,-1.63181515464689,-0.0639643740088276,0.254540311680593,-0.652511013906838,1.35188855527306,-0.0174348513628879
-0.053421729019395,1.24003859072529,0.674526072335756,1.44963674525547,-0.497619349436506,-0.913996531017125,1.65159237063918,1.3810374062517,0.978902881777078,-0.927954774006609
0.610549732016113,-2.02247417289221,-1.13342658740777,0.954322116546422,-0.860332368965405,-0.526164835820396,0.590993706724874,-1.50680220427964,1.43215340318743,-0.131175026332858
0.108222868961035,-1.50450939746556,-0.298400908938099,-1.89216986653137,-2.28956153279521,-0.100729797550425,0.480740266697733,0.391392227141662,-0.0521081599459334,-2.18885462360388
-0.116345191207533,1.35711147573757,0.34335648629627,-0.697667835350421,-0.894140718163126,-1.15868329212277,3.03531944184251,-0.813436155542349,1.38243713110121,0.219957471477569
-1.50199631316659,-0.21229348655905,-1.61900228235993,-0.247433399608159,-1.58402371039948,-1.91862743283841,1.04879681935475,-1.15431405103469,-1.84990191059601,-2.02526960393287
-1.63276669417492,-0.780842502265245,-1.47781030664597,-0.362636633872679,-2.99762832278989,0.118835584293938,1.04470968980456,-1.35557351425352,-0.988570535455272,-2.06358845731181
-0.936142388238778,-1.89683155968219,-2.61128212025423,-0.222620939621102,-0.821768661077431,-0.969993372774565,1.19809944314517,-1.82495269149112,-1.19850908646869,-2.04598356853143
0.643324313019871,-1.17306129373961,-2.13795537705114,1.32347468114376,-0.241283877273696,-0.0631966085068284,3.57456988194399,0.0921970596253263,-1.54457918146876,-0.150892592855917
-1.11578565801875,0.315164071169144,-0.221913072404011,-2.14177196669186,-3.79952832336789,1.12203926455908,0.557938999725577,-0.69095255088967,-0.955337816915265,-0.488182318744123
0.609303351175951,-2.39834401245391,-1.51102590909414,1.33862837617964,-3.00503762163426,-0.154149807019746,-0.60015830972794,-1.39017418533691,2.13417788334316,1.39226085052503
-2.02966909649225,-1.91542074116347,-1.98325773999644,-1.72258235623798,-2.59768770919137,-0.539948691007644,-0.385893146677983,-1.41367886279193,-1.38372694480121,-1.89084212092114
-2.47343693636571,-1.53294256165761,-1.44240107560107,-0.829056494484723,-1.45140177803908,0.25428220196706,-1.21124949568021,-2.76006658400522,-1.35729267790421,-2.46498601857617
-1.23317426461599,-1.06373281132486,-2.22031435138083,-1.32023564736022,-2.68015468854993,-0.352971203257139,0.313669299206923,-1.58806966073027,-2.01734535374295,-2.6890532009857
-0.309934094374057,0.320574527526924,-0.146140477284873,1.14718535673955,-2.05021333049122,4.43755588325399,1.97007105221462,0.242026499513365,1.1144614985096,0.488057435019388
0.953896990479633,0.910301534260305,-0.689021530572264,-1.05253008538734,-4.04201913989091,2.99002399676926,0.0354386755739957,-0.268203653911568,1.18302935243838,-0.920438140467227
-1.20887034917047,-1.52166750782154,-2.5055722286691,-0.96724872713367,-3.63667450276968,-1.0226425070059,0.68456046902773,0.333546756362706,1.88519641289052,-1.69306381955993
-0.481631934369477,-0.0230965545008415,1.1734560194308,3.64705895117645,-0.617417411618876,3.38678097787855,1.83318534546901,2.47070954018297,0.828198669418394,-0.188112233220051
-1.98106304118595,-0.385714044066364,-3.49699874794386,-1.04387088368037,-2.27638969384651,-1.63775949062342,-0.0386692436569718,0.0406983506179051,-2.77433284242712,-2.27311300720442
2.92085568637899,1.08538891240997,-0.226997970753394,2.97903607286549,-0.0953835663108626,2.38282208583565,1.88300694437932,0.951647526664344,3.31182172863362,-0.338488556170063
1.2236054297414,2.62944181655411,1.35536071496648,1.38396682796685,1.92476706575566,3.28694379199328,1.991985018158,2.25719620151104,0.800980703390754,2.76400152309781
-1.78382169619178,-1.25952369830304,-2.61505411633024,-0.655301565049527,-3.07115486401607,-1.24824134895245,-1.19182656602728,-3.60890213349318,-2.49727176226658,-1.14271344059349
-2.15036374678795,-1.63505031644756,-3.19808206127384,-1.24501899164039,-3.5531705438679,-1.29067648311477,-3.32518417139155,-1.14928092709283,-0.379339253258117,-1.1110780932268
2.4149600383622,2.22909764006806,0.270514306379063,3.02049544291273,1.48079791675054,3.19108551926188,2.28419975895117,2.96035707706592,1.20617379030054,2.02083708764473
-1.25612191629253,-3.06606133629538,-2.60594879847837,-3.43025379362233,-3.04798586372268,-0.953526039784013,-0.141221796044857,-1.79803737804581,-3.58299879745237,-0.00922184097137202
-1.66292787606464,-0.843095711406808,-2.24587857471699,-2.98272463827317,-2.37321542901179,-3.11936594235435,-0.968815804416338,-1.70165402833018,-2.36747532197634,-3.7804142909083
-4.35087879673373,-2.3827782875965,-1.59166104883881,-0.626955268261937,-4.7847497635761,-0.768835299674817,-1.90795270296738,-1.37674771297326,-2.4304389192276,-2.04306944718656
-3.15329643455857,-0.90160770736168,-1.20200923586409,-3.91225229652345,-2.73343385968286,-2.84865928577782,-2.43312855774875,-3.1121766752072,-2.85793528525925,-1.89628891097234
-4.33303291031277,-2.64866927003354,-4.18786404154369,-1.72065526417507,-1.98305164080853,-1.27664464384758,-0.618200760050604,-1.87665090638855,-2.28730284647176,-3.52657002310675
-1.74564262426194,-1.40036247314605,-3.67744227464372,-4.19771365637348,-4.83652580857694,0.37035204797105,-2.74091669383133,-2.60692272606173,-1.35693637040339,-2.63639775533993
1.8339067095296,4.50801194126202,3.21258558534329,3.11492694666453,2.86993819008921,4.36521808466273,5.06117776801883,3.24142058705995,3.1818513617843,2.52847956458759
3.78056443371174,3.85113075951348,3.34179319218857,3.48377922510812,1.81730656200177,3.8507185286554,3.56117328586908,4.02672228364152,4.36396899319168,3.80526507912915
-3.06816107704068,-2.54869700949772,-5.82961595734169,-2.94883987563735,-5.11916016988909,-2.96588656367694,-3.45212135791899,-2.8890303507536,-4.88779881970178,-2.00608087186214
-4.02571783376146,-4.03749606371952,-4.19206519888639,-3.77769323337488,-4.44784820698399,-2.72347218013175,-2.74337920055603,-3.59002591496066,-4.0139683465348,-3.99067795345758
4.32524697065403,4.3195912492442,2.41848402448671,4.572381672539,2.34835545627626,4.08492284033871,5.19911253298881,4.39076848841801,3.36961324019366,4.16746912481911
-4.91635004039249,-5.2385973275875,-4.42245897429314,-4.08126677496644,-4.68089336742724,-3.53769294806135,-2.93063652572378,-3.29656760460892,-4.21433265119941,-4.57573069456958
5.16457550782429,5.27882386315308,5.2109868643201,5.47166224807857,4.59655689512518,6.6542959133089,6.80835145763856,5.78056574152461,5.81051765951534,5.3034024833954
