-0.0753554015935309,-0.196868563713104,-0.243360308214976,0.0228935244474999,-0.79737954128303,0.822248881255208,1.05360528716019,0.0376952065623222,-0.158251910518118,-0.306712637281207
0.147741223389076,-1.18064400196044,-0.04919892107982,-0.102074424861544,-0.100866917782662,0.187667604993323,1.0937804254073,-0.467448034294142,0.00728370198152262,-0.153589138817238
-0.481169324050389,-0.210686735007318,-0.557798448311064,0.230876135819933,-1.30529674501637,0.730491589038553,0.434636843655158,-0.00339249354653037,0.113224181623856,-0.525410626566416
-0.87750654468931,0.969792979315759,-0.389882799915677,0.323618093170713,-1.38172806197813,0.226290916428076,-1.02989026789763,-0.469435883104183,1.03227351459402,-1.32149066086866
0.338614399188393,-1.18712070075234,-1.597615523607,-0.600615196688042,-0.358184073402752,-0.328666343330434,0.516510835744658,0.275325705738606,0.670850576284094,-1.80019602489975
-0.158605484843614,-1.0166737585183,-1.81018058471267,0.736152966155218,-0.374099118002606,-0.746074100111251,1.4656931992481,-0.911284385274413,0.57007381780761,-0.705064285632856
0.439270794443051,0.3567164852736,-0.46619091939362,-0.514818280469922,-2.41969934058697,1.90613643901223,0.54452198136709,-0.115254223674623,0.512388720960129,-0.613575388874217
-0.929588548892653,-0.728196131008075,-1.42920721227261,-0.316204020301014,-1.93426720264955,-0.21299623384862,-0.0691106394335477,-1.78560346346543,-1.32776183639235,-0.724713038937347
-0.456665820497935,0.254453164204368,0.245585270016316,0.0980814943723121,-0.243968987872476,-0.612936303929977,2.10402545522741,0.994327859623547,-2.46466642623496,-0.918957535240391
1.94179560138007,1.36260357879039,0.0558158263898332,0.924011224866876,-0.547263365254709,-0.654879747668651,2.28049424842036,0.11339151135571,0.687313317898993,-1.29261827191049
-1.11423967804477,-0.112713967133891,-2.50698429078736,-1.68595951295679,-1.60707448863173,-0.886915411763595,1.16627086524805,-0.549173981019677,-0.848000701384316,0.511865487146758
-0.139721491139477,-0.918409271346333,-2.55052556502052,0.161150265993039,-2.5154336694091,-0.544353207904723,-0.00520461980146347,0.334429868522195,-1.26175334582308,-1.12706475894522
-0.427512249042892,1.07418116209805,1.26764335684667,0.159472354291097,-0.144738594181299,2.99829295226664,1.57011980650484,1.43556029543732,0.229010572340338,0.728465145815768
-2.03388074721565,2.2081338412893,1.56923569792942,0.0330976060801529,-1.38890372895016,-0.391121082114755,1.00258487899692,1.37459360228425,0.854819984906719,0.0995906759988505
-1.80871617655522,0.345943890997819,-0.100268155410545,-0.741491171651373,-2.31665357874427,2.45983435504371,1.03106893891817,0.760161604917542,-0.521135327584804,0.897124011772316
1.59923190185488,-0.22399930880536,0.835461629700915,-0.684094662756574,-1.14490781019836,2.45622111523077,1.74203828023348,-0.295997731084738,0.515208504750712,1.92230805669765
-1.87889068353962,-0.400815178627122,-0.914055697121095,-1.21650163934863,-2.84739230932304,0.856470014189057,0.920796192864589,-0.516330101168812,-1.33382538235403,-0.745005246729554
0.345417152236631,1.17391016131173,-0.679703337603226,0.124431955304202,0.248829668149517,1.37795898103018,1.6979442122278,3.31788530318028,0.481759571579327,1.23984908251909
1.29623931382337,-2.50979387786446,-1.62383908870515,1.10885232629612,-1.6987846700434,0.712869408587425,1.52891293793125,0.671476116104688,-1.745502677103,-0.401130145143078
-0.0904038731538549,-2.71518477890866,-0.371890709586639,0.184230429029674,-2.15047223099734,1.38446643840412,1.38946714922333,1.86186514542342,1.33144724725992,0.725142636838563
0.562367937265866,-2.98149373944151,-1.01867439606094,-2.90660461997687,0.635799708096134,0.349685890394271,0.438283806247785,-0.958554598677577,-2.32967741898522,-1.12858363841563
-1.25486475578265,-1.0657165737955,-1.26689690230619,-2.20491133573675,-1.98678515964548,-1.13283034662009,0.490529863382442,-2.22430716298074,-2.14069492253379,-1.77279589051786
-0.612041411922958,-0.935242918840505,-2.63132554323893,-0.0936362820045371,-1.56068469271635,-0.319407960045393,3.18730194498461,-2.27458112341678,-0.37749091188953,-1.12035009394664
1.94798125480073,1.49442298182455,-0.322560480460369,0.967343832698838,-0.066296382270651,1.48956612388732,3.18603945032303,2.73760947700281,0.257845554561861,-1.08583118958975
1.52810136689196,-0.479419267462321,1.02589226647434,0.600214963354103,0.361620235351973,2.29089916557455,2.04410400822072,-0.205452969758132,3.42440719232769,1.80486569200249
-2.14925514245952,-2.37171640773019,-0.00107812977025001,-3.49765396833923,-1.79040757022772,-0.0417494249404655,1.72503784198997,-0.310812907687913,-1.01835262671252,1.14210834666358
-0.62000854293284,0.197634388596534,0.30473172654543,-0.41386856344221,-4.17139210139144,-0.283346996025532,2.51474114139928,1.16692152054607,2.13052533664602,-1.66126388979623
0.713953279717667,0.875474284340265,2.46771174174626,-0.936286511762573,-0.783302417173946,1.58790761970518,3.85199063083784,2.43311158757659,0.633681326759499,1.93491403802232
0.0799241015120593,2.12871283163573,3.24689943204476,1.52665292294374,0.274049030145542,1.74390786743032,2.96687059328263,0.129270298137414,2.78026526850539,0.257197137154883
-0.628656292138874,-2.37112019243663,-1.55295831957606,-1.32975299629011,-2.68445354392248,-1.26020884288312,0.745348369658176,-3.36923374857986,-1.53711784242002,-2.29644628167438
1.77543827452038,0.704735196656275,2.56947898595649,3.01801116659752,-0.0263814329374077,2.91579864898664,2.88321107379764,1.51581791931024,1.05135112665512,0.573142484832283
3.07765822347967,0.435025305124952,2.58626224856632,-0.104073386988778,0.916846923278341,1.60660671793213,3.95594828713304,0.763994266302542,1.58132790127591,1.57176524173791
2.54345967437206,2.38812477227032,0.212403381856738,2.71400042932624,1.93602543357878,2.4532588552682,2.45694472740923,1.79305673217217,-0.0110794115396575,1.84760934506433
2.72206143931146,-0.0442373676861074,3.07258443701617,1.71842305344786,1.74224374867517,1.44771606359152,2.2850299197861,2.2553600433826,3.03767710762512,-0.676355059013972
-2.50718306093319,-0.946063532362789,-2.31707252714157,-2.83753652889512,-2.05112098619723,-3.43667459001641,-2.26119020672285,-3.24531526848393,-2.93666502646012,-3.20234111026123
-4.33365281344935,-2.3695576449239,-3.44364308270808,-0.812234953539872,-4.39820750957242,-0.614318850235446,-2.05055033128022,-3.27941636309558,-3.23533920369274,-1.91018515988094
-2.14867842903584,-3.12716839708014,-3.80660771091276,-2.07046377277208,-4.01781012522552,-1.96889308788314,-2.10312245565882,-3.07675720481524,-1.99464366237082,-3.89402916815421
-2.14867842903584,-3.12716839708014,-3.80660771091276,-2.07046377277208,-4.01781012522552,-1.96889308788314,-2.10312245565882,-3.07675720481524,-1.99464366237082,-3.89402916815421
-3.2874441157154,-4.25639350015493,-4.76208641406163,-2.89824446863294,-4.09076028070693,-3.19190243505438,-1.25734098687649,-3.50648243833475,-4.42284411742201,-3.80023118649713
-4.05259789547896,-3.78211530643589,-4.12922701973964,-3.34055243560864,-4.87672531644494,-2.84093698239002,-3.13679172777341,-3.5748210649751,-3.45820438980472,-4.09683919799499
