-0.0753554015935309,-0.196868563713104,-0.243360308214976,0.0228935244474999,-0.79737954128303,0.822248881255208,1.05360528716019,0.0376952065623222,-0.158251910518118,-0.306712637281207
-0.107538446366504,-0.557638917529719,-1.39694293661775,0.0920218952202694,-1.65640660534607,0.138947836675242,0.524200333679361,0.186062537542259,-0.710002628170597,-0.716888698113214
0.610441956114917,-1.35333122078878,-0.933599698460065,0.565872925371811,-1.24808210566321,0.767559144921317,1.29125911254572,0.354585661333505,-0.95187729381056,-0.353921391212142
-0.97279536449268,-0.0792998706017909,1.21373850909558,-0.739615850769809,-0.965412094189303,0.437441768466696,0.914007126571699,-0.662602866397029,0.940252144495374,1.59034151457355
0.331606013319533,0.709513910780792,-0.127544615110478,1.06914099069733,-1.07405819209364,-1.1884785537741,-0.625331838249534,1.95647697748129,-0.030977570541241,-0.680468839779711
0.319298939062068,0.33930286031358,1.11217571676564,-0.456696493657536,-0.790340979228488,1.20507825048019,2.45279795899901,1.23540339706945,0.23771470812069,0.814100700370557
0.456931164306253,-1.99807654638517,-0.89497116588076,0.68150659789725,-0.698784372385506,-0.786100149546632,2.50015659803895,0.0156202879501088,-1.00864732247942,-0.664409347547731
2.79891053388206,0.626045803345594,-1.44350198041117,-0.151718466752985,0.32406550517673,0.970543221462303,0.751391744991837,1.90792945780436,-0.739410238181829,0.569712397761597
0.305324916564344,-0.39219688407684,0.0910761309355841,-0.290449055570318,-1.09441024297977,2.06634266536786,3.54013960062493,-1.16980742991692,0.645542137964985,0.903237289545648
0.264011709206477,0.0744317383856912,2.29650763850505,2.11935710144486,0.410343257780757,0.946817001988197,2.66693198301351,1.95092034994331,-0.0928098297134163,-0.019273329036789
0.095785514228236,1.22948881031323,-0.140245623768789,-0.394708433185639,-1.25677042620583,1.38429175096074,3.73265857963146,-1.3675156642089,1.04214348940158,0.380636361238004
0.759308889374728,0.96450480347438,2.36839725717281,0.389424667515906,-0.717417118275427,0.208162318307304,2.29080773006907,-0.559975545637831,1.22391233812246,2.82046844089394
1.11328264855753,-1.13451565656641,-0.839832649905782,0.947173924380429,-1.93331868359174,3.59677133583564,-0.0908103546301322,0.498736039007494,-1.53548297646246,0.322090848167349
-0.80039301238902,0.911485629881588,0.896021109764739,-0.997884043418843,-1.71924639193556,1.03944252522272,3.23625209980925,-1.9409636848601,-0.878076808643264,-1.95162927346206
0.816767405890372,-2.71193321665432,0.286307744606914,-1.88741893721465,-1.12678914508713,-1.52459199566174,-0.30073755807138,-0.271912091339593,-0.111705841162812,-3.48355512474333
-2.09849603192439,-0.950187790879199,-1.84290702555115,-2.62375717135651,-2.18345141489212,-0.953416969994677,1.76327865245843,0.245794292665694,-1.92934596957829,-1.50450268206261
-2.32963985937965,-2.64413845928908,-1.46750435729012,-2.17781128041227,-3.33006620540372,-0.748720947376286,-0.586951750292238,-0.397134700353569,-0.619648826218314,-0.295810861217802
0.088910744945615,-2.34948382906801,-3.18524341749013,0.362636771820308,-0.849626417807877,-2.02181188710743,0.283206142119975,-1.77459540144801,-0.489958507113848,-2.96672613229483
-2.39927092462868,0.383914094723589,-2.3664287798162,-3.13483834833084,-2.52826216678498,-0.846586599935351,0.281669321911614,-2.30413336844134,-0.663708162916454,-0.641198168501808
-2.97898779515048,-2.87333618107602,-1.41602388467658,-1.69606644803936,-1.94031327646428,-1.96533126590592,2.10508151090067,-0.641240153112801,0.434143852226677,-1.15010900126682
-2.39015000834056,-1.09695875895427,-1.61338741890788,-2.81287007270064,-2.50459201769968,-1.44930309372681,1.03411929233476,-1.6066926334196,-2.18558789673713,-1.49237480323025
1.18771393368378,0.211124348673045,-0.127668041464578,1.14091605360643,0.0183819267582646,1.50123486025514,3.97943115555647,2.45000796952177,1.77589139140493,2.66026300595098
3.16363344547662,2.10833713449659,1.59932836638289,3.34108106598236,1.68130426498125,1.32746955925502,2.12563541625869,0.833788268195686,-0.387725133913719,1.08668144566729
0.358565573695967,1.70725675147414,2.02713607970172,2.70057718357763,0.651390343467888,2.34892987432994,3.84890099689429,2.14918977998752,0.74284650129635,1.40651032308007
2.43408237546546,1.88408081038352,1.52111528121627,2.52231416661785,1.13850445752587,2.97277718746617,3.02134070653082,2.02656829165368,2.46965150433567,1.44572838806243
-2.25826926180886,-2.9632317832415,-2.93065167353669,-0.967150462222245,-1.01828235968644,-2.79752110696559,0.780524945095238,-3.13810912331049,-1.50851894169963,-2.43632666572515
-2.2824104715354,-2.41634311680658,-1.82601085764852,-2.98209837234374,-1.33564805222788,-2.18518604643308,-1.07929599883277,-3.4570243368649,-2.20314367873638,-2.22483173911305
1.41769816755115,2.80503387008961,2.19989343497575,1.1775809162908,1.16497391358789,3.66273012299118,2.99453023071045,1.79020100189797,2.7355633617152,1.8570789390891
2.24419928904943,-0.010052460928849,-0.413902302942397,1.95078082121456,1.58927887035608,3.53021653820326,3.09283696497601,3.27015861390864,3.23502273713831,1.80630316147415
-1.61889088499511,-3.51326918278345,-1.08062443271698,-4.65024749651527,-3.2503621299789,-2.78901170495586,0.963789649681459,-1.90960849595287,-1.6389983547724,-1.62812865922043
-1.9790908498338,-2.71062777264623,-3.76100913047118,-1.82478853222846,-2.83843970227278,-3.06942771212584,-1.60345924078872,-3.36003675323788,-2.39439979129116,-1.84126164397033
-2.57454815833894,-2.94038047902974,-2.08491583930314,-1.85088732509751,-2.40525357640144,-1.33732382960915,-1.81931267568341,-3.99465994339296,-2.48911092637623,-3.72619312055115
-3.71277808526529,-4.04236971188398,-2.76567505393781,-3.54519554665731,-3.62102121532984,-1.3118779314171,-0.214866209825464,-2.05736263306871,-2.69379872251603,-1.94636833916224
-2.57217544681239,-2.6962974402075,-3.74430487782091,-2.93322320381313,-3.19561689787208,-1.34421325348356,-1.28463700370221,-4.15848861086982,-2.60771793473589,-3.28240399964442
-3.99750290054294,-1.06397983842408,-4.40912755660193,-2.66561479895225,-3.68981369951633,-2.34509557363332,-2.89159845383304,-3.94101183624772,-3.04773124535764,-2.66638097711468
-4.783485409907,-2.10154370988315,-2.8777806552724,-1.75855505715393,-4.49748957405995,-1.38539668661778,-2.70280451362605,-4.20655797779382,-2.03996645621318,-3.9682063911457
3.47074388918661,3.34923072706704,3.30273898256516,3.56899281522764,2.74871974949711,4.36834817203535,4.59970457794033,3.58379449734246,3.38784738026202,3.23938665349893
3.7280569872049,3.62602325156039,3.19132367697584,3.30013691276893,1.93755984984514,4.91029195091386,4.34516292504378,3.50731978222399,3.72316769600115,3.08595527770243
-4.47532416626674,-2.50341936852089,-3.39196742284255,-3.83484492946838,-3.93756600186472,-2.28987990557135,-3.9966759626234,-3.54161257459646,-3.90962032247557,-4.24078300983668
5.04725070172321,3.66517766148607,4.71755026095581,3.5055093595095,3.6058329817778,4.76052709037381,6.05087607792675,3.94694402721257,4.25763728615904,4.17862559300849
