-0.0753554015935309,-0.196868563713104,-0.243360308214976,0.0228935244474999,-0.79737954128303,0.822248881255208,1.05360528716019,0.0376952065623222,-0.158251910518118,-0.306712637281207
0.653746961364683,0.379414443250226,-0.557637023021277,0.983301789753155,-0.335919507541641,1.27019821229115,1.305761944233,-0.268981509686195,-0.804569132091221,0.645863792825226
-0.666876446800808,-0.808463019832831,0.49298595794821,0.308619075577332,-0.879391669845636,1.57695068662125,1.53461449022049,-0.149584190613073,-0.321367779714398,-0.337664925757029
0.180047900371582,0.419236805452562,-0.833232734115003,0.615993552735104,0.385263529567005,0.691455008166691,0.735261096329559,0.274804347682403,-2.17043264409301,-0.763378562318955
0.180047900371582,0.419236805452562,-0.833232734115003,0.615993552735104,0.385263529567005,0.691455008166692,0.735261096329559,0.274804347682403,-2.17043264409301,-0.763378562318956
-0.364378864778931,-2.24658777607267,-0.108305507581642,0.229163356820431,0.121402385958743,0.808443672520031,-0.50129207029276,0.310848936564546,1.28281347120238,-0.174633185600793
-1.14757082310314,0.784745849403954,0.772099898652407,0.699236708617489,-0.106492793783905,-0.345174066351718,0.758584486357614,0.54077344089413,-1.9984340564042,-1.19370042524102
-1.21877201915077,-2.0084639853725,-0.580589828660878,-0.631483049882187,-0.889634016613925,-0.208800297363466,0.438983270165614,-0.398783966208416,-1.64743838617473,-0.483091811209358
0.535067033883463,-1.49716910615034,-0.230192989609941,-0.283345986666864,-0.0305402024084906,1.72718606700281,1.36377780822949,1.84458949892704,-0.0959779533605294,1.0361018276614
-0.382057256258787,-0.471244223627308,-0.0481875083596384,1.25807817516456,1.31624221166107,1.30371966087232,2.5566455770459,1.48985171811115,-0.113045981157803,0.58151903177667
1.4372354459823,1.1572505195311,0.394011682267064,0.531657110291256,1.31297242687049,0.385089126132983,1.02475523597523,0.299939500165348,1.38648086864615,2.62477694400933
1.79531520437098,-0.971329638334917,-1.29484699907371,0.416508738046532,-1.76982556523119,1.33155973983144,0.828915507270739,-2.11012317152999,-0.842090991382013,-1.13579181655179
-1.95939796999551,-1.0533182006367,-1.33465396792767,-1.42692990290167,-1.23608966503269,-1.52757320658371,-0.329662793915227,-1.60600249560427,-1.57266994173425,-1.42314282556419
-0.284839590846605,-2.05072773550499,-0.90861449679771,-1.94766941446021,-2.03745244672371,-0.419553911038416,-0.549828168711857,-0.57591642314534,-0.773860112468047,-2.33848589878627
-1.43149899507406,-2.58066452727193,-0.574506998563098,-0.931696354511772,-1.78813757716716,-0.461435491886654,-1.25494237441313,0.679484455080298,-2.19598417627916,-1.71508356970412
1.04512963765633,2.33000481663427,0.203503588813708,1.49805664162276,-0.185288942602434,2.80868297096214,1.2615364582552,2.27537546987469,-0.280495795320477,0.117418649214274
-0.346339272135859,-1.74713018354037,-1.99670270153385,0.48374678924058,-0.595784671438266,0.0569718436705779,1.55425095536107,-0.170813487102972,-3.20622498692422,-2.15105847538623
2.28123809158315,-1.15887419371773,-0.473339944381876,1.65207391960614,-1.85567354377845,1.58270129234286,1.74645007578804,1.82764598762992,0.7477803245167,1.78281520612063
2.10702121857866,2.11558952429999,-0.169290718111098,0.416692586925005,0.371722222862003,1.93168651538251,3.55140367876705,-0.537407198811445,1.50930764518326,1.74602197660326
3.38068088105968,1.10534791217528,1.81091964745677,1.24006658720925,-0.221229183355667,1.91836852058856,0.501793885029013,2.86022903333996,1.68559594350202,1.13623771171638
1.42815278417326,0.552275271903334,2.65442683614751,2.36608025840568,0.60760816507454,1.84964614152918,2.23906366439938,1.81344355765314,2.7089032344325,0.20698599285578
-1.44669798064493,-2.15028580572226,-1.85030858405583,-2.92842768641979,-2.70458463932134,-0.365221563547595,-0.280247447886268,-1.04321471078747,-2.67223765668217,-0.885841223875869
-3.81006201062865,1.34071739316744,-0.567287953513972,-0.954227574639445,-1.40504968217044,-0.115498458345848,-2.01824062272219,-2.9159267449064,-0.295705549695535,-1.9180935359853
-1.37616756854985,-0.914847867657514,-2.09991767489097,-1.83796370274521,-1.36961630508597,1.42446206518514,1.75339228299455,0.630254874153838,-3.95544619024796,-2.33330983452749
-3.59037175044552,-0.404435720463663,-2.13985618580112,-0.839023507466782,-2.19499377462173,-2.04692817799348,0.647109094113361,-1.83638854790813,-2.90005658291509,-0.656511972309651
3.11829941587669,0.55345457340556,0.641876839174906,1.82299602884713,0.90808516806966,3.15233599553921,3.26635498430145,0.356868300508345,-0.232738133564346,2.55316357920873
2.52266065886939,0.810383652241771,0.951287668847783,1.02175197193608,0.562410950256052,3.39074203194014,3.04468524893145,0.722626713411637,3.02178722842513,2.1032315534849
-2.87364414383261,-0.355686573823083,-2.71390079051128,-0.391703611603526,-3.48040545276504,-1.80680873466869,0.76654914514157,1.61705328366888,-2.2853336256877,-2.44631310564451
-4.1217228631401,-0.825099027819999,-1.54618507868318,-1.54132692002108,-3.91118950069477,-0.75801105087992,-1.17295724888544,-2.19527475017118,-2.79393624728415,-3.4438559510885
4.56497061637568,3.29440459541069,1.20488938258327,0.555600170765182,3.19323461971107,2.18659357468724,4.01990785144298,0.0389843844874729,0.401496910219873,0.662826903097932
-2.80669089914866,-0.764838359036773,-1.39979045770389,-3.74252515981538,-3.58299990237675,-2.26230745698012,-3.43139629190377,-1.76322494668281,-2.57004206704495,-2.40953478758479
-1.7253038628935,-2.7025462160112,-3.17358898115985,-1.74114376995485,-4.5096789962915,-2.640480113451,-1.84309671019136,-1.53183867490677,-2.54170945218519,-4.02716169990952
-1.77463083132848,-4.5009193751645,-4.52878420232762,-0.827850501744823,-4.25085406621204,0.167176178187607,0.256261256832093,-3.62818773934222,-1.42608522353774,-1.59793646230227
-3.50001293584011,-3.62152609795968,-3.66801784246155,-3.40176400979908,-4.22203707552961,-2.60240865299137,-2.37105224708639,-3.38696232768425,-3.58290944476469,-3.73137017152778
3.34930213265304,3.22778897053347,3.1812972260316,3.44755105869408,2.62727799296355,4.24690641550178,4.47826282140676,3.4623527408089,3.26640562372846,3.11794489696537
-4.18049640227398,-3.80090860923716,-3.78015164375118,-3.49043245357805,-4.45573751360175,-3.31107443039567,-2.18990076361231,-3.43310481226209,-3.96116946576181,-3.56366663842164
-3.57925957712399,-4.27997818703157,-4.44843247049511,-3.57165793404819,-4.67311816198646,-3.14071096156611,-2.62995175334406,-3.64381512083924,-3.54331930013587,-3.34244140477888
-3.57925957712399,-4.27997818703157,-4.44843247049511,-3.57165793404819,-4.67311816198646,-3.14071096156611,-2.62995175334406,-3.64381512083924,-3.54331930013587,-3.34244140477888
-4.06802962707205,-4.25240093202781,-5.13127533838305,-4.36645934742093,-4.64802210026554,-3.31292292356454,-4.23525643561367,-4.56161176508111,-4.51248704840273,-4.44872908233618
4.65053354162349,4.14544542637594,4.29830132345136,4.21497577215779,3.90080035739017,4.88768524837689,5.19625590633577,3.58927854318941,3.71756495658672,4.91730148461689
