-0.233744034803268,-0.226900570783518,-0.107372037482981,-0.251770886463916,0.289286364235552,-0.926338880071404,0.661614647453109,-0.0608641244472676,-0.0555765142167695,-0.189291451726527
-0.0542214845244191,-0.0981742737616683,-0.669487826839277,-1.71118547334397,-1.89245735226949,0.162630714163981,0.672642829031866,-0.565270830643492,0.65902340025587,0.677456797155114
1.00025402523668,0.848321191965935,1.39439164514679,1.03175602659859,0.314358245161133,1.23072172849398,1.55754672230967,0.8105270344542,-0.133402069974098,0.0271730325396835
0.389951233119933,-0.946430603927678,1.7368288500262,-0.622250343084242,-0.620211402213182,-0.275049954459723,1.22414852602038,-0.89813582314441,-1.0015061657814,1.65950867482449
-0.233116831214643,1.11277404999857,1.68079728844439,1.06105562264759,1.02692504036264,0.682675281184417,2.51932154908885,0.370477796380212,0.388471777443363,0.291343262151581
-0.334795193194645,-1.62705986939025,-0.10075067317486,0.0281295380077851,-2.92455395497818,-0.280322351136963,-0.438391144523901,-0.140256596951508,-0.698749900201747,-1.20653965900542
1.16181802101036,0.0451824800109961,-2.1749276371333,0.188456438354785,-1.57891876221183,-0.495355975256934,0.84665164477608,-0.381587497488594,1.71812778043111,-1.01268436974301
1.26745901535035,0.0942310651348692,1.0676276631325,-0.14506885198018,-1.22832194233202,2.01848641855235,0.455002532072062,1.78443107245322,-0.670072746521821,-1.36204269496119
-1.09861105968816,-1.41657585386925,-0.129781656010814,0.590616333773308,0.351575703484091,0.0792582694658029,2.65654202876278,0.288042360946751,2.22911609206383,0.593142285579792
0.328131757783131,0.918142360473305,2.09530927465059,0.271821626239283,1.83026993052269,-1.49400429321143,1.48741922798892,0.971007718014582,1.6119987549865,0.261773047974661
-0.948590164529815,1.45365356396707,-0.0798630657746295,1.20498508582717,0.522945659795513,1.21369983800193,1.278383890972,1.9926898822144,1.37234838170207,1.77481954117769
-1.04064044520273,-2.66595463171421,-0.701134785467812,-1.75674123917342,-0.924288837893816,-0.876814164808364,-0.471773277315766,-0.508152463769291,-2.05077695090429,-0.493015757721984
-1.10005559847916,1.24621359128958,0.0777314036052126,-0.616612803039076,0.314656540870965,1.89372816814056,1.48861372762246,2.65691802446064,-1.68128737395093,-0.501762501205243
1.77499330663391,2.45415529262265,1.37606495845736,-0.51395962675769,-0.874996240785061,1.35597766613497,-0.0894887390547995,1.88534951196226,-1.094702066213,-0.931592243024079
-1.7054143806458,-1.93593710143936,-2.0389393664013,-0.964964977141451,-1.45348115057797,-1.03315366323739,-0.319498916441911,-0.974314683935735,-2.08505739437058,-1.20814015269443
-0.733393329324965,0.159937356142884,0.990779360911402,1.13255245530643,1.79703285923045,2.53140783629172,2.35391648179399,1.63276002709886,0.738580647808071,0.833246033799824
0.349253703079874,1.21946731836601,0.509428727009164,1.09492157637635,2.04269618067904,3.11918727073131,-0.449226215581279,-1.0053901727241,1.94646901568525,0.0993471618086483
1.04281027530484,2.2465323710496,1.78672098110238,1.9546511478823,0.200198533347155,0.913060274057505,3.10743157727109,0.486741097304922,0.211531511182504,1.2137652353512
0.412332600368934,1.83159291996177,1.05350323280311,2.09312187779461,0.769998340449775,1.80139980713193,2.5726854879526,2.0358476861012,1.44611310635425,1.06865437552281
-0.491519107252505,0.212049524251377,2.15482070452029,1.60204159456206,-0.401628944891562,3.13896296817989,3.02801953087075,0.702378316992733,2.25566820882121,0.209337123737427
-0.679745283368831,-1.48651242087118,-2.16684927974122,0.239376677197064,-1.79857732079776,-1.93595019039826,3.94359149961437,-0.283926557013467,1.31663395701059,-2.27825655750461
0.156939190266414,-1.73741818677782,-1.83505688635469,-3.66808098461752,-3.15766150645195,-1.27935224903211,-0.219735085737423,-1.51462911123731,-1.89651022369448,-0.808701291765588
0.199116689218164,1.32051090109806,0.644260422939967,2.13937885828431,-0.163620300700653,2.52904993419261,3.24538427683378,1.85914080915268,3.32584101627018,-0.167043071890112
3.44770515977984,2.40419860622379,0.233866965092123,1.71192603120056,1.24277490386719,1.01511514229998,3.47625913126936,1.61150611168043,2.15016037405977,0.908529814682878
-1.68955669547273,-3.04914626180151,-2.22620869407895,-0.44635941284887,-2.6280055959867,-2.17559240555739,0.0129818768611272,-1.4690845340174,-3.86113909830151,-0.457241264146469
2.90055681759878,3.53954954356593,2.48164032612569,1.60070809398392,0.988975315229111,2.10941937859322,2.17819542612259,1.61358804697354,3.03102018603875,0.682825706129869
-1.77306555436187,-2.51172744648137,-3.53708078013539,-1.84804272940652,-2.56771574956091,0.521279059105257,-0.241429930631692,-4.09158783458931,-3.17300549799819,-2.22862226786435
3.38212421840059,2.24696128596167,1.7486493195767,2.65662428009423,1.38195531966045,3.46082645972548,3.54025493021034,4.1602164123648,1.48591588865414,0.654762323462937
2.56461337709237,0.470566673996752,3.59635320327059,3.25991851263054,2.04001872504709,3.35970640721522,5.84611320593208,1.43689860040908,-0.270414866466507,1.76551296859661
2.25748704503078,2.3610095527363,2.66299141086566,3.38584140753641,1.71194937400585,4.18346153116739,4.01299380916304,2.70776434218579,2.8905683842592,2.16082902495981
-2.51579733501171,-3.86896909011827,-3.13017766112792,-4.37966214072846,-2.43117890355921,-1.53871633150265,-1.2814410131179,-2.92036218858117,-3.35986266179774,-2.89553726545137
-4.05815052564406,-3.65779140607512,-5.01907181673243,-3.88666345785824,-2.03782084672133,-2.41284461246477,-1.42325167582381,-2.29881799519401,-2.37299289681803,-1.9105282723011
-3.22680331925328,-4.07223276475916,-4.12380568967822,-3.66625462510241,-4.07965150910732,-2.50482400907993,-1.71371292829273,-1.4000478911259,-3.4792714062214,-1.47304081494609
2.8051035927046,3.11857133083192,2.81354920879578,3.29714598145889,2.59183031748953,4.4156587658783,4.79973135125708,3.31644693056995,3.05555391400136,3.15146348775164
4.17505572131772,2.85504193104452,3.40842315289334,2.34542064217862,1.79769704819331,4.16103298543875,3.76019904305793,4.0580428471118,3.68016035843174,3.25442378732054
4.52242650231126,3.6433556911255,2.49226892390583,2.78078822451275,3.03716593864043,4.98951992188725,4.20907453641708,2.07193451259379,3.45223288678102,3.67486214078449
-4.25544869735346,-3.61018189196115,-4.28645107154886,-4.78662475866961,-4.78980257535745,-3.43141374263417,-2.21214201426648,-4.06714728379175,-4.47684425616577,-4.76182851682754
3.44025091828755,4.76349540487557,3.4950528172782,4.31584939697286,3.5561782047009,6.19631406412157,5.50091026036917,3.70828398073808,3.32619981824841,3.31790732306662
-5.13799858268173,-5.08682460176851,-5.40102733974236,-5.05762686919651,-5.78426111806376,-4.0751281573908,-3.86737515721855,-4.90524216293333,-4.99314990973814,-5.46396885665864
5.28625293533556,4.30138303731523,4.41418563593291,4.77922848050592,4.71655449461009,6.75050708798678,5.63641258712446,5.75770396942994,4.97913182319678,4.64287917698998
