-0.0652239344902388,0.48622641879209,0.388917793988838,0.386640455811466,0.412051458324625,-0.527617045809553,0.483256159155929,0.16059630414464,0.308898537864547,-0.208079926747666
0.195721750828241,0.0310952714562447,0.187071012926477,-0.247648182169999,-0.364024172228627,-0.364070230729319,0.717152670361916,0.422394629474971,-0.808987048081273,-1.33145285582941
-0.191685505726311,0.215130134168835,0.0970270036543663,-0.629190701329594,0.228389324976957,-0.0358426964894389,0.878740600842801,-0.691088591648839,1.36560962177308,-0.390908413388033
-0.642310154495334,-1.40473951880254,0.149185124087103,-1.414667835922,0.908221589198605,-0.306214931154793,0.268629017140952,-0.241548705842056,0.220130172453846,-0.263782957642219
0.240261677037789,1.90367463249473,-0.156834164942125,-0.916308606853226,0.295339421707972,-0.0165699017012977,0.0244109992188306,-0.972337849469903,0.914635306059253,-0.124567123253039
-1.0009491592411,-0.443025468740047,-0.164047900222456,-0.468257728961763,-0.332575009841999,-1.75186752903305,-0.621632967177117,-0.63603462975542,-0.808610508108574,-1.46824987307308
-0.462101160888238,-0.606433979002331,-0.87936704560753,-0.17239330560048,-0.768836315907086,0.131583805066028,0.585142845086195,0.44783632192558,-2.15291513139211,-1.04666084751121
0.0463535028265827,1.25230943077131,1.60239967314475,1.69419781689872,1.03282150038333,0.235890633614261,0.603427404690451,-0.0949118847978818,1.07161377498588,-0.1895060330656
0.775520169493249,1.04149593870782,1.35108848433356,-0.132100884399986,-1.0598124281881,-1.52341584267335,0.850374243770911,-0.888181115567113,1.09673746082385,0.852160633601067
-0.486258161338317,-0.67134269606793,2.53646137390958,1.26443617743591,0.0405483088180834,0.0981411689820806,0.00952045882345409,-1.226953687438,-0.115688574983429,-1.77330677550591
-0.292011416237254,-0.140858180632873,0.884608585588343,-1.11992677743161,0.337026650669043,-1.93438173000567,-0.414021442684497,-1.32607240102821,-2.34876385556418,-1.00332402112834
1.12844312921729,1.97311240760242,1.08622148881415,1.7001951737879,1.66278422642662,0.686586011929811,1.58250633509328,0.887469265638456,0.656043836743509,0.157390264585946
1.12844312921729,1.97311240760242,1.08622148881415,1.7001951737879,1.66278422642662,0.686586011929811,1.58250633509328,0.887469265638456,0.656043836743509,0.157390264585946
1.44477720217146,0.642318052126027,-2.40447584491561,0.557642637545447,-0.61968950396959,-0.230078254193481,1.89781739984153,1.30738699108505,-0.0812055878641624,-1.5233799464959
-0.188247702241831,1.50999216751645,1.22661582093132,2.05201157820131,0.970039002780169,-0.690616045027612,0.532080181325613,1.77720418296719,1.81325299292382,0.708116438595012
1.05003972290175,0.844850706149506,2.29702793894815,1.03243299926204,2.35588435444181,0.110830172540313,1.94739084102662,-0.396836235231559,0.812430229131029,0.763610313343683
-1.95623216785218,-1.30162681643871,1.19996289235979,-0.579979360094411,1.50147106991882,-1.06811438339382,-0.51119228701151,-1.31454240602974,-1.21290668723496,-2.42940662102357
1.36960657371819,0.383056659058433,3.20516347758208,-0.063316776094434,0.43084085332192,-0.493483188781745,1.40415054335981,0.763322542524257,1.10367652538813,1.92554218087232
-1.31841189875476,2.8280865429491,0.363764656810056,-0.462156839191042,0.0132561042941275,-0.910521110865865,1.19519491585693,-1.37739788341613,-0.0851210196129411,-2.7174143038158
0.739689638140278,2.88988923088141,2.3241668832759,0.190269551260168,-0.149471100009851,1.62801312569163,1.89598738122282,-1.15167644631885,0.128743239992381,-0.994652099782244
1.15907119085341,3.10873142376543,0.966825793110455,1.89880292029687,0.750842110310592,1.30332799779946,1.74611511834873,0.34091522180281,0.6070196083225,1.53788035033015
1.18251465655144,0.950705175896515,1.90319673706278,2.49644604318267,1.27120665074589,1.40805375181849,2.15186541477309,0.519870714214178,1.13296465697644,1.68843905815266
1.62943629308055,2.88432849266588,1.37866364443277,0.482258865615622,1.06641840693671,0.887543273584296,1.54403183073584,1.80792811662617,2.3130858046797,0.516455218339267
1.15280648363438,2.61596812711779,0.604820075932377,2.40285828871539,1.11713434395303,1.4625880709212,2.41640845659719,1.03850681394306,1.36274116415497,1.7719120768021
1.62919474020061,1.92491441632028,1.03130332093132,1.1273730909933,1.11208445732562,0.679402070914417,2.84148952198495,2.68150821227122,2.03316040033123,0.758424203746528
-0.544241375435178,0.840084496623557,1.55812657810891,3.3258716727681,2.15846411014556,0.727652264997607,0.290901547182949,1.66263087200607,2.74222024145259,0.952217339698606
2.6661415419157,3.3694845340392,2.65450852585119,-0.371920210827481,0.693532889528223,-1.17278898807019,1.84677152392743,-0.0806578107735036,-0.258308015108343,-0.524427917232236
-1.89042014114403,-0.595767545243383,-1.73033312974544,-1.28800891741223,0.145817890607494,-2.57844420648439,-1.23124749114858,-2.14249292587498,0.511959109250743,-3.167015896095
2.43214654962614,1.98597927899515,2.08743381982194,2.09902224653091,1.32187638457601,0.510790831519326,1.31766335957778,2.54538675786727,0.752588469975611,1.52406833752673
-1.09121806232027,-1.50483961890264,-0.765820413011457,-1.56655617746551,-0.487611744134729,-4.40398887973243,-1.80581684847684,-0.0102575874210031,-0.588976577362735,-2.74287678048604
0.89527101601282,1.15263013416884,2.14444079675781,1.90057120343231,2.63223547882311,1.90860174795501,3.75703007452701,1.43959322653298,2.99913234904581,0.563952697723078
-2.4195489397652,-1.92252772107056,-2.11347368305879,-1.960526651505,-1.85898015883547,-3.12101242847748,-1.74150861786431,-2.27651565838279,-2.07568961019974,-2.52713919953974
-2.10055344993878,-2.2938566447978,-1.51151910740129,-3.13979092005253,-1.32692894139502,-3.47828984594839,-1.12217608318786,-3.04002739182003,-2.34125983897854,-1.85244981604952
0.0355955615822885,-1.5276650390419,-2.17482217451501,-3.13707935737104,-3.40302284128101,-3.78710051107092,-0.499989642320295,-1.99143553494482,-1.89537058383962,-3.44918047532664
2.47993434713499,3.26305772904991,1.67312521660924,1.5798370061491,2.44071649017774,2.99016841957247,2.70071836452524,2.74446335522852,1.69048083825749,3.04324241849018
-2.99262052121161,-2.34753681234356,-2.54617968960563,-2.97135271748559,-1.2534666332629,-2.23899377533775,-2.86010793215826,-2.61058462255808,-3.5721912439819,-3.83573760677349
2.96701411762879,3.03702570814338,2.98848089259871,2.22879882353721,3.3132225737565,1.85259250699278,2.97265150301904,3.09836546532283,3.09352276971711,2.1916678310093
-2.67165201011522,-2.65506405487272,-3.42087733701129,-2.98601009716821,-2.61136910682987,-3.69611291484818,-2.77977521022691,-2.86554595245249,-3.2941186763569,-2.7296643901232
2.49817209378619,3.66918472220625,3.33495411830282,2.88975226325305,3.068490732368,2.23365980134402,4.35578829732749,3.44435222065323,2.87398929010013,2.570657465777
-4.18580327200596,-3.9803120167939,-3.24003605908377,-3.88046917338756,-4.41426046587201,-4.95220252409815,-3.11679560602798,-3.51461246452582,-4.08749609337809,-3.90518417809425
