0.230155487898252,0.476487511066686,0.532879718931123,0.288495452932749,0.305272989238162,-0.476953049253544,0.501484167110603,0.319878362213877,0.0394727700927522,-0.0199987815083289
0.207098879371861,0.68116395634457,0.455954217562845,0.358485757723736,0.244811702658033,-0.456869975596363,0.69358375111279,0.210312738364969,-0.07724060072744,-0.188088060845581
0.207098879371861,0.68116395634457,0.455954217562845,0.358485757723736,0.244811702658033,-0.456869975596363,0.69358375111279,0.210312738364969,-0.07724060072744,-0.188088060845581
0.207098879371861,0.68116395634457,0.455954217562845,0.358485757723736,0.244811702658033,-0.456869975596363,0.69358375111279,0.210312738364969,-0.07724060072744,-0.188088060845581
0.546824362542067,0.586253362763866,0.750522386289924,0.171588846889047,0.795029507040239,-0.768730681148624,0.434716815927197,-0.0639553190340061,0.144350313404477,0.248238643381989
-0.212498583287846,-0.314201255609557,0.542400056083227,0.269629517200074,0.176404364378171,-1.91294113598866,-0.293653280425069,0.163459171991025,-1.21211514543115,-1.11106337119382
-1.44743153372036,-1.11365156199089,-0.763419474554795,-0.188686578818714,-0.16332245630638,-1.05662339696374,-0.853119425402455,-1.15164157318444,-1.42077467806807,-0.949208536705254
-0.680618655494061,0.0629929595388421,0.146594133312648,-0.274734647761101,1.09302460004139,-1.93577822863042,-0.671855009139036,-1.5006148714012,0.735438816928911,1.29377060601166
1.39358007245569,0.784106012610662,1.34599656268053,0.564444114453534,0.925761641874736,-0.388140463203546,1.75454647429102,1.14122899711427,0.936411403418992,0.596102894083038
-1.89727822500524,-0.441170499323219,-1.05919729758867,-0.325776216860819,-0.664279206432876,-1.08075589359993,-1.48610790226307,-1.06045950014921,-1.01519153867838,-0.631547040889927
0.557634408923818,0.470626388786211,0.696645913329885,-0.884831247865307,-1.20667382389406,-2.46150569446351,0.921213140957686,-0.575942720057446,-0.968350501342912,-0.498173200193057
1.61857132742968,1.35040845366759,0.548341505072084,0.732392798680938,1.52723524117913,0.753675218090867,1.37955936086889,0.591410299340578,0.939019561874186,1.0540076934453
1.64444878845744,-0.418029492607595,2.40788654987012,-0.316917563905242,0.351273069514387,-0.439411428379474,1.36283920404986,0.98852351208674,0.112622808531538,0.980335418849758
-1.271792329662,0.878292319919817,0.610186028134781,0.154013649503776,1.36201357256062,-1.78126757668406,2.09037811077744,1.26108663170478,-0.862526977043371,0.0705003054932628
0.616445239820204,1.59071605801403,-0.0305161774441352,-0.256047631199897,-0.758304462106082,-1.99585926689852,-2.48448155579663,0.320337598944153,-0.441290507460273,-1.45747384216993
1.31424545251665,0.69711722324502,-0.797875653824923,0.922206447876203,1.32501230994347,1.32777018906066,-1.229661208567,-0.489886433130408,0.394767084073193,2.76044321604365
-0.695770438027674,-1.17640505091679,-1.8913627053113,-1.58740642296913,-0.332685543457213,-1.17625374855424,-1.4032777376513,-1.10614659322284,-2.25937780461989,-1.686665448175
-0.695770438027674,-0.300513265934092,-1.10853442248302,-1.60544394100664,-1.37822869426352,-2.0353946076951,-1.90721824159181,-1.44779840546289,-2.00598177536179,-0.91786634604256
-1.31301112284349,-0.574777013931767,0.950802370073061,-2.25911242761692,-1.91694468478608,-0.704533037885427,-2.29162264752509,-2.10044953162559,0.111147240214323,0.639058818602196
1.25653135290586,1.87963157544462,1.76808271075842,2.37048877945558,0.910240127843553,1.57397366453243,0.533929388780223,2.53916913542799,0.599695569986406,-0.649097536265177
2.3508280118195,0.863772384474749,1.20693201548141,0.421219228277699,2.17464630041283,0.410904601491151,2.14658176536437,0.894139102096011,2.95210300384712,-0.178745144238214
0.426808428453632,-1.21718467041037,-0.223175306784868,0.496366849828536,1.9516275378088,0.0576925501786409,2.08945353871962,0.864306897123335,3.53681119774477,2.07173100331089
1.58886247419141,3.47860869507538,0.887214102009197,-0.721292123563821,2.29924101318491,1.61947608389173,1.5899970713066,-0.91563880129141,0.0641166869713112,1.28710792654553
2.08797662231857,1.9096651848458,0.672404434013061,1.99989989913788,2.40197657168731,0.21653069780431,1.47058452811357,2.90391543196766,0.572110048623209,1.80325393049641
-1.61159772968398,-2.02353952485875,-1.32407697366923,-3.22723167952606,-0.569831930043296,-1.20650163370322,-1.88147108239662,0.484906063176083,-2.85687355914748,-0.921344460252965
-1.27907671194638,-0.131808690181193,-1.74261484415635,-0.811995649838857,-2.52369031314326,-3.30077182346103,-2.03420101380168,-0.637206645898846,-2.6846442537061,-2.59301427291493
-2.49526949362429,-2.20203315525886,-2.32016863184837,-1.47874137527969,-2.28041621992666,-2.84033534784926,-1.41341136765406,-1.52478781172059,-1.9196371158464,-2.28810668986014
1.58287149658267,1.91665146831214,2.26688355574824,2.84161645148432,2.86698057399665,1.97367963333929,2.17718360490057,1.87866145711859,1.60952835223496,2.08109449359778
1.0391733024445,2.29924965871079,2.07165660964673,2.43229056665597,2.77033875526991,2.89229404428817,1.42546144655566,2.5612629594824,0.190822880128989,2.80157502757075
-0.61653898732825,-1.10785204926035,-0.651355683127057,-2.09779472522417,-2.67024393681559,-3.76479298784052,-0.609309846081635,-0.215328706796854,-3.11486355980747,-3.74264231856224
3.27339768985197,2.3621174052501,3.10172776965587,2.46923247313933,2.54353805761337,2.48155769143854,2.15015187372412,1.7721071441394,1.7651924465099,2.16199705855142
2.27377198263033,2.19889330215244,0.981241937972517,2.59189693091234,3.56939597899204,2.99834412942645,3.95072556839873,2.16716787509815,3.28061735801744,1.97993361937122
2.81780444701518,2.71610177469347,3.57270308638626,3.2999325475031,3.2067073946812,1.11736189431437,2.73664974987796,3.19376220229406,1.81818788487188,1.91923965910921
2.69239721752181,4.1185485150944,2.5273951504773,2.05828825263769,2.65627616329296,2.98116529296427,2.50274816546414,3.41369156154307,1.5233176048077,2.86952818176924
3.77965508819072,3.23156635430794,2.41777260468611,2.50212745929227,3.16176263790165,2.44277103380074,3.11235813705961,2.90186238113412,3.18535046674168,3.13669944839315
3.19508983562427,2.94279044147121,3.02374911328729,2.43811746408395,3.56239947491538,2.21480823921956,3.61095316002762,3.62744253904589,2.87613217385825,2.42243819387452
-2.51104710374086,-1.66222710655869,-3.22461318251675,-2.04974287001709,-2.22001741271776,-4.56593045122786,-3.20234799476593,-3.38019320801681,-3.53000550027726,-3.22762981989954
-2.86273661842998,-2.54195348450856,-1.78574828209696,-3.12575484546761,-3.07609775206417,-2.95229952027734,-3.46982705400061,-3.17309589138708,-3.68351357160196,-3.61721968869474
3.28498932368445,3.7096786487748,3.42290873691486,3.16686901723358,3.27312174176394,2.35665540300692,3.51877936053708,3.17197271389468,3.04511286001922,3.0196948093508
3.3175474680165,3.41322433342059,4.85036417712868,2.36398946218592,4.72482273677965,2.22826965166157,2.91292046432459,1.7996558956856,3.88554208895697,2.06678508233053
