0.230155487898252,0.476487511066686,0.532879718931123,0.288495452932749,0.305272989238162,-0.476953049253544,0.501484167110603,0.319878362213877,0.0394727700927522,-0.0199987815083289
-0.755211544533588,0.0564999117337954,0.298197733229988,-1.11224766693033,-0.544923746907495,-0.900095030100134,-0.130038910160299,-0.00127440430174919,-0.793662071420637,-1.47430906565429
-1.01250251062404,-0.698351312421276,1.55388785721317,0.395794811613797,-0.791525606013062,-1.33861592276745,0.159665150108839,0.356660571113963,1.44908868905137,-0.362673487206943
-0.0258668359975375,-0.208124098223985,-0.461425165834457,-2.00513752866509,-0.452188508971273,-1.53856139863559,0.0899754969770341,0.535401480983125,0.769594378669913,-1.59651863559725
0.263421841831167,-0.552009457610548,-0.0104753826812172,-0.991227679532801,-0.266146265487597,-1.43807802640326,-1.61585465076247,-1.38442729286467,-0.83535812546151,-1.35249532889092
-2.26440694594457,1.23722694701047,-0.646400023910898,0.029901611605833,0.310776811435481,-0.279508089552784,-1.46176194859284,0.0596414588963858,-1.18711554917923,-0.661996203686968
-0.695229889526086,0.754242253894526,2.29528822088351,0.929025877912442,0.474565886632548,-1.62465015499151,0.397861621080101,-0.13182706150934,0.216076808968452,-1.05234458782268
-0.221950793495139,-0.816201196700092,-0.279476525419298,1.90899368533502,-0.874345543734171,-2.00156041006262,0.98927163089203,0.621087876293763,0.650222497317834,0.937427906449144
-1.47304651210469,-1.86914877342266,0.432277879499251,-0.253646268389073,0.0313172846053499,-1.26314149453676,-0.274535848593815,-0.399103721797346,-1.44638647256059,-1.79219940446897
-0.609176571462842,0.732214351520001,-0.222195337472873,-1.22628365953109,0.601857949408482,-0.715510784313682,-0.311898704064839,-2.31165430764958,0.222024246596052,-2.12315962886105
0.516260914382672,-0.166863569395071,1.45946825569212,-0.505917645436697,0.496502605092072,-2.20313106821905,0.236848110136836,2.27085562912173,-1.35912158410775,-0.125971947775875
-0.501121991851824,-0.913931891858066,0.754336681134372,-2.98803532934882,-0.0836419319129975,-1.82532021122636,-1.05406020164099,-0.883543901290868,-0.167816157453926,-0.00282104573403741
-1.69881241791312,-1.6814406124867,-1.13498377165248,-1.76675814980308,-0.0223470374079999,-0.360737752144626,-2.02955157225616,1.6684265710952,-0.292276396074927,-0.12306936851881
-1.10243420773437,-0.611823155006356,-0.54456560524912,-1.43921937870737,-1.32719828350261,-2.25115550200801,-1.10300449522773,-0.83109561847451,-1.85391409474331,-1.47413206230618
0.364925481935736,1.24330521232864,1.81216036651345,-0.0888599735977778,1.16247547425404,-0.0642607578592165,3.04330200223009,-0.017860138716762,0.948763269036743,1.79525409843196
2.15516820624439,-0.538516205120308,2.3025476912203,1.15183481548411,2.79088738492401,0.147066376544841,0.372127023362806,0.55766907838365,0.733033485999268,0.820694663730126
-0.293086109928542,2.89477455455516,1.79970430045039,-0.392595069478492,1.81663891003596,0.770589969974907,0.804074737339101,0.538998591412147,0.476338532371176,2.21448153934511
-1.79788483936766,-1.30317450984036,-1.1611095436275,-1.708910533254,-1.20864147274207,-2.14587328445766,-1.36760657225188,-1.55833157749814,-1.8947080811268,-1.81989563654753
1.5219016798035,1.76637751042084,2.66176031890205,1.53882914713855,0.896425729844646,0.96566011170312,0.627174999216518,2.19373235237141,1.86581345001762,1.57756850342326
-2.00430988940249,-1.44368657173341,-1.4372307196955,-1.7920951316618,-1.86998737040199,-2.48544607700731,-0.359434755675897,-2.44441800798076,-1.07589030186078,-1.25610394329547
1.44532451192306,2.46652444501067,1.92209415616762,1.74251149207382,2.31012219700769,-0.504830243117102,2.40672247529514,1.01133859286291,1.34348466415657,1.35724753982535
-0.509468685463503,-1.52680757104674,-1.17459280515096,-2.13828703688367,-1.04450971970386,-2.89638173194852,-2.2735593733465,-1.96891471370883,-2.08920331903106,-1.79151860947962
2.51633085099669,1.69472628586655,1.77859756383925,1.97911252816521,2.54662138443271,0.607859574020617,1.26498865269946,2.29226494998508,1.28519061500088,2.07790331639377
1.38786065898135,2.25163544006077,1.27252468934532,2.58961313866582,2.02315808181308,1.34371149330449,2.37323878611797,2.57403446252382,1.4091856782672,1.55174678062185
1.44605791199061,2.57735664245361,0.956952438599328,0.283488636810972,2.95319119691354,0.390264640215341,2.59175643096171,2.45437886566819,2.22310987800244,1.4242691111395
2.19178648667288,2.26988712360787,1.2640438903012,0.894385259332201,1.92359805117833,0.75474900016204,3.29429643979218,0.983584560201966,2.70187110020573,2.23777726650892
-1.86577578696961,-0.782467263777555,-0.236895800619704,-2.60733989778943,-1.42770192109416,-2.10783880649351,-1.43203289032312,-1.44761063155344,-3.95752539306615,-1.89483164346852
-2.19388756576985,-1.74874471367487,-2.64984364940852,-2.22323904280219,-2.24319788349108,-2.08942533562518,-2.37155355390382,-1.49332899999143,-1.79994370207536,-1.4168376212521
1.86015675017043,2.90989513671218,2.26409035322279,2.32301677240632,2.41904258448477,1.60272957652834,2.25011539334346,1.58858968616673,2.28530915738093,0.830050472337915
-1.28623870277968,-2.62031045738427,-0.720329767012518,-3.73270413354065,-0.802191562703739,-1.26991751530723,-2.5955221448743,-2.42193067111186,-1.97709402408336,-1.84413155086139
1.68989691322606,1.13362655597205,2.13148125735892,1.58291454016892,3.34625966690509,1.42414200545365,3.27893230736484,3.22201040253049,0.257619746831837,2.09279437286003
1.08452090270323,3.04722965777744,2.69531248160246,3.06558550008969,2.84035453321841,1.18593506353335,1.33245135902454,0.593048868687901,3.44791338084344,0.4696740497062
-2.69628792303232,-1.59087582670899,-1.71641414455045,-2.35220278123338,-3.16962188683816,-1.85410971569417,-2.74361738750611,-2.70746319670909,-2.0154973791675,-1.40215484268308
1.34416552732309,2.51770064806948,2.17917432874985,3.18596996563203,3.47521250973883,1.58907507748796,1.53131275986248,2.1597193534567,2.80105951929952,0.564955851357882
1.18996075773371,2.27910549632297,3.10901372012771,1.76983526037265,1.76191060086978,1.42925719191756,2.46581043753634,3.50559630472656,2.99911490130139,1.78505396494712
2.08496123778471,1.45610339507159,2.06097341956417,2.96032720083472,2.75086053990904,0.426327734462736,1.53162167107933,3.49539201680112,1.99841505184278,3.53139433704171
1.74235414001256,2.11092789550389,3.0236610399006,2.31309089250773,2.4297285503473,2.11484598327096,1.70457928401597,1.20589454068759,2.67657996111899,3.81232268747594
-3.00262937251066,-2.06707762775748,-1.87644708883759,-3.64073303954164,-2.74453104543199,-2.09394496982477,-3.64128573075177,-1.74449839280533,-2.35740854863437,-2.2935650826
-2.53664577485509,-2.50770252914402,-2.76866667163517,-2.90267431266559,-2.25390939480244,-3.58268548658094,-1.78179643757443,-2.10343338445175,-3.15612627046448,-2.45886698353505
3.18873536955506,3.43506739272349,3.49145960058793,3.24707533458955,3.26385287089497,2.48162683240326,3.46006404876741,3.27845824387068,2.99805265174956,2.93858110014848
