0.230155487898252,0.476487511066686,0.532879718931123,0.288495452932749,0.305272989238162,-0.476953049253544,0.501484167110603,0.319878362213877,0.0394727700927522,-0.0199987815083289
0.343783836739986,0.381019072922791,0.8182382420997,0.422269889637976,0.20816311595024,0.25451734846552,1.24235365465588,0.394253310432331,0.564879286342397,0.242712822378506
-0.469445943224636,-0.720079320454267,-0.634354700024721,0.567442186303826,-0.800658891153997,-0.765946998246548,-0.779945422018138,0.201440910543252,0.257811109575853,-0.833801616564826
-1.57751820183063,-0.590138313078783,-0.00110729425022082,-0.336364655452316,0.558611539098165,-0.29029670180831,0.556538227059958,-0.615758627058322,0.0967539552061634,-0.597472794316259
-0.418449473354755,-0.483508262408891,-0.00296842543427855,-0.331413593640663,-0.249948743073302,-1.69081952785474,-1.64825944122403,-0.00399228571022014,-1.48613098451202,0.096238743758543
0.278377096130178,1.63492766731566,-0.245887819722779,1.41927543180415,0.419499954541538,-0.921853428823257,0.464259563698019,0.115133244503617,1.77328662115345,-0.208587042483029
-0.679994517660764,-0.807691615762692,-0.607062613815158,-0.579137957760442,-0.9626172353547,-0.782520016366338,-0.635417946613212,-1.58744863149517,-1.37213273112758,-1.07484172787674
1.5961554059071,-0.244823001177271,-0.509117654780613,0.798750370152819,0.95099625243786,-1.89159414268654,-0.579960985477402,1.08179928166281,0.346137321248794,-0.230653387053156
0.847994633784975,0.463184459526829,1.68809248701565,-0.20118001427392,-0.73553742488247,1.25411935709081,-1.2194092765858,0.259952798868484,-1.77067200447872,-0.117388918569406
0.973098716942825,-1.45076952899118,-0.114264892007575,1.30141121017661,1.54981224342936,0.27451344092379,1.40733670505333,0.0168526419762096,-1.08026463831573,-0.93343411077762
-1.08490349820161,-1.60592068716151,1.75645378905593,-0.0693319329586399,0.484665704144893,-0.322231390155635,1.50831137601091,-1.36638431097589,-0.283637173167682,-0.975471608225343
-1.05813650257129,0.899958613381086,0.527237522368081,-0.573973975238359,-0.323038440126674,-1.40343879244129,-1.05337988497591,-1.82960145885178,-1.94991187575194,-0.59771539497345
-0.127733258395639,1.72884675472367,-0.903794637108938,1.04465873894787,-0.442775723823088,-2.38079013517106,-0.888800940102548,0.294045816378907,-0.759222757590964,-1.11184739401436
0.782910393520009,1.46721259879669,0.925504435993271,1.86339077787174,1.83532589834161,0.87776095425946,0.130865578291003,-0.930634181577269,-0.687951012463105,0.947295351731604
-0.618155143565001,0.182514927497624,-0.19200029758673,-1.47372817474019,-2.34759415568489,-1.32082895190344,-0.599315065939828,-0.648925691911856,-1.93729589594267,-0.150744574444055
-0.855136270768276,-0.903539389718706,-0.862562967618892,-1.14430691850602,-1.18418905005214,-2.21764367963593,-0.84826172592285,-0.813445339783312,-1.52224017720427,-1.16616313011722
-1.25016495793943,-1.7723880511522,-0.452341955945725,-1.25880781850845,-0.812223817913818,-2.68738629416955,-1.5793719565517,0.0988350377222764,-0.737165937580438,-0.215923546398611
-0.229614627044276,-1.59886370221556,-1.53249384428727,-0.737777125063967,-0.789417760625002,-1.05166569293171,-1.36633192484342,-0.699773102376409,-1.87623604216778,-2.17517119530143
0.757522679356443,-0.425450297755855,-0.787114096928354,-1.5543059250188,-1.97463971340431,-0.619742491311561,2.82115347169216,-0.281580302381067,0.0123336646552266,1.37607471286184
-0.654492166294,-1.90876488543428,-1.06798469778591,-0.570579724860767,-2.22422640924744,-1.24952231931615,-1.88483553986909,-0.43039198908434,-0.592133538790432,-1.67579190758245
-0.363612683972769,1.37534600597063,2.85732815937318,-0.0268233695231233,1.54002237348394,-0.695823572996372,1.53357736301392,1.73291605109225,0.74563026019362,0.438903326938807
-0.339127990474879,-0.0721510247648683,2.42197632754608,1.34247811203684,1.16258316019793,-0.98090744924014,-0.794164165454241,0.0254258296453724,-0.245501100699598,3.09423157693604
-0.00258315833390577,1.60010649890677,1.05770184363227,0.294064761432848,-1.0959924985502,-1.39995844394131,2.59248504057582,0.866158120490645,1.91569960267996,1.99339539897877
0.603226941877634,1.42430662340097,2.05468273336763,0.877713126516907,1.15008442439886,1.66206875910966,1.12040636452139,1.92936431882287,1.90163982868509,1.6629879590119
0.346295614836734,1.42002336565647,1.771180798433,1.23844068046146,1.43603576301979,1.57605845851623,-0.98823154314092,2.89977989283086,0.923649689225501,1.92698341921605
-0.0830387876440317,2.60923477542341,1.58791483901101,0.903971387954534,-0.701882085886619,-0.423986738990416,1.97038578574208,1.97240401224227,2.3916228811007,0.999336499493678
0.868088901999369,3.5837161423259,1.67350431153928,1.367470772686,1.99976062910572,-1.31724878766014,1.52215499828549,-0.123698577002038,-0.414795803347061,0.872252902786781
2.41242070219033,2.32091413496404,3.01689393772646,1.65253303201143,1.0225441681172,0.44235992714862,0.785469302864985,1.01413717595946,0.514105478336126,1.56847848233983
3.04008911449418,2.59285427402624,2.67357791677923,0.631814469746998,1.67116731180249,1.18274369053607,1.68133009526206,1.41347774271643,1.668402859677,2.58666019969724
-1.47519306966142,-1.71096318886489,-1.99929722876035,-2.05257133634661,-1.63878149651798,-2.49008492928103,-2.34166456244792,-2.53846820466658,-1.54651928336721,-2.41921580602182
1.6960488806886,1.85885158523806,3.03871891085623,0.756405147590395,2.15477045744078,2.79001430586917,1.31797373935037,2.10043147135187,2.86372986105504,0.653221853577192
-1.73198061370976,-2.20947045835738,-0.50873933386802,-0.902226471688264,-1.59898217040174,-3.89459614058859,-1.84728350373558,-1.9753936318004,-1.70250987401281,-2.67076056111864
1.11785883309421,1.84636041248154,4.00136024936437,3.24096443369338,1.86719935711988,-0.128700221876946,1.49625438879629,2.79546695932009,2.03889513203448,0.984602282394762
-2.25545451023413,-1.90176552454995,-1.32005311802601,-2.0426840646381,-2.3514360060496,-3.82328150266512,-1.83707894453704,-2.40431410252994,-2.03971072632666,-2.48349125704242
1.82315134812701,2.5522574639558,4.0822457325487,2.85927671967562,2.76490826084135,0.836550743374019,2.29366818189974,1.84356195943908,1.2302060394284,1.19199658043419
2.30589375810123,2.57972001939004,2.53205500563726,2.80379519636019,2.75811878859812,0.736037694300443,2.22422587982082,2.24445949842677,2.27693763920694,3.29854000487878
-2.42867512754413,-2.18667672278628,-1.59164517408974,-2.41544800178583,-2.70434519448574,-3.92933729034348,-2.77504399952593,-2.74022761338639,-3.62447589431091,-2.07794402744724
3.10371870628906,3.35005072945749,3.40644293732193,3.16205867132355,3.17883620762897,2.39661016913726,3.37504738550141,3.19344158060468,2.91303598848356,2.85356443688248
3.61677961419467,4.43065805151675,3.87414013753269,3.00107709198614,3.57025432118211,2.11367402015231,3.52707800894258,2.05974377519269,2.65055566380782,3.01821220365351
3.72304157994719,4.60986990835181,3.55095160784216,4.00917846402836,3.96420941697805,3.21339830686031,4.368544495328,3.88314205354215,3.8764271252851,4.03245095954752
