-14.3575037823813,-13.7715652438474,-2.07481648276703,3.38710794849337,1.45823781602955,-18.9757757871966,5.12456545730088,4.1297924707484,-7.49838564960963,8.82419463102204
-10.2070256694767,-12.9932157055929,-5.38700546351605,9.2217779907527,1.58791593361089,-22.9114765588348,2.41505738520378,2.79907454062887,-9.72098989255331,7.37267331520459
1.77639177655102,-16.7533326055672,0.546725162079021,18.7273486849395,12.7217990391275,-10.8237148750616,5.85431949334944,-7.41683013101211,-9.18470257575684,12.012076501052
-14.6111703969318,-18.3110320280749,-8.75070469437565,-24.7316114342077,7.45044481682697,-32.7256345813339,-9.31389564831565,-16.3218839502247,44.7213149220085,-13.651272309074
-72.049811474689,-34.7274475967886,-12.7229646309152,8.55952174159681,-17.7084288506371,-26.5948234062442,10.8286652790478,-25.3940170530611,12.8504515596927,51.2845120913395
-24.0191265240776,-10.6923582459739,-95.2398463476579,-5.69214948469482,-14.4566967118082,-6.64301398691832,8.0130340024761,39.7687810775597,35.8850709157109,25.3914566875802
-43.4132224894125,68.6943091960735,7.43336558885,-31.6808925275359,-6.99430184392634,-47.501503033067,25.2768263626686,-30.5012543512465,-50.8187118727375,-27.1401959208603
19.9537430157374,28.0642189361223,13.3704806913335,-77.1462422050449,43.1204518973355,-12.5206060938087,70.4218965241618,13.2064068470636,30.0414879004336,19.6928124317879
11.8594182326248,60.6619530288656,31.914805364887,54.071511572596,0.890453256147154,-20.8640404171192,57.3949752892044,49.9916327644229,44.193555201658,40.9697134071753
-65.650839038143,-8.48337857857935,23.1746944353039,-48.2808954270993,61.3285596984482,11.9102795943708,-36.3665534298497,-59.8336072461909,29.0992185933341,31.4251412341958
-65.2852295686316,-55.2656225617631,3.80423415611604,34.208241102197,-33.1670794663086,-24.1847586517211,24.2895321332941,-14.1117153407796,84.8155788459846,-5.48153776436159
1.72146324937828,13.1884768331182,100,19.1831203282491,37.7244287589842,-26.1610722773306,31.3750400511088,11.7252082143728,22.451072200551,70.1553514688341
15.4180493991665,-79.5330797652668,-91.6445719464624,-44.7117130371622,6.09046446035297,2.45241747693419,-2.95380525848079,3.21961404232451,34.589651730424,-34.8193020295344
-14.3575037823813,-13.7715652438474,-2.07481648276703,3.38710794849337,1.45823781602955,-18.9757757871966,5.12456545730088,4.1297924707484,-7.49838564960963,8.82419463102204
43.8723430937348,69.0897911002511,44.3036530642626,13.162485753124,48.5507819206704,-30.6833498693595,49.2378744698369,59.2401333034799,20.392667791195,35.6878038589274
-18.5079818952859,-14.5499147821019,1.23737249798199,-2.44756209376596,1.32855969844821,-15.0400750155583,7.83407352939799,5.46051040086792,-5.27578140666595,10.2757159468395
17.9102873354833,-19.735099967287,3.16826680692508,34.0675894213856,23.9853602622255,-2.67165396292673,6.58407352939799,-18.9634527327726,-10.871019501904,15.1999583710819
-36.5044757418502,-14.3730747058574,-4.29153848100776,59.3092514572707,81.2196322581709,-73.3769551131826,-51.6828229506279,28.3580843922819,6.17592514079429,-4.23242484766128
-35.1442863845507,-1.71108694327402,73.011303346323,-61.6261392150666,-71.2158999458746,-3.16503167598407,28.0123266488276,35.0257277921723,-8.14591496733659,-65.4337597626362
19.7899682990966,-55.002733001769,-31.2679688208089,-56.5131260305841,-44.9483135367974,-72.3657551397686,-30.7947477643698,-32.4333217519713,-21.6423412190674,-68.407046236238
-74.6637284291658,-9.16189530371459,-28.3101355141108,26.7805454881363,-48.3408520323493,-63.0875510297397,-36.6195552833699,-15.3214753584502,-80.9654565440108,35.9005035034549
-25.9547904059242,-52.4809492648605,-7.38331715719042,-15.9091005553044,-4.10622291024744,-21.9366267396962,0.481132352927403,-5.14555020519268,-12.4186385495231,-33.7242840531605
-17.1064776795797,-41.1828414270729,-3.47226723235147,-0.113342436928598,50.7291189080148,-42.0328736679838,33.4750393661763,17.6034116088971,-10.2892076933274,24.1248934622295
-17.1064776795797,-41.1828414270729,-3.47226723235147,-0.113342436928598,50.7291189080148,-42.0328736679838,33.4750393661763,17.6034116088971,-10.2892076933274,24.1248934622295
23.7105713046297,17.4656529516744,0.16937392285849,-21.4640747949651,93.4982506080346,31.4477691295605,5.01335998378809,5.74508266107916,1.80199366553936,-23.0715040721511
11.6012398168662,-63.8468841865239,-18.8948583520101,-1.55947921503486,76.0225546066879,-22.2859801034552,-66.4198945579584,-48.7779201046994,-63.9243933058387,-56.0784367416491
-22.2878113376827,-4.25197344525665,2.06316809218009,4.28799873963285,89.5524552717408,9.99964333860905,28.0482501799049,21.787156040911,17.8559339368962,51.7305635167927
71.9506913758874,-67.3541475863347,63.9623114719375,-20.2593336555375,46.5223060750334,1.88930085378257,-74.5433774509942,-27.0094297442669,21.128980498096,-47.4602980391745
-4.3958929527589,36.4546872480464,-26.3702120679416,1.74755953056824,-43.5287779331025,-24.0890678256739,81.6893003584973,-19.4796389199281,-29.9104653029376,-43.8201052853163
9.5059997371168,-25.4624554843382,39.5386947136883,0.491443345239475,79.6419773385725,-53.5106007820868,-4.51615829354429,-22.0659762703556,-46.3909072228787,-50.8767788991688
-14.3575037823813,-13.7715652438474,-2.07481648276703,3.38710794849337,1.45823781602955,-18.9757757871966,5.12456545730088,4.1297924707484,-7.49838564960963,8.82419463102204
-22.6584600081905,-15.3282643203563,4.54956147873102,-8.28223213602529,1.19888158086687,-11.10437424392,10.5435816014951,6.79122833098745,-3.05317716372227,11.7272372626569
-7.75159226856846,-17.8874354116247,6.4487018735036,-13.9711152257873,-13.4468415038822,-15.208516828645,12.8580546970038,-1.99504627128069,3.63873968191234,15.4668420986859
-14.2953077132035,-13.7886165907766,-4.69126766708945,13.8941460038011,33.9910211451274,-22.8702977215215,-7.06572503964642,20.5520640397118,28.5193777554609,38.4815385528392
-44.3756668315362,-22.1134242506453,-88.127786819673,-6.09151588099562,31.7490197244809,-37.3758669430383,-85.4402767608697,-13.3390211438844,13.865334762603,60.6186785577426
-87.0224746489091,-89.8781001102872,-66.2876997440714,-43.4274155736194,-25.3300941477056,-66.3553837477468,-55.2423093050494,-43.7046101928241,-20.4921556756718,-6.22638783997679
34.5672101179373,-27.8325709525699,3.80824866739476,26.089119108749,46.9436432612269,7.02237671162001,8.0610878723981,38.917776491016,-12.1245359125004,43.0784277388474
50.178078453348,-25.6986346907267,8.41135009661719,64.7480708942777,46.5124827084215,13.6324678613431,8.04358160149509,-42.0566979362937,-14.2436533541985,21.5757221111418
-43.6041809539114,-7.45409760452836,73.5846383425761,-10.1819990357922,54.2542882896869,-3.8542493063888,-30.8235487110561,3.16682641711185,23.0777752172301,-28.4746179500876
-100,-100,-62.2143893916321,-9.24050001483567,2.47198266117482,-12.5900203980893,54.2042848385862,-28.3310865148902,69.8882287756985,-36.0473055219732
