0.230155487898252,0.476487511066686,0.532879718931123,0.288495452932749,0.305272989238162,-0.476953049253544,0.501484167110603,0.319878362213877,0.0394727700927522,-0.0199987815083289
-0.292995763005593,0.62404064473706,0.240639537325929,0.356591107215066,-0.167698072277766,-0.697205300369393,0.280471147836556,-0.776122895814106,0.43121966882252,0.55094049394562
-0.212168339197874,-0.716138687183796,-0.267552489427393,-0.141042135964009,-0.959476710004638,-0.863237684284846,-0.691675686379244,-0.0552568134352314,-0.27633038434884,-0.847895344545391
-0.964426190669994,1.32148074579529,-0.032693346598321,-0.423213980524428,-0.347996183227081,-0.709937253693155,-0.84720649482587,-0.590135088056189,-0.242691395266081,-0.203203758606808
-0.507734841660928,0.409129767005337,-0.628914039287681,-1.32555932437441,0.00120716350733663,-1.27975774058323,0.764876518941434,-0.0476076618205628,-0.288919327972266,-0.015370589606843
-0.880544323220136,-0.313964147433608,-0.815227193756217,-0.708305898662304,-0.722401654034752,-1.48892022833948,-0.422128525923557,-0.755632649264845,-0.899192909453932,-0.850916768123262
-0.0667285980372581,0.925916758518659,1.69510393915215,0.130836041704813,0.92264768136105,-0.586388311124958,1.01753076506226,1.02639720665306,0.392551515143186,0.209452272715239
0.416691214887943,0.950397067233828,1.29378122614938,0.583104289724828,0.727678706818509,0.592557854928059,0.810945265815998,1.12462134051837,0.970556299388922,0.821494588751788
0.253057245984777,1.47800025633899,-0.386888408594269,0.668982466456333,0.212366625480969,0.659338153589856,0.360697979671242,0.549691253888853,1.80805309804257,0.758414684256903
0.220091536806706,-0.58609205272168,-1.49168954523531,-1.19163646461382,0.693847026072925,1.25520727633739,0.0972867246137796,-0.144970129452219,-0.962211810898223,-0.754575662323597
0.502264331435667,0.529548735556481,0.499597588874799,1.38373354817084,0.73742704208187,-0.892758520378164,0.613118564459286,1.23852915586467,1.24215897277896,-0.522461835695521
0.534375812721313,-1.66266919068668,1.32096527896981,-0.428800856577437,0.699943489880282,-0.648831812067761,0.652657404250781,-0.564142641938095,-0.65256703573935,-1.16031178376206
-1.87053417419455,1.45571314039576,0.489548148965021,-0.812511205318085,1.38787220218171,-0.561709321925587,-0.544828209717888,-0.374044874900386,0.0676013709541543,0.230081813132114
-1.65049561274769,-0.0871495536659719,-0.108604890731963,-1.19968598620298,-1.11909500959163,-1.54882408845925,-0.0991387166062707,-0.598820727253498,-0.832750739159508,-1.36429291199568
1.35159853392272,0.455266621797161,-0.194109181333856,1.8532704560175,1.52249630514892,0.562361822942575,1.50837340457837,-0.460066146801791,0.410330900069878,0.387178469971976
0.775240423702328,0.0279159402658681,0.720534068804188,0.689038353497484,2.35168472517517,1.53767570330854,0.316174872700803,1.07028346597968,-0.0308717742464013,0.623831351473193
-1.50943332040346,-0.805996141017954,0.421783011432441,0.722632415539822,0.366717143759569,-0.116916019989428,1.53904814784268,-2.12188037273588,0.443193829006394,-0.694229966719638
-1.02723248485414,1.47454627114074,-0.36619573986684,-1.21283321372124,0.163505820160952,-2.32567234702827,0.881949452827914,-0.0317802372642106,-1.24029309557452,-0.612833978321813
1.08988023107643,0.931110381887197,1.41610255322123,2.10249190836622,0.871044480547858,-1.32999486963003,-0.03836365583121,0.139866051805952,1.76352255276596,0.472154432899726
1.109819016473,1.96641855094569,1.84279993339091,1.45726073884719,0.391117274555743,-0.236262173435408,0.984556342748018,0.197519404062003,1.71759150707824,1.30286452348072
1.02665341801263,1.51437248751124,2.30756272573991,1.57388608630419,1.53509062503976,0.179798847060237,1.39757617450517,1.08172016082648,0.634839404760574,0.585998899462933
-0.851044524346438,0.254779388455708,0.434346017857426,1.21948714885036,-1.68939962659618,-2.85237716465405,-1.68025689437108,1.23537006575929,0.0157535185253692,0.380273572721029
-1.08668458589115,-2.60695667716501,-1.21926401510965,-1.00096503579226,0.343127031918178,-0.61404031698539,-0.0455895639180319,-0.887535119022969,-1.47277688649244,-2.76243073185726
0.727461437499697,0.405826519080568,1.15338474303417,2.50773997207595,2.0315763241467,-0.55830796138137,2.20194067327391,1.43764343678793,1.14319382900639,1.35734165006937
2.55059068920038,1.44930477995013,1.14757754210502,1.28325017615758,1.66266986828372,1.37026346719006,2.42151237292151,1.04688713426692,0.531826701510235,0.513804235103384
1.51984042858766,-1.73450788110971,1.94309796329219,-1.37344365668658,1.30840672968155,-2.79918042826818,0.786158416213426,0.57592187841675,-1.18134461419317,-0.925326084280742
1.08056250278483,-0.0241760475068713,3.45235906168584,1.87828924298025,3.09767204939423,0.345749395202243,1.40172316838615,1.00735927051695,1.39577494131968,0.423923791308279
-0.926600560434107,-2.14668925690832,-1.91747237723989,-1.75333064661801,-2.07072326543911,-0.898891000578493,-2.55762625080834,-0.640714141039466,-2.60789773804017,-0.656800249404763
-1.8879670712519,-1.90014337335628,-2.18309337949628,-1.50176711357505,-1.04589024814711,-1.81219630410236,-1.79241737434329,-1.82041400001804,-1.74141044687435,-2.25159293076944
2.29224722642342,1.20604209240242,1.21898799582954,2.36165740111653,2.49887087236131,2.90717086979619,0.802497061150651,1.12319351888973,0.597419864989938,1.62436257082592
2.55892620090824,1.99000533754223,2.09211965231034,0.639609031258499,2.46292975966479,-0.213286758443924,2.08299159476845,1.80506118078011,1.2313487067516,1.88079210865573
1.80891633068288,1.84914633012434,2.4982412050142,2.6559026172886,0.943168940479004,0.881193991357057,2.3301130755145,1.62920129482689,0.782752031158664,1.97212247649174
-0.534869471329279,-1.11161858139054,-2.44109655683327,-1.9421185562336,-2.27654357508467,-2.69871286205357,-1.28788331050813,-1.48705784425843,-2.66756730144141,-1.61121925500873
1.62625537660483,2.36752880219882,2.00208959276031,0.926811242713934,0.732908528784677,1.57709383791768,3.01477605374038,2.70627218552945,1.64671384334363,1.53992844900652
1.22139110251184,2.28220266703243,2.48847340051659,1.3205939502478,1.37808071894638,1.10289908154316,2.27232378437872,1.55705645795546,2.32316099419536,2.98251803808283
1.9904142591056,3.17081471770233,2.85912510317332,2.03559794646672,2.57678301970691,0.944223933773001,2.08895933649084,2.55700945155102,1.56138268397435,1.95548401874699
1.91272796372397,3.40564394376224,1.17123063090576,2.75881257471527,0.958023703990596,0.0819524166678808,4.03145665353265,2.79082043915446,2.40615761495778,3.71961756339361
-3.28451686229454,-3.42185944519027,-1.71247610314933,-2.7475610971558,-2.46217351045133,-3.25673507684745,-1.8522450855821,-3.38039583152386,-2.97922505868032,-3.35487805200969
3.4587699595634,2.37000184818061,3.06645027060463,3.65209618869754,3.78468547347662,2.75592305297798,3.81155329322482,3.0255083592379,2.33674692303137,2.38042641099988
3.88379627515549,4.3715153446541,5.16470558288277,4.43102894344704,4.39223348218261,3.03694170420309,4.25471903164803,3.93886301796933,3.49198226190343,3.44314175660579
