0.230155487898252,0.476487511066686,0.532879718931123,0.288495452932749,0.305272989238162,-0.476953049253544,0.501484167110603,0.319878362213877,0.0394727700927522,-0.0199987815083289
-0.325194417660942,0.0812616818165388,-0.141173737412547,-0.209905222864777,-0.208564332398295,-0.98293663879651,0.0396778205935231,-0.217877143525484,-0.42986006968059,-0.435457774815795
0.382265650309783,-0.593090839809997,0.926922498950464,-0.0701527018223438,0.502608239559222,-0.562892430660653,0.577070785680692,-0.122132139862109,-0.306547132823299,-0.590155282635197
-0.190570267356873,-0.386887348851273,-0.148699903875654,0.158224309538987,-0.00256648539653903,-0.609330934912469,-1.22821718636693,-0.00775748832356982,-0.726612063090628,-1.19525674408814
-0.398538498477946,0.975516891103711,0.0833419895321412,-0.462168880394244,0.234389404699557,-1.40131269814091,0.691716809969259,0.144049062474833,-0.600410162740885,-0.316416379915071
-0.348222536267927,-0.835100872920818,-0.692296329154385,-0.732417596842629,-0.882725138100474,-0.687922024916019,-1.02807104184887,-0.160417889412795,-1.28421248397371,-0.338399515456546
0.956052278284426,0.596413698626895,-1.12940298994082,-0.9412207522606,-0.406911010176735,-1.33756389353172,0.0585892197425242,-0.648404094527589,-1.19451132495891,-0.614453286474304
0.998026632122608,0.982128288328307,0.475892368783994,0.710521333337641,0.579288687597582,1.43495764038304,-0.858131161454589,-0.489773644360073,0.167055269881808,-1.38255234691037
-0.39503286771254,1.12101685102455,0.556526694847887,0.761971734983611,-1.38430660060478,-1.643180234124,-0.545681984859886,-0.789280914841858,0.539790991020818,-0.101384917286137
0.748498651189388,0.152956520757584,0.0317407467905556,1.04256863988076,-0.0489184525791821,-1.72709264174025,0.00892637104511107,1.96446009848306,-0.673155507913318,0.459335398982162
1.32691906990726,-0.195921367279335,-0.280300614001838,-0.235996513080907,-0.725259573881861,-0.765556021705657,0.141978701668752,1.78950774408629,1.02546192678678,-1.54588659408404
0.306118713652189,1.70463830519316,1.98950808076927,0.855435686226132,1.32115594732198,0.814373194227608,1.05811692865527,0.305448215326191,-0.130817007479633,-0.198715350573371
0.739331290048342,-0.394577085986548,1.29251890306051,0.1224564449932,2.19461652121895,-1.23646254011504,-0.0586530319521132,-0.0934567321610459,1.67692941125638,-0.579989163487454
0.207210233301627,1.49038672968689,1.00715182943324,-0.19516035390526,1.32239949123834,0.017732330691018,0.0137604895166168,1.76763798809127,-1.92239682379301,0.654099547365881
-1.43438985219148,0.704924105386353,-0.90546160924568,-0.263485540473664,-0.560895777193956,-2.48728942952629,-1.2692903511313,-0.893021018581962,-1.23295434790099,-0.259343182228881
-0.806447334281338,1.08879300014173,-0.757793309930046,-0.139317161342289,-0.843439065973034,-2.26899652841404,1.28506545164394,1.08186455219932,-0.814063023598232,1.61946541059866
0.743373250876082,0.193434916724885,0.522041013409911,2.5878085026562,1.00499613616615,1.12392289130423,0.850934367430289,-0.322819236497084,1.05611212643044,1.66503636424004
-0.850115897013562,-1.45234372887918,-1.55860779144703,-0.45820279375458,0.639773623046884,-1.10531360410198,-1.14908836865735,-0.312983602032254,-1.41615404753137,-2.04918089370095
-0.0268006675447925,0.0144021141807948,-0.43447234834607,1.1327776296318,1.44868446043826,1.07278949135254,1.20439915410964,-2.04334550286866,1.98748630620678,-0.84297439477514
0.854948011390025,-0.38675437870689,-1.45896948669269,1.80826737307241,-0.320512419848546,-1.599382313618,-0.0808471648068765,-0.986929624984054,-1.93824296729075,-1.31886562873095
-0.31551104664458,-0.54239326475547,-2.25122738485849,-0.813820356289729,-0.68878829909556,-2.51156597833053,-0.240335473839552,-1.43550863043648,-1.42185075023933,-1.33254050741772
-1.49218599726197,-0.567134067877126,0.162802824387864,-0.279593731937928,0.509244593478869,-2.73631853422185,-2.20350467942524,-1.19058233844463,-1.10384993215353,-1.88169343530137
0.0106672101366919,1.66932628028535,1.32499290703249,2.29742205530513,1.38623826341218,-0.383627052876131,2.60829132555258,1.10894596344216,0.00130078383886012,1.38964165548293
-0.716288674068248,-1.5283059441782,-0.632458560177154,0.51221180379291,-1.11121384028855,-3.55860450089319,-1.60399675324063,-1.52581558945322,-0.971965980270064,-0.103953513484559
-1.23349542127639,-0.870671930390552,-0.261347434385268,-1.16582253936239,-2.0049223738131,-1.85224807298863,-0.840493941414501,-0.42356209161072,-2.32439872479312,-2.81078991454861
0.939555481775907,1.56180569856502,2.73962891117502,1.27579092983404,0.349603347987655,-0.0169378342265232,1.08933264463423,3.32464615756025,0.223537909199343,1.86363907910803
-0.694298925432458,-1.22530410391631,-1.77233128096238,-0.359274901744274,-1.12256151512684,-3.0221441098764,-0.155351013855092,-2.63196842064627,-1.35556287145145,-2.02910956336177
1.64729887071079,1.70438339608369,2.87255508267398,1.41520062273125,1.123982263675,0.882356561865647,2.73781560213761,1.57972897286931,2.18847121945764,1.25648565537298
-0.843388932747454,-1.0277928078892,-1.95226566710832,-1.63348944166165,-2.76120347474144,-3.08304826665834,-2.00304805654725,-2.18932096631872,-1.50344120506827,-2.34532929797881
2.60905882909231,1.50754373309859,1.00494676612484,3.3306970040619,1.43997892328782,2.41012862926876,2.60294014948085,1.55328273108267,2.04308365326313,1.54722620786819
-1.67088819756525,-1.62328377272892,-2.66642626266507,-2.19854158650114,-2.33924615058011,-2.58094800243287,-1.38077672486102,-2.81175066131205,-2.32379946361998,-2.60791766786392
-2.0500320799986,-2.37503202447717,-2.67152382211046,-1.77002613643397,-1.92702444371555,-2.79820470406458,-1.8359803050646,-2.91100298320305,-2.61600725582778,-2.65731924667727
2.49359428945919,1.72137104278469,3.18396836391552,3.4169962440604,3.12192706477074,2.68366503514444,1.73146106525284,2.3471204998671,1.30539815037706,1.72387808931556
-2.47469918124213,-2.33789096759751,-2.32467043700613,-2.00479459035729,-2.31955907524908,-3.52576487572495,-2.28360772512415,-2.06170533186982,-2.20009321947324,-3.11213939951102
2.12297907284147,3.43265991404053,3.99558049370154,1.38542816347155,3.10359898210698,0.402487751653658,3.12508245571959,2.21658908967881,1.44709905011049,1.73167871485575
1.65141041462747,3.59921929620269,4.13106734611715,2.43409554637545,3.8496248424172,0.847886056510343,2.12670733938387,3.36620364714219,1.26111568772151,1.59135680930669
1.58376972198677,3.42621521694861,3.24558918791172,3.43477397242701,2.50636891356345,0.991211199835486,3.42590356998254,3.56912572506427,2.48721749976083,2.45583785671457
-3.20804444229496,-1.94192496247811,-2.59081590474269,-2.90826835470493,-2.86227068790355,-3.43435424238244,-3.01377025476672,-2.97603745383025,-2.94251840349575,-2.95251036096666
3.34360704670938,3.09311081657537,3.46761598477675,3.32967599412421,4.16938794811575,3.37127041793659,3.24973861081479,3.53599000500587,2.84520958883227,3.14282537589152
4.23544993531234,4.07415551521355,4.15340877652982,3.30496133300471,4.22501046536057,2.49578918706036,4.13314697184862,3.90337886240608,3.47631982933126,3.77130575448279
