0.230155487898252,0.476487511066686,0.532879718931123,0.288495452932749,0.305272989238162,-0.476953049253544,0.501484167110603,0.319878362213877,0.0394727700927522,-0.0199987815083289
0.191734146341136,0.263864055785315,-0.894037695931014,0.616832655814524,-0.859362573383667,0.276878779997279,0.744526089313715,0.502245298880299,-0.352644617485529,-0.164166847774471
-0.746659762611472,-0.372824530962092,-1.0830999962663,0.302985951854798,-0.144706740089643,-0.722783283781793,0.545539725435815,0.164776485143144,-0.743234151297962,0.410349197313919
-0.0144222691701665,-0.397391441962369,0.863435712364179,0.838727308165498,0.391064653058181,-0.169898569233376,-0.190446386751864,1.03426953308024,-0.657681168651768,0.71583067740323
-0.759604627619619,-0.740481078919306,0.170349118970355,0.0593721462543984,1.06744735498975,-0.55973120876519,0.14389820098269,0.670022301292759,-1.15458489219117,-0.629277253915293
-1.37779950859246,-0.583681444513648,-0.348319189477006,-0.143089236991647,0.499604015410986,-1.01360104304891,0.0182075879556294,0.804238645820768,-0.855585948457124,-0.908951130083974
-0.829768065561656,1.70767291064107,0.863573810400203,0.216141248114597,-0.478914043415223,-0.291614006160174,-0.290963136760863,0.253520623072356,-0.358396691638233,-1.19337291600873
-0.824472971877771,0.260976123866984,-0.567494014760116,-1.32354596751281,-0.496547246051094,-1.28774664018266,-0.434354251974296,-1.01124070763538,-1.1454509742152,-0.994730831878763
-1.18404711709841,-0.480310690020077,-0.294572628931665,-0.718462979474138,-1.27108030467078,-1.4186868828921,-1.04925326017176,-0.442199855840314,-1.40099521448155,-0.419025935735031
1.08054560683294,0.424191842353671,0.122217496803872,0.396353024779307,1.12680624117948,-0.343602783195537,2.10427408293667,1.11174772857068,-0.844135347641535,0.643423421588148
-0.598085902601855,-0.231754072212934,0.511685901042613,1.75091924918141,2.45372710614382,0.386222946630193,-0.0906663932538083,0.822022519490629,0.0900577740515867,-0.28501860739736
-0.211421322388888,0.402684924295029,1.54609031430718,0.239343518176304,0.72380887622559,1.659923041085,1.19520351026315,1.0283270437349,1.00603422600188,-1.418135419862
-1.90497351190749,-0.60687777422217,-0.614218497925765,-1.06226769089783,-0.579614659585627,-2.02717377748383,-1.15285226284776,-0.351121531804403,-0.919575546609364,0.264382910840835
-0.74198029966394,-1.61805141586961,-0.373604701381858,-0.179991372198021,-0.35881847757594,-2.25844243783401,0.195925905409956,-1.33479510611081,-1.31714633494695,-0.746441348260063
1.16913495702606,1.02638995878506,-0.672597844666263,1.04263094685066,1.97794118215024,0.583087029641283,0.0789209430229758,1.18406381533427,1.02763305089634,1.44857526887605
1.56819685396176,1.19453958740216,0.404105223454418,1.72116888902712,0.741477399739477,-1.14103914923608,0.762374467771948,1.44033269301822,1.01650791069583,1.16603145174716
-0.440342596392935,-0.96384170704031,0.426042112093516,-0.0927681636249849,-1.20987852591335,-2.11836719066769,0.015373055999492,-1.56901052667501,-0.989333814269388,-1.842915448175
2.55428809595471,0.848427315787171,1.09670304480973,1.17451949866761,1.96360920792145,0.0484673446892923,0.998685328767072,0.954799514875375,1.80136833815786,0.559163320000141
0.813153561158725,1.51802687592333,1.82910128400141,2.28908576518206,1.57991750606029,1.18488812718208,-0.247826403387626,0.146877943174659,-1.00132214095252,1.6725645863775
0.809478944321435,0.423954243387503,1.92400479423894,1.59726043368607,1.9144063391087,0.168076883271261,1.67153549023593,0.673958915549088,1.79321158421753,1.91853947157061
0.743963956076527,-1.58502737746743,-1.89347122719561,-0.596413474859584,-2.22899647057484,-2.24696903952732,1.6469350407401,-0.579974582445798,-0.465160024068858,-0.976813145671123
-0.00931156448948078,0.91486235990316,0.329547268089925,-1.5138954752787,-1.25467454994842,-2.57353389474236,-1.76063918354772,-1.34897708341539,-1.77650095429819,-1.93159483608634
-0.992878786722824,-1.01031890237253,-0.782708259934241,-0.795461111732272,-1.78196859232301,-2.38588319420811,-1.12045868354625,-1.33143611447537,-1.95475418693883,-2.17378128052367
1.31134635795355,0.546054365487625,1.92400479423894,2.39294102476308,1.67961797932034,0.63705235224673,2.39726121596166,0.937929026010427,1.62981289140708,0.936252837110058
1.86165250208492,1.41939220079936,3.02721167091955,1.15188858977509,0.344423411149255,-1.53512345438558,2.27228493802621,0.27932658103925,1.05745853671444,-0.649257429947704
0.588578426966353,1.21722825180743,2.82756570926929,0.736524126767875,1.69416187812705,1.94469937239888,2.53400449231385,0.981254023589538,1.15058388120386,-0.0199987815083289
1.88290689060493,2.04070372134511,1.61533979102854,0.545134135386284,1.14353911993391,1.09493281384705,1.48201387784175,2.64752728945593,1.61341943198726,1.8245597315106
-3.11934393465559,-1.03707766078783,-2.27263694564592,-0.632660388790686,-1.59884680065524,-1.42597862764465,-0.18823267051708,-2.57995653886888,-2.0752763582421,-1.66083964337946
2.44517387269929,1.86695568638895,1.30950140195777,1.89711050864859,2.32445924916161,-0.211862326455183,1.54540936410981,1.48304180796531,1.88580417681013,2.97627673197266
2.48563058872091,2.07147376639204,2.4935476279758,1.69826539358881,2.14121537228445,2.02659766321441,-0.322519545450689,2.20187842827258,1.64092617870048,1.28386456658357
-2.38524831829961,-1.82439671152545,-1.43300614441436,-2.10735186836303,-1.82663586022634,-2.34461280881803,-2.43814214906065,-2.25843917207963,-2.5326824572799,-0.565224766144388
-1.49343685685527,-1.66712417340874,-3.13395340127333,-2.75485768346661,-0.611778887188998,-2.5288609748944,-2.12031104915832,-1.57078344158815,-1.43492610532359,-2.15441454309809
2.85634746229712,3.76966893429978,1.20465844136148,1.8593242470301,2.40369250166835,1.38816243706898,2.28300994875122,2.3812279476465,1.28327959586883,1.70502657756211
3.95336184818594,1.46598303686388,2.02894323485645,1.76167803467529,1.91914780659733,1.72546402437057,3.15382123622917,1.60623665541383,3.25437948363539,0.715969338504871
-1.65463555806334,-1.27330808037657,-1.61833365927879,-2.34569299051072,-0.997330446493936,-3.76887015705243,-2.49636626931959,-1.92674556093507,-3.14163473467476,-2.94051477782881
-2.54762228987953,-2.30129026671109,-2.24489805884666,-2.48928232484503,-2.47250478853962,-3.25473082703132,-2.27629361066717,-2.4578994155639,-2.73830500768503,-2.79777655928611
-2.04496894135543,-2.40986156799913,-2.19478860795491,-3.34712351722019,-2.4035589989419,-3.92415180773096,-2.63872224914874,-3.27673900994378,-3.03279644086025,-3.89600457024675
3.73563058872091,3.68763538255365,3.66313827125065,2.29350348882691,2.53804076910985,2.70793938229197,2.29500182207068,3.5246297510239,3.73843184763472,3.22830901102802
-3.97299088227948,-3.30738043159043,-4.08470250543758,-3.76929522200891,-3.93363306012075,-4.42767404143132,-4.04810348379964,-4.04545576978449,-3.51925812738,-3.92030536839662
-3.80373710877269,-4.09149854811078,-3.48160448613844,-3.6674563020834,-3.34562967322124,-4.57345212017029,-4.19197116432933,-4.19467030447388,-4.28593661752218,-4.31093872955589
