0.230155487898252,0.476487511066686,0.532879718931123,0.288495452932749,0.305272989238162,-0.476953049253544,0.501484167110603,0.319878362213877,0.0394727700927522,-0.0199987815083289
-0.717575183559199,0.870525128400721,0.211501866407162,0.743138763965343,1.03233511628313,0.144837617295581,0.280471488270329,0.538174750982649,-0.465330926882414,0.68785884936844
-1.17793382406198,0.847734620721877,-0.204757818790582,-0.0451095314512913,0.454360382917012,-0.626197157626187,0.821566090873155,-1.05355410088755,-0.292430139844801,0.0555675485690013
0.828818642737763,0.395300702438229,0.0421943252852065,-0.341809860910936,0.8366504070035,0.375844858973218,-0.307086841473203,-0.107201262466994,-1.91810008038961,-1.13210115104473
-0.392478637232051,-0.582148615045548,-1.16332130964473,-0.86912065523414,-0.239608383919058,-1.29602718942838,-0.662359837769942,0.212960173803046,0.0312927397260885,-1.51916655824396
-1.20781442858782,1.37716348867534,-0.203084938371688,0.932889907761639,0.98555864928895,-0.0520697187009271,0.858195510640005,-0.117147743944442,-0.491724472317239,1.18087171869746
0.770750922925903,0.511270938277155,1.22844225658503,1.34071823884791,0.99244548427925,0.0800496514965927,1.44937269153613,0.628903694112152,0.834642830749914,0.458127027800865
0.409366957432302,0.846857881437056,1.6802227141002,0.512509789850312,0.999717433682606,0.733873161572666,1.51774432971223,0.650566192901707,0.595028325648308,-0.0199987815083289
-1.07754641520068,-0.673954600229384,-0.450063212741619,-0.909428207715139,-0.760681435494088,-1.41078292903579,-0.968328990975021,-0.969280404932877,-1.24660484359357,-0.292611773826359
-0.895684055848019,-1.17968030506148,0.488417494267813,-0.795752767766745,-0.138962872378279,-1.21304788857932,-1.78100091862735,0.290370915342998,0.0676615798097679,-1.15482328996143
1.05653118925159,1.2585956162059,1.07410975497983,0.416814794159517,0.724406054586036,0.308989882296751,0.991749022476175,1.4837028258349,0.826446101040005,0.902280475001136
-1.4807173694069,0.189136229240266,-0.496238025896447,-1.62209593591564,-0.17222296477713,-1.03101327182205,-1.24468660951429,0.282242067671505,-1.42367120686338,-0.232493469141138
-2.09108096556907,-0.550634529649507,-0.850259216191223,0.00711067707903656,-0.277044792072753,-1.09451227274968,-0.520069743191918,-0.60182951383597,-1.12022462342657,-1.57954562807106
1.33766468029877,1.17172159872782,0.921190560444447,1.09280298079067,1.31486611919988,-0.344407687854364,1.0234467656102,0.901460085089595,0.962638473451439,1.47813897523217
-2.15458134802665,0.136390719252784,1.34658987739636,-1.28044113613179,-1.56595021551299,0.839325747251445,0.287398818860135,0.73066160787595,-0.609593416360248,-0.408079702801066
0.693673229476273,1.7312438302873,1.51610159717242,2.26419679174858,1.35444272544437,0.531473527174455,0.607682936812766,0.288496305455786,0.0154231768633935,1.23613600293825
-1.13814936250256,-0.582386609410731,-0.758762208338055,-0.886696401008919,-0.622348659476067,-1.73703324676237,-0.381515213324757,-0.856939256310987,-1.87543184143733,-2.16390601906129
-1.23809338157976,-2.31221006199943,0.223921915048116,-1.09891883785802,-0.133254258478504,-0.995177934060083,-1.10438367485121,-1.89718817511483,-1.15548102726475,0.455979105883545
1.54325147509769,2.12307822268323,0.868769080146303,1.07390984998143,1.35448274545325,0.455604693907717,1.39224705793091,1.35055315493019,0.661376182980793,0.842513898026891
-2.13211648554762,-2.06666064517929,-0.504847744498275,-0.827911120297335,0.281110382405474,-2.09837096615054,0.52274841250459,-1.47624631770889,-0.439760283919694,0.488865188493385
-1.50750268355069,-0.332028861389857,-1.58712542047528,-1.67193940716349,-1.29693695551322,-1.90272385659626,-0.930887431006852,-1.33758020132204,-1.198858340595,-1.93835360041563
-1.26725747360311,-0.733655846460487,-0.0351725480161715,-0.94107183760075,0.560688230841249,-2.55465588662489,-0.116831880836151,-0.625271620147675,-2.51086249247286,-2.17622959796014
-0.323477347621742,-1.5690032540244,-2.69416845513276,-1.58292709947872,0.265714348866281,-0.341566001124205,-2.28806632154463,-1.1697199993835,-1.36561836022369,-1.31691097633564
-1.69833823551484,-2.18240728613004,0.106208228670539,-0.157022777509969,-1.4558677105916,-2.23587799793874,-0.239114101138705,-1.21301037919214,-1.91309635754007,-1.65246507700968
-2.2948953004953,-0.634439126162697,-0.529520319435013,-0.0107703103550429,-1.20672496191009,-2.67507991633373,-1.57621918696301,-1.09451597697014,-1.86394062540187,-1.8344329328592
-1.31045175440238,-1.40084527088713,-0.540104346022088,-1.35374614902663,-1.92844115323954,-1.90362054428144,-2.31891357435044,-1.58200378977482,-0.682084030356136,-2.04314993715632
1.71188194108407,1.74994728708009,1.95585780867587,0.86369021232323,2.66679381082005,0.652334010407744,2.33559074025692,0.362634452731947,0.72956811972252,1.27286846525243
-0.895034910257162,-0.903575717254718,-1.52707580309538,-0.989770330193495,-0.939313668156879,-2.31484007980266,-2.32242652217863,-1.20589729708765,-2.47987979360208,-1.80113508767995
-1.27894189373036,-1.25756201639784,-0.759801753845073,-0.313642011100213,-1.46312108776443,-2.39480760090576,-2.6552905286224,-1.44237621642648,-2.28006334490449,-2.06113298477269
1.63754821464614,1.55531205240079,1.48391504754371,1.72363970846929,2.8065278935424,0.243982043065951,2.1710717059234,1.87425182635824,1.29762621228808,1.75298063615809
-1.07196938421892,-2.52047777765351,-2.19673747492145,-0.50461291478399,-2.60705108396037,-2.24389780973863,-1.46050014956221,-1.77189305660957,-1.23388380234569,-1.26431008793882
2.55663473446592,2.49297211277033,0.55760314665169,2.02795474106383,2.92232837855395,-0.0197301166086614,1.9655166674127,1.72084537868499,2.27268356516894,1.92054362254699
-2.03718659732617,-0.96891041197114,0.0969994504497189,-1.77373757740576,-1.18726999803347,-1.98644276178203,-1.31507998502043,-2.64678683850885,-3.27162887666968,-2.89095566886433
-2.21849235365754,-0.558529107685483,-1.49189156596433,-2.16294277491319,-0.438631090831575,-3.41554601376288,-2.47949501122949,-1.22530464088688,-3.20261181483517,-2.64047375880054
2.87285290093091,3.45810587471144,3.19364443273704,2.14973092805354,2.28773015887139,1.23718746722857,2.13285343100796,2.24788157862576,1.8939168471238,1.78663413042919
2.49727025994248,0.998758751081835,3.21739253282813,3.60591160901366,3.08519619581449,1.88991819788638,2.73850712984184,2.60206865070252,1.46246804421049,0.938549799840259
2.65733738497918,2.51875384123971,3.24189185473884,2.8602945838804,2.31012817088892,1.46477081926591,3.02085955078157,2.13786485699595,2.2875004171382,1.83097382438486
4.01344975619968,2.05946564396361,2.24776230562307,3.50174896517952,2.49342586753101,2.63329617063234,3.59560850277486,2.41004514364679,2.53652253102176,1.45295765418888
2.46262465039482,3.8545111500804,3.46065770389218,3.01474928975019,2.67561041213799,2.37814741151966,2.86769145440139,3.04913043186964,2.60296897845378,2.15574509046799
2.97337575634621,3.13260672265252,2.58185195072657,3.21509499360016,2.48538614715377,2.66239380459839,3.38543606743868,3.17349276977361,2.60584501553013,2.67034812458512
