0.27375844703845,0.621152980751045,0.000513907420611748,0.158759329265416,0.297937248877032,-0.625368276801389,0.0221589820878947,0.0542482224810175,0.413800275399972,0.374588485447363
-0.556071660354662,1.22083190298461,0.136297517547694,-0.192346621338633,1.01866671682736,-0.838642014131463,-0.452520721451402,-0.0728134695901734,-1.18445145560672,-0.7450083105729
0.267842247380282,0.353813335635204,-0.118579797573816,0.830270529041299,1.3861134398216,-1.38494764480993,-0.194031809689986,1.02409704758662,-0.55584214448934,0.153770026743413
0.589452255141423,0.411078291095593,0.495537725460759,0.291771401638465,0.549493224867817,-0.509207757345501,0.0985022390570879,1.56964332058711,0.178138695850966,1.66008030965755
0.22066241266737,1.37307925309655,0.215425680642832,0.857140918620885,0.809131415540491,-0.203957452095196,0.887511799996473,0.541676578334653,0.754270383093764,1.35143833434891
-0.255114370674454,0.860334118387608,-1.17990889401533,0.778100926853187,0.0191517863725891,1.33540195581144,0.875246826609734,1.34632351604424,-1.17819466074051,-0.0666100549806908
-0.991255295482749,0.558914123725237,-0.54136703338125,-1.79464569588786,-0.408269574990776,-1.2018115962496,0.411089728509039,-0.871149359548553,-0.0776615632648512,-1.24445640772826
-0.932429749510041,-0.153707455235286,0.137879725360592,1.82884529867599,-0.195676692444412,-0.868098741128143,-0.238086516218181,-0.614401057899432,1.90056964007534,0.235482488491163
0.30939108365417,0.293803859028757,-0.747441840535136,-0.724807443266337,-1.03445488112034,-2.2816947097883,0.0152943303007103,-0.467888762481442,1.24799247596208,0.574591042922623
-0.695943372263849,0.952164516975631,-0.872054864069081,-0.136524990148103,1.09084859079406,-1.55611998627227,-0.16525191926118,-0.474323962723156,-1.67016315576644,-1.36518371099524
-0.185031438949466,0.720906487615678,-1.14210653316889,-0.993312194724668,0.376160455906368,-2.28872599406151,-0.518915647866241,-0.730552522047659,1.32897087119692,-0.57343870134287
-0.404627299535509,0.463473641304368,-1.26152700927967,-0.360086421153548,0.0729073859678022,-0.516250563451363,2.10104881621863,-0.872481232051718,1.49504188207298,1.17980518541825
1.77481167222961,-0.186681160416429,-1.56915099557762,0.899956191151933,0.297937248877032,0.954435934581769,1.67525258920449,0.632817500237287,-0.256120291161421,-0.701687435549055
-2.30537274492731,-0.361561981308214,0.952321914825808,1.92075799315663,0.132266814360935,-0.371468924008518,-1.24299567517455,0.00721268883066517,0.281317076916133,-0.350396646892285
-0.550826129944865,-1.2687007099176,-0.44485952594552,-0.671877804373503,-1.02275453656751,-2.35810564604719,-0.445823591280954,-1.61535975270802,-0.269392643209806,-0.457398648168009
0.284718148173466,2.17879889238599,0.555496518000411,0.892027619512247,1.52689177220428,0.804310029548214,0.313897835741954,1.31255224010681,1.07153215284549,1.31843274664401
1.18968142583247,1.1187673055222,0.632899412338405,0.231428539477021,0.369861837970684,0.891762447750466,1.48499578669245,1.1855195742123,1.15475740580838,2.25074514662953
-0.0789496029643303,-0.0976864558690175,0.253253393206429,0.591772479711037,1.16659328568915,-1.54272966054228,0.670275309552979,1.59309103483154,1.54593931584847,2.53547472767167
0.629470607079674,2.56551131481139,0.0255471440348696,1.36435251033777,1.69392444648142,-1.17257957031159,1.33989573475467,0.887359191443505,1.03159059355588,0.0561785949410931
1.13130694389238,1.55077815323446,2.24797552208284,0.91362427868261,1.12404420315723,1.10570297532631,1.07977976405105,-0.281405235199483,0.220341615853019,2.0828527584185
-2.65448557903301,0.18249655276155,0.13121775324529,1.38086628105882,2.26183931788067,0.57898625677814,-0.400807464300541,-2.27672909508438,-0.753254068053574,-1.80889572680242
-0.551080595726962,-1.44174466058907,-0.904020246795663,-1.20315981889133,-2.04296395146563,-2.32603541871266,-2.37949055155164,-1.26363878613266,-0.240687628855953,-1.51762002953249
1.43008956588331,1.9502700909668,-0.204111696565064,1.29088147845925,2.46962875256317,0.707186850728013,1.75716818932707,1.42471032664007,2.150365078978,1.47122696354551
0.984253016701104,1.42679238480473,1.45898725618371,2.22085525295936,1.57630775575397,-0.816715914381523,0.10481200767235,0.575964578224606,3.28595098301807,2.10024049767258
-1.10040315206327,-1.16432963282527,-2.21504306991698,-2.5017754591514,-1.60130835075573,-3.28335431566241,-1.40779789573065,0.0247033355321473,-0.237009536202143,-1.53790089900771
-0.0770126388822598,1.55274829527252,1.34494336905069,0.601304172312161,2.99250151823764,1.52486749223519,2.26176209682704,1.5754751756025,-0.730671901298065,2.82144216447973
-2.8702948811992,-1.15218082336983,-1.82662488814577,-0.355946220733359,-2.27998278535984,-2.52051090958535,-2.6056186917569,-1.15630390426119,-2.10552540698822,-0.312411438343587
2.98752561534999,2.65921482226564,1.56290667895055,2.42582993174898,1.42953385551768,0.467817408904933,2.76759212327516,0.805504253044143,2.84849900172652,2.27685173055407
-1.16663086618788,-0.573832327502317,-0.886824514784182,-2.08416338407104,-2.26672446240277,-3.00178940037552,-3.10416731205698,-2.1885582724277,-2.77921164785299,-2.27638248828555
1.45035185913777,2.88851723263844,2.31289850635461,2.32087246844132,2.96280953104601,1.68025363711529,1.80692748152964,1.94538623814206,1.96573476204637,2.58203050320427
-2.36643205429316,-2.1481597137833,-2.96058249682805,-2.08365998355736,-2.27522386464063,-2.17759524786594,-1.42017091560005,-3.11621013517236,-2.018606576678,-1.81006651667305
2.60108095519359,2.76878124253904,1.98789089452406,2.05628398405004,2.03566600721034,1.22378121034656,2.13979165226508,2.01260619351088,3.19276949403274,2.2986402541574
-1.23661866523368,-1.39900820540992,-1.64806562298257,-1.75992151779406,-2.58161649210342,-2.92561183344456,-2.6809854047895,-2.17604402467799,-2.80972723859294,-3.14825018275017
2.70492266027629,2.69185322300881,2.16817637378805,2.43440631867481,2.36620712437211,1.81858539257482,2.23124263061012,2.04323952074564,2.51504429354264,2.26166946404272
-2.3331380144613,-1.85428931017898,-2.48633552627703,-2.1905733122171,-2.26423079034451,-3.0446626534322,-2.4370092685629,-2.56987294807405,-2.25258022473617,-2.14629666101182
3.88081965508274,1.85265918132494,1.95936478784012,3.16482144636255,1.69815577831959,0.437489043878209,3.10171408338713,2.23773894314626,1.89240978704606,2.21646768479927
1.79950884000713,3.32660159045497,3.34592220470328,3.7813155227436,3.05772591292102,0.836694089516296,2.62446647599248,2.51782230459613,3.16082106953323,2.17678690618682
-2.99004789885087,-2.90044074393638,-2.98309222506291,-2.96186287576056,-3.38881013825751,-3.85024773969869,-2.73054921848197,-2.16071189336134,-1.55976085895347,-2.59610195720877
-2.91085042028987,-2.79944405418955,-3.00124255312728,-3.16728663037482,-2.89559032734304,-3.47008039803138,-2.82946049399014,-3.45327968342947,-2.7618886136655,-3.38025556428891
-3.35835157946714,-3.11221510593451,-3.04989110349311,-2.54532566622204,-3.63919836977197,-3.39767871017205,-3.68187961034534,-3.50155107071924,-3.10073028518325,-3.31726231276196
