-0.261961125731894,0.471079943704435,-0.40425046933243,0.0698096859244437,-0.119618924423459,-0.36861551845896,-0.106867530080353,-0.219765962180399,0.0474385047762771,0.615092702813569
0.323195260016103,1.10194296872554,-0.047462709514396,0.229748320067027,0.452032185861267,-0.743789329432968,-0.015406057705923,0.372615479173167,0.393898863930636,0.272344521056568
0.174419466491227,0.841382315326435,0.192535998856888,0.240076967032174,0.667544938020622,-1.58092158411533,0.0833715032046294,0.125026572857209,0.0273279063379526,-0.130259907786079
-0.537622218166228,-0.157810557125905,-0.430631781344913,-0.462378031181155,-0.244835493731237,-1.46940444117874,-0.581908003558038,-0.615365410481987,-0.307486875390355,-0.555573397279459
0.266680510326826,1.04840274849551,0.128151804664683,-0.857825575016887,0.841895284921648,-0.337987707865108,-0.53237641277725,-0.883353348768112,0.512580035727092,0.123967778754558
0.990411827872735,0.793251374815824,0.745878833151169,1.11719383711468,0.866916936676464,0.141401350900498,0.219349354419824,0.583406512395822,0.993307265397972,0.627655193618672
0.800385872620082,1.21889693584604,-0.205515221050227,-0.867720432245626,0.0321233455955123,0.404154607481857,-0.909828126226934,-0.293376425278277,1.4516801712159,-0.351789608968296
0.495661924169076,-0.058830560299333,-0.0526590555648508,-0.164297693622145,-0.344143967601352,-0.892435097129352,-0.905323465652426,-0.15107385980954,2.33248422956795,-0.475447754701432
1.65114108950325,0.314984432024789,-0.0551000409380187,1.41854954823601,0.588943502391498,-0.849137315285173,0.885712945879339,-0.331008922985426,0.977257077953626,-1.06353438912795
-0.442746619870331,-1.57868079283812,-0.935365201899528,-0.0869557946587063,-0.132499079139648,-0.988162036981631,-0.419532569465589,-0.956016586555475,-0.881714500850994,-1.86964273936524
0.509942066479841,-0.687809922863968,-1.64614300424062,-1.98907098161541,0.739900094334941,-1.27699316823679,0.334898293023197,-0.418533444806389,-0.138166626145945,-0.460633880701169
0.0266769950530821,1.00566255892084,1.60449574092261,0.223110534423161,1.50638933264786,0.0930315174691496,0.565369366603658,1.50869057791553,1.189130510047,0.809664237640361
-1.04604073198115,0.80715591963466,-1.38572138424005,-1.13915604561614,-0.286414460510898,-1.66946258998048,-0.97527128501648,-1.34796742946304,-0.767785404305027,0.173834417615192
-0.182440191761,1.5319814403946,1.11405921211317,-0.618469152644165,-0.871803612461706,-1.66892629215896,-1.01100804805107,0.393630452052895,1.66169639252449,-0.230886323262663
0.253972485345574,1.60605230253676,0.805826061330546,-0.0305991019928995,1.68066513643261,-0.551874216653698,0.972496141519682,-0.222839111219936,1.95104906190206,0.706549626501596
-1.24786095904397,0.453456466391701,-2.16724091219656,-0.670486607146187,-0.379347668320791,-1.79832113265502,-1.28915637160317,-0.590654270518248,-0.639268499254844,0.0984984478002221
2.2726644054621,0.393220896303175,0.802197823914854,0.986698614613458,2.36914071706236,-0.0689003863747227,0.70294175511067,0.41069494072052,0.991715942563126,0.192185846232226
-1.17224450590307,-0.677867494159703,-0.509503749875406,-1.85633985085235,-0.367664388786823,-2.22784332847639,-0.709899911238817,-0.543055280269377,-1.27691879397004,-1.19306806788442
-1.3600985854146,-0.581771078667521,-2.61178767717836,-1.40436232829922,-0.653742438644551,-1.18030545665604,-1.1965857919676,-1.35044602614052,0.196603146840363,0.217152850813832
-2.31298716401722,-1.15695711491793,-0.532173623704868,0.0358815372374068,-1.17170713359714,-2.06710992146355,-0.986215364355486,-1.60656507784286,-0.450177357249423,-0.0842719648234005
-0.285163342693991,1.46925677762823,1.3577649242436,0.882554717183406,0.505162830182337,-1.31025000239268,1.5596394566451,1.10154768372601,-0.153077016541492,2.69071852914746
0.614298407025097,1.12663991218885,1.81747900236067,0.522544366750903,1.58501861825623,-0.0257820432869942,2.32064305377244,1.28119734004493,0.706646127553936,1.70622726952487
-1.54692276397908,-1.54624199522011,-1.94450399520079,-1.64094762960476,-1.44818463740689,-1.51334942876266,-0.643599144966364,-1.54142246330079,-1.28691837570201,-0.0150546071857006
1.18004686166818,2.03291079277198,0.442848104707787,0.545154142977958,1.51494047850929,1.46376844882669,1.6867051864636,1.55937142081779,1.77899918636206,2.44566611707777
0.786181351486513,0.882646730104643,1.50203776943813,2.53654142871512,2.52066104391078,-0.41561734202761,0.556108496230143,1.92172878609427,2.1228540358546,0.519655017895656
-1.47177304629049,-1.10306979206513,-1.41117037976365,-2.19838526422444,-2.12408883341201,-2.79072902486429,-1.00019340717075,-1.13453582618598,-0.667224710639039,-0.550504191550303
-1.47543380000153,0.035313735960425,-0.463107543503792,-2.08463966255577,-1.03163504798397,-3.23436922878353,-1.13542756947355,-1.12278901570622,-2.17437363938673,-1.27449125433612
0.965106361753591,1.83501211689403,2.1795589087761,1.16198118467547,1.97878786928182,0.928738036571681,2.02202633222565,1.33078257595342,2.57585464464328,2.02230266926799
1.91292677202741,3.05934078104563,0.939460557201617,1.52508510763179,1.93241708593529,0.142493735742925,1.00235856109497,2.5454384776689,2.08780081689995,1.10331529043774
1.9941679267206,1.38686091625455,1.38908603165941,0.948684377309772,2.77433516010474,1.05141979998747,1.09611853132939,2.04011306232162,2.3997908869548,2.10137213613566
1.42755430376224,2.69668240168222,0.40629239704638,2.21735499431811,1.94199168023057,0.770281352277446,1.60165128681256,2.16574785259424,2.18693937276714,3.31932095114912
-1.80507160144174,-0.724990246119621,-2.60496576794848,-1.5218004751851,-1.82429436791023,-3.39026336698381,-1.83241949682509,-1.17649522230152,-2.32055489084048,-2.36569641037815
3.12931534358594,1.86057172029761,2.91169138186811,1.70045209979179,1.6565162735819,-0.134939742752176,1.59218827473189,1.47237108624394,3.32620716768257,1.68941368249359
-2.9923420769423,-2.37472421445914,-1.50385777998835,-2.01713889869624,-2.45797722006834,-3.24175527463641,-2.33067921741598,-1.79489287250849,-1.3611096930294,-2.04280937953707
-2.41048062235559,-2.21480291783419,-3.14388990961261,-2.58301074783368,-2.77673518875537,-3.06775357384038,-2.28435907588174,-2.68131883635779,-2.34673938370954,-1.50469191288518
1.94030690266739,4.01338090553208,2.6560029953834,1.36108540863165,2.12973165535868,2.48367441573846,2.53487586503811,2.37987495729612,2.86620255363442,3.05795043579488
-2.85263470086143,-2.1195936314251,-2.99492404446196,-2.52086388920509,-2.71029249955299,-2.95928909358849,-2.69754110520989,-2.81043953730993,-2.54323507035326,-1.97558087231596
-2.85263470086143,-2.1195936314251,-2.99492404446196,-2.52086388920509,-2.71029249955299,-2.95928909358849,-2.69754110520989,-2.81043953730993,-2.54323507035326,-1.97558087231596
2.80847025174961,3.27427521418822,2.26591469461376,2.02553904305198,2.67627690873977,1.57640643035406,3.29292280304391,2.62611936351819,3.02252250242424,2.55830409860514
-2.71302976022115,-2.32946823835755,-3.00222094364454,-2.98080801380872,-2.57321500987255,-3.44826613836902,-3.06714336392172,-2.87673948877417,-2.60565105744756,-2.65942236379127
