-14.3575037823813,-13.7715652438474,-2.07481648276703,3.38710794849337,1.45823781602955,-18.9757757871966,5.12456545730089,4.1297924707484,-7.49838564960963,8.82419463102204
-16.7729094678054,-13.001763494379,-25.3660739489898,1.11729359019632,-2.52049581592988,-15.892585337127,5.84668259359469,13.0395396224512,3.3474784917205,12.9660101451616
-16.7729094678054,-13.001763494379,-25.3660739489898,1.11729359019632,-2.52049581592988,-15.892585337127,5.84668259359469,13.0395396224512,3.3474784917205,12.9660101451616
-27.1808375963217,-12.4495185775304,4.23756124675071,-9.5298928954048,16.4258182866342,-11.2542619418047,-5.24821426448675,-11.8610574584864,1.65101541112629,14.4744312818155
-28.8853631358969,27.461371976113,2.67927455304148,-14.1468922895213,-2.76803201394839,-33.2386394101318,15.2006959099848,-13.1857309402491,-29.1585487611736,-9.15800064491914
-28.8853631358969,27.461371976113,2.67927455304148,-14.1468922895213,-2.76803201394839,-33.2386394101318,15.2006959099848,-13.1857309402491,-29.1585487611736,-9.15800064491914
-5.25101922628597,-23.2743894366478,19.8719627019069,21.6834770679652,41.983377047318,-22.9259409352289,19.19951343338,32.6473822810458,24.9674575581605,23.0615490132723
-47.6022557417644,-56.7165081447549,-31.8550538230463,12.0895422340703,-3.88926797514323,-24.8234760487823,27.4995391837155,-21.5485969044938,9.68724833143179,2.69021677514288
-57.1787518911907,-30.4424947472463,-36.8198383697567,1.56942301787586,5.80355486042523,-59.4878878935983,-11.5593708032996,2.11291138339741,-0.766672071069273,-6.67813605519034
-62.9225492257088,36.5445236582879,3.7758977311825,61.0315481878866,26.1266648995744,-11.5140301474753,18.5268203019382,-50.0378355443682,-10.6134172620988,13.9223014621659
55.565982385006,37.2586378744265,13.6816640904877,39.3656410415876,29.972446320186,5.06762198663039,19.4950596974388,53.6431150064275,67.8156650199618,21.0914566116821
-52.0361773101114,49.6624570137043,31.7487129289977,-6.56960200821658,-52.7542163964247,32.2224812934135,-53.3309575143511,60.0121454119249,44.2687661175421,3.17713580749263
-14.3575037823813,-13.7715652438474,-2.07481648276703,3.38710794849337,1.45823781602955,-18.9757757871966,5.12456545730089,4.1297924707484,-7.49838564960963,8.82419463102204
-11.0545480254749,-15.829500327736,2.18694269536829,-5.29200363864699,-5.99430184392634,-17.0921463079208,8.99131007715235,1.06737309973386,-1.92982298384864,12.145518364854
10.104853167778,-20.8020680982087,0.866716092313865,14.7381135286212,24.2009405386282,-5.97669953778828,6.5928266648495,21.5237844808822,-9.811460781055,25.9513111849347
22.1315929363956,53.2309746405088,46.9639454140271,9.56942301787586,27.2321262889967,-46.4444096327287,78.6845316357248,28.0388373093233,78.5436727565169,0.59459121753693
34.5055155618972,12.811187075046,9.60102994890549,49.6163480267848,99.9768930987626,39.5701759487737,31.5001091067866,49.8121603893318,0.184430723249172,60.6162999945932
-15.7319907309805,-27.4772033354601,-2.77354185755925,1.63688275578238,26.0936783620222,-30.5043247275902,19.2998024117386,10.8666020398227,-8.89379667146851,16.4745440466258
-19.6368802846506,-62.6235031359866,-53.7747794419062,-3.78263995184702,-83.536126631972,-92.0668895637249,7.10773727410499,3.02546600886325,-24.6607489431939,23.6355001151773
2.79811961667803,7.14632684613745,5.64783210428322,-36.8795671282758,22.2893448566825,-15.7481909405026,37.7732309907313,8.66809965890598,11.271551125412,14.258503531405
-19.1883151532294,-12.2319617449106,-48.6573314152125,-1.15252076810073,-6.49922944788933,-12.8093948870574,6.5687997298885,21.949286774154,14.1933426330506,17.1078256593011
-19.1883151532294,-12.2319617449106,-48.6573314152125,-1.15252076810073,-6.49922944788933,-12.8093948870574,6.5687997298885,21.949286774154,14.1933426330506,17.1078256593011
-95.7522661677503,17.2497295427704,-2.90529589610643,63.0071602868097,-64.8928630320471,-46.6828333703762,-40.5423319115456,-56.4695298589999,-14.7825510224401,13.3633201707044
-40.0041714102622,-11.1274719112134,10.5499389762685,-22.446893739303,31.3933987572389,-3.53274809641289,-15.6209939862744,-27.8519073877212,10.8004164718622,20.1246679326089
-39.8213666755064,-34.5185939028053,0.864708836674502,18.7976745253452,-15.8544208251395,-21.5802672194588,14.7070487952975,-4.99096143501561,38.6585965981875,1.67132843333022
-44.5106161057736,-11.466730273781,-15.1924759984389,15.0838267183148,-23.4413071081599,-41.0316634084681,-15.7474949130345,-5.59584144385091,-44.2319210968102,22.3623490672385
54.6079759619318,47.6669466963492,-19.2225142753543,8.64140781360488,40.1004885927501,24.6214243474109,-14.5451368088765,-62.826438376105,-7.64673316858129,34.0496637204719
-30.9663357209515,3.54234320956054,45.3321711427019,35.8840649719701,27.3803465438852,-24.6461689910922,64.8556385878337,75.244188541544,31.0121074769766,-32.9579150437397
-8.55036154485174,-63.3207124339829,-7.78360197307125,-10.2687268491736,47.5106941374681,2.72405498782746,95.5587398344132,-1.51357543361132,-34.1270419914411,27.959083334559
-37.7697221373007,-80.4816227098829,-80.9292092279191,-21.6226276321583,-4.54779208776733,-92.9084690953367,-34.2737319695276,-19.2801267755491,-49.384142391954,-36.8715189119463
71.1735894887976,1.78132195212746,84.8600276560524,31.1525185628687,31.726783419276,45.2181041709774,35.2858130910182,55.7237074283295,77.6197537983429,58.509340858864
-14.3575037823813,-13.7715652438474,-2.07481648276703,3.38710794849337,1.45823781602955,-18.9757757871966,5.12456545730088,4.1297924707484,-7.49838564960963,8.82419463102204
23.0288259570731,-17.7128055055818,73.8586695599597,14.3369683274377,100,31.8741396003154,93.9313962356006,17.9747751852352,59.8324474697972,31.2948647892421
-10.2070256694767,-12.9932157055929,-5.38700546351605,9.2217779907527,1.58791593361089,-22.9114765588348,2.41505738520378,2.79907454062887,-9.72098989255331,7.37267331520459
-95.201880383322,-36.8536731538626,-26.1703497138986,-100,-9.71065514331747,-52.7852279775397,15.0459582634586,-80.2207892299829,-3.728448874588,-43.8060125976273
-18.6304518118934,-5.61963060067107,-33.6378821814311,-100,9.24586659581296,-100,-49.0688742724266,-88.4747574839512,-30.6639327455557,4.45458196277752
-55.5021447395192,21.6409113081286,-72.0702181346874,4.1224536289634,-14.9474836447941,54.0413455404121,-33.0978027077129,-21.3102332271635,-59.1623111276745,54.1483468158428
-45.7319907309805,-25.9620518203086,63.95722737321,3.30354942244904,-6.09679782845402,-20.1197093429748,68.0661304233496,75.7314669046876,-47.421935199607,5.91553783544565
1.77639177655102,-16.7533326055672,0.546725162079021,18.7273486849395,12.7217990391275,-10.8237148750616,5.85431949334944,-7.41683013101211,-9.18470257575684,12.012076501052
3.85546532980936,-32.7772136294482,41.8187418865808,39.979846187437,82.5085162786064,-26.8761060832612,33.2744614094591,61.1649720913431,57.4333007659307,37.2989033955226
