-0.307157499266503,-0.041360240431203,-0.537029152474205,0.0306183157786564,-0.122838963102506,-0.523502148089628,-0.185033789926662,-0.403828618274168,-0.184849746630541,-0.006091157731132
-0.0603301673198136,0.18629743694323,-0.603498853570771,0.615858879767199,0.623537574415674,-0.352907034288242,-0.100904705924924,0.166572103354272,0.853237862374981,0.859632799472401
-0.373948660776656,-0.164171615410976,-0.916654367992547,-0.231805842198299,-0.271821659196721,-0.92220025367144,-0.761784652047603,-0.723704783681529,-0.26490419929942,-0.00494387650191941
-0.373948660776656,-0.164171615410976,-0.916654367992547,-0.231805842198299,-0.271821659196721,-0.92220025367144,-0.761784652047603,-0.723704783681529,-0.26490419929942,-0.00494387650191941
-0.128684312816057,0.33587951488737,-0.181180291190561,0.733073210780135,-0.892194324294602,-0.633392257979738,-0.806944044711806,-0.679555930475644,-0.309815273381782,-0.309784063464854
-1.1258262254972,0.522326492815333,0.279782287240169,-0.238229946218047,0.14212625259189,-0.0428443110215528,-1.01918662652601,-0.189116829634812,-0.636214729834115,0.545270048814132
-0.663439679366815,0.208354750272162,-0.779071989475223,-0.685533964950637,-0.27640437539094,-0.573577314282028,-0.757340997586174,-0.893736284254266,-0.352016399813682,-0.38258881977422
-0.755014770941907,-0.453228564372377,-0.402221497417358,-1.14465534243936,0.9206128930549,-1.08668854167897,0.138192040804007,-0.158332232523684,-0.21792430143587,0.292076650809618
0.727248595436292,0.0723921539559638,0.64404572140471,-0.222262527643035,0.970570990332074,-0.248431948874487,0.612913055307482,1.09800192187979,1.01629099835589,-0.249377025249167
0.808754666869228,0.479311197344875,0.621872254968699,0.0282144876715588,-1.21522299647997,0.0214312417747875,-0.309328193682303,1.47232403864123,0.367310086609575,0.410250861690175
-0.441969091638538,-0.330400542069815,-0.631464482676923,-1.16708490103684,-0.560041254565885,-1.60897616656156,-0.492529121563266,-0.65126921514645,-0.239595971816794,-0.4315927686894
0.394864996661719,0.393876633757712,-0.362666821862274,0.0413525235519319,1.1210722101854,0.803716122927879,1.46250051494868,-0.289279318698762,1.03496250550334,0.579392072306253
-1.30761405430453,-0.20690120766285,-0.796685335543428,-0.507111273521265,-0.493457152101132,-0.568153865768434,-1.12028722960957,-1.03197259856508,-0.672869807699782,0.149425798601504
-0.742170907696778,-0.533376437994302,-0.81069015991768,-0.130818794184023,-1.03049894476085,-0.814615080840919,-0.723437525306009,-1.17094772227759,-0.802150811915363,-0.488184194714521
0.618611602684467,1.49040603232344,0.502979292576059,0.596517317100645,1.00564690666034,0.708473967769254,0.524710284465108,0.388314997797016,0.9300348822376,0.899462462277062
0.330993544411045,1.2992689406341,0.464204481531954,0.380694336229027,1.8107102713836,1.32043002480721,0.315003459917451,0.515771944835539,-0.384079799645356,-0.256298411355896
-0.329006829224433,1.97361444870902,-0.0810297004525142,0.792207291558296,0.817706681461881,-0.587932573737473,0.306805066602989,1.52125254046895,0.561505166156434,0.503251580787657
-0.132085398980471,-0.726509993721344,-1.18196800346849,-0.121684251546257,-0.522571931589514,-1.57982909661403,-1.82446477660545,0.608330521303166,-0.316875102751556,-0.670039935557477
-0.0619286914986219,-0.0682401205963257,-2.54309859647759,0.266373227409342,-1.09678874280436,-0.0625157205175189,-0.449078924595332,-0.591184242997723,-0.308190744686806,-0.858666047188376
0.88456152060636,1.77696414293462,0.969175773425518,-1.05112942793851,0.911701288605229,-0.248431948874487,0.949351978702928,1.61173275983709,-0.141479802272053,0.220993847352366
-2.04713810437852,-0.574949744953497,-1.8206219794603,0.129174041417032,-0.269361549727759,-0.664860410892339,-0.550464025556213,-0.874744319813627,-0.592937282928872,-0.990688929364176
-0.231701419378381,0.20087180024536,0.504069500326177,0.554088635366385,0.536909973862298,0.985931866368112,1.65382704556093,1.09088813289726,1.98705274330786,1.44223721036147
-0.510778989582099,0.281627368597957,1.17880626326867,1.79334563306183,1.39299367199863,1.36558991668612,0.189745108418425,1.77866306481614,0.658332058956864,0.824468923537103
0.678224750442049,1.82086375280681,1.61028584598321,-0.224212957772618,-0.145650451064132,-0.352412577713892,1.34762712712086,0.0634769903863719,1.84531967451591,1.68096329961673
-0.564905170742743,1.78841304755354,2.2301419901162,1.16161085894702,0.955160664467831,0.268735312831393,1.81015249505047,-0.504011224679132,0.467988214702973,0.643244478880443
-0.121269383183728,-0.0459231147352446,-0.996807618054902,-1.77005336114815,-0.028839830507318,-1.80404045601361,-1.99697705458263,-1.69630792028368,-0.952059528668106,-1.66264074343485
-1.19883933459643,-1.2911787939504,-1.07833677315386,-1.54171088197006,-2.13354097225865,-2.44963683806898,-1.03723734920775,-1.81134786704499,-1.194812407184,-0.677700397923631
0.889029258696759,2.02320716457232,1.16598717089228,1.75043142025182,2.85450134973689,1.80392458093082,1.53894023959827,1.36039550854674,0.952787714762784,1.50407322498337
-1.96306799155818,-0.645609499920811,-3.0077136873015,-1.46058811317131,-1.96597830388168,-2.33323436126321,-1.37545990338081,-0.793268352644067,-0.80036016071714,-0.956976402836299
1.02993123267307,2.03984617341385,0.161885309169439,2.23236641554537,1.48133873038429,0.897322072342775,2.26255307317517,1.44007049500119,1.79675377135846,2.44432407197536
1.14867266986956,2.01558181994371,0.748568978785205,1.39809000381606,1.08770238255052,2.52202276954754,2.28833138379386,1.91807929642507,2.39586040362807,2.0784624237712
-1.64945886485829,-1.2005236562273,-2.06872810071144,-0.897289426936542,-0.636253146077187,-2.88452364456626,-2.87297395535513,-2.18143073120339,-1.84829617678007,-0.311066325481511
2.01103138507663,2.13545627660898,0.392680046929624,0.613647602673115,2.76726402709745,1.30799740579611,1.54191265059769,0.51935307425938,2.63230818784134,2.86587862876891
-1.85717216330754,-1.74444458019529,-2.41115960856597,-1.788555695061,-1.69965872416321,-2.66263108090244,-1.93939531059101,-1.77307410864696,-2.55867596804034,-1.5520751911776
-1.85717216330754,-1.74444458019529,-2.41115960856597,-1.788555695061,-1.69965872416321,-2.66263108090244,-1.93939531059101,-1.77307410864696,-2.55867596804034,-1.5520751911776
-1.39230265312775,-0.96903928426473,-2.26716722757046,-2.38621423705948,-2.09856180979327,-2.68905765275888,-1.52264712003515,-2.78642884514959,-1.44531086045508,-2.16057274061528
-2.26114727253629,-1.69896567960123,-2.54163249720345,-1.87873043191557,-1.90787872816526,-1.86351398028477,-2.83904563258879,-1.90473344205424,-1.53196247327647,-2.11957686474965
-0.612339997422741,-1.89268396509087,-2.88860272897332,-2.98110841822597,-2.6787904298959,-3.09763827056802,-0.444796159741864,-2.54393535185843,-2.41368207304644,-1.16363290002595
-2.57120440788931,-2.55659952033068,-1.25711873134625,-1.29037352516732,-3.47060542213441,-1.77124773390214,-1.70905904664182,-3.66264207443706,-2.81040092046942,-2.40144950083697
-3.85683568361039,-2.82846493444852,-3.40218049967382,-2.9021325627903,-3.38072851010272,-3.02281448931702,-3.12933621974519,-3.26546979488924,-2.59533576765208,-2.60938343789783
