0.210045548084894,0.0155159567623804,0.0535082844652524,-0.0958221059321893,0.423866013614784,-0.385967048482057,0.21393963269041,0.34708665180281,0.415720625862675,-0.127734091490149
0.0119180225722706,0.628954350101446,-0.0364123354711257,0.205656326003842,0.843935654140547,0.39846393835879,0.0649848349953945,0.0559716632806855,-0.284464773137948,-0.131194784543514
0.342816246143376,0.0901882541421051,-0.0988040036013462,0.133473552760645,1.00716653507678,-0.685893850989228,-0.168355029263102,-0.419576247903987,0.355453965085117,0.923482475186449
0.195358009798694,0.605206329022592,0.0947129514588589,0.429647047819825,0.228837120602309,-1.50674770175799,-0.24953782022142,0.116593615118483,-0.101247816233166,-0.476401911653896
-0.219621449123487,-0.383935117076273,-0.859498577971349,-0.0455329678838006,-0.32270544734601,-1.05166562235183,-1.00474928326605,0.102250951514499,-0.250862424691048,-0.338065546644304
-0.322429684542372,0.426908444492153,1.21798527974798,0.401213765864041,-1.21101348508234,-0.485269445520273,-0.301774113371566,-0.510392706761706,-0.409880590982904,-0.1299710321345
-0.200334965692955,0.110115481653368,-0.208245195504358,-0.44916140449118,-0.146042929203369,1.60965000704752,0.584132718935147,-0.434266214524052,0.679981670619847,0.703925472993043
-0.313423504507535,0.0524778620446689,0.197144309569418,0.876812551185473,0.438808388630248,-0.511053178677904,0.611749866812288,-1.0390935173367,-1.14232798983741,0.856037684274003
-0.00146037408092647,1.23370872000591,-0.125907083992651,-0.498199226150092,-0.404891885483942,-0.198920994866026,-0.378276949373888,0.199368229972714,1.88216168621236,-0.348695572529266
0.380375444795074,0.749690978298733,0.920592943917071,-0.484187115279642,-0.261148260382811,-1.50133891624138,0.697322774470919,0.968702228487444,0.612686015429269,1.58732070407616
-0.756372474131117,-0.393662365057954,-0.521594241194941,-1.28662044730667,-0.913076274597956,-1.44075626534016,-1.69750731522725,-0.0297680822586592,-0.114559375901552,0.0207890615516757
1.38060072864451,1.15380508900521,-0.234770183395405,1.29062775128943,-0.0810490475388801,-0.155815903709528,1.61989261415231,0.37078103930795,0.676414687428544,1.04324411032504
-1.18223466690259,-0.281924743238669,-1.74339614920853,-0.316737210761019,-1.27469441288435,-1.36576045530704,-0.164510255519871,-1.09761890145559,0.580387176914656,-0.34320081588749
0.231865303762679,1.10540449720537,-0.919211493881257,0.0938084449150882,-0.593725019668765,-0.148533436918355,1.70015378809064,-2.10376241264486,0.807144800493014,0.0192652758180125
-1.58240228803928,-1.00876889295175,-0.79592708216152,-1.4235987509755,1.27182856124349,0.0275733729058034,-0.338275201560136,-0.417506342860132,-1.30807839326044,-1.28146581916576
-0.980333522324996,-0.232028844010558,-0.588680929960149,-1.87214734758667,0.208718645727714,-2.21337821599475,-0.190953726964413,-0.477078198066066,-1.43220030744622,-0.270559239485743
1.39227581373902,1.72797518897259,1.11919276539145,1.24958828395033,0.2775606499343,0.838574392701795,-0.018142743270652,0.410130976464751,1.73320076052989,0.826228988702438
-1.45386262345104,-1.05800021519182,-1.55470471455271,-1.64852439841972,-0.850494105449207,-1.48571556785389,-0.819524432992978,-1.13018892616643,-0.320932718619415,-1.23428933213856
-0.459748748344622,-0.967022102761038,-1.71281594072376,-1.47524505122366,-1.4008146964992,-1.81057020932882,-0.314914974834263,-1.4738819850663,-1.29926590983849,-0.584862028878542
-1.10235707956961,-1.73204199035423,-0.79783365526808,-0.349546719681438,-1.62905666656751,-1.29358343896777,-0.123020429152002,-0.959256763115254,-1.65111842405556,-1.76865998840793
0.669023679960361,1.22767529256372,0.579722116561328,2.32696832786471,0.579180693447877,1.94205260172908,1.14443200654421,1.52510539187812,0.400858960905578,1.18362965445161
1.42476258470391,1.70700201826477,0.949859285666107,1.43031908547518,0.764431198359444,0.656501702282001,0.704168998003928,1.71813151463452,1.32436921754972,1.71572118526789
-0.347939766207376,-0.453260868928304,-1.94622413309822,-2.33004609661388,-0.613668741740856,-1.79828906854908,-0.871093064390659,-1.82252468066714,-0.587978261233861,-1.04723642708537
2.14282131053087,1.8228624368697,1.44717710071303,2.06363018588025,1.51938483865151,-0.0997951157236219,0.884345231165336,0.430143864916236,1.07446478545259,1.23433888732195
-0.598519339742366,-1.77461061468827,-1.65388845486801,0.4083716856932,-1.81145245812957,-1.54464258030056,-1.83550376977449,-2.17609699555582,-1.00119071282052,0.0936838998409453
1.97357053896916,2.11129606581474,-0.0923239937359139,1.46703836578391,2.20715806715656,0.123172487782748,0.936630260118339,0.760444289973377,1.14991152111285,1.81760395281984
-0.40558932459722,-0.598226774374446,-2.92028698805521,0.304692632609166,-0.188093997073999,-0.893984149567278,-2.47735789870356,-2.04730603486434,-1.63520967863525,-1.29649769668072
-1.63942679546907,-0.48468003551932,-0.128623432617018,-1.74608709321313,-0.99020253276646,-2.55868521975338,-2.50566350771872,-2.37307632340073,-1.52728350726786,-0.893693126370513
-1.68794104457791,-1.16655276900714,-2.12624810695298,-2.17519545028461,-1.64171082108801,-1.56105643332497,-1.33360640552149,-0.91827463994514,-2.14377265959073,-2.20384466976261
-1.56865198291989,-1.60840130605066,-2.84190098189158,-1.20202082958277,-0.883295464119842,-1.82918987067098,-2.33053439122361,-0.964514764028877,-1.55159593927786,-1.79156752651679
1.28985698986847,1.65447134694266,2.16635337313572,1.59321393471599,2.48669250977964,1.475608834575,2.19036935981354,1.40320524875982,1.47103503050709,1.88620878956838
-1.60888190288757,-0.721323916044638,-2.71368874883934,-2.49430964864006,-2.57905374822431,-1.11689399677675,-2.23895492601177,-1.69750698476658,-1.65413546419474,-2.09315800055615
1.73068528920433,2.41394034194282,1.87121382198103,2.29982458711854,2.22992300838803,1.99224305906082,1.88541055622173,1.82017045757022,2.10921128882469,2.60973838642503
1.73068528920433,2.41394034194282,1.87121382198103,2.29982458711854,2.22992300838803,1.99224305906082,1.88541055622173,1.82017045757022,2.10921128882469,2.60973838642503
1.23994992800746,2.63086008034194,1.14825495518438,1.68669541134729,1.85542915812399,2.30196918378478,2.56160228121816,0.880702519219203,2.52288243935709,3.61999449251791
1.82157920360799,2.77855419218191,2.40944763337283,2.43426525077015,2.54771471073454,2.25489783643426,1.93596085776351,2.24159834203536,2.12753882775752,2.80766051153135
-3.34545684277536,-2.66220179003687,-3.20492830999866,-2.77631754486115,-2.84621912359167,-3.08389907291888,-3.19073157575796,-3.25597167440947,-2.96693084315501,-2.46640374555466
-3.06273526947149,-2.8254394052026,-3.21193072218579,-2.58817130519253,-3.11474001992152,-3.20712968045512,-2.99230672360618,-3.32545923626573,-3.0315713452628,-2.78520874221267
-3.71521886781236,-2.8462260586822,-3.7168966319571,-2.458174887392,-2.73417132240498,-3.13225234548083,-2.90581997373129,-3.17735753503375,-2.92696458076955,-3.0364611095375
-3.62023589727687,-3.43097347630309,-4.01216544650994,-3.41703975563102,-3.4493199096227,-4.13113768048588,-3.60028561624869,-3.62652242945041,-3.90983392332529,-3.31715424044421
