0.210045548084894,0.0155159567623804,0.0535082844652524,-0.0958221059321893,0.423866013614784,-0.385967048482057,0.21393963269041,0.34708665180281,0.415720625862675,-0.127734091490149
0.00485529119596961,0.0628157192078742,-0.0773684555195531,-0.272491755211685,0.138911542205708,0.611841479282732,0.399036175812779,-0.0435897813606207,0.547851148241261,0.288095690751447
-0.869231544615813,0.444333851039521,-0.640431299710215,-0.565293092550972,0.472325128513242,-0.219781545548953,0.548098000444067,-0.155741212602033,-0.164493997535056,0.105849151062331
-0.67412866108022,-0.0365633411991995,-0.176119157175961,-0.0463141890432911,-1.1451046988829,-0.781617338633712,0.335582404765735,-0.0174185458021248,0.412219080178593,0.167847372231054
0.439534614022628,0.621595624663051,0.31661520051329,1.11557311096626,0.501523353531331,0.778042776623512,0.679185819617311,0.936096021840463,0.408289793384126,0.52794778148073
0.172236932252786,-1.06197240921867,-1.70043056097495,0.596695227014594,-0.188464009960595,-0.260478967586367,-0.329677080696119,-0.00361262408808161,0.147452947237681,0.132228744131933
0.886553846439714,0.50262826541776,0.201484132616482,-0.354348242687177,0.337999068837397,-0.418727385114895,0.799727603943557,-0.428504419503282,1.46160660101757,1.07386508627311
0.112682431440207,0.440383566638155,-0.424242140860246,-0.970753148230141,-1.20158652308135,-1.20163106882195,-1.1981426543498,-0.179512128902547,0.328919380580657,0.271527507181451
-1.21174183678026,0.867877857844106,-1.16040528679403,-0.0437794958464417,0.853825566447088,-0.109654652352115,-1.33099980419008,-0.511241260801528,0.211540266710403,0.0238305067585665
1.09180804352703,1.06340601128856,-0.0194078546353309,0.685608129925859,1.31551204038567,-0.131397280349654,0.575284946404374,0.553765470888093,0.782816073487764,0.844934930664847
0.47305144931451,-0.611804985550397,0.0206833040651987,-1.40706608454308,-0.336207587526974,-1.66046780216849,-0.344435124505907,-0.155745046311934,-0.172994164811149,-1.44429846413041
-0.0635417467647046,1.03567637714347,1.00524778291815,0.645371142748742,0.689394337606324,0.252225848276176,1.30808586439547,1.52069336686688,0.273566698051508,0.967511772311496
1.56246051304259,1.05152813152428,0.434377816033187,1.2505508841566,0.703154983201449,0.031505392945215,-0.343142712013796,-0.0999075830853684,1.28554778480391,0.870225791426285
0.131659095587543,-0.0602776861576659,-0.518515796154531,-1.86814500463036,1.58445149005942,0.112178453587164,0.611586565790076,-1.01423082454964,0.680472242952243,-1.08040886108241
0.638123229121764,0.82250041305282,1.96160067508237,0.481963470012078,0.895282918875341,-1.47232613411772,-0.117055353152016,-0.0309521870896436,-0.219081104002256,1.33203823382151
-1.07053139011798,0.0696204692270979,-0.305205232080324,1.06098562086322,-1.06191135956289,-0.497813964263637,-0.530792766597859,0.235040485469319,-1.02471018846067,-2.44651353826554
0.970365418644613,1.2147281493526,0.962361053223142,1.10200124059318,1.32689451100141,0.80313800528938,1.04967509445607,1.08362855468652,1.26246595734368,1.24100214746744
0.724997738046179,1.32318801855216,0.600881619824816,0.795436652707551,1.13964758586939,0.958001067651361,1.38777095695429,0.613894585511007,1.46930153260988,1.74613020051388
-0.461838359282555,-0.531389698858356,-1.64306109920966,-1.28276953429374,-0.47958008988694,-2.18321575483554,-1.12644654387637,0.0514649530854661,-0.944691969840893,-1.14381884332286
-1.25194275600867,-0.540039598793175,-1.35480562384866,-1.31168443290563,-1.5602609705122,-1.12868837943868,-0.926496991617182,-0.4181413861525,-1.53931358723605,-1.06736293809574
-0.209840008610521,-1.15718465762342,-0.595200468059921,-0.986625996882474,-1.6021428068857,-2.76183480054354,0.326131074080535,-1.2661074838568,-0.257401617625633,0.135616241527708
1.31243193311517,1.37560342820357,1.14285330593312,1.17623313082164,1.86335833127875,1.0774253302868,0.744293023214376,1.46525670345091,1.18303546134311,0.75862455259851
1.41856410591523,0.871528370726381,0.470228661138922,0.515223164082097,1.91365315441013,0.610881682119035,0.929170603204192,1.98009188171239,1.81171219722158,0.84030814080412
-2.26940382415713,-2.04139670126897,-1.03636991124386,-1.21791175524822,-1.84178979822017,-0.0539904409474312,-1.34451637448836,-1.42797013644731,-0.553448982149064,-0.690447728814139
-1.56770564734523,-1.32334291663725,-1.57571001276671,-1.43606982539667,-1.21117655498844,-1.73493306070047,-1.48839597153378,-1.45444251130333,-1.27560510864617,-1.29706891852241
1.92006699777184,1.16971473535523,1.60100556283539,1.50326597877548,1.86064106747524,1.86022045772067,1.2072660415207,-0.500967404909443,1.64801790539563,1.15369288462626
-0.22861960793637,-1.9836418665256,-1.08162472499653,-0.943175238586734,-0.366734807905301,-2.55613246993766,-0.482258203336851,-2.20913650582602,-1.61976029810899,-1.53320126863908
2.4735635470412,2.30157060554865,1.2731683539503,1.13321655358327,0.739294826153312,0.119671704601837,2.65751366108693,0.786006319932461,0.141746823063135,0.925319024225821
0.492812771964488,1.99209035702743,1.89601809714339,0.62809603129344,2.72848042065419,1.22960944788593,1.78072595100267,1.91663686921346,0.429171531410726,1.00341977002888
-0.719914237672969,-1.51802029418308,-2.07344516087287,-2.03007314880676,-2.1425859168065,-2.17086504689584,-1.09761976708252,-1.46726721682748,0.0170534203881845,-1.38330951062179
2.05794940099096,2.0877870260103,0.313409454575328,2.40115462643042,1.43403474566421,0.719403631846374,1.8548670613723,1.58329870628388,1.65717876775672,1.50268708883228
1.97272364721166,1.40322140628883,0.9682932715462,1.34514152235285,1.43680206658782,2.31515300938592,1.71899568295659,2.03037211611656,1.64155265455396,1.90535824980029
1.86403326541162,2.33210764896652,2.10296407989825,1.82931341010374,3.14424685975572,1.66129876474256,1.03935710706778,0.298729612995415,0.732940117747171,2.22420880270622
-2.04236308313762,-0.650742258714849,-2.11034957479509,-2.59673595234841,-2.12265132110814,-2.09324871557538,-1.015043112402,-0.821381354246069,-1.5425798585744,-2.89060767141031
-0.468564526300633,-1.98929001694137,-1.69072829242205,-2.91727686286937,-1.81479064719685,-2.95282890649987,-2.16492346352961,-1.59401196076493,-2.51561176511251,-1.65548671264609
-2.51079096794191,-0.99842611587674,-1.81600337077263,-0.166127507224282,-0.536809090869151,-2.59704630609537,-3.12532954767962,-2.8229632268843,-2.61509211996917,-2.35646637564522
2.25208906222941,2.33617932110474,2.29120954688768,1.8340312486331,2.28064739476094,1.61189086834142,1.7834686839841,2.6839118100246,2.67583315023309,2.47178001028329
-2.79841598827564,-2.71432572940031,-2.75929550361737,-3.21647380187195,-2.76985765574411,-3.43861418216363,-3.26703636652095,-2.36659324048045,-2.37467190027196,-2.57872504022176
-3.21143089522972,-3.02187899334721,-2.89646192410066,-3.28496295370637,-1.67740523782339,-2.70444936304065,-2.58742030968739,-2.56046237078119,-2.97143140895141,-3.22985248058048
-2.91039651237258,-2.63350896887661,-2.79283884799997,-3.50923725201196,-2.20896019558128,-3.82492515749093,-2.51375957238953,-2.59024829838415,-3.0334923660443,-2.72439919074047
