0.210045548084894,0.0155159567623804,0.0535082844652524,-0.0958221059321893,0.423866013614784,-0.385967048482057,0.21393963269041,0.34708665180281,0.415720625862675,-0.127734091490149
0.188415847295773,-0.111478570166668,-0.358782647429179,-0.0214201968567254,0.453425918631594,0.0624480834293774,0.219728644857128,1.23547461132175,0.307574685643176,0.390242987059285
-0.292650607773006,-0.130713551083856,0.457729636105311,-0.792801685530556,1.11508115915839,0.561560046651829,-0.0105980185020005,0.621693539592457,-0.0883700487079867,-1.05190681718448
1.11646782668936,-0.0159013752246093,0.436836568779456,-0.21431225571975,1.18614194344491,-0.0954490111519426,0.985876752116625,0.250778324495917,0.155177899000714,0.625968696130802
0.687149929029491,-0.56138630743419,0.616533081617893,0.286856234750421,-1.11062880773657,-0.861197577156582,-0.678638185762501,0.885710534878573,0.298852064980257,-1.08480365473176
0.213622878829032,-0.0638690741069374,0.576907938322055,1.02239994544475,1.13469596009936,-0.609101038470864,1.30686452333252,0.292725130529444,1.23892780341212,0.659696391823289
0.213622878829032,-0.0638690741069374,0.576907938322055,1.02239994544475,1.13469596009936,-0.609101038470864,1.30686452333252,0.292725130529444,1.23892780341212,0.659696391823289
0.0453625269823252,-1.53133038530851,-0.744165698570394,1.25778170303398,0.740102755858234,-1.08671217732739,-0.00895719772099357,-0.117731812865594,1.27482859166099,-0.0143811145489336
0.807694329126289,0.0478370981172405,1.20997812006831,1.21371550676297,1.59682759899997,0.552828182012003,-0.0469690649433787,1.13574677578876,0.299303930334727,0.442870932906975
0.2976475955261,0.676807786639638,-0.0317065625353464,0.545489955881533,0.380803970980686,-0.0659802377717851,0.0407457335760181,1.84011964578046,1.97226789065039,-0.626161330061652
-0.781995138161531,-0.471836643744358,0.0638102703349417,-0.679655644038068,-1.03796866279773,-0.468194807145127,1.62761844171888,0.16684118214728,-0.733787990514276,-1.86456462102704
0.256233453663954,-0.572161398223705,0.148475966173198,-0.591645852994021,0.752577496410543,-0.556672780370634,-0.00863344336876515,-1.51120217674214,1.40902548926021,1.87467578414189
1.21029216488709,1.15359053954179,1.05986355888552,0.872800770230839,0.76994016137375,0.253849186535251,0.698830968775681,1.61167005698972,0.113430210917189,1.21987166286843
0.504737928238467,0.947884172453796,0.105822180428965,1.50702672851462,-0.0796433407767725,0.0315588887419364,-1.51630087747586,1.77981945211016,1.01376747644719,-0.898490565795261
1.15178623578193,0.540248020469554,2.09139226948112,0.0980584769833368,1.08810001929471,-0.149928333035409,0.644765792481994,-0.257031604726168,1.40990366707873,1.16132984753226
-0.271144564061935,-1.42871392121114,-1.57815359535194,-1.11145978627983,-0.413802040366382,-0.467784742766956,-0.590744711815867,-1.37239731950959,-0.639424895028764,-1.59171808541712
-0.644499582284845,-0.272055652469025,0.294611439682613,-1.36412608132585,-0.271857280522791,-2.61124547083197,-1.14315211889819,-0.12428331212152,-0.867846259624653,-0.6464780545836
1.76317572520454,0.484518072155655,-0.547129530898014,-0.24742980808311,1.30349106906988,1.42787386151569,0.595833611097355,2.13135916858691,0.490775224303259,1.86847421967219
-0.585974352412618,-1.01382012146716,-0.177892849400304,-1.84632883156329,-1.30988945148396,-2.15344544596831,0.144840682994446,-0.813775703089395,-0.158332186996108,-2.29432051421523
-1.26693981018209,-1.28726626720343,-0.0746327129344093,-1.72496070597195,-0.141307667869798,-2.0521206644206,-1.10135681087113,-1.30996698323755,0.334279953935221,-1.97112987764943
-0.851796431372739,-1.55044630788758,-1.67558849443289,-1.05318080769401,-0.424835703913856,-2.29840418943408,-0.92830391573071,-0.92908284387452,-1.75025852263393,-0.883388739255479
2.082186806463,0.87592353677922,2.06431927206887,-0.126150312805059,0.141856630246314,0.112175641307094,0.752928925199438,1.50679630123165,2.43924249245095,1.27682447399265
-1.29756789982706,-2.3683978077484,-1.88989967573375,-0.925009502283765,-0.0545113304342015,-1.26393017403078,-1.02984146183695,-1.07437745622846,-0.714989460071292,-1.96282095226823
-1.43577768507778,-2.42319772038938,-0.252791542576918,-1.0886129265511,-0.847234579705997,-1.26677831429146,0.0973482010288955,-0.941326361393077,-1.27475508511446,-3.0545245416858
1.79317482797476,1.10280397926413,2.18807432832541,0.892338755048837,-0.251243032494805,-0.534868093558192,0.720676213842584,2.46214629872925,2.44854350268203,1.30951598765995
0.448310404361192,1.21522126399585,1.29959214527397,1.35102790744933,2.11180071133474,1.33515431968993,1.2750580583955,2.83462173285694,2.41965578955757,1.27470954316763
-1.02129571131913,-2.15508705833806,-2.17216892459948,-1.98190508061586,-1.92181851428404,-2.07297578032799,-0.797816819537272,-1.62804616971131,-0.868575811869262,-1.5536193473952
1.88073326184411,0.73042923361426,1.03937427483318,1.9848141369357,2.40178702999415,1.50796589181563,1.40839581775416,2.97203917635051,1.27652453758073,1.7130008903265
1.96986251168971,1.70212304485684,1.47481728814247,1.8847617872151,2.10814792954785,1.7947685870456,2.6728856615171,0.978349214230858,2.17813099407947,0.988553730259142
-1.14255456023797,-1.87110850957373,-1.89997598614,-2.20783203280295,-2.00050952056726,-2.21298544331733,-1.76445434061874,-1.83592854444617,-2.07429684105384,-1.67555863920572
3.01141247765303,0.256515746080208,2.41155631152591,0.895832147936926,2.73603108669272,0.337472405894322,2.02818766055534,1.41553534869091,2.25024261033583,2.20257575298397
2.74905003184991,0.948300330841695,2.06500304029644,1.73699005749603,1.73437753202403,1.55108796515367,3.57775297298161,1.12151979080067,2.14878966391411,2.19546680548002
-1.23663154133538,-2.47316103484456,-1.83222353610154,-1.52889319716636,-1.68047734108482,-2.92612322628318,-2.52661941805889,-1.88852515809115,-2.54848525242363,-2.72822806201396
3.04390406861099,0.79630729601484,2.41871440335692,2.24901196489811,2.93373016330659,2.80428738870127,1.42238142593824,2.22904020372782,2.41446943072074,1.40691646205471
-2.07714822336868,-2.96190411299045,-2.38232840344927,-2.69186896706052,-2.05087114118331,-2.71522141684409,-2.54916689960218,-2.28558014596088,-1.10599858536883,-1.8506590499461
2.6759780363505,2.37608361888806,2.12877954162555,2.466141992198,2.94098810768632,2.5500102724841,2.70729083391185,3.72303680037648,2.7951368746979,2.87780517611401
2.85326535714334,2.48992155551642,3.12408771768701,3.15952154245152,3.21644012574536,3.05053911596429,2.85696674071314,3.61052342769248,2.70575206321528,2.42746157423271
2.97181653787361,3.04169445791239,3.06887909049027,2.30175735805856,3.10635979640483,2.57641569608499,3.72385371375604,2.98499161146295,3.47660099668996,3.12181619737346
3.41252871834929,3.43282744594575,3.22381823004789,3.85182944610725,3.8128291824345,2.83360671917996,3.58652146699547,4.21849324785295,3.11391009548806,3.19233955693277
3.74769669579073,3.25702644828112,3.71261827552493,3.88496213449948,3.9833692602652,2.98957226169497,4.09204576000629,3.80002416168943,4.18701630825632,3.54199542298328
