0.210045548084894,0.0155159567623804,0.0535082844652524,-0.0958221059321893,0.423866013614784,-0.385967048482057,0.21393963269041,0.34708665180281,0.415720625862675,-0.127734091490149
0.211834213456963,-0.0241765586722784,0.315208111393654,0.463288919756283,0.779280986857074,-0.497534043476461,0.760402078011463,0.319905891166127,0.827324214637397,0.26598115016657
-0.558575852195424,-0.30589690335926,-0.926259242232737,-0.169689950582068,0.508460639898259,-0.543654814916722,-0.483012631617556,0.413351682204762,1.42600409139649,-0.0241182323405875
-0.187964402163862,-0.499152082352391,-0.0621922824675256,-0.971075468747741,-0.44301171893459,-1.26970624722518,0.179390157842428,-0.233344525643292,0.128694219433283,-1.21102730285269
-1.08526349186487,-0.0147972726324412,-0.312031789675473,-0.211491819354333,0.160045311585528,0.523285096738905,0.913002463228225,-0.742152283734571,0.13665353274335,-1.34867433903135
-0.780257139417495,-0.650590405466854,-0.603063495227946,-0.888848591773876,-0.779686517391111,-0.2102518453893,-0.436328032367325,-0.875201506991124,-0.11880813540536,-1.19781957658553
0.253209982031133,-0.123754977685528,1.17325181934269,1.00592925837243,0.324630841372676,0.581136161550473,0.0914800649101772,0.791544275583902,1.22586662653261,0.88435514414308
1.14611617727395,0.4457197467708,1.05891377826706,-0.110986209368624,0.282861321930549,-0.136895703587482,0.483434278944924,0.926941476517232,1.42748155915681,0.57454519125125
1.14611617727395,0.4457197467708,1.05891377826706,-0.110986209368624,0.282861321930549,-0.136895703587482,0.483434278944924,0.926941476517232,1.42748155915681,0.57454519125125
1.17845622232931,0.447570476353139,-0.0131664585696577,1.93233114990225,0.904683321296832,-0.0468063738665324,0.329388907253686,-0.0228363319065296,-0.00792251044318992,0.0142957599029576
0.0113666791858471,0.192376813082807,0.607935767243816,0.310411598442062,0.82039107899008,-0.131235434039712,0.624163342824762,1.2484728984953,1.27712811198951,1.45960591327132
-1.21902094638822,0.276952436675449,0.538999414248027,0.0955170644091159,0.989444193190442,-1.44866482107014,0.842485994447499,-0.628756348116943,1.11890096842223,-0.903782901243327
0.499789793613837,0.965103203440744,0.452377439603561,1.08935688429092,1.16108303377628,-0.417512384673028,-1.15413847850272,1.75055608927179,-0.425899396402083,0.103991634458359
0.721709450047345,0.754563915918809,0.460945865465403,1.85487497786045,0.455281463415435,-0.628201365899198,1.24725766376171,0.166909494204503,1.4667374794225,-0.802970705232209
-1.73957895390594,-1.36855544559563,0.40583994324154,-0.541862792872636,-1.38753325833713,-1.5297318295976,-0.568986726901456,-0.932597658729764,-1.25833101188601,-0.305048243997339
1.68622150093343,1.05309028435292,1.53728376649278,0.27663273695198,0.503413808775483,1.04888223093235,0.969913806915157,1.11144809829119,1.40739135592252,0.796371390915448
-1.01972540688447,-0.647994275794247,0.767708187119711,-1.39811492223991,-1.30129709391104,-2.01208322233936,-0.979211985681538,-0.340868231282816,-0.0914203310322053,-1.48816107937581
-1.02757821429134,-1.22210780561386,-1.5966567320364,-0.170829606682264,-0.745000873073885,-0.682996751452355,-1.6987516364365,-0.498119820063888,-1.60948189438935,-1.81540285836684
1.48881617912007,1.34603243609945,1.42295623238396,1.03269633700426,0.617808648816471,-0.994678744474909,2.58588080690733,0.80466250086581,0.803761726183958,-0.523458545977004
-2.26964913125334,-0.580618701505326,-0.493461143836945,-1.23271751135294,0.463777140623697,-2.85429155967711,-0.870459181839258,-0.0845737944977458,-0.986053784163239,-0.565110248682082
1.36532779990985,0.667235299978359,0.166791470482424,2.23114481505255,2.26725929520628,-0.104361521478558,0.612101001992571,1.76484243597026,0.925121303108685,1.11275643055773
-1.43362926251732,-1.64175721300232,-1.1100348464747,-1.11937940248205,-0.663564454259581,-1.89240152071709,-1.94924857055785,0.236865343222386,-0.848925971548669,-1.90479570186207
-1.91962893285767,-1.75109343640656,-0.0889139334638933,-1.22198599071349,-0.458342775519164,-2.83133885252879,-1.61171013320966,-0.96722282170516,-0.305416178045939,-0.559101358084255
0.773420783121212,1.15478405485385,-0.139058079989864,1.95611731230227,1.40706689298733,0.447474420672549,2.10626302323671,1.12311159621962,2.66045612691365,1.21607110985175
1.41630443733025,1.2572075015994,2.19700101586356,0.743712934640537,1.00380998200544,0.526304832773251,2.68432355340046,2.41108380258567,0.872815704703774,0.513705645271588
-2.53805858774837,-1.96891738946426,-0.741372468806474,-1.82984127861788,-0.965020486231142,-2.063996443763,-0.645171458795559,-0.668406983508004,-1.43508653655659,-2.07410444336895
-0.435419234568691,-1.85709359117749,-0.331392112084093,-1.98890190380349,-1.95229228815,-3.0036280096967,-1.3436848998943,-1.08091399506101,-1.45789517273035,-1.28133637986163
3.14247138400978,0.768092077779303,-0.189246727291904,0.873478553443396,1.5856257360618,0.753007861962361,0.66094671066138,1.71523204957034,2.47252880053893,1.94297732481709
2.20540690497986,1.02158171587259,2.25541204548378,1.91996109011547,0.670792946698187,1.22179948131722,1.49859964352025,2.01830395963371,0.962691928673771,2.09451459339915
2.0383942011385,0.843641674207229,0.695217431122805,1.55200007762401,2.53017649578157,1.78449449043503,0.992804624903911,1.5365562505256,2.37988947568379,2.00784580674972
0.941804955116076,1.36644585029927,2.15759384162035,1.27935048360688,1.49946633387425,1.26235553171481,2.63314719865119,2.21930804968871,2.08965064473107,2.50336665900569
1.94680039370388,1.83937236953195,2.4646853105179,1.5648561188004,2.61652669762497,1.25620366830115,2.03153893566212,1.9938073590351,2.85024781465142,1.42581554018268
0.838787760730906,1.22042911642972,1.73737058262067,2.8116448343637,2.24490475382443,2.94984116035641,2.43491178927635,2.59433291858088,2.16026246513586,1.64968230181808
-2.26341331129551,-2.49942408342475,-2.16003941335882,-2.01195860499619,-1.6959665378954,-2.97278156822894,-1.71484544674101,-2.15534163358635,-1.64792331011508,-2.20926637458591
1.45793065908991,2.52536174714699,1.22150878639989,2.55340690659086,2.62166833621847,1.35494674092702,2.09146816905977,3.00032198998425,2.17430418036937,2.69224196492589
-2.11785578659079,-1.99354746014439,-2.39558229230537,-1.76964521346126,-2.30313618833347,-2.65245160462254,-3.1264281471452,-1.41179447279599,-1.76050347359754,-2.98835985339518
-2.51655005459653,-2.53284632191321,-2.21962856446719,-2.91955942048385,-1.70577393836589,-2.38745102566759,-2.37357671765827,-1.99085742905484,-2.31157223617513,-3.06506797908979
-2.56721470397853,-3.82769782117127,-1.51801684874236,-2.57253483399754,-2.3521699440358,-2.88341982291441,-1.786425514644,-2.86208308953681,-1.20195543062894,-2.07211736279733
2.7083870256269,2.19692480402181,2.5762396500717,2.13151354528937,3.06346927976514,2.00392761032613,2.5779006194133,1.89318976228281,3.38762058231392,3.34871837107835
3.99815199739378,2.32383995939744,2.68153022346363,3.08635585953484,3.22785799200998,1.9531835341729,3.01932933001172,3.6487129224977,3.51373460163214,2.14393905246759
