-0.277360577412813,-0.330501893827122,0.141591199159324,-0.207332277667301,-0.0289838043731949,-0.671908243760943,0.0182080427924438,0.0271655741696666,-0.0027922835744969,-0.172062629616947
0.0925621839504297,-0.0244068412719463,0.25024035276683,-0.0183209728216442,-0.1994635757105,-0.664896375231542,0.508426383768728,0.378343615422334,0.470169496541731,-0.349844297595248
0.0925621839504296,-0.0244068412719463,0.25024035276683,-0.0183209728216442,-0.1994635757105,-0.664896375231542,0.508426383768728,0.378343615422334,0.470169496541731,-0.349844297595248
-0.78375371933909,-0.353912933593513,0.0534333339187569,0.0632089680074002,-0.426012929290456,-0.813316450926213,0.27878453027723,-0.347123101276334,0.728177544809757,0.318033489758378
-0.188855565902958,0.251611073652422,-0.00825463882464961,0.768073143745362,0.391638980594463,-0.0473348597019034,1.23409944190282,0.222320873329848,-0.254875661857606,-0.379433310821915
-0.10908574922906,0.948389034704193,0.420119970227203,0.528592173230725,0.115367675137745,-0.783851103564272,-0.0544232206430477,0.135591354005241,-0.637441012722515,0.658603976773927
0.335168786120267,0.917172818927518,-0.254863681645347,0.14389127752157,0.788940911509398,-1.09071612226344,0.406316347292467,1.25987711399803,0.934286443499207,0.168430869395815
-0.980718653845437,-0.178471617510289,0.133488158734805,1.30014520383852,-0.102661104526556,0.397285883214357,0.273149937842296,1.48768845656044,0.895989858310293,0.245858174861912
-1.79856488988834,0.0700371610115331,0.455047117298585,0.894426922526628,-0.775673823914419,-0.0734183676443221,1.19679057080165,-0.324240600246244,-0.177436193932577,-0.39639082169474
-0.536559576752453,-1.51459460305633,0.214285561556786,-1.3526395819437,-0.594449519185206,-0.955220166142949,0.795953950535075,0.293117723246059,-0.389817275464724,-0.00134583557977463
-0.948561576725783,-2.00931401682824,-0.448072931582095,-0.671896136993044,-0.452952417773942,-0.400583129233239,-0.566932001765581,0.0914405850798143,-0.122702191618819,-1.00719574555434
0.214499146612342,0.176551870956729,0.638175234891096,-0.471750416489161,1.55880991223849,0.219395891149178,1.01176242679471,1.72475787718086,1.60139081939104,0.0338494050611402
-1.14533156981185,-1.62687441015711,-1.30159830191888,-1.27910052280946,0.0400332844317355,-1.13206006253331,-0.268967668766916,-1.00177795332393,-0.639775206644163,-0.206434016791673
-1.17110888101278,0.879850232733121,0.216949022607326,1.00159044300705,0.747913400671455,-1.17614460279662,0.269506082939415,0.0452027012511218,2.14197292639126,0.60488135361813
-1.04721315296172,-0.740950707057962,-0.110678879646607,-2.13186145558056,-0.33326202355322,-1.016064193562,-0.328658379914917,-1.50733771541162,-0.0397872148858442,-1.41819287568731
0.890991344255622,0.919554524271609,1.07402452809187,-0.0581412000666771,1.99871153164289,-0.2464986101356,2.30042949468981,-0.0692624136614156,-0.298369195112344,0.364334869906756
-1.31450783014718,-1.44673568312167,1.60626290259947,-1.17965598087172,-1.24056669299381,-1.47970263277095,-0.297636746951537,-0.60566387684458,0.716955792487086,-0.548398821533292
2.15284726183743,0.680983321591047,1.41729309358633,-0.495757954875002,0.834735590440348,1.20842328088597,1.78039556382631,0.435295869008844,0.0885317719449095,0.699042620010526
-1.06261419289791,-1.491171023266,-1.1078446678392,-1.50979350621123,-0.876092965238581,-2.33991263872515,-0.382318126296809,-0.358740076728506,-0.174153464277037,-1.26645098123508
1.26182957177023,1.80247839449297,1.18861194920692,0.942386679920844,1.63537125804012,-0.340928543849204,1.1384470271091,0.542022885143482,0.853861057373533,1.72747303944173
-0.359007019029927,-1.02383573904465,-1.44878877344676,-0.665570163760156,-1.69708803346716,-2.35337252550592,-0.947884295842922,-0.374920529204382,-1.09016337447075,-0.935716410082694
-0.132259352276509,0.376375121858115,1.34594766194068,1.19703728295963,1.7671915871148,1.81076793441377,1.45458909583437,0.781422718078995,1.41604440059259,1.32864332049912
-1.03434488955859,-0.50984373447583,-1.17751521547989,-0.615169612006747,-1.41305580872021,-2.57722353027714,0.287773250494236,-1.3953681097457,-0.667573221904871,-1.50564642427116
-0.576203996362433,-1.55431779622173,-1.92897899792206,-1.95523491410967,-0.790817981260452,-1.85816902946779,-0.111139319878172,-0.133124099669032,-1.46999287738428,-1.49899971024783
2.09854488658141,1.27648563618464,1.24690980364739,0.305558093259674,1.76729109543219,0.89976624912272,0.869470026104038,2.51366898965428,-0.137250798495116,1.36240527753973
0.56103522721223,1.34166480751525,1.80256046914497,-0.742971187525127,1.72025783518589,1.04622013219063,1.99990837083065,1.93216692563886,-0.344894025558558,2.03848886236939
-0.190623207840824,-2.65114013610132,-0.724258186938072,-0.994719299250727,-0.739641879804608,-2.26862293555209,-0.612058154453268,0.349961784748817,-1.23664535726627,-2.41638779308658
2.12033480265064,0.913287110586935,0.865617457529891,1.7039874822015,1.41543781517607,1.99103043919797,1.53131722590739,2.4266201049285,2.25432391818026,0.589647875806496
-0.657292975487273,-2.05974321070747,-1.02337573057764,-2.98265886410601,-2.66289946059276,-2.73661585832793,-0.341466543359798,-0.548766380537168,-2.00241934813242,-0.451231757363894
-2.40708659262885,-1.9723245112473,-0.570154599671664,-2.0490708467241,-1.90674712566236,-2.5640685085566,-2.32387744075165,-1.63254961246818,-0.36098583887482,-1.35951683611963
-2.95996737039537,-2.50957834655935,-0.911598213972478,-1.4191421395119,-1.65591880466564,-2.24522202123879,-0.995645727898377,-0.786343642799711,-1.18969262996076,-2.49956266771051
1.9409969090648,2.26125115896496,1.55274233877392,1.69557281243566,2.6902551158962,0.7862042231039,1.87842534773524,2.17106086509499,2.38738237450575,1.22277980559924
-2.63953058716071,-2.12220434398213,-1.36728874400904,-2.28036974615824,-1.39595687392737,-2.79155826774438,-1.29812669056,-1.39402928312442,-2.90038052688853,-1.63461326929285
1.36286934137836,2.27971015331287,2.40962732450732,1.68180159046398,2.56495330590081,2.0243653962132,1.86230357167849,1.50878107941213,1.62626902868115,2.92136095877227
2.66488792865261,1.71779190273363,2.21778359005516,2.12594644277424,2.67153628865511,1.29124761460972,2.25643257811513,2.96876607703292,1.70152531212566,2.00965446847824
-2.3427050934127,-1.83414289087213,-2.14398777313525,-3.14556229505033,-1.6443863428023,-2.51461029662165,-2.44368420747674,-2.47415740866759,-1.84356815173175,-1.82204064118624
2.51974664996985,2.40277762474747,2.67742481878625,2.40886349319777,2.22772089030892,1.76228809078787,2.93561084978815,2.80552808144175,2.89735396256115,2.07734016842417
-2.16214734441931,-2.26631210143253,-2.35832718688832,-3.26005137450823,-2.78737045885017,-3.01667560440709,-1.775711909644,-2.82884875770692,-3.03213397008006,-2.45629718581472
-2.33503331956491,-2.92972232696607,-3.2703177817749,-2.6833902539155,-2.17778053327155,-3.21453681930217,-2.32257405558475,-1.98240750235049,-2.72543311842881,-3.14765330980819
2.86232341735197,2.41245148312155,2.70193732912572,2.83880678497583,2.72636440673145,2.49349064932204,2.78124055272903,3.08716946412163,2.94976132955749,2.59789761097361
