-0.277360577412813,-0.330501893827122,0.141591199159324,-0.207332277667301,-0.0289838043731949,-0.671908243760943,0.0182080427924438,0.0271655741696666,-0.0027922835744969,-0.172062629616947
0.305043981283816,-0.618514620577389,0.277400776959894,-0.867741543036231,-0.200543469791173,-0.0781995013861723,-0.138172135436379,-0.434200177284589,0.00937136747779266,0.62344528274055
0.0572916969711844,0.112321066646131,0.164000662230646,0.476338602776695,0.20477416320347,-0.621669781217785,0.666141847694869,0.502483569219368,0.830266041228738,0.499623812947649
-0.802247743856879,-0.0566440664708101,0.577824990427586,-0.354993868452808,-0.691270774089388,-0.600451125671565,0.0812843340200899,-0.496329174945821,0.312282589929245,-0.496015591218075
0.369637352193812,0.359629231086612,1.0152678360182,0.434274002525935,0.628163112364515,-0.032522054502631,0.807877310722581,0.460125194988188,0.248818022383635,0.911797149895006
-1.09881231467032,0.309497094713016,0.631305744372758,-0.829762713612209,-0.0760694886197351,-0.59846748750451,-0.27498849462342,-0.184318242811974,-0.0292945679858583,-0.952992181920294
0.538008471091716,-0.00732165412650931,0.576388679200493,-0.0250647204472996,1.43702214160734,-0.542705247786108,1.20426757892689,-0.174746925729604,0.145459974555426,0.864666480962023
0.0238192767112697,-0.414987142100625,-0.877775452208439,-0.603018461132663,0.632286219735973,-0.934345125379548,-0.590995625790126,0.390330031444886,1.23206426548836,-0.932325226884438
-0.402258436343452,0.46604712811335,0.845866202925011,1.4563095531062,0.608724800262132,-0.304385092866459,-0.698183527267007,-0.408265327204647,1.35804217117055,0.282924040389996
-0.397594419257234,-0.420704520240804,0.962788686828247,-0.426875704874214,0.567099337147737,0.356000149807644,0.941629937055998,0.166689755777722,1.48493182543551,1.21677083231953
1.0395127208006,0.299232323134316,1.00553072604808,-0.703322485518744,0.657935085346376,0.403882383584132,1.01931872406957,0.989945228838076,1.13215339940477,0.439430901961863
-1.61566513000308,0.00336562754039971,0.234046820461099,-0.379035574370598,0.90575219133841,-1.50622666147516,0.199412163451256,0.859266165885643,-0.0683517241339376,0.359434637696863
-1.07503256631405,-0.885678350641156,-0.499129238102711,-0.942778279233515,-0.588228995403727,-1.20556930236644,-0.728497543585079,-0.81016001811875,-0.803256424109618,-0.606436201118676
0.81800769744935,-0.987325295143182,0.431739031824393,-0.28498435483914,-1.29020131768948,-0.177428919052879,0.600035898207802,-0.805888639446019,1.29869400482584,0.913325617299641
-0.321204505812513,-1.44682554314151,-0.897871760270866,-1.11738869057642,1.00242803724621,-0.126200360765151,-0.500471395921634,0.576213711816581,-1.68814292861589,-0.241691324793912
-1.233010490064,-0.353972561293507,-0.531966252883885,-1.93958872539689,-0.615359110871992,-0.726524284953368,-0.869917187666274,-1.18294831720418,-1.38009189677008,-0.239639663577221
-1.78903591007745,-1.14675402737073,-0.507279698245957,-1.28174290546018,-0.58677543369964,-0.537746739271584,-1.01480097686783,-0.970002301985101,0.774350449775247,-1.38838373819841
-1.63356777601132,-0.93474946713824,0.950299021049385,-0.715391549313529,-0.47630674210534,-1.86703622454312,-0.514238073892803,-1.02797004310705,-1.19348966992406,-0.945720332622476
1.28160648128382,0.404398636378421,1.51180826136738,0.494437944143256,1.13492661567891,0.522762037075366,2.14548171071747,0.890368111569414,0.659059517165942,1.39267605197132
-0.769056381608617,-1.38819420151943,-0.609610723917599,-1.63183370216873,-1.75975303514243,-1.49427666481357,-0.783074008489608,-0.573795964291872,-1.01493803256235,-1.29385750141182
0.061941101253896,-0.115721042180403,0.0422207555137093,-1.59668261860825,-0.234182714134314,-2.22360507402835,-0.699726391800331,-1.142824484771,-0.330263456915922,-2.33263584208714
-0.962752328934283,-1.71837839600469,-1.34398244292093,-0.754641341895712,-0.741092663362379,-2.35749243094041,0.0321592917909455,-0.363357781898043,-1.82191123849138,-0.77388563025737
1.22981830069228,0.975221600441523,2.71003515765345,0.612541821922787,1.0324715143285,1.20485418740084,0.459946061669313,0.96216541022449,1.04778586045848,1.24449987390208
1.21794140706278,1.56021923956923,1.55157697220725,1.84199723771634,1.57440114274763,0.605668395683114,0.930873397120207,1.30136133393487,1.34882350899867,-0.226896242291903
0.0273180560701678,1.86256090523996,1.41597804419834,2.12119424163607,0.336946940118269,1.8776423817133,0.841912649163563,1.30180239867861,1.31793123394536,0.802027003089446
-0.577841346643583,-1.97523873593238,0.0454373530054779,-1.44567726601229,-0.940787517901046,-2.56968152311317,-0.802617473155023,-1.50255470555061,-1.24923103001324,-0.897752034551635
0.103189973500505,1.28272779556881,2.3994922176648,1.07566305343847,1.26671710636395,1.03207416674321,2.08659596340053,1.04113360202658,1.89320702758918,0.239458995088409
-1.14312503236702,2.29780542277167,1.42788419789382,-1.08408406929962,0.989146001847802,-0.38073576852814,0.0809428432857923,0.886151727722704,1.73278980105305,2.63881671086478
1.30545487599466,0.795308460275089,0.562982379136581,1.95968685148909,1.5340446774372,0.456104533487661,1.92620561829146,1.77171785154802,2.18268533573718,1.47524145361537
-1.60992675373649,-1.64490896555898,-0.845841785505623,-1.81610061681008,-1.03647482339149,-1.82899629859696,-1.26190333833946,-0.749539154465623,-1.65138498786161,-2.10262468052034
1.41108428223024,1.28640732347355,2.46370764774139,1.39526758405031,0.918019506108562,1.56848036695552,2.18198054022619,2.40413897976488,1.26453566778305,0.448798930249765
-2.56833879566222,-1.35102276469566,-0.795801383198788,-1.31653232999127,-2.494155389474,-2.11398388920433,-2.32256181982606,-2.17173710035375,-0.270467992821338,-1.49761815532064
-1.51747033060375,-2.36289287444945,-1.50048941575617,-1.84879307608844,-1.88370337326516,-3.13803208914264,-2.61053707813865,-1.6023584816401,-1.53557463982933,-1.50147312117834
-2.11335795924399,-1.59697614087076,-1.79306467365026,-2.21839212082122,-1.28906686165557,-2.94814753094578,-2.01887572037488,-2.35411494485919,-0.942745386020328,-2.73782662312175
-2.0817828862431,-2.42340079656976,-2.08124839009419,-2.13334849154625,-2.07172455333203,-2.41001972686737,-2.00736081527497,-1.77681694698678,-1.84235938698196,-2.38548115710724
1.87842771828789,1.9955035579698,1.83612358781424,1.65362960591405,2.96441169010691,1.45417765255288,1.34264410498705,1.94979100288944,2.5295729282883,2.99127960620115
1.9626985269402,2.28620305787646,2.32047943144342,1.95132040811174,2.06411244261069,1.57937255363952,2.70491422759985,2.55330611505769,2.16534662367351,2.0734516571385
1.60159840998927,2.34720208737534,2.98167114427374,2.04885228539335,1.71257537975677,1.80339502817459,2.48513048786624,1.90751697890033,2.7161287437754,1.90783056262808
1.59504380857853,2.73668677936583,2.61790112112142,2.18129039548223,2.61085546402679,2.21150990308082,2.04383572608664,2.5362098830861,2.4105885766027,2.66500777232022
-2.96179308390109,-2.96522136300792,-2.74075622143921,-3.46820882632303,-2.42293558548583,-3.35834547716191,-2.82313848293298,-2.22764451786582,-2.70280295062886,-2.71739157563003
