-0.277360577412813,-0.330501893827122,0.141591199159324,-0.207332277667301,-0.0289838043731949,-0.671908243760943,0.0182080427924438,0.0271655741696666,-0.00279228357449712,-0.172062629616947
-0.211249132130635,-0.759955262917191,-0.372806322359637,-0.250734217640877,-0.22729184476197,-0.519427219502962,-0.652862529650974,-0.163221750348436,-0.302163001052334,0.0758847681530697
-0.426198080740232,0.350191837512277,1.00390274589373,0.269085102948134,0.712817181279967,-0.319159946353425,-0.43224846835358,0.762242532400973,-0.455803074032355,0.477244589428764
-0.741417108302067,-0.285528869661592,-0.134376859432121,-0.165865848756154,0.693469391798941,-0.829923672717552,0.0296223290181685,-0.714971752199284,-0.978546288724874,-0.182349730501641
-0.699447945386012,0.261069425869794,0.540223845914269,0.266864603526563,-0.171487989677658,-1.09346977740376,0.643569886131239,0.67613609318881,0.751566159007668,0.184852258181527
0.254271533166666,0.20395804712778,0.359077062578202,0.348033409277333,0.942906147779915,0.343025785527153,0.858761514924863,1.04278352126726,0.924241209248469,0.311496364580345
-0.938834814525768,-0.0392527870042731,-0.62037575338477,-0.121805340513577,0.584460933160024,-1.24169224365886,-0.448096993927506,-0.119417340638811,-0.693575022330619,-0.838855248601426
0.60613491282216,-0.0939842555668839,1.0752357076765,0.944684179289967,1.02757253338851,0.406814649225836,0.686398826513626,0.135793712244966,0.747532529701648,0.380280529112859
0.291547593912057,-0.743968715962674,0.906231319811426,-0.394251278149977,-0.199907283567351,-1.06873364058634,1.01183733443951,0.412268648059926,0.849576816402258,-0.676824204172572
-0.652408301216258,-1.02063572091374,0.860381246607486,-0.26424176231563,0.489169512230452,-1.56561188650971,-0.461363524615917,-0.51745877117302,-0.0295687973445498,-0.355404025904718
-1.24465343600163,0.418121272950529,-0.314774166402031,1.47450614152625,0.388538090285205,-0.343359963496662,-0.596841699024285,0.900287658509344,0.643287535808072,0.0149695758777233
-0.936182221428848,-0.642931274313342,1.11299928902119,0.652188100009793,1.63910498370924,0.257658819165747,0.207974574463668,-0.447554975047576,-0.03989422338962,0.0293995903077376
0.727302057369945,-0.122788601805441,0.762340812051657,-0.450336903260911,-0.367534867844121,-1.19582523900575,-0.474621697321023,0.886778231185453,-0.429702768800893,-1.44940590905104
0.316337331250383,0.118926363090367,1.17410506292423,1.29206726370872,1.04200691097543,-0.528365160586934,0.0896560840452487,1.29656017545493,1.88221129972831,-0.0479166399952939
0.679189515101915,0.803385933813535,2.32193256095152,0.645712939449528,1.17958715001885,-0.132684992568949,0.422748395035938,-0.431345422235478,0.719892727954099,0.818844939744817
1.29886083776334,1.14520810998854,2.42601063887163,-0.111950961899323,0.631094529923854,0.188049618871645,-0.122300466589248,-0.0716917163930237,0.581617968936306,1.34177778214762
1.9260522035377,0.56048211083555,0.435539435657354,2.33071739749968,0.919356088938032,-0.490133331612524,-0.545847683783459,0.828041700645542,0.544660426431146,0.295011979626385
-2.05464725085076,-0.677837576969955,-0.114086085251179,0.48750376385968,-1.93625523978205,-1.2638124694925,-0.688801237295895,-1.10742196531044,0.315636481529125,-0.212254040630348
0.497217906434997,1.40611658937993,1.49993481739913,0.604005498487729,0.379039375531505,1.09991826742609,1.55428132763693,-0.243923714355291,1.65087481212326,1.07349425782918
-0.0411187146804304,0.888688164994384,1.74316923260641,0.992107790909528,1.93986996427492,-0.47553206667411,0.744002773878022,0.716220424804953,1.7092136286064,0.461329514873918
0.74219873272154,1.53615992318107,1.06463598793792,1.65836763000909,1.58503113821019,-0.484931535063756,0.433338063653451,0.435590787699832,1.64202750691294,0.999702407623754
-0.603821079788648,-1.65656395116758,-0.779233217844323,-0.810487326438769,-0.750453175119585,-1.7858181879887,-2.34515139613056,-0.223420421247269,-0.256603529990737,-0.158588953668397
-0.362442067378306,-0.782410769937334,0.00267791766718994,-0.118707838049418,-1.9965204838987,-1.35667262627517,-1.96288305487768,-1.73154489751789,-0.145584251157807,-2.16359876159039
1.23534939143609,1.20347335002854,2.0931324579961,1.17353776256711,1.11111156694267,1.42381498554792,1.01212342463442,1.03635163084249,1.97537393194707,1.15031899435927
-1.22135014223165,-0.958367961329889,-1.48391743347075,-1.83803580494246,-1.14304276051289,-2.05003946440092,-0.864502741291186,-1.59179317891986,-0.71267203225102,-1.57246688019858
-1.696988781652,-1.96955299655099,-0.354063149817112,-0.409484820173105,-1.58266190206515,-2.20379101975464,-1.91780096878013,-1.16379657170745,-0.942395087993249,-0.311650178158193
1.2341419853461,0.408065420538856,1.04534869718007,2.59996828488202,1.75416369781996,1.39877737981422,0.823161918667294,0.855794214643921,1.8083494962542,1.33234911700488
1.76930953990948,0.72386510256886,0.61511239919037,2.1017336361673,1.78365457316288,0.797462113077445,0.612450756600375,1.25974410371292,1.81449625782732,2.0716914309073
1.48330507485657,1.69742297446712,1.90696489099293,1.94583824342454,1.86782096064809,1.55763562814216,1.22228574641802,0.557004346018597,0.711394330770084,2.90089387297342
-1.55432271273608,-1.86520062103662,-1.27899739017822,-1.12289872268584,-1.03790551376458,-2.96905469805067,-1.82724260946514,-1.28938491686771,-1.06049028181175,-2.35942457650323
1.33154948763618,2.04259901309786,2.09097579823075,2.77620033297162,0.401307305225835,1.54591510764804,1.55067217746888,1.84397866488462,2.61479299241877,0.797988893745421
-1.62145340424475,-3.65495402601287,-1.23263487987225,-1.10588547885208,-2.76218111961385,-1.16285274929355,-2.4959055239527,-0.504195295537068,-0.894424111558835,-1.46277635227259
2.12476774639443,1.22855600184075,2.91717065618962,1.9155542092908,2.25485596722315,1.90813133396166,1.64723819095431,1.71151172062167,2.08543894644149,2.08868620958609
1.63953527265031,2.09542351129079,2.24657552152026,2.21508653219623,3.07442177275132,1.55102870823483,2.41057470997055,1.6659806287531,1.40240609222751,2.19860265045074
-2.36159349453972,-2.56588188611055,-2.54240189238147,-2.22670682100852,-2.02725765844608,-2.87617054710628,-1.81554186736312,-1.55428845919677,-2.17398426503175,-2.17183865014995
-1.84507240495667,-2.73535006411223,-1.31890600815951,-1.11359653224881,-3.05189728904865,-2.30004683194915,-2.09960611566655,-2.84497373298065,-2.37873118399472,-3.27222154765616
2.30017363024152,1.93174288820992,3.41445721416806,1.3645149115909,3.2570569146424,1.10009312834119,2.22329957645164,2.62739872180594,3.47556304122682,2.49308017629218
-2.33189552335874,-2.49609627289705,-1.78699338201938,-2.96162850123982,-2.32270688880562,-3.21901090880796,-2.65912178796418,-2.35762957978583,-2.49411705126029,-3.18618587549608
-3.43237399225826,-3.50339921925816,-2.85500431845137,-3.38380694199411,-3.36935760650896,-3.68893572083804,-3.01797346260533,-2.95571570418774,-3.26308492549132,-3.59397186940648
3.64937997944787,2.85340187438504,3.67900747871832,3.01286655994255,3.32920698679247,2.80077340045003,3.72705897494788,3.91708126148848,3.65192988426033,2.66314820350307
