-0.359713282914818,-0.369555566387899,0.263017210392058,-0.0998922304576644,0.17952729413711,-0.555712360895107,0.0419288592513469,-0.0321744944824887,-0.00743002605138754,-0.146879852126361
-0.0810990037579902,-0.121545108976999,0.447956891191189,-0.112147659108405,0.103883265905559,-0.377102413438356,-0.337588510507116,-0.672877033457377,-0.391212139776597,-0.13827871072554
-0.0852274159040898,-0.535072599072116,-0.596113503077939,0.283868733138241,0.160925099317266,-0.0941999387986237,-0.700962201078113,-0.339357297621075,-0.847861267306151,-0.187636567032535
-0.115682615006954,0.221798912658453,-0.0965373429329384,-0.856769957266025,0.908640131122502,-0.443751255034623,-0.228467640484421,-0.110020599759864,0.636008713922231,-0.309421323344943
-0.865920297734541,-0.877536119349281,0.0648620646587649,-0.423308452152254,-0.0592910644819766,-1.59698004584863,-0.239696064045936,0.684468312872714,-0.117551873059021,0.453799631533683
0.864004033380274,0.341054785709047,0.136649238497725,-1.05513777932131,-0.311460024564254,-0.809753057020718,1.17400696752648,-0.607207000298747,0.927375931295557,0.636905843590837
-0.554620623467766,0.633896980990478,0.950203589995055,0.982164538251616,-0.349635941853994,-0.282452942790826,-1.22925807506587,0.182497727774549,-1.01274970041162,-0.877916623693526
-0.0109426162142627,-0.973587288122308,1.16364454366204,0.866810577486204,-0.670680266913055,0.100744251774847,0.870918241558638,1.11143820426195,0.872729564566166,0.816728742335965
-0.957645465723135,-0.569773197741775,-0.771235677251197,-0.992019938434117,-1.00481061144729,-1.20992898351526,-1.07341478127055,-0.460558204348369,-0.445918932390121,-0.82082507838212
0.524327608653505,-0.16557518049489,1.50385438092616,0.586689777193511,0.950624959984485,1.35525856133443,0.534617287354372,1.24389929198573,0.41973366566881,0.104266901246336
-1.49324801604583,-0.603581719974013,-0.349548531177499,0.402106686989688,0.529271901774327,-0.804121268134321,-0.87170259941484,-0.543294414898153,-1.72650800877739,-0.5478040275849
-0.0236144708878054,0.437924923117566,0.836490058747478,1.5558775615954,1.01641092659768,-0.501379791826562,0.364610111728876,1.65868513790441,1.2016203877377,0.425949025061926
-0.949909752364498,-1.37436594379619,-0.596918836619646,-1.1138232253307,-0.760965568465963,-1.73636536243213,-0.989299669682394,-0.942552406066687,-1.10404335364485,-0.816257581403574
-0.949909752364498,-1.37436594379619,-0.596918836619646,-1.1138232253307,-0.760965568465963,-1.73636536243213,-0.989299669682394,-0.942552406066688,-1.10404335364485,-0.816257581403574
-1.02773697362652,1.56757345903263,1.45287202725057,-0.0216713327443405,0.747963386091671,-1.29031732638855,1.73391515859879,0.376058767645888,1.33004166751916,-0.634969637053962
-2.33508690708007,-1.18664594182706,-0.170444389221939,-0.513487894422238,-1.39802084751552,-0.910227800936834,-0.595897040621192,-1.13675658722867,-0.83964368498306,-1.12594981843923
-1.51755986197529,-0.547559584007275,-0.526674136492838,-0.951968340907194,-0.98778592217107,-1.11464003798874,-1.39705268906184,-1.08366832825415,-2.03797002060586,-0.906999730933307
0.228959509485053,2.0437542815954,1.78279293763409,0.275468832206668,0.741235386893373,0.221706087215799,0.31960426209086,2.30607896513219,0.287523108221959,1.17657988199348
-1.92055306567572,-1.56010171497624,-0.891272650605934,-1.51145330009818,-1.1440072785516,-1.23852634316195,-0.764264570666085,-1.2932569610416,-0.550523112995467,-0.934973427739013
-1.00329886961983,-1.04628547033708,-1.17095196424025,-0.46936341742643,-1.15366200572422,-1.76816483736463,-1.6699067442338,-1.9846693560202,-1.26062615473052,-0.701658992415681
-1.63991218300403,-1.1342532439239,-1.02188239821653,-1.5479304717901,-1.74105265833069,-1.86569101529272,-0.499489212901074,-0.129823692857939,-0.739182360266751,-1.80915217223349
0.985609396103097,0.776457985855681,0.914085785921888,1.59906361327971,1.8425679074597,1.56450283664063,0.731364114092965,1.07410135935883,1.38794155156949,2.01494407380237
1.09562782467159,0.522097377192545,0.449472180422134,1.93040252652502,1.93829584600954,1.1351039350935,0.937215933324881,2.18549302710278,1.17778644481284,1.16128089128504
1.86055604569763,0.360153906612871,0.718467632557255,1.24695093722338,1.46926326478886,1.49929678551909,1.453353709322,1.97657502488138,1.44227992750411,1.22944448698423
-1.26469758536506,-1.34879494335637,-1.68171041436897,-0.899574771645624,-1.17748175963004,-1.73636536243213,-0.912208771804706,-1.54659071459279,-1.97177850015611,-1.49058357348979
-0.744499697777178,-1.2334798754707,0.234555269338863,-0.873472364095082,-0.959098397660745,-1.69752494864962,-2.11012851242338,-1.71617385140208,-1.7454916630702,-1.94398474178368
-1.28431582485494,-2.31283108612156,-1.25239448547451,-2.06377361964781,-1.03263881181578,-1.69081535664817,-1.33826581153722,0.0570239000986411,-0.975002754132169,-1.20602945419447
-1.4314510768957,-1.11536505694928,-1.20405279771299,0.0659584506615837,-0.211989953710629,-1.86775907794689,-0.749439540425838,-1.7054690264492,-1.56802195557703,-2.62672787611132
-2.19002594797516,-1.67792218241744,-0.564624902741502,-0.60975271029187,-2.07740484958724,-2.23977124070155,-1.80668001361166,-0.204681436589477,-0.297774708741715,-0.956094187964674
-1.71450919241758,-2.13386402272733,-1.63546558717155,-1.00631757382762,-1.07174225837693,-1.09658128501691,-1.37761720429781,-0.854746860120359,-2.02176559027899,-1.66788930946207
-0.770272297711847,-2.80610467739948,-1.3887643434045,-0.791602836029243,-2.65372673542779,-0.86736250561043,-1.71518132701324,-0.802113011056751,-0.619821837596283,-0.917447377679961
-0.881355085704213,-1.29525402916479,-0.491010244959046,-1.57928380934315,-1.98271036998385,-0.92203869781126,-0.48430212553059,-2.53124949042138,-1.8779101053478,-2.32380566555798
-1.97269552709803,-1.23447506822836,-1.28078877766972,-1.46047765028591,-1.53565359729783,-2.58797342771597,-1.74697412235781,-0.493114549106542,-1.5441213736195,-1.85033494136289
2.07559362579385,2.46765224462319,2.30675197513594,1.05016026669742,1.52584833310577,1.60532280330457,1.50363826151248,2.67354700742328,2.08933771514599,2.55647842804981
-2.51565751018588,-2.31688416126716,-2.29429862575223,-2.02254222037797,-1.80881896958125,-2.49022057811271,-2.17433317466685,-2.31046550741646,-2.13690091255904,-2.26793687591925
1.98770455746077,1.97786227398769,2.61043505076765,2.24752560991792,2.5269451345127,1.79170547948048,2.38934669962693,2.3152433458931,2.3399878143242,2.20053798824923
-2.51160003452809,-2.1850705664036,-2.23668372310032,-2.52583215651187,-1.92641320782036,-2.96893339284845,-2.47351127294997,-2.63646209543859,-2.5427052152619,-2.21227268035849
1.98952288976674,2.4580044887205,2.95650185782188,2.44900386959147,2.00884102069619,1.92156038541881,2.27578579573718,2.76411171447377,2.45437034549173,3.1696705011803
-2.62071154730921,-2.62714249119738,-1.88007874366083,-2.47201147685102,-2.83401656483191,-3.32695903297837,-2.66472598564292,-2.03197689974929,-2.80311177748413,-2.59859171315943
2.75421399142303,2.93599906644052,3.30072497253479,2.83714825142736,3.07121218821371,2.02755453608425,2.78242846063322,2.75324873672868,3.24709957049256,2.91833946486941
