-0.359713282914818,-0.369555566387899,0.263017210392058,-0.0998922304576644,0.17952729413711,-0.555712360895107,0.0419288592513469,-0.0321744944824887,-0.00743002605138754,-0.146879852126361
-0.44918031586242,-0.120477104340624,-0.134076602157587,-0.360686810809343,0.153882251677562,-0.745601155370281,0.141737573258639,0.212501860170564,0.0285591922161994,-0.201942532933909
0.622750782724876,0.815448632569105,1.23109326974309,0.552071464297569,0.669763423653862,0.59802323507874,0.327676934621822,0.416243417066553,0.689739598979926,0.297151130204081
-1.08195740749398,0.572610704387624,0.206886072624347,0.417858554175717,1.03828703725661,-1.13049541624763,0.077154865358949,-0.0689048269787028,0.556430018286576,0.370973971400471
0.12183799631843,1.31677458958819,0.66973400289925,0.308052663432105,1.01922799209895,0.553397271936433,-0.371811275630246,-0.212807008219104,0.944203531555881,0.741676892866969
-0.900851568619947,-0.0874529605341795,0.682580942948671,0.747736113864477,0.121230858173014,0.0403711134991089,-1.18230476556584,-1.17139467217069,-0.946245307340927,0.575617704261918
-0.872194610279166,-0.437832222455045,-0.234394870915329,-0.621130801520273,-0.860221373153659,-1.61455685291191,-0.281983999196276,-0.9645308507868,-0.761742526876542,-0.620555095060797
-1.21754716181324,-0.359237935753078,1.0211247290026,-0.104022832205608,0.696517378159995,-0.605137094394978,-0.867448494363148,-1.45263915265368,-0.594029442791096,-0.0798120693305484
0.352387018419155,-0.0874602847187508,-0.555778411674857,-0.461974250735055,0.279655071751329,-0.476883160083094,0.0989759794286884,0.0115177814262992,2.31993875836004,0.905185643110195
0.418661256269222,1.29254245594667,1.13682873621413,1.15525539440558,0.584942078878403,-0.311614462115837,1.47080518009504,0.386984321954437,0.687396027313687,0.359538402040796
-0.997319344037067,-0.202222419566968,0.876098725393005,-0.0221869592987082,-1.15143261901764,-0.762353743739565,-1.18873628610364,-0.522751456637195,-1.61668692862648,-0.407935143841842
-0.704551342422764,-0.663364115882106,0.130562456682631,-1.63147871974992,0.975526234021085,-1.5622346134899,-0.508774057893144,0.0755884442680768,-0.906477054944529,0.290460414373324
1.35055698424938,0.227822266568686,1.72930600208986,-0.719666413920784,-1.0284142198317,-0.418405520448249,-0.0598275729378216,0.864822523521741,-1.20004591159878,0.124181152729961
1.19878764908432,-0.305903133943952,1.22098735980696,0.194531340350326,1.87318928011798,1.17651550155055,0.748626952346033,0.694243817787851,-0.111702997694087,0.0226758835375102
1.10381831483827,1.27072869944815,0.991480173292508,0.127067339182239,1.85937041168914,0.198594107200731,0.923503279832701,-0.267186659318342,0.958078071359823,0.77258307202258
-1.29579879926895,-0.351444481575762,-1.320280866185,-0.698952152031825,-0.226910243488645,-0.599748699761308,0.237302097999799,-0.807407096514146,-0.530462734386939,-2.16196918376624
-0.458022986416217,-0.124680194709185,-0.300056613112702,-0.314595389556933,-1.27763897630688,-2.03056227445981,0.247510216146035,-1.1152686274348,-1.20647322531891,-1.23970350764657
0.378378957922408,0.422874489504509,0.12368782840568,1.60866545021624,1.13066121542946,1.17229209091514,1.19696762053537,1.64601450200798,0.902701610149677,0.628355606341871
-0.530841329963427,-1.1156951044345,0.540712792744805,-0.487649681666151,1.79196884553765,0.367813517976542,0.84935341904932,-0.832559617307141,1.97362876601515,0.512498774174947
0.384383933205417,0.334561145142777,1.25867993580363,1.64670273863755,0.743527005963438,1.60940463627578,0.927269453139489,1.08629025612172,1.16588986931038,0.0983162539590654
0.94505178664552,-1.36335433205279,-0.454327674405102,-0.319749945993276,-0.722384204016761,-1.7755401245071,-0.50886897698549,-1.72556270152516,-1.42999805268036,-0.121376965284382
0.901526819049387,1.72284086800961,1.65803809318292,0.848990608545496,1.34862538190456,0.283911541952987,0.717774439618086,0.890192291181678,1.66376061930108,0.785549237968
-1.02813919355447,-0.728156753926464,-0.691287625579728,-0.535710584803664,-2.44582706310521,-0.739260646802965,-0.709830024158529,-0.364994916650809,-1.67596208451956,-1.33135256086827
0.22725315327961,-0.239307974596906,1.32711985324753,0.736146979471035,1.68371331917925,0.615603655819507,1.65279476543396,1.46715993197907,1.88268787825348,0.777113710362496
-1.28590997695152,0.354945788064901,-0.593913166200673,-0.469786421602408,-1.97958953228823,-1.53224026500219,-0.525432752219207,-0.852656021624801,-0.842419510572384,-2.14173631509141
-1.97109223875627,-1.81937946735478,-0.125292212080125,-1.65682771621276,-0.835103551383483,-1.26976928980966,0.112672596377285,-0.963346378226515,-0.325578522225595,-1.42799325816906
0.323746273363028,0.266892339980902,1.53949812512503,2.30647753419427,1.89305309374066,0.423126557635576,1.99173948554429,1.04238354471954,0.699594806114944,0.519337000785982
-1.78605009402712,-0.376025132005019,-0.931626802136824,-0.845973762898373,-1.17730437611392,-2.28123112845715,-1.45770294382726,-0.502734012716617,-1.94406046702999,-1.15095290495316
-1.6159994327993,-2.16949581215915,-0.841282223238453,-0.651640011934971,-1.27037038185037,-2.04219040761815,-0.620497040523092,-0.351010319234683,-2.19396551990704,-0.326814107401185
-1.07753839661246,-1.06427123727255,-1.29848931533343,-1.07655255758241,-1.60551389977792,-1.83277199856899,-0.0814625860946316,-2.318290030179,-1.86489039594048,-1.43440498176434
-0.0772524334587464,1.76194259010661,2.03143276577204,1.35497394277474,0.35264104483876,0.473530942388186,2.5376225749637,0.63510773483494,1.54161222155347,2.22073220701283
-2.36930320372724,-1.65657541463248,-1.24348093736837,-0.452852709426855,-0.710173047861608,-2.24830602413406,-1.31755582151863,-1.16998661909211,-1.6035452624689,-1.5700300905376
1.04672637876764,2.62895582190944,2.10284002941528,1.98552384604617,1.62358322365305,0.676810997429587,1.13852290598282,1.32489892308929,1.31711685587486,1.04759021457485
1.30625592166599,2.73589816901728,1.01136902295021,2.00256019162637,1.11218255401885,-0.508810001197314,2.68437267532816,1.48525184623698,0.795745132629233,0.788538178997949
1.51257169969781,1.23874323667437,2.28110893199925,1.6795620454509,2.18310407281435,1.57530847614481,1.91420222860393,1.85409496799426,1.81512889010236,2.12980159290196
-2.25743354907236,-3.25521188970432,-1.64909106205414,-1.75207600114022,-1.53837789739069,-1.4145119842876,-0.574780822674645,-1.17122941865313,-1.96074556002056,-2.63931266554781
1.83270519719488,1.87065945543464,2.42964012315726,1.99581599097661,2.45305577064309,1.60940463627578,2.19083419225053,2.13730488947931,2.16435377100009,1.95935843758189
1.52615780611154,1.96229026429688,1.71762933390262,1.51991934380072,3.55095990909425,1.56094699697159,2.14541453916557,3.18642245799992,2.03134803032917,2.08446621962988
-2.98418525287393,-2.98308200597546,-2.25527307346074,-3.24053280261145,-2.22863315602306,-3.28572645029056,-2.45591300280939,-2.70687221095835,-3.01458997249843,-3.0983846699129
-3.09992599361467,-3.43940750710382,-2.32689074376262,-2.90800781730869,-2.85314283850376,-2.95779435152513,-2.69703954601927,-2.63491698854017,-2.93214025127183,-3.46765274751432
