-0.359713282914818,-0.369555566387899,0.263017210392058,-0.0998922304576644,0.17952729413711,-0.555712360895107,0.0419288592513469,-0.0321744944824887,-0.00743002605138754,-0.146879852126361
-0.487833614755905,-0.386624730404686,0.138664190065211,-0.230201873223317,-0.0804098726855826,-0.820423483899307,-0.0390493553605589,-0.265263583558566,-0.196008151257676,-0.26529866285997
-0.0335220155247332,-0.618005257804122,0.0836809891927679,-0.154856659341567,-0.045950580401358,-0.860669301798105,-0.0957705998078624,-0.455521546243156,-0.363072032708631,-0.140504130415867
0.709990490925391,0.238037394411764,-0.0869278018472529,1.0589609330711,0.502174569031529,-0.317746772886552,0.553149590890383,0.233566085008255,-0.270855483381529,-0.383810255181852
0.146560295062561,0.0775517658819023,1.04402391966444,0.469059706548444,0.986370583896453,-0.0406069701378389,0.459554553694088,0.512914660216008,0.131645846121092,0.660953983576162
0.186074386312056,0.572723379346312,1.00318296287768,0.835079292406285,-0.388074553603321,-0.21283569187666,0.108534924380731,-0.174535271275888,0.1662741874673,1.00032864786703
-0.4683920139718,0.615230543746011,0.693481150473693,0.298992869312153,0.807844345899177,1.12106982916926,-0.904790132649992,-0.315672002194016,-0.693478629937314,0.20518159045437
-0.464410557989732,-0.416600411378172,0.956228029391854,0.937585605877882,0.371425801960475,-0.136035800127279,0.51064798955502,1.25153662006731,-0.187579142104068,-0.579773569939134
-0.491558901937818,-1.12096594873188,-0.665857896845621,-0.516370973495553,0.16212976980756,-0.628062355105573,-1.49010291591688,0.476188559223547,-0.199692078545264,-0.0951888653659394
-0.247503055360897,0.347845763783665,1.07761841857923,-1.12307901612591,-1.42499165044278,-0.813239811204808,0.445175080200056,0.0267057905199484,-1.01530370665804,0.565002833669044
-1.10755958349393,-1.09243078070428,0.315022981025689,1.26358047110052,1.29248228780293,-0.156829541852596,0.307317341946901,-0.950437027473573,-0.19985242296516,-0.254810014720597
-1.57170056655884,-0.129119938273655,0.108501009673908,-0.0162723443268589,0.481448494257959,-0.369345611668028,-1.10290027357439,-1.18689452950991,-1.32634690824801,-0.625209637755742
-0.649659229186117,-0.157936063425431,-1.07397387040599,0.826699561402407,1.79204477917644,-1.07864432850427,-1.36334426338482,0.292511112032612,-0.0484863610865975,-0.325764716747645
-1.04039002657841,-1.08108995211284,-0.729051089518486,-0.39392408145775,-0.512538774448938,-1.45929928430208,-0.715242088460201,-0.556739499817878,-1.34106096283358,-0.984627366453181
-0.483759717113993,-0.700876383837195,0.720082866468026,-0.852409163410151,-1.59144300053409,-2.01831644325059,0.197931038929369,-0.34109988960098,-0.168752630428318,-0.426278845362083
0.603712623900768,0.769145607432801,0.825529314105214,1.76156642138401,1.47466595139326,0.638909393012563,1.28699358273556,-0.529586035683631,0.68642543816562,1.17575104165579
1.55448850098657,1.4424031203916,1.40165956367778,0.812517305622044,0.976885723804265,0.127607665525574,1.25652637982278,0.311639046843277,1.195677416166,0.437712483262654
-1.44542508523626,0.580907396070297,-0.077274902530731,-0.260532231432874,-0.862420934971259,-1.03137792513199,-0.86373338684579,-1.04514930290334,-2.28745891925279,-0.431043529394768
0.298881052667046,0.702437899197717,1.71020104149224,0.562401092609446,1.57638546052337,0.721205757126846,1.02827274489391,1.91238142048782,0.0630243579713926,0.26613380494506
1.03686145127589,1.97046822771307,0.586264912666687,1.1667922229579,0.752982760175274,0.390287490733017,2.11777818832029,0.948141053208297,-0.191832786114904,-0.534830955034209
0.150761250107196,2.14907848460121,1.78217706748295,0.939356473557103,1.47699444309107,-0.649793686334461,1.45850319595229,0.993261705833417,0.348819167208282,0.378411054098212
1.6413585318912,1.28593386916259,1.36909785058294,1.33356067508471,1.80241554471198,0.38917099487229,0.00448671214935747,1.09170802131114,1.90299082362698,0.400670580156858
0.0715119900573028,2.12140297180495,0.712393506454166,0.0189840556314573,1.96413384271398,-0.221800695734957,1.81297505123366,2.23204994382283,0.774224208788684,0.201122038888116
-1.40237798549516,-1.43858210116785,-0.202316374393394,-1.51867985102183,-0.596216822247786,-2.10175779928122,-1.09739963727466,-1.46589768845281,-1.70550566306657,-0.974469992778972
-0.512012591072345,-1.44270396919765,-0.487269383623608,-1.93808571490271,-0.864668250263232,-1.19527200965626,-1.55869243944451,0.018238996790122,-0.490734319368281,-2.8584242845668
1.61953127753421,0.584908437622136,1.53766824892521,1.55625257456323,2.50844059911715,0.206215194492545,1.01064886954986,0.869649820033359,1.69083952024961,1.89763587094298
-0.592675287731507,-1.96427940515665,-2.78020315157329,-1.46861606735088,-0.178560412420971,-0.95531690817644,-1.31815196409849,-1.64530095072564,-2.01652986738328,0.00710548898645869
1.30159062692754,1.1039812312264,2.20226964821308,1.54749323306102,2.35557522484603,0.868629265869499,1.49207242603927,1.11849883853361,1.58621002492295,1.33788334812129
-1.12941242648364,-2.22960880333192,-1.81890652983311,-1.33717890330765,-0.675772655665096,-2.23053231549674,-2.0156543690067,-2.18514656353941,-1.04800353955795,-1.78433974685422
-1.30524759371279,-2.78935419462073,-0.671823069286782,-1.0735989653371,-2.02242952773831,-1.36873055931341,-1.62547733818659,-0.994168208618811,-2.34587469185052,-2.23736629617608
-2.09446307526664,-2.0550476317043,-0.478391221510749,-2.01387767231007,-2.36351489551663,-2.68418268621037,-0.461846581810753,-1.07106535632247,-1.39764237380033,-1.86347217884171
-1.95662658027405,-2.24145336644218,-1.45947197535609,-1.43478061057946,-0.792131178417565,-2.54656571027076,-1.6528110031141,-1.84272594322497,-1.93733334997673,-1.66476758206713
-1.79058257861361,-1.20238584956474,-1.48057401939538,-1.69991538742435,-1.36290743412533,-2.97391613762119,-1.43800273483699,-2.16295366071296,-2.95731793160515,-1.26334252310782
0.755226592757847,2.11206284212446,2.21456051665698,1.95041009813841,2.17449850558147,0.227126122255834,2.3038832372259,3.16435659700042,1.7100958674222,1.92564278572477
-2.59290144210353,-2.66657955130107,-0.85951423368026,-1.89221175269063,-2.35658513904325,-2.78668592548292,-1.41773594163899,-2.41176233086811,-1.70635776648655,-1.49198403819341
1.26759326463144,1.58091362062973,2.85804033558082,2.07111724417625,3.17112529762563,2.32318215551399,1.96204783508649,1.63778684086998,2.2636859710629,2.0435258945521
-2.63856354256015,-2.05956353332615,-2.13403879587606,-1.53547659287328,-2.27675629209111,-2.00724448978153,-2.77003660900815,-2.51368666224449,-1.51229383954591,-2.5438210405817
0.767501350945111,2.66844978046144,3.30527465711878,1.37790421741335,1.91584608469429,1.1837048470994,2.01327459483811,3.76298711167159,1.42648033663573,2.71046013732294
-2.64281830574587,-2.65266058921895,-2.02008781243899,-2.38299725328871,-2.10357772869394,-2.83881738372616,-2.2411761635797,-2.31527951731354,-2.29053504888244,-2.42998487495741
-2.94262508941938,-3.21070780134514,-2.89480122244362,-2.58957824184029,-3.43221458404472,-3.88211162142656,-2.82688581925919,-2.87275029825804,-3.06812459487669,-2.94321639156842
