-0.359713282914818,-0.369555566387899,0.263017210392058,-0.0998922304576646,0.17952729413711,-0.555712360895106,0.0419288592513469,-0.0321744944824887,-0.00743002605138754,-0.146879852126361
-0.343268746507304,-0.847045639167572,0.0909670801531981,-0.319833549304396,0.344302835856549,-0.641832500791128,0.0998407889020674,-0.231413984443173,-0.137391813599172,-0.0691043713124813
-0.343268746507304,-0.847045639167572,0.0909670801531981,-0.319833549304396,0.344302835856549,-0.641832500791128,0.0998407889020674,-0.231413984443173,-0.137391813599172,-0.0691043713124813
0.0559387017003679,0.188035260926117,0.817754653393073,0.171964341045055,0.932758585097487,-0.113042995625278,-0.221758702723595,0.0988245463858084,-0.0323228973368475,-0.342887413831969
-0.365485171830481,-0.963208230364262,-0.370520405157177,-0.0215384881245364,-0.0151367092218841,-0.715887410099338,-0.00953704809119116,0.0160045035410235,-0.134426638103628,-0.356193628485933
-0.651350169484827,-0.654969950005197,-0.0419052207054236,-0.359859569844861,0.223498291044008,-0.562662889935165,-0.314544910305134,-0.310976579260424,-0.461320031711597,-0.646041427431951
-0.302083304434135,0.213562314351742,-0.331041533523946,-0.418439021863562,-0.731616722025965,-1.2530743245403,-0.109613484611371,-0.152217766694236,-0.492526741814034,-0.258476614095716
-0.853378687437649,-0.0903009073126334,1.00460069225705,0.302916265718952,0.135471450317664,-0.453795650088456,0.121816091963716,0.659362662977737,-0.625045020623049,0.418024056654811
-0.373188397341464,-0.971947845458428,0.274295768141305,-0.815922922578379,-0.24604337804923,-0.511212531407404,-0.73308003736044,-0.0663781283839465,0.897021012728102,0.235871876006015
0.914215372958369,-0.306255328704125,-1.01323818822726,-0.936971046921555,0.276568138417125,-0.279244151701306,-0.0827677419839215,0.676082086495794,0.467622182515293,0.207913758720898
-0.555901623721993,-0.930093682979827,0.0727953200796359,0.0744974058153797,-0.969003867206351,0.288392097031562,0.420107036351783,0.308248930362851,1.215562228331,-0.450194907258333
-0.73239264498497,-0.106082891139049,-0.820689815019004,-0.475209056349651,-0.214532872365781,-1.0739294178368,-1.2306441622006,-0.838595717680288,-0.279206082580807,0.511968026452459
0.330854147483178,-0.502549234043621,-1.05135505890842,0.310632461596122,0.056045470934552,-0.854666023077468,1.56025387288009,-0.059282441664295,0.184009355695776,0.781579273378399
0.193915381368187,-0.349786400170843,0.178012452570661,-0.295988923166163,1.54121727675859,0.00646119486173735,1.26707164957953,-0.0789532268363116,0.555267612289709,1.11229326960468
-0.695018831869413,-1.43366513241573,-0.854368426686983,-0.252451610061644,-0.246997796522329,-1.08755883284662,-0.747287450584857,-0.525687754387127,-0.115596311261103,-0.785227305587052
0.555699137721646,0.789231366783011,1.10136268648754,1.03123578480478,0.326703883215571,-0.32263108199583,0.97296814970677,1.08763607075577,0.74642481478578,-0.199115040810331
-0.515220221476492,0.176022156930075,0.184266497483393,-1.22697916452561,0.277293234180788,-1.92555383911066,-0.891484006230662,-0.115610658682858,0.105129101076116,-1.16483409710631
-0.0318586817340106,1.04108275356313,1.02519727447308,0.86239229659858,1.19477446103051,0.545189393168249,1.71917312572319,0.29175492437596,0.390173472604996,0.217127858436588
0.0244436976785464,1.53652390917432,-0.436988287452763,-0.917811417624912,-0.631753788580907,-1.15580410683666,-0.387458594295046,-1.3782301400118,-0.341484202289078,1.10670539748245
-1.2204130525751,0.296163463496668,-0.673609783552254,0.788048194865127,1.86545875477642,-0.310597174239092,1.16365987658442,1.46723350373431,0.929603919367791,0.110555843490761
-0.0997870979051505,-0.102969188584558,0.237462913812773,1.75914794483728,2.33094112229102,-0.416045241417194,0.943692820679275,0.259900587053189,-0.485172373766197,-1.05177538237787
1.85414732657932,0.39928839016915,1.45881535909442,0.965160389180902,0.471991379904123,-0.419140611792123,0.338505458023064,1.28760177159256,1.82692019431944,-0.227466562103321
1.16048997295469,0.362245393884667,0.725852866562072,1.34600046498767,1.1950594346049,0.428249363813025,1.67415764294472,1.44666664050487,1.13767442630033,1.72784840747649
-1.37730146575525,-1.85320506203773,-1.06165629729011,-0.825280786526506,-0.249814383921762,-1.3779732280209,-1.85091226399816,0.191932195998978,-1.23152743421031,-1.39755572570323
1.07952686167787,0.566279350619138,0.819672828015883,2.27101271797182,1.68641968189535,0.582246451941764,1.6941300159859,1.33471018204216,0.781643769731561,0.695953719611317
-1.46056442206598,-1.45282069304349,-1.53010600901336,-0.28610619161957,-1.25491721367281,-1.40081349083619,-0.604012510204182,-1.52155221391748,-1.41150413341017,-1.18955730508107
-0.644733944039542,-1.92599420736344,0.0933669334896583,-1.06984317878937,-0.5822092975834,-0.762087130626458,-1.34283493590745,-1.37017189709649,-1.62051422768064,-2.24531980953791
-1.88368039518266,-1.73834473999899,-1.53283684418804,-0.838413841818394,-0.770818571179564,-1.40666472751931,-0.199768996104727,-0.04652665323405,-1.34279401799567,-2.55925398242996
-0.506509763482691,-1.45672245750973,-1.46649051476181,-0.739673585527156,-1.65764452196362,-2.15010242939099,-0.857323952111221,-1.55270551594196,-1.49804864526316,-1.91358257274642
2.75993078315506,0.697270638054616,3.15253597882389,0.311068577207731,1.21603442091168,-0.231248330132599,0.784608286276144,0.238829830327742,0.767830174535037,0.839039970352321
-0.803971271229542,-1.66718105375134,-0.168227711894955,-2.20385912236782,-0.561079015394585,-2.52429792536648,-0.796264190010769,-0.942696591900342,-1.08704141127825,-2.17535421761728
1.56599083309,0.395283476929844,2.12625909992526,2.07597248518585,1.88074690737334,1.75708959797876,1.43514199633245,0.79732639530475,2.53158318540687,0.748042682581189
-1.57862704500599,-3.00095697745924,-0.389276940770399,-0.934694184850638,-0.579591238825062,-1.84250704356663,-2.23581774410283,-1.0248304990799,-1.99304326689963,-1.48450856269849
1.59080229688289,1.58718251636252,2.20024724566229,1.88229289652285,2.46565075741172,1.67948957643255,1.92760755606258,1.93117588710729,1.78083243465612,1.59611103893576
1.69130704438612,1.67453518788067,2.30964848384769,1.69409952565256,2.13913763537296,1.21867211164455,2.03406606938208,2.08488480673121,2.10128190580627,2.14848599466061
1.69130704438612,1.67453518788067,2.30964848384769,1.69409952565256,2.13913763537296,1.21867211164455,2.03406606938208,2.08488480673121,2.10128190580627,2.14848599466061
-2.33214045614653,-1.90641947199458,-2.03268168552397,-2.53675614812433,-1.00836471648049,-2.25987925113288,-1.38955448490253,-1.55325618900127,-1.73009447609412,-2.10575713413738
-2.1583440723127,-2.0261305929619,-1.46877534514896,-2.09221471799359,-2.42547714278802,-2.96354075867326,-2.46005398671026,-1.50366885542063,-2.66239942067872,-1.16936054494503
-1.78895007641856,-2.97160679009987,-2.52721835126918,-2.65665634078986,-2.64502290986321,-3.21389195627472,-2.45486793188376,-0.58787263811901,-1.21115881321143,-1.69536582578532
-2.94844423292725,-3.03488810198668,-2.38728356852721,-2.92353937409765,-2.39688536070078,-3.18156290253857,-2.72480194100838,-2.68979391760087,-2.74604089925964,-2.76758896213829
