-14.3575037823813,-13.7715652438474,-2.07481648276703,3.38710794849337,1.45823781602955,-18.9757757871966,5.12456545730089,4.1297924707484,-7.49838564960963,8.82419463102204
-32.5005839020235,-18.3450056748504,-21.0515144165298,-10.4098627303368,-5.13793191202794,-29.0794048520147,-6.94489722999251,-3.8579030491829,-14.4465724127991,-0.0264153781334286
-32.5005839020235,-18.3450056748504,-21.0515144165298,-10.4098627303368,-5.13793191202794,-29.0794048520147,-6.94489722999251,-3.8579030491829,-14.4465724127991,-0.0264153781334286
-25.1475882788799,-0.196285484311822,-39.8328346043181,-11.1237069258251,6.88239226173441,-27.1610569103217,20.1435980704719,-6.79348765932708,-20.6515216655959,6.58559025648118
-17.3512809823251,39.0224241915083,-20.5926183403522,-12.4354028740175,-10.534941418529,6.32378848295594,6.68715530262318,26.5979176518553,-21.5407246919487,22.9784676609887
-17.6465851893003,7.47292356388446,-3.71741713993842,12.5724190604116,48.8200514163222,-15.1433291908463,-2.04684205977827,0.172951222673611,-26.3033595530897,25.2721365291905
-4.66723755667849,18.0875518601864,-2.12840008009194,20.8196543589191,28.4635544080397,-11.6832390442444,42.8050947413743,18.261991163436,13.6913412552881,37.4458554061086
-4.53653385761385,-2.08659615337555,12.1263655141891,41.4050708950918,18.5523914854623,-28.8870042541905,11.5231521552033,41.5514589689021,-6.47142775761565,23.8236489906209
3.32526787165141,17.4619430949468,-34.9552724149648,-31.1426050442214,44.2111268649488,-4.26065803156145,-18.4303077244162,-11.5410353590725,-15.6535851101838,37.3661929488021
9.17190798232458,19.561768089486,13.3097989018484,55.2389598003452,17.7373075834714,1.02422421280343,34.5363301631832,44.8705332114891,-4.55720917902139,40.074194631022
-55.1065917240096,2.27404847618494,-53.2879029319216,11.5567508056362,-14.0278578458169,-39.718082576015,30.345896413926,26.8972293624325,-4.41265024680106,-6.51436544438015
-31.2874930931759,-37.3837705999293,-50.354231361685,-1.40688599827755,0.377205115932504,-46.0906723433112,-18.6134402829332,53.978624807244,-9.1429668506559,2.63872980010366
38.5937286262811,8.3721562919002,58.5279030523643,60.7976847932498,24.9662203422412,25.5804598776931,-31.2839258257591,-19.8359868497758,-5.5203989423737,40.597386130853
6.9711458139866,1.59776921853365,-15.377470350395,12.1033811537062,45.2880402322822,-34.4917177544014,40.4802565966153,47.817207009836,55.2574316031373,53.551691685232
32.7011823270737,4.454295719958,69.2283632485496,73.3697671587343,52.6561643513409,-1.15455456026495,5.37608630410072,-2.31207138516613,59.6838902846966,6.32103600000203
-14.3575037823813,-13.7715652438474,-2.07481648276703,3.38710794849337,1.45823781602955,-18.9757757871966,5.12456545730089,4.1297924707484,-7.49838564960963,8.82419463102204
-30.9798797620728,-35.2440366943011,-16.9649351529066,7.73832509128182,-1.21551507955684,-21.8996259179894,16.3120523205082,-8.70940221687272,1.09443134091108,5.75720570308246
-51.1475882788799,-4.09492096189467,-49.0576408058684,16.4403956382775,72.5336527659361,38.7782220270597,77.480554592211,-10.0356355823261,-44.262632776707,-12.173030433174
-4.66723755667849,18.0875518601864,-2.12840008009194,20.8196543589191,28.4635544080397,-11.6832390442444,42.8050947413743,18.261991163436,13.6913412552881,37.4458554061086
-88.7587745546198,-66.606814285993,4.47337035953746,-0.290185643910583,-66.9283536626672,-2.2174911868067,-50.1288907638973,7.62347029269854,-35.9216660728901,-19.7760580285719
-1.25914703077377,39.5517430268293,23.836513566494,31.519992725617,3.20944554549815,45.3099384985177,97.1996642715301,81.4861143098288,40.268363730043,8.60066728179343
-47.1352815601591,10.4347839625018,-69.7660733133681,66.8070213684068,29.2360155938073,-93.1441749555957,38.0915984243339,17.6324662675398,-7.29554589301734,11.0018949794541
-31.5948203631983,-34.6268485881219,-16.7314142793753,46.5475650047361,-12.211971965097,-5.48672046043613,-16.5763771014336,20.7117034225638,-17.5689757318742,9.3915405031867
-4.64366402166577,24.8434586560514,-17.6505899726702,30.4940212916878,9.47801957203577,19.5910045447056,36.1939734160474,45.8829935934402,23.6332520284932,28.6658709750996
-50.6436640216658,-22.9184461058534,-40.0282123502926,-24.2068334091669,-11.7341016400854,-39.1830339168329,-19.0143599172859,-11.8455985691142,-21.3947591759886,-8.8770253872889
4.58189015701264,36.113492227417,25.3072714875562,4.92140965257435,-26.7435165699354,66.392645265435,1.28431968157124,74.2750428514908,24.5439423927184,13.6926548290755
-47.4722272414499,-46.2784569892774,-24.1423269063187,-69.9088589545116,36.6970736407938,-61.3349898614285,2.73912463151566,-63.314851928799,-75.3984921383728,-3.27369336924981
-29.3372608674015,-49.9820915596368,49.7478436157551,-62.2983420094545,-12.4306510728593,-52.3091091205299,9.27476308575939,-14.490897184424,-4.27257919799673,-22.8728600674352
9.4130492994816,-18.7853487347075,-10.9157196828115,-50.8971335498243,79.6282171578657,-39.4084896499462,25.3536838057304,34.7577450509639,-24.7800801086174,23.5173075193672
-36.00005367933,39.2307519009072,-86.3292921943076,-6.60033892081295,85.2324384583424,-46.9365477091576,52.9240626389674,-19.0959982872781,52.9639102026653,24.9586770488195
-20.9356665962194,28.7174123716163,-5.3600177971098,21.7577301723298,96.1818650166149,-11.3108825944961,-9.21824957685743,-3.78389002540118,-45.1083334565697,41.720078427359
38.9207997035172,72.325645664369,49.2801337180417,47.0156264342828,58.6695681779182,-21.2525937759512,37.3661832975501,86.5328071646685,57.3141508240335,5.48977001688635
-7.28510753658114,22.6994672142083,15.5322535824911,-57.6316931280957,32.1857494986566,26.5692135556159,1.84131530922485,75.8927004323,-65.0315646341895,36.8917829048644
-20.3450581822689,91.8164136268639,-39.1104201979373,-28.2579136965283,-22.5281206530875,31.6233527531084,8.24974514794548,49.0660428329623,-35.5830637342877,37.1327406909554
-89.4782501033542,-29.6028805853294,-58.1648896603228,-8.85891034176628,-69.1025575713787,-32.5856957136769,-17.5912990514753,-18.3384108764771,-86.9239384274294,-37.5897460967567
5.28443606715359,9.59837293709629,26.3275475111452,79.4230338416902,35.6465451548951,-38.7982327211845,17.9217388531057,78.9731254670558,-5.44446986562168,38.8231033502197
69.1291010851049,47.2293645125868,18.3746623967066,95.237606746885,15.3127880978801,4.84192260789097,38.0240941779336,100,-6.97812513518634,22.2657623039465
52.5899737540043,-30.0936124606088,-89.1219390816315,-62.82363952698,49.3698570236789,-70.8239334658046,-68.8271331212416,-52.1207455040001,-19.4869184435171,-0.825439979672907
-14.3575037823813,-13.7715652438474,-2.07481648276703,3.38710794849337,1.45823781602955,-18.9757757871966,5.12456545730089,4.1297924707484,-7.49838564960963,8.82419463102204
-76.1672505686902,-82.6993474115451,-37.4489101242704,-47.7653177328506,-50.0874268615229,-53.5385394673993,-24.7952760178713,-55.7628377371365,-78.2962031741946,-17.6186035605756
