0.117529603366842,-0.259608231825282,0.301140405309485,-0.0274526191395967,0.0660349176536184,-0.567605138546209,0.0736517329011295,0.103342034106596,-0.12790444321443,-0.368021511648313
-0.158674210760165,-0.321791038581128,0.0618177974064062,0.035128713191916,0.235455124038527,-0.62276431942778,0.340226430399384,0.264181910078969,-0.0437757379770938,0.0753137430435264
0.190054205771098,-0.545384851105993,0.265535683066399,-0.444330912594606,0.273069737691032,-0.0715080851941263,0.0816677689035743,0.98609415849636,0.315338179160586,-0.0124095554567303
0.469592701804994,-0.649875016027176,0.165469366860975,-0.33362309742125,0.347805168027464,-0.766382338473594,-0.573748961935173,-0.290339205795331,0.428644428816878,-0.421351391741056
-0.699671127471475,-0.529143405684784,0.0351674896262864,-0.088292751620502,-1.3371902377994,-0.529812536409717,-0.664377936651661,0.425003424461579,0.0415063202855759,-0.353490612911397
0.480175278212682,-0.623623508152101,1.24278965034149,-0.445845010038763,0.605441827287457,0.113453688191602,0.145735985610571,0.0369626736591043,-1.09395903293438,0.166307755280927
0.459282668185223,0.456805633628586,0.721628291671957,0.88999839156132,0.883729965237527,0.223914442397327,0.725047513967673,0.530487950985443,0.433090532743657,0.757099449959877
0.0238541682932656,0.53956409484992,0.699877773337275,-0.155070991723924,1.22106934735263,-0.199029804247804,1.24180785356613,0.145097268200477,0.409862614946327,0.398449626712193
-0.730470015390546,-1.06860644702186,-0.688291953056548,-0.365126031704696,-0.703893234971711,-0.0809380305967387,-0.39305161331594,-0.391786931883863,-0.561350129838598,-0.907365632646798
-0.329803033155653,0.00369748252110891,1.23801300171589,0.494938251753557,0.959437805823609,-0.0965559199818582,1.10624602423809,0.683201693697328,0.112756269809997,0.18059153875372
-0.251822720101688,-0.27537052561132,0.372046646486391,-0.471719053923039,0.000415580766811141,-1.33849055534234,-1.04048704070343,-0.521778521934177,-0.928183173069584,-0.262172789056043
1.19918602670035,0.824014158061045,0.662650067414879,-0.0424534698906565,0.439885651524348,-0.176905910442494,1.34391813266756,0.251902272777834,0.262369989577596,-0.445378374195454
-0.0558553608060451,-0.807642403176655,0.210536577751264,-0.109717943252536,0.447366786072393,-0.736757841344484,-1.5927812295613,0.249057265743565,-0.225076096873543,-0.931011462638635
-0.210617073261728,-0.8755218450758,1.16023412966321,0.0265531117335771,0.263429807946092,-0.778690403001297,1.18740990444448,0.144421006782744,-0.298332665485081,0.963478538194598
-0.486597870260627,0.294282166964749,-0.287786086124053,-0.533469223769171,-0.590401794161486,-1.60209145825677,-0.662759955669769,-1.11217691442722,-0.893000566265312,-0.0149401772629667
-0.951983061722829,0.0529470980897433,-0.724873775548071,0.899693982228004,0.872564289297916,0.996808831611383,0.0226138624755894,0.230593667068773,-0.754332516992012,-1.43967353824569
-1.2725639759166,-1.38607324058295,-0.07610111239822,-0.415924764372618,-0.575752370876002,-1.37433369775964,-0.55568475900417,-0.480819470323836,-0.753824596770869,-0.337926979764798
0.563784852138129,0.743148945545697,0.185457862983708,1.46240482574161,0.441318677912884,-0.986459484029649,0.388794426407116,1.0652468161597,1.66945167282829,0.77279322232357
-1.45373140911976,-1.79671729226844,-1.25710664098706,-0.432876732689636,-0.607359878068511,-0.85163218637926,-0.734362697287088,-0.790957640635803,-0.800645789211374,-0.19017298262019
1.37507124898408,1.3970430156518,0.573919794382233,0.635116525365352,0.203640520148451,-1.47769153444969,0.0374028755617537,-0.6006619712071,1.78150575754224,-0.0223746348781115
-0.0231683240776623,-1.97102629585098,0.810551136718214,1.21443447731415,0.951906880866114,-1.43416178576495,-0.106261258126193,-0.133332419207725,-1.00176617252703,-0.739640057286258
-1.17571661982926,-1.6924677092193,-0.000925051381450936,-0.390017500458833,0.24576381210394,-0.88318325528176,-0.976002804496945,-0.581020809463228,-1.06718473313986,-1.84743206006634
1.25409417855896,1.76263697410127,0.938312976027056,-0.540197772844236,0.613808653251552,-1.45040907865736,1.14716611582369,0.604169644943193,-0.094748516960838,1.1324689575928
0.678471573451024,1.10444737845352,1.70183940053905,1.72256711873957,0.331367019917356,0.512390992482469,0.683477536731967,1.58793540654428,0.966162041224375,0.299885089253013
-0.665819407238484,-0.932014858452773,0.556175664304371,1.03986716052813,0.947918078626145,-0.727991992502028,-0.605459922905188,-1.88331176430957,-2.06970602957227,-0.575699300976558
-1.23414352373637,-1.48061595332797,-1.50437582135838,-0.0121487879346052,-0.272510428181375,-0.887838796436342,0.0564553543106285,-1.67044915070182,-1.50603170495643,-1.01900434066
-1.58881849432091,-1.50411422307045,-1.02754326158434,-0.914983054863813,-0.439941732411563,-1.97796267695073,-0.511168485881397,-0.12836533711427,-1.18276188445847,-1.13016402125124
-1.40134250508293,-0.792581596023404,-1.48022183498419,-1.56342955103784,-0.512200170719824,-1.5091938218176,-0.860411410345339,-1.54885812489851,-1.22473495573885,-0.885332914048432
-2.05769702475844,-1.39650363855974,-1.25440753848015,-1.68251326439759,-1.08430514070318,-2.55064419218099,-0.745734315221235,-0.951089384159548,-0.0462110237298468,0.594591284655972
-2.21299905020163,-0.827636873664354,0.503361503162077,-1.17657623008461,-1.64556419221447,-1.24778241773759,-1.65998046418645,-1.58994205770888,-0.718512556672378,-1.81661706531539
-0.833786095955725,-1.61924939094059,0.486990757217345,0.00481077899630522,-0.816786307774199,-2.76763814764017,-1.04780543795037,-2.11214567725763,-1.64808792664338,-2.02578842492923
1.49462801652454,2.04092551856083,0.777807443102644,0.571044191136962,2.31229158624776,0.355836231167339,1.7294895845569,1.82420135219221,2.18234311475288,1.20538758757523
-2.70166017184141,-1.90213306175524,-1.36146897250384,-0.963905700476607,-1.14355923376996,-1.78131864635991,-1.65141402433782,-0.74488646042689,-1.89454657169663,-0.958140244774403
-2.65388928103372,-1.92920775697153,-0.835159817876101,-0.892590584913704,-0.726365807726977,-1.62081813653476,-1.96011951929563,-1.38094840732955,-2.05577332817257,-1.15668800969385
-0.926522162671347,-2.04378634138959,-1.08801598174433,-1.87505659877328,-1.47139543763956,-3.36138986195704,-0.541718781984852,-1.14972492683564,-0.61453807577825,-1.73889729329685
-2.54219241368663,-2.20869189800986,-0.974376378815079,-1.71745112877742,-1.25295157470736,-2.30894530051283,-1.10614335629288,-1.52918768683364,-2.09963311072098,-2.03179784177725
1.26227139714653,0.583751039054617,2.14717091214142,2.20096648648242,2.53730580619361,1.45409929877014,1.80391960639478,1.73639379505221,2.52497737469895,2.15314158931068
-0.844072048105903,-1.88720596694511,-2.88495238884247,-0.613598627348269,-1.38860952319716,-3.13422488092038,-1.54388289977036,-1.93438636589857,-2.67359097867308,-1.10670606812705
2.32991898389782,1.95278114870569,2.51352978584046,2.18493676139138,2.27842429818459,1.64478424198476,2.2860411134321,2.31573141463757,2.08448493731654,1.84436786888266
-1.71305963095935,-2.44113728326022,-3.3112720122733,-1.8345277018533,-2.6082422553907,-3.16628594546885,-1.84720339842575,-2.60447758759762,-2.6620174264527,-3.02760382087453
