0.117529603366842,-0.259608231825282,0.301140405309485,-0.0274526191395967,0.0660349176536184,-0.567605138546209,0.0736517329011295,0.103342034106596,-0.12790444321443,-0.368021511648313
0.295471577124848,-0.502717921338762,-0.123576004746474,-1.08563195203431,-0.193192097774969,-0.404994979260464,0.0320088466159155,-0.136483877388087,-0.244027433287908,0.0959855206104352
0.458686808607017,0.414678950296475,0.509083844693972,0.970675889905943,1.00540731533819,-0.120999342595435,0.470634662635151,0.452687012272535,0.622641408313954,0.484871501452124
0.27425996408021,1.2304551437465,-0.133211873700348,-0.0853078795341015,-0.497140037305473,-0.35667316941132,0.562056469215323,1.16282592367315,-0.780935488069903,0.069555922652709
-0.696556756083022,-0.630701325697878,-0.210441466544333,0.0601211341815481,-0.72494265753791,-1.24401626213238,0.281580618603982,-0.549113076958557,-1.13513683842857,-0.265582464459935
-0.0946761345352356,-0.413171034121639,0.300730757573851,-1.21290471091048,-0.198377177385287,-0.278015020116265,0.573538528359118,-1.10146820720712,0.49440104087812,-1.06669065768468
0.492289526407759,0.461124966274773,0.804394816332378,0.165022475158225,0.88349781144844,-0.0692939377968345,1.49667118951818,0.75589828249141,-0.00994222726618121,0.476197685459795
-0.507496766272211,-1.5554297453557,-0.447437894436462,-0.478599472412898,0.336510994267958,-1.08718291747466,-0.254003018524269,-0.503834726857899,-0.101996272845466,-0.561827371333705
-0.368761508966492,0.395562509407969,-0.00806626408470712,0.638452426849046,0.255081472319526,-1.31892084059258,0.772751426327727,-0.598868232458171,-1.31562579101426,-0.0570326605640141
0.23248561562614,-1.18811492658974,-0.549633572618955,-0.0563384931476445,-0.434637499557894,-1.65469100213182,0.276895461182693,-0.0846017428820057,-0.943684269258609,-0.134820777634175
-0.10366311974468,0.760270265420073,-0.104326647111724,-0.192320057405863,0.216000263230068,-0.216546001054707,-0.944132785812652,0.787253522283621,1.03905708260269,-1.54522749938368
0.0182042282789167,0.641437237884701,0.923026334727651,-0.249193567701356,0.944687300031879,-1.12479501629998,0.582411064872246,0.338387328034801,1.51739986500936,-0.930639385625424
0.633866717892951,-0.891290044276593,-1.08256333616339,-0.627352515104978,0.626306494743434,0.669990007426729,-1.01397919778439,0.795584376230906,0.244342419946902,-1.3953432801817
1.72459392668606,0.850740833049848,0.337714433474784,-0.0841368828330332,1.1835978516828,0.735533165195063,0.647452916399194,0.463461239322803,0.80969572837808,0.749069293933467
0.712513539109419,0.494743839463902,0.141662614465208,1.76699295181851,1.0296307601154,0.740695528704451,0.266792453053491,1.45438541315151,0.729005974495743,0.543564640120403
0.999964322321948,-1.00441716547433,1.13927800225473,1.41454319339883,1.19541381221639,0.84366498300003,0.0912947420353105,0.161092904627637,1.29502782727927,0.626204627022488
-0.30268776961895,-1.34238349415307,1.41298595011586,-0.384895602399375,1.35574468350854,-1.61214509802431,0.704743255391735,0.325094206804754,0.708360390352656,-0.344650726589235
1.78258974590134,0.500730261838662,1.31678473899383,1.4654785853549,0.261232622611052,0.837026198902832,-0.0129963457314222,1.28377216153876,0.392928057667205,0.431921489526243
0.92308358847755,1.26631215802084,1.08916766788548,-0.231394299671211,1.42089144494314,0.633133777689343,1.06306593228858,1.27269732832092,0.962912601426607,0.540156424202571
-0.871846771516191,-1.40927666500132,-1.09346697525293,-1.15012684222713,-0.867960108218821,-1.49081054467817,0.088770709313345,-1.5142923901676,-0.482563444450232,-1.00868404569638
-1.11025531351016,-0.662921387647072,-0.234454157917572,-0.17846747047321,-0.433578423734387,-2.05470680088533,-1.3135850323981,-0.852479032264026,-0.854705874705398,-1.95853026974962
1.35159529416317,0.45806243672764,1.89343586345802,1.4297352684351,0.43810158987068,0.331201410539585,1.23619005571074,0.206643816615233,1.723782166644,1.40463646488398
2.16696321073191,1.91084417832715,0.566243760627913,0.447709377850827,2.23812390699715,0.964658625055626,0.859687717984457,1.00930128426806,0.21261756395563,0.119725523188495
-0.959704406312005,-1.01553843415927,-0.0366194830073436,-1.04077600163114,-1.24903999240636,-2.2335959848801,-1.26830253615424,-0.82841221877295,-1.04837525937486,-2.09450821557232
0.957347535057707,1.16557022429162,1.56172993298607,1.49782166879008,1.51784283822297,0.837303891400219,1.20436339484291,1.71649036110913,1.67027807198668,1.02572396227983
0.680094857048885,1.74980935472641,1.53602488010711,1.14125392091799,1.7352341425708,0.533803044421111,0.991697988415689,2.1018135725193,1.47802725861786,0.47486816845728
1.37818488869077,1.99319305290921,1.58087110288744,1.79614405519397,1.25432001062668,0.418154273094026,1.21305220159966,1.20806461692185,1.91581538958694,0.099006469281514
1.84868188455747,1.06815751734488,0.717996038388957,2.15117910974545,1.33112745861855,1.27144543831039,1.96790430423439,1.20995129103586,1.28871750476896,0.0433728191099888
1.04373115654159,0.541711127209548,1.60269672309825,1.57948587909611,2.38558244383986,-1.16602069847489,1.63987527824615,1.13277189230821,-0.00635257986639237,1.65727033311844
-0.92222314694169,-0.818452910986795,-0.786717407018311,-0.828215615157708,-0.671529885979496,-2.35693856890724,-1.38485265270435,-2.43871817690499,-1.2509137416865,-1.83283349737586
-0.752035614024462,-2.14366620283977,-0.48937342868261,-1.60166551269282,-0.00409130955535764,-2.23984594122179,-1.54284770968527,-1.17870924794469,-1.25234222432387,-2.54193455512657
-1.53545103016083,-1.94086621275928,-1.0333679263618,-0.235781008375802,-0.81244503112249,-2.10404141828333,-1.8594696454764,-1.76371514859271,-1.73946680942539,-1.90797764503561
1.89689209153928,1.47801586043696,2.68313905698535,1.33321836668176,1.4930646056433,1.03875974331218,1.72954424473494,1.40979890876842,1.81625844004306,0.807364047312343
1.93396133777038,1.31457352963691,1.53531463961775,1.95705982205743,1.63274553441197,0.959580853133173,1.85747765664982,1.83479122822883,1.53110892494651,1.73334338290002
1.8113189585392,1.82326113225851,2.75483710763239,1.70001211791737,2.41939465789141,0.207785446715268,1.71395872021708,1.03051883302075,1.79514560752272,2.27015312650138
-1.77450652123963,-2.19271204787252,-1.7394708803256,-1.89471461006131,-1.73792624982134,-2.23097002062681,-1.89682999528252,-1.68859943360182,-1.51633158359009,-2.45260141599468
-2.01366695769592,-2.16323412353446,-1.31723598945811,-1.96433614119382,-2.10534556757413,-2.57884517692276,-1.72569331593214,-1.62489450201486,-2.14516114717925,-2.40236968320512
-1.72223067395537,-2.23700343249692,-1.89059318135784,-2.18058941283988,-1.96028685589755,-2.77235678508871,-2.101130927147,-2.10747458751281,-2.26083750667778,-2.58961885722941
2.35644575825599,2.80841044421355,2.53739284201787,2.67929622910702,2.8138663244263,1.93579168080526,2.85995602241652,2.81486990992752,3.0545317456946,2.21080771151754
3.28494189033325,2.90993855214384,3.46936606516277,3.21282447401035,3.2895638431678,2.68025927121104,3.28876693126119,3.31306440468202,3.09566532290758,2.90871012166276
