0.117529603366842,-0.259608231825282,0.301140405309485,-0.0274526191395967,0.0660349176536184,-0.567605138546209,0.0736517329011295,0.103342034106596,-0.12790444321443,-0.368021511648313
-0.204452545929028,-0.0949701867666137,1.2162229355987,-0.149519477690536,0.530388996069068,-0.349074072959749,0.145824311374444,0.379407816256677,-0.273327335598729,-0.668572447174411
0.569846353820294,-0.182155213600829,0.826063122863116,0.3672849286965,0.375304198850108,-0.0158615064368708,0.629139993784902,0.751031347496252,-0.215312435859503,0.601604745119962
0.484908041599178,-0.201489527536008,0.655098732107409,0.872182185048069,1.17906352180153,-0.134656371181444,0.201708481845118,0.1745524828667,-0.157881677800889,-0.128923999648696
0.038847902736848,0.0465687584596199,-0.360259990642028,-0.562256214346656,-0.725321067169204,-0.993362366271363,-0.134668403379922,-1.08241832908238,-0.285451218761613,-0.106424340354787
0.988486864522915,-0.325527503178797,0.558789790157638,0.566620029307816,1.15648431001842,0.08453704783116,0.452386064718556,0.560044714560931,0.446407351250718,-0.0656870984790777
0.179553567457118,-1.38611527069607,0.572339960084325,-0.00997434838279565,-0.14043069238471,-1.2089367255574,-0.395213871085014,-0.29091929019709,0.345777021003982,-0.254606038019751
-0.174240594660415,-0.53644602207509,1.39645514064568,-0.508659538114756,0.0603840348444514,0.575331976587211,0.339337406312125,0.897246921272594,0.395802893797628,-0.604854442245444
-0.0630196453240659,0.475154996148118,1.07018550465194,1.23653288131337,0.775028587147986,0.336030794292494,0.760683687337308,0.248287778028448,0.266923226290661,0.0363424558409279
1.03297535210939,0.0573742051042777,1.40942433184583,0.0670548230114784,0.602327656034045,-0.0365261452702851,0.509436521270976,0.174810942872671,0.690027359473278,-0.373006132500408
0.875981919351403,0.661370145839445,0.397378521408575,0.383639905806811,0.691968573483846,0.109775596347267,0.983314465733389,0.822349136242116,1.10370123725322,0.336304364268989
0.316816653598779,0.0244181811967091,0.30184397773773,0.880966511251135,1.42326568284372,-0.119968211496551,-0.505492338509775,0.853811075607813,0.164590356838651,-1.17317548043576
0.467481582251539,-0.166796375394134,1.74689823776572,0.732434014993078,1.02693169837064,0.0144946897150894,-0.225934881581036,0.460696439246991,0.534195099982673,0.24437866223046
0.282439133452542,-0.555454817560422,-0.714337243860912,-1.11572200386395,-0.0144180882478738,-1.21106467391582,-0.300977416255459,-0.974429958599197,0.0722025723685726,-1.08741759602615
-0.527479544412422,-1.35777708227012,-0.351268084923595,-1.00366531770531,-0.847450899518096,-0.692179663535279,-0.688147830192382,-0.543912566395517,-0.395623283805415,-1.23312140250578
0.814635709875725,1.55238424612952,-0.735492309959775,0.745285920073641,0.719662028618788,-0.849303722001905,1.13610138629439,0.694382810500752,-0.465355604928619,-0.218675182183298
-0.0659826081889249,-0.986876243643747,-0.97374305185653,-0.379122983227366,-0.801492146158891,-1.77161648107597,-0.533234827388203,-0.935050810688911,-0.777339821921223,-0.538416714107506
0.392685430870082,-0.447268182363845,-1.81094133305832,1.08768207331894,0.0392674670244565,-1.1890929537655,-0.441227954485622,0.0500674354847706,-0.198875130198012,-1.58749281921837
-0.0946940884884283,0.502790182894877,-1.44682307733219,0.608435028324039,0.325947967548716,-0.742287998711167,0.911932808402733,1.18030050532253,1.90936382311165,-0.228244569401955
1.00618524687039,0.652817822504986,1.44507330171102,-0.548209117065031,1.20870263549541,-0.0199467798858092,1.18015589036891,1.69485646103907,0.671516591788318,-0.386260182298215
0.108569538733006,-1.04337645256238,-0.798163722430771,-1.23758755905184,-1.44611377650429,-1.09340611430189,-1.37015258379686,-0.503370037094196,-1.01274899517123,-0.810317415393711
-0.717053173481244,-0.684317601258177,-1.5094398441742,0.596238893901091,-0.417487773467636,-1.37675729381066,0.0579849586846506,-1.24011095023634,-1.00567824525723,-1.51204629692628
-0.579989026615723,-0.95333928547906,0.357853836886255,-1.17583035658585,-0.687567157509403,-1.119405315394,-1.00377716011544,-0.574335626757152,-1.59099919765731,-1.65899833030416
0.957776075508338,-0.275458797568552,0.663206259187593,0.267068640840142,1.77800349195212,0.470224440980869,0.605293533487753,1.47007283179788,2.06796650543142,0.630491171574236
-0.936059855890157,-1.35276190037947,-0.832846993627121,-1.28419087258834,-1.07036093369205,-1.27295660134085,-0.937969331055325,-0.624140841421238,-0.340845855029045,-2.12986889807513
1.37459898124212,0.188238595826744,1.6609617763041,1.22700590286751,1.26205131548275,-0.333261956201855,2.35836592503003,1.54833914487711,0.300792775488952,0.931376774069088
0.666740097265861,-0.163823521450796,3.3628880640436,0.388764387731279,0.591990085114632,0.22664526565209,1.64636704203766,1.73590506868739,0.117588592268898,1.26889747553756
1.55966206822019,1.43563316584266,1.59443540273049,1.8524248311573,1.09996454739629,1.16194748921531,0.918902880060798,1.66794540857777,1.18347541991184,1.36278776869483
1.20678065473195,0.558803582284294,1.53413357185247,1.374159089867,2.39667308226988,0.857966200550437,1.71994762775907,0.954433587223973,2.15232218069909,0.507042060601009
2.40663423224346,1.07340333085258,1.1598289636757,1.42368646264619,1.67198004578627,0.800413673814679,1.64016817333203,1.72030549269121,1.21623777904682,0.851881158546893
1.0548088149165,1.47115231443609,2.10311198679869,0.773807677948833,2.22477053547036,0.579196197205636,1.51979515242867,1.04434114452982,2.06566660649992,0.928283053036194
1.28826727109678,1.9257017874047,1.20263150071041,0.973137072511223,2.21089782590121,0.558399259778884,1.4730395898293,1.26364147117233,1.80013490716416,1.49351685528583
-0.859764170202477,-1.74892673320953,-0.936147991866275,-1.73216649459944,-0.105312559957549,-1.26328473576878,-1.48944031186012,-0.0213048754323837,-2.32425821778187,-2.78764992274375
2.54301428826171,1.25113154345548,1.93683273719001,0.591266940435684,2.46500331256419,1.31716951456456,0.70919115960494,1.99239038245169,0.773035928677305,0.827982636602186
-0.47130118613275,-1.4927568605609,-2.15874370578993,-1.21138498296207,-1.58208097330909,-2.67568871168053,-0.240544438351462,-1.03203362662322,-1.53696453388704,-2.09025186274994
-1.08725672266143,-1.89388770887806,-1.22500849310416,-1.93036381199279,-1.62853224581689,-1.72490877703143,-1.48507561523239,-1.28783320627836,-1.73017143477013,-2.00679955461299
-1.00747828344601,-1.6983415359485,-1.73418656330426,-2.48124913095002,-1.91726358155959,-1.34551717436333,-1.62634328847626,-2.01919026685178,-1.86082281501411,-1.44782333645704
-1.54741635857827,-1.91437049630888,-1.70330555222235,-1.9104466184759,-1.50319923583533,-2.66048486039279,-1.74584453034237,-1.43606779090714,-1.87858980160347,-1.87864746108449
-2.09409961944455,-2.74155248398274,-2.26245141391215,-1.9156917077498,-1.93713068206001,-3.34251026913542,-1.7076741769601,-1.79695444492604,-2.48576623962782,-2.61448459830734
2.70606531318966,2.62323642575005,2.70489334135811,2.93845546037403,2.92812994634107,1.84271900796551,2.75286885684816,2.97209376164686,2.54818982877303,1.77984775174954
