0.117529603366842,-0.259608231825282,0.301140405309485,-0.0274526191395967,0.0660349176536184,-0.567605138546209,0.0736517329011295,0.103342034106596,-0.12790444321443,-0.368021511648313
0.078188753051845,-0.106519736682831,-0.0295597926662714,-0.294854416743126,-0.329643074757793,-0.780483752408786,-0.0305083352393964,-0.489538147487889,-0.206677830988022,-0.23722292600155
-0.439400748227038,0.525816132212432,1.29774418636913,-0.161914751513906,-0.0444375824429698,-0.0270058385376981,0.680289444835754,0.393947707799718,0.851588841634501,-0.316881884824227
-0.231229711624441,-0.606473758652171,0.32949712109787,-0.601641487862725,-0.310766119927892,-0.843505226970102,-0.465062713607155,-0.235496796325278,-0.859451820435869,-1.01350992097623
1.46752753970792,-0.0471664830193755,1.14271955449198,-0.747952702253203,-0.653814730459462,0.55537536145036,0.74336365576342,0.125286523864033,0.240182628315015,0.206672495558113
1.10096133678031,-0.66726501540594,1.55878307207836,0.372882651598687,-0.10008979520053,-0.523513529794021,-1.04392595838403,-0.384637270518243,0.204748881816848,-0.279772073091965
0.556189647567551,-0.268435143384297,0.160856141259538,-0.6129888019559,1.1229942622,-0.435130331339612,-0.1455613328108,0.563323911797499,-0.403641409671178,-1.82187666670908
0.128780341687196,-0.249360031674483,-0.498238850021612,-0.0870365449492294,-0.297495344970279,-1.69112833645592,-0.208492595535845,-0.68769217404091,-1.33805725836416,-0.740247303758025
0.866112666311237,-1.34611472674039,-0.422134102506859,0.793015950526156,0.338317107030232,-0.0639738952086005,0.849198521460843,-0.373617845724292,-0.549051360582207,-1.22229572435096
-0.361827056736287,-0.826204804454726,-0.33298750441428,-0.761570308195487,-0.0148904830702936,-0.116781454670483,-0.436273255146594,0.525349063667591,-0.901819822026114,-1.94529233465265
-0.0214300793776104,-1.32654307842176,0.798101910441637,-1.12896639306837,-0.454463282091658,-0.933605699572823,-0.6357171082571,-0.504877873104429,-1.48901357599508,0.0133750448816841
-0.893764616278976,-1.12992359772264,-0.0874023976365206,-0.380839923705085,-0.398419445756901,-0.985826325668931,-0.214528747407874,-1.67392532451218,-0.690189513121547,-1.28626473782528
1.10817265741058,-0.707496352412941,1.1651405465088,-0.786907290054208,1.4423494829416,0.916056894344337,0.360481778896576,0.651519189837717,-0.710313573351081,-0.808604947965262
0.0628190312704484,-1.4288118498883,-0.972636633199724,-0.870394198864132,-0.502482219698557,-1.65125445134677,-1.32244569539055,0.598170479709403,-0.418857857780394,-0.275765577037445
1.75083401284496,0.98824336714515,-0.0426497516237075,0.972201376072872,0.936824490305439,-0.0422286448180597,0.414502487498352,1.6954563535473,0.904986281669847,-0.423784389238343
-1.59530706259835,-0.872860935117327,-0.620219321039512,-0.413743724314822,-1.62838596534641,-0.449387034229952,-1.3197569566449,0.126362853757971,-0.523512970632135,-1.19868868919759
-1.68216210418576,-1.23938989710916,-0.410758520727105,-0.267687498388675,0.0832746388730095,-1.41216274339745,-1.40998767334228,-0.0199989437182937,-0.556936464621157,-1.39094589058298
1.20661730827075,0.139636299689741,2.32333777560095,0.671709300264033,1.38571142280121,-0.668156354929367,1.10906799723292,0.0809444564736715,-0.177575142024832,0.301205633702008
-1.45118381627823,-0.947377449208782,-0.746020513277913,-0.969684984822688,-0.634031296448992,-1.43133446209268,-0.538917526970375,-1.19156492795019,-1.62459989252842,-0.637356196235518
-0.682141969262746,-1.52495730729272,-0.457062097679512,-1.02963582526543,-0.74560464219555,-1.755166297351,-1.02956533373117,-1.01644435565405,-1.47791356879257,-0.728109285940374
0.901766851607731,0.631103656072695,0.972977936854268,0.556497612583615,2.29350890622137,0.734003722442992,1.55761065381728,1.07865726356574,0.821153056013695,-0.176804667865846
0.897300101036471,-0.401622441208002,0.306625926064899,1.82460938661985,1.12740389601165,1.09425460507619,-0.0579193594953251,0.609121586551235,2.19771586820282,-0.942209487243414
-0.996679579222329,-1.69141095132826,1.03465864465099,0.434137677428788,-1.23419846227689,-1.23450912534826,0.870570729458882,-0.239102870732881,-0.361060058415342,-2.05487236948454
1.18639262326302,-0.487684945495637,2.08786683382356,0.885297035633938,0.793761276926952,0.934252949295607,1.04114200783113,0.677816310226358,1.13279668775517,1.6918913533711
-1.34527194273755,-1.06534253143863,-0.747991633892067,-0.843831291634806,-0.903049536482549,-1.92358025886841,-0.761631398344409,-0.565960999187784,-1.26035335123236,-1.7345505097729
-1.25728133241824,-1.13532632104497,-0.884260647367126,-0.50852963041834,-1.75414449925922,-1.59881435797343,-1.25150955624062,-1.08782874577849,-1.79876765837197,-0.389848078626702
1.93376891960616,0.45264248042543,0.995584849753929,1.4682738765869,1.46314208399155,1.33173009412236,0.887652546901944,0.872572803337366,1.13472181941183,1.4348631037363
0.927168673190123,0.655779009722831,0.403959640789623,1.65801257211359,1.69963183513045,-0.408398245157288,1.561168339028,1.8495507383136,2.18168410590303,0.373417631025537
1.02838585050342,2.38952790818676,0.622262387113194,2.34304363459401,1.40294948323721,0.00379628197665505,1.2459022006234,1.69949415771802,-0.22985651979802,0.943718679624906
-0.563709126838732,-2.12349348667502,-1.2726615267048,-0.446063911111624,-1.25819910836677,-2.13470967849055,-1.26362088160917,-2.04060724153053,-1.08366955487386,-1.9322981544391
2.33363501457166,0.521432946498775,1.71201637978484,0.829209264709669,1.55540590681952,0.826842023018544,1.78927042506137,2.23744528008567,1.07500236976906,1.72564763743825
1.72748701049048,1.33056707064976,1.87089884259332,1.48093039088817,1.63458912873292,1.21647126680861,1.70459333767504,1.87635273309482,1.9023769876304,0.887806931890413
1.24463979087998,1.09810203007329,1.57206763927015,2.58390362599094,0.931137133662199,0.160067063126578,2.45307585550629,1.69209145574272,0.468007047700143,1.9910793406121
-1.48951453151418,-0.854992545694036,-1.27043659352906,-1.59187819131096,-1.33106507045098,-2.35675715267557,-1.5280895405811,-1.14968161782808,-1.80964295850907,-2.38404125839281
-1.3623823779302,-1.87706872542377,-1.94814076288398,-2.02692023588128,-1.45908405930831,-1.18730600193261,-1.57185645611118,-0.704078202767585,-1.59723394898001,-2.43874809525368
-1.84424654394295,-2.34995444036184,-1.11273281521453,-1.7842614388254,-1.59026882874001,-2.4133073611677,-2.21289371109209,-1.85473290007534,-1.93360680836802,-2.19857356146106
-1.03628346590591,-3.08399997760368,-0.857628884036624,-2.65114901824178,-1.12588610549327,-2.04594206800024,-1.06183729729099,-1.47641888405228,-2.33929434924869,-3.05706865278877
2.42925772956133,1.92354983314243,3.16077145828974,2.48924283467888,2.68323544476427,1.86019691233658,2.06061056241218,2.41877137342893,2.33989746513626,2.07493071204321
-2.05856338370029,-2.24327187343497,-2.16631192941841,-2.43160655349526,-2.46639521150993,-2.91723588916092,-2.16726047199153,-2.62629028424003,-2.34342996774016,-2.37397506275369
2.79890726580153,2.28634981198164,3.05438912533312,2.81010537211584,3.36810613671389,2.28193266775425,3.03355181708223,2.66563994741742,3.14896100549447,2.20626241122848
