-14.3575037823813,-13.7715652438474,-2.07481648276703,3.38710794849337,1.45823781602955,-18.9757757871966,5.12456545730089,4.1297924707484,-7.49838564960963,8.82419463102204
-23.4290438422024,-16.0582854593489,-11.5631654496484,-3.5113773909217,-1.83984704799919,-24.0275903196056,-0.910165886345808,0.135944710782745,-10.9724790312044,4.3988896264443
-2.59279790002836,2.89510142281929,5.61749120954066,29.3130338744193,9.59777269975049,-8.97577578719657,19.8304478102421,24.5001628411188,-6.02779741431551,24.449194631022
12.1181124219499,-2.69970447597358,28.2265432847986,32.0923963708716,13.2122290791354,3.30234204524827,-13.0796801842291,-7.85309718951369,-6.50939229599167,24.7107903809375
-22.8224984377786,-25.5776679218883,-26.214523922226,0.99011097510791,0.917721465981025,-32.5332240652539,-6.74443741281615,29.0542086389962,-8.32067625013277,5.73146221556285
-2.47222724144985,-16.2784569892774,-6.49526808278927,-23.7550128006655,40.5432274869476,-29.1921327185714,15.2391246315157,19.4437687608562,-16.1392328791135,16.1707510751946
-60.3810959930619,-22.511672341517,-30.9988134942637,-61.600338920813,-28.0118322052831,39.5103387377289,-18.5249838100791,-0.464237890811862,12.2730043067776,-51.0068075349962
-26.3987144198621,50.7729807466036,40.1757831497985,34.7446566497921,66.6881629580793,-19.8231196577963,40.5923737927563,25.5135109165904,15.2566032639159,38.6549145933209
-100,-45.1891897649202,-29.6578659187577,49.0797317250366,-45.6814864947474,-11.7871096774778,4.86270221156667,30.1002338661955,-12.3418341401169,-32.1242833471266
-14.3575037823813,-13.7715652438474,-2.07481648276703,3.38710794849337,1.45823781602955,-18.9757757871966,5.12456545730089,4.1297924707484,-7.49838564960963,8.82419463102204
-32.5005839020235,-18.3450056748504,-21.0515144165298,-10.4098627303368,-5.13793191202794,-29.0794048520147,-6.94489722999251,-3.8579030491829,-14.4465724127991,-0.0264153781334286
-32.5005839020235,-18.3450056748504,-21.0515144165298,-10.4098627303368,-5.13793191202794,-29.0794048520147,-6.94489722999251,-3.8579030491829,-14.4465724127991,-0.0264153781334286
-70.8563847825356,-57.6524250590378,0.746788250602407,-18.8436957104537,-77.0427502310111,2.59255570218755,-70.9112535623891,49.3290123341044,-9.21002586124984,-23.3509316987749
-25.1475882788799,-0.196285484311822,-39.8328346043181,-11.1237069258251,6.88239226173441,-27.1610569103217,20.1435980704719,-6.79348765932708,-20.6515216655959,6.58559025648118
-17.3512809823251,39.0224241915083,-20.5926183403522,-12.4354028740175,-10.534941418529,6.32378848295594,6.68715530262318,26.5979176518553,-21.5407246919487,22.9784676609887
-17.6465851893003,7.47292356388446,-3.71741713993842,12.5724190604116,48.8200514163222,-15.1433291908463,-2.04684205977827,0.172951222673611,-26.3033595530897,25.2721365291905
-4.66723755667849,18.0875518601864,-2.12840008009194,20.8196543589191,28.4635544080397,-11.6832390442444,42.8050947413743,18.261991163436,13.6913412552881,37.4458554061086
-10.4769832871141,28.3861589850956,-56.151910038393,-18.3335117782735,-43.8014243988587,-99.517786398037,39.0898341136542,-59.5131780962348,-62.0835901423155,-7.5058722783176
-4.53653385761385,-2.08659615337555,12.1263655141891,41.4050708950918,18.5523914854623,-28.8870042541905,11.5231521552033,41.5514589689021,-6.47142775761565,23.8236489906209
3.32526787165141,17.4619430949468,-34.9552724149648,-31.1426050442214,44.2111268649488,-4.26065803156145,-18.4303077244162,-11.5410353590725,-15.6535851101838,37.3661929488021
9.17190798232458,19.561768089486,13.3097989018484,55.2389598003452,17.7373075834714,1.02422421280343,34.5363301631832,44.8705332114891,-4.55720917902139,40.074194631022
-0.404015410288281,21.0110434518048,71.002106594156,60.8871079484934,76.4582378160296,31.0242242128034,88.4578987906342,22.7344436335391,21.0730429218189,48.824194631022
-47.2385676517262,-22.0582854593489,-45.7095069130631,-15.2760832732746,-69.8398470479992,-100,-80.9101658863458,0.135944710782745,-29.1542972130226,-0.146564919010245
-55.1065917240096,2.27404847618494,-53.2879029319216,11.5567508056362,-14.0278578458169,-39.718082576015,30.345896413926,26.8972293624325,-4.41265024680106,-6.51436544438015
-31.2874930931759,-37.3837705999293,-50.354231361685,-1.40688599827755,0.377205115932504,-46.0906723433112,-18.6134402829332,53.978624807244,-9.1429668506559,2.63872980010366
38.5937286262811,8.3721562919002,58.5279030523643,60.7976847932498,24.9662203422412,25.5804598776931,-31.2839258257591,-19.8359868497758,-5.5203989423737,40.597386130853
66.4985487941174,45.9587628071638,79.1424730646309,61.2653262214485,36.0866481987503,73.6740063478797,20.1915746656763,63.3638550613019,23.4114793119795,21.1644890407422
-26.0755429476168,-30.5360490148195,-31.2023159328966,-81.2889592564678,-55.4002285648791,-76.7588366713459,-17.7291808288583,-43.3220868818092,-100,-4.64201123205678
9.14560761764681,26.4185329221063,71.019223764911,49.3220063833918,80.3101330472351,28.1567649685693,79.9799344540361,76.9023165997634,44.4548038035798,24.2346644793387
6.9711458139866,1.59776921853365,-15.377470350395,12.1033811537062,45.2880402322822,-34.4917177544014,40.4802565966153,47.817207009836,55.2574316031373,53.551691685232
32.7011823270737,4.454295719958,69.2283632485496,73.3697671587343,52.6561643513409,-1.15455456026495,5.37608630410072,-2.31207138516613,59.6838902846966,6.32103600000203
-0.418810896319989,28.7292322043185,100,33.9590171158609,67.8471267049184,9.18514375303332,31.5239885958545,68.8935217172363,72.2395175761968,70.2483945545207
-4.3575037823813,47.5187573367978,85.425183517233,17.6728222342077,59.7915711493629,-18.9757757871966,91.9170182874896,54.1297924707484,89.7238365726126,15.2758075342478
-14.3575037823813,-13.7715652438474,-2.07481648276703,3.38710794849337,1.45823781602955,-18.9757757871966,5.12456545730089,4.1297924707484,-7.49838564960963,8.82419463102204
-30.9798797620728,-35.2440366943011,-16.9649351529066,7.73832509128182,-1.21551507955684,-21.8996259179894,16.3120523205082,-8.70940221687272,1.09443134091108,5.75720570308246
-34.1679290674222,-28.944349047659,64.0151522083669,89.1030752347733,34.6329586594428,-85.0005656905266,28.9197936678156,-38.4244727905422,14.039180888972,94.2392819821787
-51.1475882788799,-4.09492096189467,-49.0576408058684,16.4403956382775,72.5336527659361,38.7782220270597,77.480554592211,-10.0356355823261,-44.262632776707,-12.173030433174
-4.66723755667849,18.0875518601864,-2.12840008009194,20.8196543589191,28.4635544080397,-11.6832390442444,42.8050947413743,18.261991163436,13.6913412552881,37.4458554061086
-88.7587745546198,-66.606814285993,4.47337035953746,-0.290185643910583,-66.9283536626672,-2.2174911868067,-50.1288907638973,7.62347029269854,-35.9216660728901,-19.7760580285719
-1.25914703077377,39.5517430268293,23.836513566494,31.519992725617,3.20944554549815,45.3099384985177,97.1996642715301,81.4861143098288,40.268363730043,8.60066728179343
