0.117529603366842,-0.259608231825282,0.301140405309485,-0.0274526191395967,0.0660349176536184,-0.567605138546209,0.0736517329011295,0.103342034106596,-0.12790444321443,-0.368021511648313
0.749133150995438,-0.249417989753934,0.861676223974885,-0.188947492542008,0.384784278327185,-0.380326915024687,0.190572010357438,0.189550633905815,-0.0541526598375619,-0.0509313806598739
0.437537850434606,-0.670818195753319,-0.271926800842137,-0.554428887922312,0.524821844002263,0.182892258702426,1.00057464433963,-0.389643130451547,0.122392234348172,-0.149191146492585
-0.147527734622786,-0.415259557671611,0.870457825883858,0.855563240677999,0.437826461746656,0.724367411778807,-0.512290173570673,-0.832528696279003,-0.603300002555411,0.235280839024464
-0.492419426626205,-0.342508955317144,0.861717335117119,-0.585545044115544,0.25520053793349,-0.399042036445081,-1.06261651289568,-0.582232987424081,-0.0569555169596309,-1.04519543525435
0.300919133716768,-0.498020650177332,1.66689440110046,-0.3476460319092,-0.0988596782822443,-0.570813876969752,-0.356610278428087,-0.762567528573671,0.0492906567530252,-0.707151013117064
-0.431320048325321,-1.23619186467688,-0.132755576884958,-0.0292640452492874,-0.078726538798324,-0.673630497520462,-0.211006428616291,-0.157619992733895,-1.3445170702729,-0.968220595432565
0.153461353119305,-0.155815339184745,1.74195453737942,-0.158321063268791,0.437100362152886,-0.262127498346714,0.468661187187488,0.639773270208971,0.98049103734018,0.575612573432112
0.201909795004458,-1.44099184721747,0.452570745840707,-0.116894786148699,0.0519600552123006,-0.352314228718355,-1.76821585805507,-0.860867706049519,-0.00517065843205056,-0.438228199598666
1.49533521656806,-0.546087504533801,-0.187473401439238,0.0510037641580244,1.29122300396404,0.523076738717753,0.314476292558792,0.780553507018906,0.634164306430777,1.24223177741631
1.78814653282662,0.408420133011439,1.03524479294091,-0.294502451696714,0.83659547156658,0.272907194415779,1.68457166890693,0.246777118390727,0.42508195985806,0.109444978022765
0.462867052119801,-0.979796170459102,0.807633707278978,-1.02253515575257,0.614277424306622,-0.92584697044008,-1.26534593937932,-0.536227403397443,-1.21266353381964,-0.962438186712279
-0.331790752746984,-0.973379362830368,-0.218828379755392,0.0668871225331029,-0.422891463005032,-1.00957636280656,-0.48716828934665,-0.743322732630183,-1.35324012667945,-1.86356485687903
0.578097011194263,-0.803351427051961,0.0922759747707563,-0.615728222334194,-0.559474902317119,-1.74952976040411,-0.586666433110354,-0.187034627639446,-1.20282472647052,-1.36053683980893
0.642312033620857,0.941882955461442,1.16501413745483,0.888369776965579,1.02350758559523,0.181416442957049,0.723051698493901,1.39686820543021,1.2957209339102,0.648455295296746
-0.0149417611006142,-0.92116425694974,0.00440374475268157,-0.912784646941821,-0.769987785983647,-1.69739058055634,-0.45209665129186,-0.0971210908568956,-1.71397583203879,-1.2066583045516
-1.26162561375176,-1.68015453914069,-0.189074248656222,-1.65252678440789,-0.861072881702352,-0.902904319589109,-0.495161055166426,-0.675784084656455,-0.755016741156913,-0.79917404766643
-1.11966331073742,-0.774916392168566,0.161555914616716,-1.295659761907,-1.11630460475809,-1.40403986347681,-1.29533106764413,-0.749219711979479,-0.540593978887732,-1.26947066874108
-0.599785193110456,-1.26131207518637,-0.543279087957459,-1.26239192048057,-1.16874177493722,-1.34167429410963,-0.813734566945865,-0.945986124016612,-1.09069695589464,-1.27916229040927
1.313445654566,0.160332846902671,0.41345065948917,1.28151321891781,2.1447631206393,0.896161936770867,0.838155046116296,1.09848637488006,0.797283334963008,-0.0451856068311183
-0.0391426530440233,-2.08933613175456,-0.485004257375981,-1.35393014246395,0.969959191109635,-0.528666590746932,-0.0288047483392647,-1.24617170457294,-0.75232237586847,-1.3713627062624
0.141640745976208,1.05970097530462,1.40566955983904,0.511673768561822,0.447191261936527,0.00719428848209269,1.76556252980636,1.36595885104002,1.86824938539418,0.0700053956071967
-0.567013022952731,-1.83833384736985,-0.604494654106538,-1.32708222714266,-0.833438393861526,-1.12591948462033,-0.512150983536888,-1.28503740577418,-0.84391089784768,-1.43497436908731
1.25658972732615,-0.0230436327379308,2.04318686024102,0.870922882194219,0.81187027168728,-0.0953109695020484,1.19363955867863,1.81282155962616,0.96233202453632,0.208571848823832
1.02089574132305,0.73146635324882,1.4399496511294,1.36159375967607,1.3673188820411,0.381866427237816,1.12696686530591,1.7609760518037,0.99003420272177,0.436080638712427
1.02089574132305,0.73146635324882,1.4399496511294,1.36159375967607,1.3673188820411,0.381866427237816,1.12696686530591,1.7609760518037,0.99003420272177,0.436080638712427
0.349772465188717,-0.942993027230431,-0.37215067792008,-0.951274196589702,-0.990933741042031,-2.83001885288241,-0.730921009531121,-0.400992333337591,-0.474856838440458,-1.67050283666788
1.47257258877965,0.483958802944893,1.94816036130648,0.814620750098491,1.29277459309716,0.784927322263448,1.4617584510354,1.93973486382475,0.248510778419097,0.302175963972894
2.01227754446642,0.360292247004065,2.97796911149559,-0.731098018871451,1.60916530280946,-1.18164878100607,0.791052839112171,1.02359158888293,1.31282892469894,-0.700407441638552
1.08770886327583,1.67816255693694,2.28508041773563,0.579109736138296,2.42767428736304,1.14815724619262,1.10671773431661,1.28879042715876,0.866018527234248,1.35239643703147
-1.67715771725067,-2.19241051359915,-0.911304636954533,-1.79108333729662,-2.27203580862484,-1.25629217353871,-0.397529519619129,-0.77883986264665,-1.91441133650203,-1.44089968524254
2.23878985385445,1.78477331353384,1.58046999257682,2.30683485208946,1.34155582630197,0.705093535744415,1.88566190101897,1.64251837851265,0.83225968882063,1.6406939507553
2.25363520768285,0.762233294701453,2.94351372850192,2.26027124620382,1.54909646967796,0.773303539878355,1.64843920616915,1.52481593030173,1.27697137784815,1.26796953142071
-1.44933487752727,-1.92936840616316,-1.57582192659652,-1.25811395879687,-2.16193697166106,-2.001490806524,-2.62266579993056,-1.49152010853264,-1.95771922870408,-2.11220917070335
-2.20982789172792,-2.08255179260007,-1.19061391426987,-1.17235175515293,-2.44442284736727,-1.88378835831308,-1.79054808204597,-2.11748312856345,-2.14604314584155,-1.89491234323703
-1.42369356767304,-2.38029212132745,-2.03227257109282,-1.66504062289052,-1.50798378139716,-3.77975584879124,-1.66964330418562,-1.27253704526872,-2.79784458515702,-3.13216200178713
2.47094443521568,2.44079094813312,3.02113091512804,2.07388543064836,2.46133036659038,1.99471411735881,2.64508534672256,3.08736627874634,2.56762028097977,1.7734930022537
2.6180727689979,2.82100046537259,2.89986915012531,2.32137737340306,2.23933365685319,1.98439339026489,2.54554935294931,2.92179648001648,2.32494512807747,2.32767735634892
-2.938111790033,-2.88617540452292,-2.53884195741316,-2.64619110666362,-2.86815166092659,-2.94311039221138,-2.76159327978608,-2.37428847011456,-3.1347437108133,-3.52463854923442
-3.18478341668959,-3.5837312300133,-3.03986542715211,-3.39345589643422,-3.13667028755801,-3.63737307260793,-3.23630336914145,-2.97363006353381,-3.503857142948,-3.94481307243005
