0.117529603366842,-0.259608231825282,0.301140405309485,-0.0274526191395967,0.0660349176536184,-0.567605138546209,0.0736517329011295,0.103342034106596,-0.12790444321443,-0.368021511648313
0.22982038137606,-0.688897437585005,-0.00235893877077409,-0.602075671980999,0.494076593248777,-0.765216354193886,-0.128951939780741,-0.714286855921145,-0.401212251446719,-0.658156907241778
0.541097868123718,0.247381932878712,0.0104911555778899,0.79567906777559,-0.259149421190188,-0.836429888239231,0.44027577456567,0.456686590062114,0.451737171434494,-0.76166359824125
1.29554092602416,-0.255514752026341,-0.31327851965622,0.416073183040808,0.725555426959372,-0.302445044630956,-0.196564545163881,0.465541829042875,0.210346762680068,-0.217241175377955
0.231164503797048,0.901147623255281,1.20392906449697,0.15456690689018,0.742008332415915,-0.248178983748178,0.0996781536333216,-0.055980659006809,-0.0221032605649339,-0.250448321555812
1.23149144365635,-0.231353291372754,0.110307441059581,-0.611350425388644,0.607347728165221,0.235488788927448,-0.128583853838581,-0.612490068528802,0.403640892975272,0.721283875391174
0.377322596610352,-0.455919687889804,-0.819349586047429,0.116026146651051,-0.359669563895949,0.0415564911595943,0.362015016858191,-0.501415464722386,-1.14095761842814,-0.809582983463592
0.246303467286786,0.678047747697124,0.944050434161472,0.746232142798601,0.743340007015596,-0.439870247423568,0.501419386551525,0.874447516066835,-0.122027914886863,-0.317457037377287
0.217537791676723,-0.0217361376185066,1.0238399216884,0.768094838846329,0.799778973590884,-0.29310880552762,0.73730690967749,1.02241130424661,0.415583665019701,0.234343094550791
0.225507367886424,-1.32867723451272,-0.447905462965626,-0.510442746846084,-0.42839872421496,-0.911382769522066,-0.200264873884625,-0.0623232754843163,-0.917743114909034,-0.347338103951267
1.00949070530864,0.496069118570452,0.97643476587915,0.795851700351381,0.698394918978214,0.046996710572877,0.588914527998581,0.933033249520913,0.494501400570866,0.335818047160168
-0.36585514592871,-0.910118340331987,0.442937757930242,-0.636819878119253,-0.219403376047267,-1.41606474677974,-0.957621841567543,0.461390624798349,-0.511154794241521,-0.434263064721189
-0.451447987669573,-1.20136424457521,-0.360235256066177,-0.598733763176159,-0.206296237030478,-1.29706358859289,-0.308319237305135,-0.521232119879322,-1.07328259447493,-0.718161567670722
-0.559521436467991,-1.371191654417,0.256609464314772,-0.0334060111493077,-0.778498434607665,-0.710384114337497,-0.423998133171696,-0.344405611293206,-1.44477658117078,-0.484152950920589
-1.16731188694116,-0.807519069679635,1.18153846681685,0.225836856482797,-0.430754928056891,-1.21812542007013,0.572506842564856,-0.184981706539105,-0.516915041592867,-0.581712222550402
0.621115110552645,1.24564598076353,0.147518818505664,1.26185487774854,1.25719610345109,0.166332112868703,-0.0322260388993973,0.357574422686237,0.957018309208483,0.484875105093015
0.0959086633839574,0.621751781971513,-0.524486006422143,-1.48939363330503,0.717567242294766,-1.54437166429418,-0.951031280438886,-1.00005029422784,0.20276897784463,0.636287350348787
1.49036093084957,0.335563702318153,1.16626191349969,0.687636420700398,1.00482522245106,0.560230095024748,0.942879452227013,1.06571649938285,0.751935487725852,0.258741857146265
1.57691800194956,-0.239827448039029,0.701980848075237,1.97799125250175,0.198282088975447,-1.02242244283852,0.632296637131109,-0.231946857174665,0.129171051659415,-0.448566894593058
-0.367322296073822,-0.397034916813628,-0.799414907760016,-1.24364901272508,-1.77925742346983,-1.84507612596408,0.0812466359663555,-0.647314055052128,-0.0558244181583576,-0.63499002537406
-0.888829714321708,-1.51632334634035,-0.575616651991554,-0.783702197967869,-0.708048502998463,-1.90913940172585,-1.12728575996093,-0.142638079187713,-0.270864950337381,-0.788804608608213
-0.433029290929719,-1.57210740605989,-0.806361796207109,-0.899907732935633,-0.0775647179043497,-1.79234076599729,-0.960716127473989,-0.701453334612131,-0.857115299761449,-1.03064866422521
0.485243075255981,1.74053519340807,1.27907142307465,0.66094683942949,0.279883715337922,-0.166805550171244,1.77538858703173,0.995087544707967,-0.92958945106383,-0.568920152788823
-1.03502644450465,-0.663733772418502,-0.822737691133459,-2.16226033685655,0.258597401095045,-0.558079075513582,0.351028809770355,-1.10104300002677,-0.244619629330147,-1.76345094314124
0.254923325135298,0.452487190836881,1.64789132595214,0.848085315434755,0.84426486160725,0.217567595120792,1.4972881282248,1.75311828112397,1.43491177790509,0.313260444533071
-0.683074255367949,-1.38624750732001,-0.887457104203667,-1.19980430318243,-0.575193513678234,-1.68367742164975,-0.49506072639162,-1.15013064950552,-1.13342982466848,-1.62946593294411
-1.37773218408462,-0.457845074298983,-0.582355056685375,-1.84900749279582,-0.31653734829518,-2.47821694019144,-0.0357593139116894,-0.777749105729774,-1.41482422104997,-0.766628278508264
0.112061146712895,-1.63937576095159,-1.63069950741782,-1.96796721057415,-0.703954053703518,-1.19557697430146,-0.460090252571198,-1.31392673371825,-1.47557341042797,-1.5713641226525
-0.33766969252431,-1.28105508877203,-0.321100602387759,-1.52636964261043,-0.691993535723265,-0.423489514020977,-1.84211781710121,-1.30671554261479,-2.32377828305003,-2.12067259217697
1.72619506327631,0.655253999493656,1.24757245377833,2.09014484487347,1.47178301887782,1.39133166299216,0.611415815336223,1.11012734832587,2.16588658572873,0.508994661183531
1.34118537477694,1.48503734651675,0.874225259604,1.17715194364073,1.58811896006584,1.95865152713596,1.9342053926908,0.356563517863102,1.62015978305351,1.41831851329013
2.03302909395971,1.25298263069509,1.42599145155334,1.31789143789517,1.67501075348631,1.10707459644329,0.737660224512388,2.00458173115234,1.84642486459337,1.26060080041737
-1.5738897968445,-1.66728872782057,-1.18114660678366,-1.64659605747705,-1.60602225458389,-1.96802950633835,-1.83006552860675,-1.6596480968081,-1.43956133276611,-1.69747560221154
1.81193313205453,1.07224278254211,1.97398438376778,1.76566522097133,2.43742776813232,1.71944688026763,2.16946740399893,2.06000776226677,2.10047971634795,1.15585515129502
2.07211938300008,1.75129924409346,2.63428587506049,1.87794663614708,2.28546749147857,0.644725341774312,1.13129791557025,2.74614343083193,1.90971183620956,0.716190812470172
2.51414712374349,2.1729393126984,2.04813113270989,1.62225955706527,1.54731847641095,0.604631475931542,2.34726722857053,2.75588659301597,1.77999790005235,0.636672387960013
-1.56754831593866,-2.09013164233102,-1.28763773762346,-2.66435238706575,-1.67848612594664,-2.34247484218845,-1.56170281007424,-2.1693239579187,-1.55215101008329,-2.54796977159312
-2.36817573444436,-3.03654255250341,-2.20106193567712,-2.384588526565,-0.387498082231019,-3.15460601850289,-2.1462112460235,-0.847410325952017,-1.45484393096288,-1.44905870606622
2.67957731255542,2.25616600791294,2.17302814568221,1.84694787679971,2.08544622523651,1.43061371384952,2.57930344759459,2.41538016095157,2.04787957349627,1.83429900861149
3.141762186505,2.65007357093815,3.06588528853936,2.53515419380928,2.82074034288357,2.23178163864656,2.82440148681027,2.98833661626097,2.70439217853829,2.46051103188234
