0.117529603366842,-0.259608231825282,0.301140405309485,-0.0274526191395967,0.0660349176536184,-0.567605138546209,0.0736517329011295,0.103342034106596,-0.12790444321443,-0.368021511648313
0.260884958646054,0.276764628946041,0.746697751703935,-0.100211395491954,1.00721151560985,0.0278001574970478,0.183348920017387,0.420184684005837,0.416647638422656,1.01667301844539
0.111587812476397,-0.740242547440618,0.397074484354199,-1.31586166868462,0.0906992229504409,0.662333145219895,-0.220599271283804,-0.0266212166929718,0.0979976380366953,-0.609844326685863
-0.227454367374216,-0.228588293096305,0.455103230122408,0.645551403839567,0.175333952646899,0.944790388085823,-0.338285234558003,0.652728768212569,0.892249109794942,0.708182442486301
0.151900620271035,0.691834871602491,0.194406053612726,1.06847830260951,0.197494221349258,-0.0185493443308842,0.467127833160432,-0.36438966402167,-1.11295368541735,0.717470373599849
-1.08478182581567,-0.596038881985661,0.361981824392006,0.590381463922493,0.0294512890811834,1.05465709974402,0.593131130014283,0.195549005798687,-0.686344722483037,-0.0758761985203011
-0.00758937613861477,0.863497321091965,-1.10775581337946,0.699111783879234,0.271173967514546,-1.11589516541795,-0.359892483847884,-0.288212378147496,-0.25169858765952,-0.757675985662409
-0.673954708505417,-0.630059238633242,0.174159879789394,-1.20216893610588,-0.94869199630342,-0.387811198497972,-0.708327099561406,0.518748007022594,-0.123270155661456,-0.936676383105854
-0.386331477734359,-0.747109850531233,-0.300798812638988,-0.635194756834248,-0.561360650217023,-1.11117419728733,-0.751930483878397,-0.429511719030857,-0.830097833048062,-1.05847837591203
0.600217427740995,-0.0583819769680178,0.113029585222725,1.70244666517712,0.629678437660873,-0.353834415085171,0.51803537629948,0.54692878125901,0.821085894607167,0.885569846988048
1.04026772625802,0.132425239345564,0.554604089636892,1.650686847893,0.521844593920361,0.276556358492372,0.493084894978551,0.659273888637364,0.317984476102913,-0.829998560506825
-1.31339809711848,-0.345840735038633,0.0880622531437657,0.120343218671956,-0.306275124219463,-1.0443936948953,0.0300824369585797,-0.355664980732717,-1.01497210595429,-1.31987074420104
-1.22106307393082,-0.0620927109126024,1.19920386294631,0.00834164866465392,-0.536469844244492,-1.30137152580872,0.167763445042613,-0.260164761385767,-0.962605378359339,-0.709550937537361
-0.24861545740859,-0.98793920207974,-0.357067002896746,-0.869193721571323,-0.988773676220958,-1.28982374823779,-0.300336088127428,-0.024152434682475,-0.634378716012441,-1.28693460621018
0.987613944892367,1.86004135287479,-0.681123569373476,0.823132567930892,0.346426602352349,0.362980018144519,0.660390842991216,1.07755451370362,-0.184360627772885,0.5056808228242
1.15735003512115,-1.09939862977077,1.53666849044032,0.0608923044529822,0.462512644878505,-0.161456735995742,0.523899391708239,1.35672458608806,-0.526692109314413,-0.553834302610157
-0.171581401651026,-1.39578347691684,1.48878429470179,-0.436761666365266,-0.56941443604925,-1.12761911417466,-1.19529006784231,-0.632510203074565,-0.601484212429752,-1.13423296015909
0.127198298674118,0.211813066962654,1.28981250862628,-0.698939455225901,0.224460320603143,-1.32136995825817,-0.919059460162349,-0.283734953412078,-1.12214702589146,-1.81993133790571
1.35059476662136,0.443459223610281,0.175886442968166,2.12059562333763,-0.170073129302565,-0.277172537136331,1.38682897393011,1.34918576866756,0.668212502018199,0.503934247740548
1.35669285741904,0.901180133044307,0.532454961581779,1.41086863160588,0.970475847823664,-0.0926407257071998,1.4836586876018,1.50210509046582,1.41957434031783,0.206403297650252
1.20106300277653,0.485924956418441,2.53362381081461,-0.101120824086962,0.699372184898037,-1.76131663148899,0.598718914754868,0.00175427267789935,0.961290603945812,-0.141721084486045
0.852915243885422,-0.853518768092739,1.25352722712091,1.45553317893655,1.74249600608459,0.535844139296551,0.168387972207376,1.58595619615517,1.39494772541461,-0.341181695462955
-1.80151074891901,-1.14751128449191,-1.0176935896257,-1.36565619742694,0.295762480267618,-1.1483235222949,-1.12628940811745,0.108670611055633,-1.77049375625829,-0.716181865165262
1.75503254433008,1.06203315304763,1.92998978376745,-0.33148545068809,0.317230010359328,0.277739814275263,0.14493486481167,2.15443409215063,1.01413267927224,-0.344280801603518
-0.710121363226656,-1.17008744301869,-0.128229394714059,-0.994993008533259,-1.16124325703508,-2.31544897122324,-1.46742020455796,-0.802450681588777,-0.330990649090481,-1.44951040076077
-1.17547162353401,-0.982803672748011,-0.170846151799785,-0.50147421512102,-1.96178686061046,-1.47429600193242,-0.198846241048369,-0.249066627923694,-1.29337328445355,-2.21145028115483
1.00401828456718,1.23838467863834,1.89591757565322,0.653508046097983,1.37813361158504,1.15524278331816,0.889697288370333,2.05506602517024,1.16699287871755,1.0781298908315
-0.6599649221186,-1.7359922047536,-1.08725796092907,-0.74052167900088,-1.54665431402492,-2.23450062566709,-1.06099131666789,-1.22935135175404,-0.380837197011726,-1.67017753778384
1.56072508759506,1.76631294262156,0.756682037660707,2.09087754206747,1.02736837783447,0.194623450445865,0.940165002345667,0.901967916254572,2.16779731076303,0.601633979619286
1.94336304352821,1.20777789587925,1.11547108390524,2.19001828857613,1.07519760540043,1.10765662751694,1.75635594512381,2.09825382770299,0.385315540467176,-0.0802037255878094
2.03585577057738,1.92164597391077,1.12705619083571,1.38215585050353,1.1238547182667,1.10584187966595,1.83492410759674,1.66722453090328,1.03426104698907,1.30474969397159
0.0324488145091537,1.92201509282501,2.48798903483087,1.52195102622364,2.00702215879689,0.967324889649813,0.138285351827678,1.60258877164046,0.84808973951819,1.46925272767674
-1.34707848796346,-1.80097042459044,-0.27364669596179,-2.10526564212002,-0.998027539041816,-1.91100877810668,-1.93834872250859,-0.469996008930844,-1.33996169519558,-2.19511057620122
1.8217309413021,0.737110400141336,2.7256002090075,1.54084227433829,1.3984060596069,0.471476119122679,1.64605719926734,1.28503153192681,1.90945253118309,1.4033542793649
1.48283680425875,1.62805620520089,2.26567326913862,1.91828607215916,2.19852415454132,0.756240803487486,2.3300674945518,2.44836600511645,1.58793349479467,1.80278560867417
2.04997137224894,0.987369652281095,1.90686000476583,0.969558986539932,3.14216955655169,2.58215085650473,2.72522554310098,2.53716157908494,1.00830639668234,1.56285847463301
-1.98757995075496,-2.3503317269407,-2.73754335998592,-2.71671222171156,-1.90315007404167,-3.0412847152704,-2.45307229156697,-2.17215989781891,-1.84481802046503,-2.24762566457883
-1.58353954671455,-3.13596584590815,-2.94110402106292,-2.44039423706024,-2.46727081360101,-2.17774039493596,-2.19361449068617,-2.44879455716962,-2.87476899479866,-1.94477350987482
2.61822636145343,2.29175146095524,3.05481831600339,1.96655534372952,2.17888002015749,2.24850567393001,2.93206542972001,2.93112206690623,2.70594795133443,2.08922533560632
-3.24495286216827,-3.11439999899592,-3.12133344371658,-3.37153559183447,-3.19258371551073,-3.54289602710382,-3.15596381845938,-3.42433078667927,-3.2083198448576,-3.72148149449527
