0.117529603366842,-0.259608231825282,0.301140405309485,-0.0274526191395967,0.0660349176536184,-0.567605138546209,0.0736517329011295,0.103342034106596,-0.12790444321443,-0.368021511648313
-0.0744343581790764,-0.127003679326954,0.653995309675612,-0.0223020168494603,0.151419606794231,-0.720745912776344,0.177155786086179,-0.194948673812004,-0.590622925769717,-0.403312799868459
0.528325539857727,0.194983526059439,0.307775969292308,0.205364431125893,0.302241625342867,0.0961743015184118,0.131162092505267,1.01892563639488,0.373324463328886,0.0464629358971289
-0.196298681236978,-0.00254240007589279,0.154247326831026,-0.42675847580533,-0.958874362951619,-0.681680825196808,0.0349610063989986,0.227798112493798,0.344692303086231,-0.301900477299481
0.631461759327727,0.00833243296277575,-0.151318158702864,0.249565112245517,0.231495818737545,0.531170928357348,0.547202670217694,0.758164674164765,-0.327442473429751,-0.753341039398119
-0.0391573251363206,0.319335844775907,0.428660486130297,-0.376260748605843,0.634997403456301,-0.314580572228591,0.867763981787447,0.0729978898421152,1.12433144752659,-0.275315135343712
-0.105001473453002,-0.747767218080652,0.763234459215541,0.668770628834642,0.227625688379007,0.114493662653646,0.505775986522394,1.11032500991069,-0.0669000600136898,0.307907861779339
0.8380332736341,-0.0311321767638937,0.188034595111291,1.12766778542084,0.340425852636307,0.523152504377167,0.036707471962003,1.04020076612523,0.209814342822522,0.0110039094469274
0.508358339608619,-0.97655892152165,0.582029220708476,1.00123897266835,0.000314462854443032,-0.598711856219452,0.164900262210653,0.281335388796107,-0.450167307879458,-0.757592003055244
0.698326583173328,-0.202771773161882,0.795912774316104,-0.317232104275165,0.238275088332695,-0.146007922320025,1.44730792495101,-0.819621633726467,0.280205309053001,-0.177051971927261
-0.574056593450024,-1.09053663600659,0.392481818647231,-0.079338123380885,-0.0910432820116989,0.552261795942524,1.05347145785431,1.1541772267872,0.726327693196084,0.0430105322387019
-1.0963827557812,-0.430274032926531,-0.0545722706227934,-0.508151188201715,-0.261106827445142,-1.41805303732183,-0.691819954499842,-0.439066967768137,-0.722478803241835,-0.477915614182654
-0.255302631832555,-0.348549648413302,0.332767260143032,-1.46392405632518,0.354894129793756,-1.57128625828414,-0.286035684173739,0.117845168632497,0.633137691816891,-0.816511602438069
0.0200305592170431,0.630387799497119,0.392879285613352,1.08408581079832,1.20973878403043,0.888228177613057,0.837504824436587,1.16378412203733,0.271607221966686,0.825894369287
0.414221877595721,0.935656421481216,-0.0174906220259363,0.183124725861075,1.07040583718731,0.954985917329526,1.2458092363845,0.733621971001442,0.710953499734242,1.11793893444787
-0.730586701759268,1.04211815699456,0.501446570516436,-0.774279590468675,0.795534694016973,-1.17943736730237,-0.155088506812219,1.18395312595737,-1.42571951439208,-0.00224837505980346
0.501956806833677,0.167255740855424,1.26281096445222,0.63655800503039,1.89206413412108,0.0614575580358832,1.18548347569739,0.663600998250023,0.556856512960869,0.461991768564171
-0.8184165196408,-1.21399451509498,-1.08394973958048,-1.14001785378242,-1.23829789572734,-0.704145399229284,-0.5660840180224,0.58147735959648,-0.759822624080762,-0.97532310457069
-0.961392046738807,-0.942411484840339,-0.393214079298572,-0.900543224251179,-0.544548848216694,-1.7539017529292,-0.819363570709337,-0.701648681545056,-0.967391217582648,-1.22233868226868
1.76460850086708,1.37304277287653,1.20663663998851,0.277256561840854,0.508301274752853,-0.150220899838888,0.838456363855738,1.42903486020848,-0.680039134308143,1.05052060599603
-1.26325144031846,-1.69429961713573,-0.743501220018589,-0.747794197306011,-0.464733963300103,-1.09343741189134,-1.02179930525425,-1.13926992035317,-0.942713082303711,-1.45614914995177
1.39951028484404,1.23764933209613,1.35490304164443,0.493777223433408,1.85790576247956,-0.172791819497233,2.15987983478057,0.522098655876053,0.311696610615909,1.08951721199772
0.977159309174478,0.854215322129422,0.920303654073577,1.13972955476383,1.76686764803705,0.981919443310397,1.64508970231637,1.28112020525184,1.44174018140647,1.26712420939193
-1.20249964212251,-1.29783385981783,-1.9099209009104,-1.81997399038505,-0.921626035322652,-0.733910670233266,-0.283786665721367,-1.29161043271702,-0.471024356192978,-1.62347635676822
-1.17005188805955,-1.1925090995067,-0.794755143058904,-0.733741971317303,-1.27146030214146,-1.28100487691977,-0.619656962917805,-1.46260531995471,-1.78584204927569,-1.87112575856001
-0.452220018672059,-0.228711815017707,-0.334035141899203,-1.14180186176719,-1.36266176357607,-2.28537115213867,-1.34023424346505,-1.07375109475492,-1.86257763188269,-1.240852635055
1.36836257186025,0.769607871351102,1.6238410052831,0.383790574717008,1.49672964518157,0.471011861721281,0.785785171652939,1.1860442077498,2.30744418337043,1.28863209373707
-1.77697721388635,-1.11647091947315,-1.46081704019453,-1.37958890211473,-0.549605604796027,-1.75832845300732,-0.773442689854076,-1.04958462519595,-1.49737861076417,-1.10051762977557
1.51123604023244,0.837721352833904,0.746556909438335,1.28262185955456,1.80150731165661,1.06889990323689,2.29951769398038,1.50269584955956,1.25299559184151,0.183556600971001
1.21539677256404,1.3845452959937,1.67050189739762,2.05247725366147,1.79608886748774,0.83793129335529,1.56032348142924,1.28490937291379,1.86452238445212,0.972928909821448
-2.5719619206034,-1.38940049006096,-1.10592242555861,-0.840156500286709,-0.938397664098529,-2.86680349005635,-1.1275769266114,-1.89478256691003,-2.37105690462939,-1.70633526889713
-1.88080796529312,-1.72519891476018,-0.59323648735501,-2.22844398682639,-1.53094920804286,-2.70814253877528,-1.91637365416886,-1.69867843624484,-1.68222595145621,-1.43993902914541
-1.62158711429754,-1.8313424015355,-1.7626309730846,-1.50947120853625,-1.74171686541956,-2.35321513332396,-1.73596820698701,-1.7985837751523,-1.9618777632456,-1.8788304049955
-0.828558988017058,-2.12800244441068,-1.40575341086969,-1.16777099402978,-1.92518882553233,-2.26366563899359,-1.53401517256386,-2.34445604365405,-2.57898596890078,-1.63063093537139
-1.73565590504227,-2.27117537605896,-1.50739172879977,-2.05202063213685,-0.887630616295273,-2.14337027245081,-2.82988422480409,-0.751458057021664,-1.90147030754971,-1.67197151562637
2.51894951527861,2.02334621981775,2.25557635945365,2.10649536644807,2.12358608225918,1.91639636683023,2.12258675760837,2.22733291131109,1.89070394887755,1.46309048438629
-2.12801440852713,-2.05832175268499,-2.19172347269429,-1.82247144986322,-2.29421232658616,-2.64299458364732,-1.83516934915649,-1.81820463735142,-1.77683746871756,-2.13215035700473
-2.10163664259771,-2.3480080384218,-1.91503606983419,-2.22262987544381,-1.81969154061575,-2.79865201507854,-1.09027743089358,-1.69630047487367,-2.24948722546833,-2.39653856489471
1.86250680806779,2.40357344519272,2.6569468249797,2.30747237658001,2.43087827220704,2.41098578663276,2.55449555715788,2.70400011418752,2.15076847501171,2.30002962476746
-3.08841462829116,-2.42230590543649,-2.04660414313275,-2.50018306071168,-2.2531386999551,-3.41008490983179,-2.6838518270098,-2.4310988402781,-2.7145106757518,-2.46994748669261
