0.117529603366842,-0.259608231825282,0.301140405309485,-0.0274526191395967,0.0660349176536184,-0.567605138546209,0.0736517329011295,0.103342034106596,-0.12790444321443,-0.368021511648313
0.309743205100259,-0.0461762454849292,0.781975684880855,0.304552692945397,0.97904952588735,-0.253073790255163,0.629567604299258,0.383471516178309,0.21447603487322,0.046985128457929
0.491385405778968,-0.779319507871757,-1.17683161473493,0.164621657244517,-0.324455753327851,-0.369392300194344,-0.0716421545422119,0.450285255766057,-0.452589161751429,-0.808722755162289
0.358029843867083,-0.408417755634806,0.582337540248116,0.901017059330082,-0.506763646216374,-0.246002138371781,1.26773542698482,-0.101655006333482,0.898229916253263,0.313528738867455
-0.542485019377832,-0.778721045821556,-0.804390247800457,-0.923713304762324,-0.427795558834517,-0.650757904389738,-0.105067466410119,-0.59413419930521,-0.299464399703704,-0.995748934208267
-0.510194559006856,0.257695556046193,-0.82984268450711,0.0593387765981029,-0.385900200861402,-0.855160172022195,0.741270627907059,1.22242109622549,1.0433033329602,-0.106721233548922
-0.519680175012718,-0.495750930987841,0.415145330364712,-0.755537838271052,-0.0356111826346932,-1.37104796116379,-0.987515107813668,-0.690083213848135,0.308144088452221,-0.661157786940437
-0.235952835912478,-1.09235954437049,0.127815894588899,0.367845557716757,0.269732303860825,-1.60829077251511,-0.565567832449229,-0.147051430570369,0.993933452535166,-0.21408140862643
0.275907810525537,0.430633632999381,-0.219345735992238,0.23387142267225,-0.199937660146916,-0.648841106878952,-0.225034049655621,1.27141679089103,-0.896459559595633,-1.80752588482616
1.62476948768789,0.83293748224744,0.856568504721014,0.890749234923082,0.373812599164798,-1.16193788079218,0.217048880772464,0.549992157046437,-0.393990436297961,0.121488852574268
-1.0776065122132,-0.543353830788605,-0.637868094670885,-0.645986902451861,0.835408651518232,-1.82427277652057,0.511419529253156,0.265231917876518,-0.145569529513085,0.617657477710557
1.05980766025728,-0.363457393841717,1.44799288375752,0.721101585237177,0.677278208554439,0.151413093654557,1.15828574258097,0.179082287769911,1.3296588222126,0.385703782336651
-0.20888895607673,-0.987662274832061,-1.5443699948436,0.0726215645415418,-0.510075820152507,-0.898863639419753,-1.09977400118835,-0.142177147083523,-1.65007548607659,-0.374455062924404
-1.12306586043219,-1.22241780884752,-0.390150339268808,-1.37614669401156,-1.11479695113848,-1.29467295830313,-0.394292810752551,0.0691340708213409,-0.300640719047563,-0.804428925745889
1.10156156857132,0.602332301321552,1.39335697997645,0.410822206884176,0.547498157842765,0.0565382708852354,1.6873922121228,1.11605876672888,-0.235686437677716,0.909555806509106
-1.22721615861828,-0.824504360943119,-0.40239101012456,-0.433804559713153,-0.436181373222455,-1.71720431430128,-0.526962596855133,-0.895720266401717,-1.24948067392191,-1.03717839027272
-1.22721615861828,-0.824504360943119,-0.40239101012456,-0.433804559713153,-0.436181373222455,-1.71720431430128,-0.526962596855133,-0.895720266401717,-1.24948067392191,-1.03717839027272
-1.09430598847842,-1.24708397581781,-0.687605304762596,-0.746465982060319,-0.183292651488236,-1.14734133013981,-1.3696873013265,-0.672242398125495,-1.04039891167238,-1.00253012962643
-1.0326392994174,-1.82145691363375,-0.248426983259737,-0.779295487404259,-0.475467145142003,-1.21017287380305,-0.644167873221316,-0.363303861616592,-0.212821145106459,-1.57973904979551
-1.09568007532302,-2.03030322961191,0.661725564630734,-0.191479053086349,-0.123243243072086,-1.16882470600608,-0.230220755489102,-1.3300926973859,-0.976000155602971,-0.703765622292822
-0.813073127731136,-1.39429892422319,-0.709700278170171,-1.24071843008345,-0.839908489070336,-1.59018276380935,0.527053124911128,-0.81165453903896,-1.37887602210717,-0.639967664774265
0.781453621821566,1.49967286363251,0.853204368976795,0.405105313061262,1.47309078634995,-0.0406391140530342,0.929004711734296,1.4045894605828,1.6262429979276,-0.195441160217794
0.75592300149035,-1.58714150951455,-1.20094565524792,-0.980560633286406,-0.916819319724691,-0.736083702429513,-0.239535580324518,1.29036225770732,-1.65994136262865,-0.326852518845268
0.86144283249911,0.789218160771724,2.26209080337701,0.607136096342506,0.710190717278871,0.33533078961118,2.06915932909493,0.55761111594098,1.10021597311386,0.478214008962964
0.87256953111329,0.141794842779421,1.35321072463489,2.40260198902491,1.67007945215879,0.679467765243432,0.863323616603511,0.865524652494435,0.941122854611786,0.408149000838022
-0.981844856395385,-1.25541394028921,-0.935415055659356,-1.30935662972355,-1.52115517238445,-1.71271261832824,-0.974500214712076,-1.02490611717599,-0.836428443457902,-1.94706416907707
1.09295122515038,1.66738796807928,1.77403917694435,0.73588464601648,1.67349397033179,0.849218978704273,0.855036579768233,1.83527174846635,0.790512901232667,1.4503920196697
-1.9591502681531,-1.45605224348702,0.0439189879782664,-1.17483138212871,-1.65033098595166,-2.09512185689346,-1.35336147086619,-0.893762582974789,-0.873220297063258,-0.629648457095378
1.10290001182622,0.806054053902579,1.03287670716536,1.82377515211547,1.60658240775907,0.612081026693723,1.85143420967224,2.4903461990443,1.81432527650343,1.0447894441099
-1.66481474059587,-1.52884868340755,-0.344421828649403,-2.13457722662128,-0.980011666752504,-2.6928223217918,-0.635292504736834,-0.763767442483022,0.0959750202912053,-2.08036179513843
-1.69452947964236,-1.87917751583627,-1.44182483520273,-1.73244033253453,-1.54398589516713,-2.29998177170393,-1.07293571928021,-1.29665172481858,-0.906826496610559,-1.50709419616297
2.07936997472703,1.72345052414184,1.62141402431919,1.07884615016568,2.33661009397423,1.30588312584461,1.42321839795005,1.84348948563024,0.965226785623971,0.851360932833733
1.89148032746857,0.495736454684205,1.119086752612,2.16077365339651,1.99197217285617,1.67404282747991,2.85069121625693,1.10364424245838,1.76858354505739,0.747205884099684
-1.40742457273197,-1.03781081707229,-1.57969893154642,-1.30111754027703,-2.11484206340291,-2.84372170543314,-1.10321606731203,-1.37806167318131,-2.34444738675491,-2.08451899859487
-1.40958215264257,-1.46436810868075,-2.24092521267541,-1.7607207283143,-2.45582848019088,-1.47576044889496,-2.45829231890971,-1.86040096495667,-2.67619652880893,-1.86199012965202
2.30705455573927,1.95181463124406,2.28858517142788,2.07308289012013,2.16826525562523,1.74841156561309,2.08653389683018,2.54526081937772,2.10683699418421,1.82334769625139
-2.02351152306205,-2.11520230007757,-1.75643311805673,-2.21123253159945,-2.43054670677598,-2.60876996599849,-1.92982061447692,-1.81855691082679,-1.87573305419108,-2.31908797860088
-2.47355356033417,-2.32906811650289,-1.86084291678364,-2.25192888779764,-2.08166293902275,-2.97695607206101,-2.29321109492634,-2.15198945095775,-2.40931860735512,-2.40709554704247
-2.55698790260279,-2.96108090860749,-2.20530739148154,-2.37175039234979,-2.18347650695023,-2.81464825934576,-2.45820077030354,-2.50209092725027,-2.51943574688605,-2.89621231492702
-2.7931901349647,-3.24951878806911,-2.58725264587213,-3.02386360976521,-2.39492483344781,-3.3396146896255,-3.36224323007847,-2.30818499558452,-2.99881435950905,-3.00412349776432
