-0.0793777236192683,0.046929311054592,0.0485359292771117,-0.176723520184578,0.278358120188463,-0.315142815196674,0.373755886052246,0.0201500830773736,-0.121694097437411,-0.239105363598545
0.199639608875657,-0.160146363835965,0.288174130692816,0.0978526734221159,0.145817435449741,-0.379001788016938,-0.0583532668036124,0.0947263785463877,0.0336336232678792,-0.431547154485994
0.226391025436078,-0.105722530648048,0.315236456741089,0.117504638618636,0.166444498156012,-0.326850774511724,0.144599093649824,0.371954101318665,-0.0297012816511841,-0.268426481516441
0.0967780641399481,-0.242287911324047,0.213032687977115,0.0432472128760613,0.0921870724134374,-0.463941406651861,0.0757226407871467,0.22673957986652,-0.0749629506752294,-0.430802719140203
-0.0409748415854071,-0.269790661599075,0.14058641895997,-0.00334568170751476,-0.0611185807325223,-0.513446357146911,0.0393516567499675,0.0947263785463877,-0.111333934712409,-0.525687207589048
0.122706774611647,-0.274179322646247,0.284836712315931,-0.0257469912492169,0.0385932320462343,-0.546875769009807,0.0744857611530969,0.148315760440438,-0.116960503896997,-0.393222148965723
0.264922947076199,-0.165490139553864,0.243303359260072,0.152735417332751,0.173494831735547,-0.595176821304684,0.112688662116906,0.338523691610733,-0.0965782496277604,-0.228361011552578
0.33534175366274,0.00587315062130767,0.291024231943659,0.100978086427246,0.342636745926966,-0.447520676379847,0.298094901639267,0.346077883215027,0.0928487139927516,-0.169482763973107
0.353791442697945,-0.108297043174566,0.39848252958611,0.0546940145934908,0.0785717365319143,-0.494400062137484,-0.0527714646942829,0.176080819477789,-0.0952168059659644,-0.428232291661978
-0.0851860782202339,-0.32545622815573,0.0621604578969645,0.0203987741860384,-0.0844251834067392,-0.627688550597025,-0.0232872602029523,0.17723462937147,-0.136844138794041,-0.523624501318421
0.179553430661447,-0.337701005897513,0.152481006356864,-0.109222377045673,-0.0892655600182535,-0.662051281040887,-0.0664371706848604,0.240725748522202,-0.169441625677097,-0.442376563231992
0.114721841844476,-0.358633646121892,-0.0580637813040991,-0.242001506417594,-0.328077250940421,-0.604274348167515,-0.215232383463487,0.0139975508645544,-0.230303512575756,-0.384519539337449
0.266418132997272,-0.38247996703327,0.159609192522213,-0.192027216988703,-0.0829457542081369,-0.632476362797288,0.0152931390520441,0.252503659374024,-0.235655916249107,-0.415927302905524
-0.148875913057814,-0.209294333391568,0.341616533402706,0.195440597087238,-0.00344272109671919,-0.712361937125871,-0.0716579291797115,0.336598820904627,0.288958388215022,-0.480588331818879
0.00740977602122303,-0.408173956292823,0.113659954741292,-0.221556485705048,-0.137568607797844,-0.786423434523094,-0.214917459647577,0.0471545530348187,-0.268781149954744,-0.442697619194447
0.0649569253678323,-0.383716154372717,-0.007898764802449,-0.356312937560709,-0.492779435444586,-0.612463136971207,-0.161768390447644,-0.0567238069855164,-0.321728804173239,-0.403953843510571
0.399587776543363,0.165202929753067,0.445266656585537,0.34977975230812,0.408643346587032,-0.319149218544408,0.295123572274588,0.539589952082935,0.119789303393842,-0.185545919232535
0.118140375400182,-0.522907801329765,0.0799615643280216,-0.218693312855605,-0.259337276923063,-0.656556164680216,-0.254878803460593,0.0349140666241397,-0.205998312538403,-0.517371686998842
0.031782243325467,0.0130526710326477,0.342425094292466,-0.0795819064006836,-0.0786262377395904,-0.683225645435832,0.374586864658002,0.0763246025213971,-0.49054773377439,-0.484944172844661
0.377791152736886,-0.0954342356944544,-0.122754905707457,0.0256918700239859,0.0584227406734826,-0.702519531071315,0.158627720881997,0.344697738877739,-0.300183760303597,-0.569896579412431
0.263534616395221,0.26475109323281,0.350280389437413,0.0633004822156621,0.510324173936695,-0.0393295195813982,0.742482413877443,0.311968738627139,0.217768420242928,0.0689254394817633
0.266252977935087,-0.124255413987956,0.55326844443542,0.0927193483584566,0.301051556533269,-0.764417328771934,0.110103258270817,0.256161579947134,-0.231098204621602,-0.157393024897455
0.142404132470739,-0.494343350945384,0.193554861319843,-0.134047165488108,-0.159125354899325,-0.490809718824654,-0.255033356229801,0.0852789463676393,-0.36092640200332,-0.66809326778973
0.119096985027517,-0.248093896735165,0.243296415447727,-0.278319548473048,-0.0660999123516622,-0.522976343757656,-0.175768893078061,0.112844906211558,-0.391614354983937,-0.752626241753833
0.00772559707701282,-0.31515307119273,0.0832569144372615,-0.278133571985105,-0.289698106461996,-0.810903904548119,-0.209716939595572,0.0831581533948547,-0.28449700725476,-0.536757025135041
-0.0427140294701423,-0.199094604454039,0.229401895817987,-0.353218067603494,-0.408225918979261,-0.571959012543024,-0.0736257306012024,0.0147378499325733,-0.170352867672315,-0.852614778550358
0.0622322845767198,-0.628106172504901,0.0983616033370576,-0.163684997692381,-0.273701351768693,-0.58492447191487,-0.304943995134223,0.177466049693357,-0.389174388092252,-0.591111885440969
0.319934676908145,-0.277854224923349,0.144133063931715,-0.0790355658520172,0.157926901068885,-0.738204883198122,0.229113216288195,0.435695471915957,0.18962594779399,-0.748668078877141
-0.220753314822561,-0.528729426093176,-0.123771345504781,-0.292655239706342,-0.185714923466302,-0.703581132398315,-0.212401029642485,-0.175284675228316,-0.421412614573471,-0.669244653423509
-0.0697243195103998,-0.383245958253583,-0.077143804237938,-0.330505470805351,-0.0703615622818211,-0.799853595861941,-0.10432218762586,-0.264428766421373,-0.42511298202009,-0.768768774255872
-0.184126984758757,-0.201377975810527,0.206543121262459,-0.264510108691101,-0.199113448900701,-0.859682517144743,0.0743874118297674,-0.0716327538215552,-0.798436353290875,-0.527156193401812
0.398630391332554,0.0554797549402502,0.700105988005062,0.571585815248819,0.341774829094544,-0.0749894548357696,0.460306785854832,0.784436976656197,0.0595932292218214,0.195015150821546
0.504355080844232,0.243363732487834,0.754588521698583,0.307821400881572,0.462269726740947,-0.261702490682295,0.238411004236179,0.769757058372772,0.236066352978238,0.0880033528532956
-0.166476405707766,-0.268983946329403,0.133392294857891,-0.476126910211893,-0.50723581996936,-0.658894535363599,-0.176302664961305,-0.1585294768001,-0.329545257499533,-0.979347451817685
-0.0214555317626239,-0.628473398099936,0.0047725630624883,-0.474254931485033,-0.253118614221849,-0.763667079497897,-0.282571239979418,-0.0555370635643665,-0.609616155163955,-0.958262189964039
0.491039632256646,0.226740124220421,0.844812766375207,0.675310473428923,0.462786930304665,-0.0214705894357161,0.521761207159031,0.830133854036243,0.120522399061882,0.236703530185799
-0.130085827990627,-0.572126299975489,0.0947815639625783,-0.474254931485033,-0.222654029301819,-0.803046017391686,-0.271729576102886,-0.0390634297833313,-0.600350522718357,-1.03464125644212
0.820598974536515,0.320070829105181,0.914892364713673,0.637747499843417,0.577564784142102,0.036460513576994,0.641647349327261,0.653271290847489,0.439941115124209,0.212928344802045
-0.52735616749622,-0.71241059110412,-0.396811372284356,-0.41522063732909,-0.38319002696129,-0.890484828620547,-0.628171263092721,-0.4253782393841,-0.728682673412096,-0.812868540277888
-0.510798681821891,-0.884780379541717,-0.358218411942106,-0.421742266847681,-0.391306579566896,-1.01650378045159,-0.498885186521708,-0.430278775011541,-0.631781548938781,-0.998994587112596
