0.0475838557548403,0.0815144041243191,0.180683518260459,-0.00959972177659668,0.133307710463254,-0.316059331722756,0.286180401469332,0.154483514649293,-0.132677746524355,-0.240038689895349
0.175950167513415,-0.0253710402343407,0.198406127405432,0.032374763670896,0.172663791337332,-0.357653314625878,0.163591908376885,0.100792899134284,-0.0699847535501132,-0.286824646170695
0.122322434600084,0.104055134525979,0.280674015269613,-0.0700526375607732,0.245742138973892,-0.312330369154893,0.1630854175308,0.239238840111557,-0.133251197945427,-0.164626528691324
0.109044451772389,-0.097574466291907,0.19562361484753,-0.136382247879366,0.14435925323673,-0.450065511867312,0.185082780404363,0.118183171817719,-0.0616243387180281,-0.262006027885648
-0.0793777236192683,0.046929311054592,0.0485359292771117,-0.176723520184578,0.278358120188463,-0.315142815196674,0.373755886052246,0.0201500830773736,-0.121694097437411,-0.239105363598545
0.0216645254961893,-0.113625005795828,0.166686320796521,-0.101235255716897,0.158475676117349,-0.431009292103241,0.224120823602672,0.0842329217589058,-0.119327300667204,-0.316163756282134
0.00225409300762439,-0.135877817407784,0.0544475219083646,-0.100462484550968,0.0589263472831459,-0.440998947422061,0.0342594690616247,0.00771439933806792,-0.267763599175516,-0.368185592916257
0.120192195932096,-0.129167916157106,0.229674718680151,-0.0954365193763993,0.117673557091121,-0.446401758183021,0.144730934280527,0.0586750209734598,-0.0487903207012534,-0.34190508815554
-0.0349401174009153,-0.140429233783487,0.132972107977831,-0.0501900541700236,0.156452715514506,-0.497263204510999,0.270186910944556,-0.0177704042263206,-0.155198786978798,-0.278492949380558
0.0935202046890016,-0.167775327989339,0.104072560899662,-0.18437536858664,0.0977061829901629,-0.473809588996981,0.194524512552145,0.136326871225699,-0.178675006843259,-0.327516333252034
0.0628025817584352,-0.00950113370112451,0.219978604269197,0.040237667472472,0.294743260755121,-0.464951808402735,0.296445404230783,0.210806876600159,-0.127368318461563,-0.144385760950028
0.0234849772169177,0.0706996109948778,0.26819424071187,-0.184282251667032,0.0201494436064957,-0.340986811305747,0.310970299359489,0.0781327845902412,0.0512151762222575,-0.447240741685891
0.0315606141769451,-0.157899743638196,0.126519120454449,-0.104318530002438,0.204793762521599,-0.512687760394006,0.167684064340147,-0.00629949738735383,-0.189097791955743,-0.33728348343355
-0.100532880709192,-0.212477808563172,0.0620288578359406,-0.105556631162759,-0.0462663671496661,-0.524599678388537,0.159449823815945,0.0169837131252462,-0.1607129622686,-0.39543963635949
0.0824348497067515,-0.154069847972558,0.10075194680624,-0.229706779279556,0.206018274872521,-0.447921172875352,0.261513129855628,-0.0101930758795803,-0.198772695867137,-0.340705075456488
0.0686021086603399,-0.103350740346294,0.157763009839237,-0.176637414837304,0.0759008257960859,-0.456225001826328,0.102480840450417,-0.00316926539175065,-0.216040174671026,-0.473644649988218
0.0544414592600188,0.055492105332773,0.226139328849522,-0.012091213326789,0.31062762359156,-0.390038564679477,0.301566619367231,0.156595855844454,-0.151229470375781,-0.36404768662871
0.0115538390481558,-0.0572349561527362,0.264534131791367,-0.191175849179639,-0.0421180083388381,-0.35552623609539,0.244511706163342,0.0175953130005697,-0.173409444262763,-0.558326108668858
-0.0610458765447053,-0.0760826466997234,0.138968912547549,-0.264970793894036,-0.0649338993953994,-0.443550913869849,0.150065077725522,0.0174439665049734,-0.146023482554863,-0.545860071074452
-0.0610458765447053,-0.0760826466997234,0.138968912547549,-0.264970793894036,-0.0649338993953994,-0.443550913869849,0.150065077725522,0.0174439665049734,-0.146023482554863,-0.545860071074452
0.0468058075998248,-0.166285443969257,0.0627962482058089,-0.136153289472542,0.112718708767815,-0.591895294429988,0.085541520343676,0.00654035970248981,-0.215293058539295,-0.418199681391884
0.11849939330809,0.0283812118735288,0.228102418759059,0.150023418283864,0.283937846190569,-0.434397854168877,0.393123654755188,0.307970795242175,0.0223562656521612,-0.188216574011611
0.0565209110073295,-0.0525695000308275,0.242065198108113,-0.204180259539746,0.148103597971297,-0.447701949536915,0.298886312615087,0.0422719952407093,-0.385250561690063,-0.297660693030093
0.104417470774492,0.0448734814853112,0.284812100072901,-0.0360416218925822,0.464442681252772,-0.33803340859605,0.335788369565312,0.33592732060102,-0.0214067764505227,-0.174521565149925
-0.0856176959883196,-0.106901187133648,0.162974933517133,-0.236281534435546,-0.00464100090621442,-0.494933657560285,0.0933873022148552,0.0543016956703949,-0.239092806393417,-0.527845298961319
0.212488678612482,0.145146521771213,0.401562225487848,0.065548940348497,0.370313923464705,-0.288422652939485,0.306083445144213,0.394953570725073,0.0571861277704134,-0.0755510053726246
0.270432157471878,0.133238837675557,0.261824788039708,0.0826620190406856,0.346359007380827,-0.291677809980479,0.462721674488191,0.289560243438615,0.111092818408565,-0.189683792765299
0.271494781706897,-0.115462456934379,0.23631031896237,-0.0577502421197659,0.341416672364374,-0.400660261645349,0.390661563474156,0.280133010702374,0.0794825387422405,-0.378830836951189
-0.0403131984184241,-0.235039783229242,-0.0419416746331548,-0.247887128815721,-0.0559779595079609,-0.622719336087223,0.0599709947645608,0.0354711541663593,-0.256021510472442,-0.520576211123819
-0.125213889692817,-0.200681253445187,0.121082988340224,-0.278609782767418,-0.140369812276261,-0.45564911728336,0.0777741167599145,-0.074520471422907,-0.247689729005025,-0.637681787334063
0.205830954318689,0.136834717637507,0.446674347826159,0.249293476622173,0.370572525246564,-0.168306702316195,0.447758546605639,0.425141968556808,-0.000585849187764331,-0.00120091670637311
0.089596907501331,-0.228874685731223,-0.0666017867332076,-0.201844040059718,0.188556711812106,-0.616717584726083,0.216903697408598,0.135341366233935,-0.093143432700299,-0.553656011776364
0.317517135421559,-0.00979888973234981,0.188379204033736,0.0130052132510741,0.304927520490607,-0.494861162297862,0.47675780341655,0.34503323114558,0.173193213726845,-0.353001964968471
-0.102904251979897,-0.401851263881479,0.0136794757685633,-0.207519680869286,-0.0887048429180169,-0.606464303965212,-0.093219069043831,-0.00500175402364564,-0.417451712474609,-0.484722268794035
-0.116167030521476,-0.23506319655196,0.106468440606995,-0.400852476890525,0.0254405616913965,-0.476322415896329,0.0466648727298973,-0.0402053863333204,-0.404583220293514,-0.638315945126331
-0.257414941379458,-0.308669334049362,-0.10267748465858,-0.287273259723167,-0.0886188890491501,-0.611533244948913,0.00931511262398659,-0.13980042796524,-0.31375267485203,-0.579634944370917
0.418655939776127,0.159030612412048,0.539532145989862,0.158487616642018,0.364093695989834,-0.145318079863692,0.432832716909922,0.432779516453011,0.209400029708155,0.0415809014584518
-0.247013754820276,-0.138840401765171,0.0614822965993951,-0.310053915900235,-0.0949484779049612,-0.603020467774755,0.0140384164999218,0.00283369548444599,-0.284090543698847,-0.693789065157292
-0.215745257029221,-0.195558171399028,-0.00400264956592683,-0.33957445911671,-0.270153580503965,-0.603338909943567,0.0779646464636685,-0.133406934602751,-0.289017817789689,-0.777701095413572
-0.41071086476234,-0.477366618325672,-0.265787986894627,-0.346570171622638,-0.142766142904207,-0.715132962518411,-0.135616005337368,-0.282035529880106,-0.499161818291136,-0.750542414540317
