0.0851814211448866,-0.0626315130747536,0.059347457715801,0.0575092822695067,0.101190226379882,-0.207923286165492,0.127957201233136,0.148035631038966,-0.132373678953552,-0.113241415405077
0.175926720351283,0.00332853005255435,0.103877335117311,0.00509382151514044,0.106611991834142,-0.22490018924074,0.126690692369688,0.086435038173768,-0.0542320519498701,-0.150537177486792
0.135008132233003,0.0380294948852414,0.131304572315766,0.1119546861592,0.180808341845998,-0.0670108349724651,0.195118930166509,0.121183251036477,-0.01363826776451,-0.130387377895002
-0.0173955949005496,-0.00641598587633702,0.120011415948655,-0.0012988548840397,-0.0434370208749413,-0.226947331550215,0.117100145938779,0.0121924397884298,-0.18301198356179,-0.212516253562377
0.118899944449503,-0.023348336039338,0.029589119610985,-0.0109020374127198,0.286412321521953,-0.167123154497078,0.0933162677446251,0.02946226359162,-0.0635389474762202,-0.149725442298671
-8.70186067952888e-05,-0.0580307053921988,0.00881565715714547,-0.0341705504086184,0.172392387059119,-0.244419896598709,0.149977044175632,0.0865377571646941,-0.122910919625952,-0.167198438335558
-0.0117065186692922,-0.0248601229832376,0.0585881301526405,-0.0124914201989669,0.0682858489178201,-0.247016308228632,0.114869501632872,0.010643620254071,-0.142086525483001,-0.253782446506131
-0.0117065186692922,-0.0248601229832376,0.0585881301526405,-0.0124914201989669,0.0682858489178201,-0.247016308228632,0.114869501632872,0.010643620254071,-0.142086525483001,-0.253782446506131
0.15254071284747,0.0329799043272281,0.0892957133184037,0.126082051916646,0.185181172232734,-0.170526079932179,0.219492225932255,0.152677682326821,-0.00998333628634247,-0.0857633277869648
0.01120130516587,-0.164331760684484,-0.130661695742747,0.0242928205043075,-0.0675361024477679,-0.201809357718896,0.14890568182633,0.0451627344399131,-0.182458149570594,-0.214091596545086
0.0011443134408286,-0.0715310690595898,-0.136848562925831,0.0550801177626573,0.123599799378554,-0.179230706971501,0.133386155233984,0.0863310306388992,-0.198298785525897,-0.246134708172142
0.0123772705374086,-0.0637916538054197,0.0922615793813372,0.0145366012852165,0.08503247563132,-0.312747724650123,0.152230558005774,0.0919587569064046,-0.170727633687547,-0.190940349105013
0.137441187414787,0.0834118084170052,0.209329745141598,0.0714875115060938,0.162834393146075,-0.106757015402141,0.188031058674857,0.187278927786822,-0.0677436869328859,-0.16709147347599
-0.0207461833650645,-0.12989847246035,-0.0643489210795458,-0.0897948687199244,0.0182824395973765,-0.309246920857865,0.082352206970155,0.056210222521425,-0.20726328501038,-0.223795471498524
0.205578741203335,0.0233301195481166,0.209503910389334,0.146605600466095,0.216007279230184,-0.108402414663792,0.233378444290072,0.0964378580970153,0.035415747138459,-0.0542481732816353
0.0940667320545259,-0.134486435934738,0.0405430944339956,-0.0729901334655683,0.139981839574069,-0.242903931164464,0.144402928067322,0.078758016778481,-0.223985199850802,-0.236480257111314
0.113699713410418,0.142561208646393,0.227410248357088,0.143661261184286,0.180629266802762,-0.174531043531517,0.217228856419667,0.128867194162648,-0.102433921847421,-0.134288363788108
0.0183495924710706,-0.147906873793154,0.171629118201886,-0.0223024185353492,0.101243196547087,-0.285007191832276,0.0428783975709275,0.115741128838016,-0.233519504367769,-0.218292178958446
-0.0426303896371055,-0.0825117046529528,0.0994291681280463,0.0855468433803362,0.0326682646902131,-0.315337496566872,0.112144855801579,0.0565417088589515,-0.219183613969064,-0.273301296165822
-0.0353381521265503,-0.192472316958687,-0.086525862821627,-0.0748621519749834,-0.0562978389776656,-0.289253192798759,0.0943679497935964,0.0452113919383352,-0.244889398061368,-0.250936483418095
0.181172011083804,0.170091200272924,0.200257081802398,0.131202719842415,0.263877604531008,-0.0774335804818578,0.200725341829519,0.191867874570312,-0.0400407452727306,-0.0765103544178784
-0.104504378509865,-0.153118562470371,0.0291207453548627,-0.0614111373968454,0.0385258235400009,-0.295146232986227,0.0492519385815225,0.0476544346922814,-0.243482846821159,-0.302828429806827
-0.0335057429200611,-0.144228595959667,-0.105513535130757,-0.145188534767932,-0.0840240416434862,-0.356523872904948,-0.0304479977460687,-0.0553293284430947,-0.174078241396916,-0.327999565235563
0.212916182080984,-0.00052794287890108,0.0807810833949547,0.129804319659244,0.0800946528205917,-0.233496231605823,0.347927869847198,0.145987317525365,-0.174356132514165,-0.181088839361211
0.271431513223612,0.131421998724129,0.201630230022006,0.194230013483852,0.198153770866698,-0.099965595444756,0.235634750799885,0.262243326201867,0.0731317340084722,0.0229517289530965
-0.044338408143486,-0.163351718201558,0.0188315827319964,0.0634586734994599,0.0515340225195026,-0.403412720250875,0.0113988139919714,0.139311235899335,-0.288872082889779,-0.224193264916424
0.219173016848661,0.113635470447547,0.224849884786157,0.187217584273116,0.254505680452163,-0.135997916009092,0.248000735881191,0.24661826841689,-0.0153588956823838,-0.0392671144726494
0.222252941166871,0.111148953801245,0.227273862143022,0.172566869207992,0.273468345817141,-0.0566357766127618,0.27363925820699,0.239733550234851,0.0544689701774131,0.00780839945624555
0.173232737834675,0.0367493767743994,0.129135168907579,0.235253099449828,0.235767817817811,-0.18640348471293,0.237459071247804,0.326683890929134,0.0987636563865488,-0.112220002179645
0.190543462578671,0.131675662252508,0.197731754722059,0.214555605230988,0.303013979015236,-0.0685560943506886,0.328298761778108,0.240368419206503,0.0566967237848304,-0.00910946989976315
-0.0943147554786959,-0.176083102295985,-0.148870761395462,-0.0581847654480286,-0.0156225615861743,-0.45975856000591,-0.0619682278531283,-0.002925103258475,-0.255102569523126,-0.296874456679194
0.239790191729991,0.152687612532001,0.326079125001522,0.277377462902367,0.208703298387776,-0.040984527772352,0.349096296458133,0.160499029851953,0.0336247345814446,0.0266597231176626
-0.129466908399922,-0.193370949679013,-0.163443017012481,-0.144962656557447,-0.10052825993626,-0.371196087855344,-0.0486718684923266,-0.0918951602651763,-0.262059055628249,-0.367929535451195
-0.0568942570737496,-0.189530611931839,-0.115909808781703,-0.135250492878841,-0.0652658719809956,-0.387500839704515,0.0190347833539863,-0.12176803180675,-0.379874996760102,-0.331052988867774
0.27247879744127,0.17330010741472,0.259937754472849,0.219436441245737,0.299860957544886,-0.0353479523541262,0.334442239998493,0.301992639465726,0.0729087543789053,0.0232856885377482
-0.124946615763131,-0.210698738120045,-0.0937878872991501,-0.125159469767695,-0.0808731075787449,-0.391329505301621,-0.0492391746390887,-0.0908482225579699,-0.313454617330078,-0.411256021852739
0.248709766861331,0.196095473455505,0.30601791754791,0.214126643460105,0.281053131224213,-0.101657906239821,0.360743509656409,0.333132302210303,0.104940165991093,0.0921904079721211
-0.166291722849137,-0.258342493576489,-0.190596539581225,-0.220594332847999,-0.145645470384391,-0.473468458552661,-0.13119197789246,-0.101990176628545,-0.33452543006982,-0.388481506059756
0.319905372025527,0.249596170361233,0.371463684117047,0.317077953778637,0.364802284743792,0.0363127264021313,0.389839954253793,0.359971092815993,0.145790556947829,0.111458911460054
-0.212684763019575,-0.321837052114861,-0.256287500734056,-0.281733448374435,-0.173656140057134,-0.501185500512376,-0.109586372684356,-0.135728357133086,-0.399201864664891,-0.415734051153034
