0.0306774535766627,-0.0224406258324347,0.0302626372837801,-0.0645872956422506,-0.000370535376186067,-0.102125914239258,0.0589446743114323,0.0151666179993759,-0.106880820231911,-0.101368162402872
0.0775982913229361,-0.00848163526994426,0.100579762747932,-0.0354091995548935,0.063258977440904,-0.124145414205291,0.10019169242135,0.0506238203369902,-0.0384404810056721,-0.0750779977357656
0.0593103144166931,-0.0154434113390855,0.00543796333548968,-0.0558025083037649,0.07372878739749,-0.173033132467702,0.0235605585113609,0.0466343408695716,-0.112803118097184,-0.0991687254379438
0.0852094874557043,-0.0538125133300455,0.0848740727453157,-0.0733945867290239,0.0614152024544536,-0.128435359536584,0.136850546395109,0.0118765186865203,-0.0500212031983865,-0.0887961992924193
0.0106123379443855,-0.00429328117952839,0.104630974400221,-0.00525699668690529,-0.0278553896088735,-0.199431990464112,0.0610434868004113,0.0883909370802393,-0.0710550020768003,-0.0837456876100444
0.0185068290851083,-0.0102037703103306,0.155829721985453,-0.0462109799799392,0.0753412477136485,-0.0272510414041809,0.0443687020565875,0.116819656337832,-0.110293966575866,-0.144491104367459
0.0544790110437353,-0.094652026701062,0.134375370996257,-0.0292378144386548,0.110590231338867,-0.0355515124017456,0.0982417832718548,0.162218224151766,0.0579290141290769,0.0317817681726595
0.00782227690875133,-0.0395853375447826,0.0444211164671826,-0.00165476631610774,0.146750784672858,-0.0707246237447181,0.0317937331105326,-0.0235262186144318,-0.193967279939781,-0.125755028947053
0.0739803735099032,-0.0177644347126213,0.126057469567199,-0.0904522939577423,0.0316662423702225,-0.131728133162339,0.160569300005292,0.0399766082792115,-0.100381799137269,-0.0295796022489858
-0.0244468080341738,-0.0488950673873051,0.0649999173318154,-0.0706208726927872,0.0400662660895656,-0.213564899028344,0.0842700176681836,0.0359014075958454,-0.141792844882818,-0.0842321130479554
0.00779641404646077,-0.0774129635490272,0.00186592328998533,-0.0324125435419841,-0.0488306325142128,-0.217892236285172,0.118168988018834,-0.0294342202233908,-0.0567560627695997,-0.141637629949776
0.0401491999481662,-0.0127548888849924,0.0757504871076349,0.0192931223811722,0.0131524018715078,-0.216370692688502,0.0434515729082004,0.0926872079171528,-0.0555681068640071,-0.166865892213625
0.108280537821113,0.0456228910247932,0.135888386140889,0.0711560649253602,0.132160687106482,-0.0728870074382442,0.142434915152552,0.12663864767146,0.00313469134906559,-0.0119536742622332
0.0257881747965905,-0.128431360674466,-0.0470372962154371,-0.0306432576116119,0.11680352183513,-0.204241288289408,0.0438948386001989,0.0495409847487486,-0.0551237157376023,-0.136183956224622
0.20139343429391,-0.0179349099163075,0.0683782119727923,0.0792003173822771,-0.0969186286285902,-0.149776701688715,-0.0198362295236819,0.0385889038533785,-0.0947306554998787,-0.100719083927594
0.134024012499781,-0.0341849849202359,0.0324141449713397,-0.0699883218372277,-0.10524046066199,-0.141602005528522,0.0576844348659377,-0.00697152934258824,-0.167226901371943,-0.176591757211467
0.093783044606782,0.0784750674213505,-0.0339619838518152,-0.0329266797199738,0.0953328921773982,-0.119866780860897,0.0202190145270948,0.0976740384121047,-0.210574252752304,-0.164202472224165
0.140714757953768,0.0768793651005899,0.152053827723715,0.0505000583512531,0.133210562994186,-0.0629336026703406,0.158594713176254,0.154147264618157,0.0111561334304397,-0.00189441610675697
0.106979143579075,0.0645139727771159,0.206873573933241,0.0854756522798053,0.109169363219644,-0.0429058542298688,0.145872398790425,0.0900521423805221,0.0765842739664864,0.100518909708207
-0.032116444594478,-0.166792314145846,-0.0165835982745485,-0.0568065588483848,-0.0991336468910132,-0.180914015708918,0.0141659450638475,-0.0540417565215212,-0.217859359811892,0.0266449529021599
0.0568788793555147,0.131308338265698,0.035936414029941,-0.0386268010250377,-0.122308631291317,-0.233218775531669,0.10925107105244,0.0768768207779844,-0.112049004354468,-0.0676685995445991
0.0376741399502046,-0.0445222866485144,0.12740715403076,-0.180036799969052,0.110759136625476,-0.124067392267219,0.159447943348806,-0.115813607822132,-0.117596111396461,-0.0534480197236671
0.116842984754492,0.00636842521755257,0.139592484952661,0.0792231465706612,0.221413097416394,-0.123286838566598,0.0298617557388341,0.180534781953377,0.0229149760330081,0.0128525586060246
0.120374327983878,0.0572924621329426,0.12345001037773,0.0240479029396621,0.0806605659638369,0.00735285967281154,0.190469857665142,0.248151448009495,-0.0792415056648583,-0.00996345026431891
0.254346886719459,0.0123500575584233,0.123793232091474,0.086999524515749,0.0681664851981749,-0.017237761404704,0.221590784971473,0.0456329324051269,0.0187191301922305,-0.0415372200863701
0.153828272828791,0.0811749461488372,0.179932655788594,0.0670708376319629,0.175162693986083,-0.0871077157294308,0.206295278108084,0.12224870759925,-0.0901188080782807,0.0096701357638664
-0.0372172246219771,-0.109656894279939,0.0289943216867484,-0.16665036807623,-0.0194703966681179,-0.246860008218599,-0.02711636027016,-0.0205003995936636,-0.19655422209526,-0.172522670522867
0.130608633182099,0.200862514135109,0.114456014596967,0.0633128206521409,0.0947666266997052,-0.0949157361074256,0.273554553136593,0.0745616991963171,0.0341944017089392,-0.00230130180765692
-0.0860800244618117,-0.177106375961323,-0.0680360394648021,-0.103969778313958,-0.111184693514508,-0.253354647698615,-0.0613509091221473,-0.136062115459981,-0.138920806134317,-0.142240793067564
-0.0447630579773365,-0.156665390030264,-0.0320808308011017,-0.0910967949234716,-0.149015349573085,-0.292715257944943,0.0241295316936943,-0.13199656793569,-0.164749268894617,-0.122774100108576
-0.157825166607041,-0.143502428684546,-0.000902812883348328,-0.172690255843267,-0.0897525363332711,-0.167940472062478,-0.117665990316805,-0.0758949477575847,-0.193131390666296,-0.194316678979762
0.224750643028001,0.0835562616680678,0.160957411410526,0.0866079289376796,0.198118685284664,-0.0230627372213853,0.203053751667747,0.178893470288484,0.0634877660550495,-0.0108287071357313
0.0120314625996847,-0.139182830425776,-0.0637070868707306,-0.0629423033419465,-0.144651421131932,-0.264870585257609,-0.0272902354805066,-0.142937102777524,-0.216233001504284,-0.163363816030702
-0.0938096136002472,-0.0612172241553468,-0.0860671576849562,-0.15640474095686,-0.108391059275727,-0.291161831063455,-0.0935036457080811,-0.0817748778079044,-0.19373516039438,-0.20821455017307
0.189812772296295,0.167731504297924,0.213069246215234,0.156600795344996,0.203564225152557,0.0329297652995996,0.256881432320738,0.270549787071716,0.0951178087247608,0.1250675222002
-0.103826429368492,-0.242848430154242,-0.104161844078881,-0.262430503553221,-0.127620714369743,-0.317471276360781,-0.0521853704290875,-0.177159398137676,-0.239057120022583,-0.277832116116616
-0.101444888245883,-0.180402187441457,-0.175885187742909,-0.166126611922694,-0.181385299912128,-0.349065210125638,-0.0948100681969319,-0.162904507639435,-0.282991966507631,-0.283038825622668
-0.146895655739277,-0.163010872282694,-0.103718098378968,-0.205653452070899,-0.133484619071409,-0.341324279995241,-0.120007484634382,-0.161346621414084,-0.332997922149886,-0.314745797050614
-0.211835428556812,-0.195057678727509,-0.107235516096959,-0.264159247854975,-0.144220512367362,-0.314968407370186,-0.205432665985182,-0.128404924653195,-0.308196731341894,-0.260068302222961
0.295639111837075,0.232493650681071,0.288834649262188,0.164988674937956,0.270397124070386,0.104993851595006,0.264362697664784,0.285739858058683,0.192585465349623,0.100368890996149
