0.0239580783207657,-0.0148345488395597,0.0651014302832727,-0.0330290630893949,0.0264612503903451,-0.0582489208150577,0.104090000096799,-0.0541115904195123,-0.000988580114856898,0.0147970436468617
0.0296857025415901,-0.0162161530991366,0.0590539962394901,-0.0278380748599671,0.016426091819003,-0.108748612139469,0.0776440618533076,-9.23387306239476e-05,-0.0411065218314079,-0.0596599918306935
0.0798707331490769,-8.84319487162999e-05,0.118048754201485,0.0471431267441647,0.0435387228605425,-0.0364526941150626,0.10072013468774,0.0164992243509695,-0.0195490248981223,0.00216720110739561
0.0671015956286222,0.0289054451965926,0.0933836860163899,0.00648884338098892,0.0640290476392653,-0.0464234976424435,0.131001526706442,0.0443733060580168,-0.00343504293421598,0.0133233617727627
-0.0903991092071535,0.0846197073349871,0.104617886310048,0.0727783456108102,-0.0442535745586096,-0.062069181781329,-0.0120026727662693,0.0191981170365366,-0.0413846410500706,0.0304841055856571
0.126646666025826,0.038689976376045,0.0801134773174083,0.017100105920246,0.0574493451121821,-0.0502186886473152,0.10362179128768,0.025997371179174,0.0169527417130647,0.0193459114928087
-0.0097193033709853,-0.0636424713800021,-0.00723459333520893,-0.0997916830226695,-0.0322690431895048,-0.145202651777598,0.0354449581433706,0.0142379604957968,-0.0500694849236817,-0.0554847397669501
-0.0187282965471242,-0.0209644594221569,0.134302785376603,8.50616554109174e-05,0.129861217682731,-0.0346652837070815,0.050301815643497,0.0635628419560634,-0.0147202248322382,0.0496444166877885
0.080802804751608,0.0664560638812514,0.0880416165060088,0.0226307966090127,0.058830363490296,-0.0017628274577125,0.13557521504874,0.0636988255656925,-0.00182659170129906,0.0488414190308365
0.133130049404717,-0.0211635418176927,0.02747030672302,-0.0500494161426594,0.0582833981246286,-0.036251921766825,0.113387025170884,0.0472434564115144,0.0378936579099228,-0.109418542764658
0.135617614392555,-0.00708129565801609,0.110947792313072,-0.0902765343977644,0.00227758525219759,0.0176379842138131,0.0971851423832839,-0.0814312995474565,0.0311663552922475,0.0380503779931766
0.0575882270579176,0.0698572008905697,0.147357520660373,-0.0125912288108375,0.0323266314542802,-0.018475084600921,0.0850907184415364,0.0593163709024161,-0.0678358914980586,-0.105307713411108
-0.00243919636032486,-0.113945006659854,-0.0312367713175852,-0.122759756407044,-0.0108332714769425,-0.0931220473493985,0.0758410640456344,-0.112070972113726,-0.0466376949997191,-0.0397395795039312
0.0744932760166766,0.0103999644501017,0.0964533671766043,-0.0426738156996008,0.0624605304737067,-0.000388473698815797,0.19804431085854,0.0442351074685879,-0.060285774114371,-0.00652050090976375
0.102650651102974,0.0118172380731657,0.123929928448306,0.0158288700869211,0.0437281103911159,-0.00486317622059505,0.168886756794947,0.0696026145328838,0.0557491828304909,0.0707121734676532
0.0551734238208766,0.0216338617589548,0.0175743903880775,-0.128303271190448,-0.0952623787850211,-0.161616437240186,0.0183412182022285,-0.0592832019062772,-0.0539248901401769,-0.0948558994216215
0.0303384636588978,-0.0754359957984555,-0.0447270682494394,-0.0728443549014567,0.0123799576261812,-0.11007137002141,-0.0239510913405021,-0.00225188744244505,-0.169346948263087,-0.1315936891152
0.0371679265297024,0.0392123935322398,0.0652124127843128,-0.0240953324591226,-0.00547088899490127,-0.0989698327366144,0.147549405130955,-0.104740314424614,-0.103113769871825,-0.118902661236967
0.0545324654124332,0.0614287203567752,0.14559792368852,-0.0707653228258315,-0.0223307585050836,0.0556702254644129,0.136912948276656,0.0982066678182078,0.107571836365346,-0.0217863010647563
-0.0888181584634605,-0.0886021865320358,0.000287304640159795,-0.0800674310175135,-0.00784884370288119,-0.211143164234476,0.0561388841974938,-0.0267166636228062,-0.120353627566566,0.0218437927993562
0.11692234766091,0.113833315851883,0.107166175437957,-0.0411612890264219,0.0682402036612055,-0.00622690304575138,0.143467017384942,0.132733072572424,0.0470894536986716,0.0986294387374723
-0.0497592814107787,-0.0964298460292852,-0.00233163436034337,-0.114679072575205,-0.0331608695861483,-0.165693871700856,0.0411696868449699,-0.0528016002372602,-0.148095495263022,-0.127772240394194
-0.117325211319546,-0.143691927442945,0.11581521538258,-0.114106773181693,-0.000655223772428493,-0.114215111415349,-0.0122028858090929,-0.0835173301132176,-0.146603212035593,0.0387122950047608
0.172757974807794,0.0345384145257015,0.164428215406328,0.0406777179344593,0.107593038839207,0.0648749065770624,0.195813994259817,0.0279709611752344,0.0278756138525266,0.0292291406305534
-0.106157763458106,-0.0979333829698714,0.0500305113694426,-0.174711906930883,-0.0921035490549259,-0.0776531134451329,0.0438652290196356,-0.132662843661752,-0.15808178332565,-0.0837329267366402
0.142207756921492,0.104303101212066,0.0549787440140587,0.0464887689337079,0.0417989143724631,0.0621841476426171,0.262090036912967,0.101403415688838,0.0181517140380744,0.0113871031991388
-0.0344200104068877,-0.0652690950240413,-0.0729257851026482,-0.149104378292345,-0.0465932106477152,-0.195787198588341,0.018081610512272,-0.126244580298514,-0.15218810894203,-0.107520401943698
0.0379550439347004,0.0346092608651885,0.13346332584607,0.0906583925491552,0.106551465897398,-0.0253591794999556,0.175385870130199,0.0985841426220859,0.148965337664104,0.163764836876789
0.130710381427432,0.117796176035144,0.151216861187978,0.11648289497695,0.0539495439766015,0.0543968320240029,0.191554541617446,0.0155424330017087,0.0980933813338768,0.117534087802411
-0.00156952244307289,-0.111964339935564,-0.169893305274738,-0.228932540056726,-0.0505977628653387,-0.163218616252853,-0.0068585828796023,-0.0710069828826005,0.0356667193830362,-0.152358371336345
0.0786700325621625,0.091816785552445,0.255363918439435,-0.00319542263331829,0.0837785149651199,-0.0404629438581476,0.238523883320971,0.0683577320501686,0.0131398231110304,0.0728164510345888
0.136076966581503,0.122783833583157,0.17419902578186,0.0352018978927844,0.129625940967247,0.0484737341272828,0.144821183634127,0.135667255812813,0.158956643468875,0.111458943958942
-0.0857043205085238,-0.146355736954193,-0.0620657918064323,-0.149597512754866,-0.118277804610883,-0.221996712022317,-0.0213484070190571,-0.150425241262573,-0.162563770907799,-0.142799002373169
0.233479166516087,0.0722017361476678,0.148105387079554,0.087789656389119,0.214122856269659,0.0188346800229452,0.239622046110017,0.0990950071211813,0.0528501353021818,0.152696184072414
0.177897957417007,0.12397478940799,0.180382667452784,0.087825577765323,0.155348217598488,0.0424146090103948,0.223062218931363,0.201855221283789,0.137547775864311,0.132132521021042
-0.133928454224435,-0.15677707718932,-0.0956626085702455,-0.143124566607697,-0.17943967091209,-0.269532327314867,-0.0411486172303902,-0.150262865995179,-0.154127207615317,-0.14945559900246
-0.021654541135754,-0.170232408793999,-0.105146118073082,-0.168951556655386,-0.0806673305023479,-0.30449684426101,-0.0675545718531383,-0.202573273942218,-0.155795703413377,-0.119110576149644
-0.164909283050858,-0.188899869788202,-0.119388406621828,-0.215617444365528,-0.165801114572634,-0.310030513651129,-0.10172536722192,-0.132602015863934,-0.204158704587929,-0.183584821499886
0.282602171584057,0.133053112438813,0.222179396776724,0.106669355566026,0.146237111218418,0.0501460276957443,0.293434706748432,0.177356898150105,0.206144870287581,0.125376236785037
0.24130606735155,0.218457444386665,0.279571913005739,0.232109954968288,0.195794850663895,0.105702194261118,0.334085904345595,0.224971655580806,0.221107313960668,0.225778922573525
