0.0268218904311779,-0.0155253509693482,0.0620777132613814,-0.030433568974681,0.021443671104674,-0.0834987664772633,0.0908670309750532,-0.0271019645750681,-0.0210475509731324,-0.0224314740919159
0.0455298369746939,0.00703544817851645,0.0792425581498313,-0.013270109854203,0.0452451490148052,-0.0523362092287505,0.11754576340162,-0.00486914218074774,-0.00221181152453644,0.0140602027098122
0.0492256771687211,-0.00221729219472896,0.0807773987299385,-0.0378514393944979,0.0444608904320259,-0.0293186972569367,0.15106715547767,-0.00493824147546219,-0.0306371771146139,0.00413827136854898
0.0704402129908377,0.0494993835061615,0.086133802860615,-0.0370951760579084,0.0473507270257753,-0.0322379119304045,0.12377850874087,0.0393107410764557,0.0230504367919073,0.056713241192167
0.0582971683211759,-0.0207915911534077,0.117528068013425,-0.00180794353294571,0.0117766256685147,0.00299856151581228,0.143620224143485,-0.0658424722364215,0.0328924035010983,0.0212098270934751
-0.0410998425686699,-0.0563839659047156,0.0575659708263577,-0.103870485010139,-0.0328211493322904,-0.0679510171300953,0.0739776145582173,-0.0933872170406322,-0.0795351817202534,-0.0344679415448893
-0.100007322601901,-0.0591787260542852,-0.0836088516452412,-0.0148889277094232,0.0100990597078909,-0.123953750119567,0.108435031215399,0.0572979480642557,-0.0347105638614797,0.0786158659168081
0.111185492650984,-0.0340054091319153,0.00256707074506494,0.0334747029382646,0.0140637680329162,-0.0535397996095226,0.202220841218294,-0.0395467160415538,-0.0864926564719855,-0.0560044290237698
-0.0745018325347106,0.105200229343994,0.191798275116737,-0.0968141131284952,0.0476486043990673,-0.0570958137129739,0.0482128972252535,0.0276079655690413,0.0640718932849925,0.0148546232851645
0.0622185385637223,-0.0371807210324321,0.0954040553750392,-0.0291501671206729,0.0647819629754817,-0.149006624892672,0.185411218576153,-0.0131437012748908,0.0163092737707619,-6.81772797569979e-06
-0.047197102985578,-0.0473466681368747,-0.00690975734063235,-0.198950215336867,0.0813896876877368,-0.125111913753222,0.0137914985507434,-0.0265232506150203,0.104514126572753,-0.04821991618119
0.128718622418426,0.028683593654054,0.106603408681414,0.027380296649862,0.120292053330002,-0.0197071203960562,0.171856023103408,0.0224917083508345,0.0259307775936624,0.083746613859638
-0.0148319930288474,-0.116699504212341,0.00448921302741469,-0.118926085821738,0.128679132940213,0.01406013493744,0.0326757427504215,-0.161861453805576,0.0741699062585827,0.0823636756994751
0.0467743774258437,0.000843570937519231,0.166923913317209,0.0732945651755373,0.0760174689467784,-0.0143412900188697,0.110195893592451,0.054015980321085,0.0442562436198069,0.166941585213662
-0.0268653194070129,-0.137146832317168,-0.0586834039558746,-0.106463777595418,-0.0747946224959134,-0.117979341761586,-0.010339329958687,-0.0510894629369356,-0.135979329885454,-0.131603305113894
-0.0352986550687514,-0.14945227188234,-0.0315224124282234,-0.117595256561441,-0.0227242647490011,-0.164485741939031,0.0444047638079594,-0.0832532241825566,-0.12370713862734,-0.0574076367624253
0.157989392485159,0.113460026463207,0.126075031484206,0.0189540171009078,0.0895140619521884,-0.0467769678481405,0.111960180474482,0.131042906274975,0.0439741219622601,-0.0135385096500569
-0.108759557591032,-0.0739572988076058,0.0579931173168638,-0.154500885117491,-0.101447180573014,-0.154378760684141,-0.0204348024849661,-0.0733321891978004,-0.0708836285577684,-0.176601634452722
0.181134134304777,0.0446960332768561,0.143038541471487,0.0501392286890959,0.0743201180125156,-0.0396685668069887,0.216445587632285,0.0514151690732639,0.074569265163427,0.062972352959081
-0.0251859220679464,-0.0935953852263422,-0.0791958414116822,-0.178190739814324,-0.0425095188107322,-0.207218886643668,0.0219961183074103,-0.127071490172612,-0.130015346563235,-0.0377301716921114
-0.108013575701475,-0.093257750237132,-0.0680313386365674,-0.151149951517743,-0.0986568879610029,-0.160475686559717,0.0496419910653383,-0.0811200838061771,-0.11634639198248,-0.14744091459036
-0.121788121387501,-0.0552598719255352,-0.105646020778305,-0.10084224713375,-0.102592369919829,-0.183501487230907,-0.048764547321675,-0.0853573757095213,-0.0940648580644406,-0.162755953088972
0.143788971527935,-0.0416950573467474,0.142456065489314,0.0976215016342458,0.0895262792634433,0.0579840430823249,0.256761075950004,-0.00828826187401796,-0.0193098600535791,0.0424754630191798
0.0304977699281632,-0.0123234467832335,0.195484931886988,-0.0220063238582413,0.16135471909044,-0.130698957604862,0.158063303922378,0.012407895025386,0.109198484502418,0.123150634428271
0.00502149121647344,-0.12832371229443,0.0230103894371401,-0.20183971463143,-0.105790795796886,-0.14692590845739,0.0022607881608481,-0.188362340370883,-0.074630738579529,-0.0798617940361289
-0.157831107343505,-0.0392292383481612,-0.0477903266294778,-0.0268543307019092,-0.141704819241043,-0.198314272752887,-0.0661058690450156,-0.114376085947286,-0.148836485212051,-0.104462229122058
-0.153375614562826,-0.169406148924981,-0.0153697179855467,-0.106025982072696,-0.0161823268176954,-0.221231175788872,-0.0585650875483617,-0.104666463469757,-0.114075643226559,-0.0909534854433181
-0.0658078771875023,-0.0908402977010118,0.00932988148040785,-0.168697779763735,-0.0607872546001933,-0.193441035849199,-0.0834369597220125,-0.173064111947297,-0.154129047765945,-0.084805588866804
0.131930699898633,0.101110074836028,0.171635298706981,0.0988390730019213,0.110426677589595,0.0230252637855052,0.218386579283672,0.0847286596431216,0.10935799398538,0.119586610172668
-0.144579572781628,-0.152365384220665,-0.0549224549681903,-0.125084072598626,-0.11530438855658,-0.223235147296041,-0.0177938800602413,-0.136397961322751,-0.124302044385551,-0.102136487280526
-0.125050134255287,-0.142859611764641,-0.113474915122647,-0.184736374184272,-0.0725779162091857,-0.216826650417975,-0.0779412884086587,-0.133068917931363,-0.130111625968808,-0.189137583299804
0.191114430745104,0.044065517741993,0.19388878175717,-0.0316900699467519,0.0929972994915067,0.0788174614034493,0.180581580995806,0.208963426549815,0.12338508606917,0.172426206915022
0.127553400945147,0.0664917369471131,0.230842877325493,0.0719390918548642,0.164173156932317,0.0459269138979727,0.280957778069673,0.185338778459633,0.0853557327420631,0.159516979509924
0.204372959315996,0.159918702305843,0.263195870840601,0.069783985500572,0.0547700370065692,0.0743629545974385,0.22635178606629,0.112198508208417,0.162375109249821,0.161286634999017
0.214064158840299,0.14178061553146,0.197103068867384,0.133979178855042,0.20633649185873,0.102755742432233,0.226985342228616,0.158734148919489,0.101748123661495,0.128517565116298
-0.111613515677171,-0.174988174082225,-0.114308434050127,-0.194880366435042,-0.144960590099204,-0.241149692581654,-0.083059992158228,-0.200972997470636,-0.178933807051363,-0.169844410280632
-0.135001482115546,-0.194377378244605,-0.0953407956080884,-0.179858856023082,-0.151915901225023,-0.234266695315527,-0.0845108204581978,-0.205722070884739,-0.197184690356957,-0.178433765473339
-0.108371823987726,-0.204914933179093,-0.140630019347321,-0.228455127466494,-0.14454356359298,-0.234166309141409,-0.078177375216626,-0.190349954854466,-0.168463348952934,-0.234226637409366
-0.146163669830111,-0.210416404914751,-0.126045559721541,-0.158801745386561,-0.10086954345876,-0.310172623252284,-0.0975902787492612,-0.212637525573531,-0.122675521966924,-0.227542895835342
-0.207916368920399,-0.201996770326892,-0.0717900436099067,-0.24623641226048,-0.131006344217259,-0.30257015376047,-0.140491925389226,-0.146167437113338,-0.258809663901904,-0.141111864987194
