-10.6543217787331,-4.07306221243231,0.974365614160803,6.3977106270648,2.31962512984708,-11.2443921837199,9.04464864208995,10.4138683875898,0.0474139895364871,14.3171475295352
-12.7202091884304,-7.10615171001279,1.1640997733906,6.90371854563382,1.67713878221313,-10.9400615014823,16.6339528090795,13.7993327006335,-1.52754197715306,8.79625371236846
-14.3575037823813,-13.7715652438474,-2.07481648276703,3.38710794849337,1.45823781602955,-18.9757757871966,5.12456545730089,4.1297924707484,-7.49838564960963,8.82419463102204
-14.3575037823813,-13.7715652438474,-2.07481648276703,3.38710794849337,1.45823781602955,-18.9757757871966,5.12456545730089,4.1297924707484,-7.49838564960963,8.82419463102204
-8.68923647545854,-15.456704816918,21.5707879128374,11.1445559403164,-8.56353600977985,-27.1679773054851,15.3542997405396,-21.9026556469387,7.69626039062464,11.0376029558215
-34.1335998535994,1.34778505624104,-4.66825433704548,2.65656306238782,10.0827882516295,-20.2355399248677,-13.510140318949,29.7528464030384,6.47685567439613,7.06112087967868
7.30289320579036,6.09925996922088,17.3364469967194,20.7623913301656,-6.20687807897205,-12.1584574803347,27.2277981994596,-36.8477094188039,-11.8320826393028,34.4636807545255
30.9690648761442,-11.4499739454944,-12.8213429939126,18.1519370687808,-10.7317078332837,15.0961218048439,44.9733373677023,20.2209573043826,18.4477873276354,39.9293542524159
9.85532503669912,21.6232921839979,35.9723054750638,30.3005691978921,38.5990524348753,2.7042801370454,28.3843211393656,6.61857922506605,14.8570282454384,32.4612118535656
-14.7238521756799,0.469605865744789,-4.87985627056544,-36.1997297302282,3.02597599151546,-24.3036978651187,78.5469962873404,79.7715549228557,25.8722716295571,17.0042737624938
-4.38687585509702,-0.439485043346124,92.592671201962,44.1130208712152,32.1119213909088,41.5599384985177,22.3482385233653,74.6688979180248,2.55409067590817,12.7962537123685
-14.3575037823813,-13.7715652438474,-2.07481648276703,3.38710794849337,1.45823781602955,-18.9757757871966,5.12456545730089,4.1297924707484,-7.49838564960963,8.82419463102204
-6.95113977508483,5.62544081898275,4.02354771108865,9.40831330563623,3.18101244366459,-3.51300858024332,12.964731826879,16.6979443044311,7.59321362868261,19.8101004280484
-6.2127017114218,53.6601200620503,21.9165833991065,-24.0872818724487,72.4489432239081,-64.3906003374775,-72.4797523145425,17.064378493284,14.4545936473734,-29.920377216489
-50.7011397750848,-60.6958575961372,-11.8595611155686,95.7853186532298,9.19429053011341,-41.0503568528857,7.08094843547368,-1.70313970640898,-29.5152661268559,42.2342555739777
-11.0829145944794,-0.440738176178208,4.40301602954824,10.4203291427743,1.8960397483967,-2.904347215768,28.1433401608582,23.4688729305185,4.44330169530352,8.76831279371488
-70.3987782869576,-86.8228303028892,-24.9591637760283,-25.0214611305137,16.1192384721776,5.11203422919839,-28.8921144883297,50.6242339943396,-47.9553627523754,32.8861881846442
48.2887681105006,19.5651952256155,34.9212383088308,77.5663992925657,37.6922485335753,20.5713467242184,59.9858016315553,61.6739127703912,34.7028948080604,37.5118680645098
-78.3905597985008,-81.0433689482774,4.7404570581843,-48.4082686115274,-20.0012548645424,-13.9300227883163,19.0592365584868,-46.2050720904922,-29.0419845807982,-53.8994248008831
-19.353089741269,-57.4031271989756,-48.2924971093616,-53.8973150063675,-18.2179413758382,-35.0996059824418,-36.4073770035922,-12.5982723995223,-100,-22.5916672932113
-54.6358823044137,19.6942756597732,-23.6745683934183,-13.4172379683623,-16.9089211339563,-98.3386784010849,-19.4585128013675,-62.6068130602605,-61.9128452200654,-31.807695752343
-20.7772471287282,-37.8767944172616,-1.17684440262285,-18.8740456535361,7.56042488683952,0.628415674164771,47.7749662498003,10.6736627302071,-6.84371240416073,-7.8536830635984
-17.4106647019215,-55.389391861674,6.78882813602634,-12.4426185909518,-71.4159983695787,-57.1716930724564,-60.3258779165296,-59.8337929634253,67.0335588823349,-14.3212365144091
-11.2871822188398,-10.2559390417636,35.5536567367922,8.88854777949525,1.19898652384833,33.4518025689667,19.1948638927663,-38.6767037720713,-36.1393029951391,-33.8004585020025
-3.02096916853576,-17.1418443899886,45.2163923084418,18.9020039321394,-18.5853098355892,-35.3601788237735,25.5840340237782,-47.9351037646258,22.8909064308589,13.2510112806209
23.3454827608878,-5.78572769397898,8.71247265464633,71.753826853105,73.1879796410053,32.8661897289472,59.9043497365281,43.8647278275996,3.20158016123991,81.4157594577752
-53.9096959248175,16.4671353563295,-7.26169219132394,1.92601817628227,18.7073386872294,-21.4953040625388,-32.1448460951989,55.3759003353283,20.4520969984019,5.29804712833531
-60.6839874504986,67.5409668744228,-1.59338802688505,16.6795515681349,-22.2088784150372,-98.542418231746,-65.6419232646854,-12.4514546722305,38.1435223410628,12.8303516489094
-36.7865817965657,-14.813231910514,9.16273686004947,7.29203154781425,-59.4391980814063,-40.9977978092186,-9.49153074991466,-43.6989916483583,-16.3926164188404,46.0415859353699
15.6969215992596,-8.63687888598418,22.3257872913587,-16.0127373711062,-50.0414451864802,38.2282433650869,12.0496423013078,77.6184297714726,12.9167869238124,15.1393998983467
35.6424962176187,45.0519641679173,58.6394692315187,8.00249256387798,10.1538899899426,1.47876966734889,90.056072306616,52.1297924707484,64.9154074538386,66.8887107600543
-78.6532396257178,-46.5210707113374,9.32723144728418,26.5457629508561,-8.69741110732389,-20.4043535429854,42.3689549514119,-5.88910348718965,-49.8468154425976,-24.2406551395094
32.9776362356855,50.4625967449257,45.2854319644379,63.993168554554,-59.2656743903624,-59.451966263387,-17.484130194873,83.6034766812747,-56.3994845507085,0.857161663989075
77.9794285172763,35.0605862786696,17.5868690361997,-42.4598439089137,50.3098469802268,-12.8218388120141,-35.1565891214398,5.79955638454518,24.3613167259721,-34.547957466726
45.5707950760291,4.64087024875889,65.7947232953868,42.7409217759914,-1.17037387400455,73.9485745084773,10.7594496275266,28.7618847021879,-15.5447289330219,18.9033158524997
-51.3378613879852,-20.6218951773357,25.1654763379443,23.5904372320684,-44.9148074539375,8.23906587590942,-40.9806607289952,31.8142339672768,-100,8.95350246244928
-14.3575037823813,-13.7715652438474,-2.07481648276703,3.38710794849337,1.45823781602955,-18.9757757871966,5.12456545730089,4.1297924707484,-7.49838564960963,8.82419463102204
77.2996759481949,43.0755865351193,7.5188077712902,31.1259543464639,22.1945712283029,77.2241603550158,59.1386026134367,23.5768885366587,1.15628759583927,20.7177455078302
-74.7891747056717,-90.0329809783055,-34.3197711943513,-16.4296147876995,-66.1800040749297,-35.1824857439065,-3.87886770374097,-79.22392311332,-72.2592492942262,-22.4537462876315
-86.7353864788714,-29.4050564906316,-71.4958739906345,-22.4336007074343,-20.2930094516827,-67.0477008948292,-7.40550271627076,-29.7734556506614,-55.1521776557077,-100
