0.00517097831260251,0.0125533291788827,0.0230746784800782,-0.0446980073231683,-0.00735841865950598,0.00631900200516029,0.0485452711089337,-0.0246900865042896,0.00210035873607779,0.00354719400401123
0.00446111560143433,-0.016738525379155,0.0125552426783068,-0.0443308405464166,-0.0317781949854456,-0.00688247891478364,0.0342462387671212,-0.0446768140362141,-0.0210663681821099,-0.00679662411878582
0.0772003625675884,0.0282021334219915,0.00467230291215012,-0.00233479674151177,-0.0391357064364713,-0.00866298429326375,0.0289939642357171,-0.0383324242342442,0.00779782262291792,-0.0325687989937763
-0.0337530707797635,0.0562701265376948,-0.0640638977608101,-0.00877837047539469,-0.000208924942132371,-0.020203890970666,0.0695275552453043,0.0237823682226473,-0.00861236142097838,-0.0256733133709792
-0.0213923987691263,0.0633588405474908,-0.0277000739662571,-0.0856042953146138,0.00226466580238677,-0.0116488836797462,-0.00893117864807123,-0.0677806238666462,-0.0111963327516542,-0.00152690766402238
0.072244507242971,0.0456218872852269,0.040823293672855,-0.0198181180656688,0.0222318798981634,0.0670935410452146,0.0605440483858383,-0.0107101468687811,0.0301499690326667,-0.011990209059824
0.0923746455437809,0.0241076378842737,-0.0574651545872757,-0.0649046822494314,0.0188106126756508,-0.0146114008341449,0.0275937675464717,0.0244024738570699,-0.0634408438378983,-0.0408441845420267
-0.017044228581127,0.0245196783545342,-0.0408149202932415,-0.0556993179140822,0.0463088443100826,0.00631900200516029,0.0824728511471793,-0.0863765956647362,0.0336356094126523,0.0403776685909838
-0.00467414413033368,-0.0453572435004689,0.0205349106986552,0.0502640648261328,-0.0334369317328805,0.00181308573360103,0.121199343607197,0.0283545128845953,0.0451210080638348,0.0394388140678688
0.0215092717514928,-0.0839638540868899,-0.0133540116171301,-0.03417263374621,-0.042372586848746,0.0599775734959384,0.097545013113498,0.0568265732827123,-0.0177362198031821,-0.0502520098854575
0.0180348341797981,0.0415938766394017,0.012605719053275,-0.0139993416637608,0.0733314015515439,0.0852478304288231,0.0639756175139306,-0.00295302174155082,0.10511809237307,0.0567453844412062
0.0756297435852096,0.0157773864723397,0.0226913572542486,-0.110736257728474,-0.0303696129394395,0.0618501532922271,0.0985303479334645,-0.040318832341505,0.0605781892212663,0.0132455578519871
-0.005189877838059,0.000523708133236711,0.000326778714568626,0.0523152420506673,-0.158425896915622,-0.0379132815964063,0.0806239857334978,-0.0609202677141401,-0.000117311348291224,-0.0450041435420809
0.0380281589187842,0.0751882008382932,0.0890656359579485,0.00899019058240465,0.0399884160590033,0.0444659476525467,0.118840511890852,0.032266653453277,0.087831353093068,0.0965961986842103
0.0103754445991351,-0.0774586941311231,-0.0708108419663966,-0.0319025819712072,-0.149116115421629,-0.0771038702604245,-0.0468646628372671,-0.0882549812539059,-0.00577161746167349,-0.0361445610709518
0.0211328282243153,-0.0667049421860049,-0.109445042641993,-0.13410951142683,-0.111936277525808,-0.0415187768694289,0.000913756197406593,-0.0405252929629969,-0.0279895658510543,-0.0535184482624818
0.0444983671231109,0.0649972795084491,0.083427791426074,0.00608113705702226,-0.000987369754905862,0.00595680233721944,0.0948047520742275,-0.0643550025503699,0.171813919860009,-0.00133309840214166
-0.134619173581476,-0.0117222951949519,-0.0819730638271231,-0.0767160199910932,-0.0286146441090318,0.0114768521307358,0.0110948251080799,-0.0878139776736648,-0.128351003946908,-0.00448908788100827
0.0719383108891593,0.115854075871063,0.0559889019518587,-0.0105706372256405,0.108332790245008,0.0755395307146168,0.092626047514493,0.0929497215589026,0.0370657101860073,0.041494369421152
0.0708766077173744,-0.0488589543815488,0.103973209005056,0.0659303944014334,0.0569105260043691,0.0276325158864344,0.0881286696735023,0.117131793930147,0.099012032878399,0.0697260588572598
0.113660507971446,0.0626392402121298,0.10021296441185,-0.098933309224482,0.0457782601049659,0.117246956827884,0.113108761914932,-0.0147001885536302,0.0699799983089636,0.0164154497383551
-0.143414688735667,0.105597214848673,-0.0998377098427264,-0.108892891682705,-0.0697628273949076,0.0387595853715161,0.0152670977290594,-0.103256031025959,0.0350500128562706,-0.0606691521414518
0.0891527995832275,0.0968023982634565,0.0779945836246609,0.0573415305474983,0.0839143217019511,0.0969753792324955,0.149981902945803,0.0702855116105712,0.0774049662007028,0.0403335741747425
0.123721699978298,0.106248952259485,0.11612364490032,0.0776402116571937,0.00735418426321272,0.0553404346731451,0.136469596804433,-0.00174300366054325,0.106144921819878,0.00133477936145487
0.0188085055508233,-0.0322229249230383,0.0782361982490374,-0.0157677214474473,0.0533712514702161,0.109216251842754,0.200124095000375,-0.0835043718479745,0.028697488332357,0.0994719281436707
-0.0595523691544919,-0.105758106087499,-0.0784822155388541,-0.16200438643619,-0.0749881661274621,-0.0717081196883832,-0.0826701857929013,-0.111284471130808,-0.0238915815189696,-0.130812634551857
-0.0223277576838276,-0.111005644932954,-0.167379900647745,-0.156244260661658,-0.153850480942871,-0.0504652454091522,0.0457429254308149,-0.050797252241056,-0.0940581639207455,0.0410285034381886
0.125175078261266,0.0497487743406607,0.187839950858442,0.0755011863104382,0.0251395453660979,0.0491241391092129,0.141503962014993,0.0159104051941855,0.131536042205899,0.0867259392458259
0.0739390169901313,0.0889930709883685,0.0138513573347128,0.0290742924210135,0.122036134491313,0.14284983101889,0.181101668488391,0.057143721278981,0.139527095476194,0.0463569136960805
0.122038248460965,0.161453711073981,0.0286372466932267,0.0199314938016218,0.0859714306743461,0.0622883546727431,0.184404845056688,0.021658394453622,0.103423522518775,0.121815905106529
0.0925209378250305,0.115194328540835,0.163767430821039,-0.00960811594134162,0.0823936604315492,0.106617961147467,0.130169150936585,0.027835327031137,0.103514124356355,0.146454447011321
0.135698071000401,0.0720234619750022,0.178921637363984,0.0670857922596118,0.0413221082132874,0.061618105091551,0.18740359481793,0.0858318170193962,0.0798042012577952,0.0858085501352347
-0.0905412056296262,-0.0924094075576894,-0.0288965923899811,-0.111585872620247,-0.159078100111294,-0.143834266040878,-0.000198512811790529,-0.17578710758208,-0.060227164191349,-0.164970220707977
-0.124506725643313,-0.13370563697954,-0.149694622113473,-0.0826645998104084,-0.186816954675368,-0.0298172066795651,0.00774388668337375,-0.140511212196194,-0.0894658209864875,-0.12754796580036
-0.0440095117905465,-0.131010580803534,-0.142079183273873,-0.179519722119033,-0.127920559325347,-0.136234250622862,-0.00486725185300416,-0.0951614683639142,-0.148021538385575,-0.207861298461698
-0.092705695316774,-0.0873551882853891,-0.156677864204022,-0.160017106469422,-0.173444914713172,-0.1409000136558,-0.0925264819837576,-0.176193062352496,-0.0836827535160318,-0.171897879586327
0.176023526179258,0.162798823237132,0.174382295616519,0.0620703338500913,0.060811423624402,0.211796434560411,0.112403099357446,0.0733282514841947,0.160225058260322,0.122674805530988
0.129558552625578,0.188157341025107,0.258481826277966,0.135012474466849,0.162590539666047,0.164686476691662,0.257952834646952,0.178308671315948,0.188624330455768,0.182172449368107
0.216405274679307,0.240911990520939,0.204071585660373,0.146666950024168,0.198029339377536,0.165678909895732,0.274974059286929,0.179015655606607,0.20544238247108,0.197387663680736
0.23238303077699,0.248638676990118,0.240636240881686,0.180744343127048,0.244293498802492,0.222285339521024,0.280046391188175,0.191428605442251,0.254254645377493,0.231031231870861
