-10.6543217787331,-4.07306221243231,0.974365614160803,6.3977106270648,2.31962512984708,-11.2443921837199,9.04464864208995,10.4138683875898,0.0474139895364871,14.3171475295352
-11.6872654835817,-5.58960696122256,1.0692326937757,6.65071458634931,1.9983819560301,-11.0922268426011,12.8393007255847,12.1066005441116,-0.740063993808278,11.5567006209518
-1.67571428647136,1.01309887839428,9.15540630544012,13.5800509786152,-1.94362647456249,-11.7014248320273,18.1362234207748,-13.2169205156071,-5.89233432488318,24.3904141420303
33.6625533692716,15.4937620331186,9.28061732518027,-18.0310666409244,26.3147360550369,-12.033115497867,-13.0559702396749,8.10671238606747,12.2043653577543,-10.1154049685954
-32.594131122707,30.1821089165875,8.83617288073583,-35.4856120954699,19.5687043090052,-9.18816528449573,-35.6565894347214,53.1705915962881,-11.5135833601944,-16.5291357725701
37.3616475598965,9.5619081902926,-37.3752117506687,12.4911704268051,-77.2130875780201,-23.3853710506389,-31.6051437188597,-28.1711772336662,43.6250558430097,-10.4532661564568
-0.0482611726724684,-23.0124561518263,23.7016383414335,-9.0063297769756,-31.65850775493,33.0264411496134,-44.1704289632316,-32.4432744695531,-70.7218167796943,60.5455958053973
-38.3539306212886,49.3954420555234,-22.8285121215037,-47.7439590190272,-19.5761040239148,12.4003450785557,2.42673128865296,22.5707925859254,-73.8526946618576,-43.1052641040279
-16.3374466307284,-28.9133027271841,-40.9087766142137,-27.80550273115,69.4965542368551,-63.2235916883432,30.4625482788436,0.963855243210329,-32.0469715406414,31.9957061425157
-45.6448360400669,12.5408951856282,-15.0010433373753,20.5117076185244,-78.727235119218,-30.4556234589047,-73.9953097655155,11.1789963290325,17.6182232167751,-8.04689768345401
19.3219348156395,-52.9414863093403,-72.2320504970557,-32.5798491079336,22.0399446215251,-39.5864201486647,39.1788311794442,22.3497011611495,40.7969834729867,-40.3269035714817
33.8457035524218,52.0846711240277,57.6933157378787,20.3701872775709,-8.48379874349787,-66.040084138982,-30.836142653468,23.7386414326307,-63.5678354144465,-23.8058811590716
-16.4101879966936,5.09748007714496,90.46074794625,10.8591831767726,17.8268224542851,-28.3662286805564,-2.23274583842952,62.3583998401358,31.2108527806843,64.1696095866103
-10.6543217787331,-4.07306221243231,0.974365614160803,6.3977106270648,2.31962512984708,-11.2443921837199,9.04464864208995,10.4138683875898,0.0474139895364871,14.3171475295352
-12.7202091884304,-7.10615171001279,1.1640997733906,6.90371854563382,1.67713878221313,-10.9400615014823,16.6339528090795,13.7993327006335,-1.52754197715306,8.79625371236846
-29.3384052606107,0.0501378346807755,-30.9210184355164,2.68503158156841,85.0494901901846,-20.4653811245365,-87.8786788527836,-44.5641103306045,-6.42778764865385,33.0390703476465
-14.3575037823813,-13.7715652438474,-2.07481648276703,3.38710794849337,1.45823781602955,-18.9757757871966,5.12456545730089,4.1297924707484,-7.49838564960963,8.82419463102204
-14.3575037823813,-13.7715652438474,-2.07481648276703,3.38710794849337,1.45823781602955,-18.9757757871966,5.12456545730089,4.1297924707484,-7.49838564960963,8.82419463102204
-8.68923647545854,-15.456704816918,21.5707879128374,11.1445559403164,-8.56353600977985,-27.1679773054851,15.3542997405396,-21.9026556469387,7.69626039062464,11.0376029558215
-34.1335998535994,1.34778505624104,-4.66825433704548,2.65656306238782,10.0827882516295,-20.2355399248677,-13.510140318949,29.7528464030384,6.47685567439613,7.06112087967868
-71.0737743476323,-34.5590245828353,-45.1565808655964,8.12338778770394,-58.5424939108701,-63.3826496144832,25.6509697775443,10.472631440928,-84.7391392882482,30.0093106365123
7.30289320579036,6.09925996922088,17.3364469967194,20.7623913301656,-6.20687807897205,-12.1584574803347,27.2277981994596,-36.8477094188039,-11.8320826393028,34.4636807545255
30.9690648761442,-11.4499739454944,-12.8213429939126,18.1519370687808,-10.7317078332837,15.0961218048439,44.9733373677023,20.2209573043826,18.4477873276354,39.9293542524159
9.85532503669912,21.6232921839979,35.9723054750638,30.3005691978921,38.5990524348753,2.7042801370454,28.3843211393656,6.61857922506605,14.8570282454384,32.4612118535656
11.5736658594094,-67.9848137281399,89.2040236078716,-34.2662400236716,-62.1829748815767,-48.5078545783508,13.8563815624956,-35.4928290100634,10.9063461537691,70.0808445649648
-14.7238521756799,0.469605865744789,-4.87985627056544,-36.1997297302282,3.02597599151546,-24.3036978651187,78.5469962873404,79.7715549228557,25.8722716295571,17.0042737624938
-29.7110339868979,-4.99900221445928,-93.513611028109,-57.9728631552737,-13.7987933092617,-77.902128216456,-29.5054731111568,-76.7916426046859,-25.3092937394623,2.79439736250168
-4.38687585509702,-0.439485043346124,92.592671201962,44.1130208712152,32.1119213909088,41.5599384985177,22.3482385233653,74.6688979180248,2.55409067590817,12.7962537123685
-14.3575037823813,-13.7715652438474,-2.07481648276703,3.38710794849337,1.45823781602955,-18.9757757871966,5.12456545730089,4.1297924707484,-7.49838564960963,8.82419463102204
-6.95113977508483,5.62544081898275,4.02354771108865,9.40831330563623,3.18101244366459,-3.51300858024332,12.964731826879,16.6979443044311,7.59321362868261,19.8101004280484
-56.0142815531855,-49.3517018944074,-1.65651472719223,-21.8361881929318,-48.9236874696179,-60.7938314417553,-6.40963099321697,-61.806487720252,-100,46.1745904300123
100,-37.8905040515828,7.50489878929937,-15.3008383248234,-17.4526164669924,-83.833027708402,-69.1320214781459,7.52815305391276,40.7370081976749,57.2399323745399
-9.84262845129443,-28.5948514122967,-85.4106681770554,5.13196670506564,-88.8214259671029,-38.074135189438,-67.2767212808182,-12.6825871540138,-81.6614902505049,3.43904036465977
-75.1687469650632,-17.7131590847747,-6.49044900383703,-32.682618746984,63.7813276924642,-22.4558632062375,55.5665734528575,80.5276531756905,4.57129131754704,91.4963687959141
-9.12135281882458,56.1040105574539,26.3409342523996,-6.76867011417967,86.168488935828,57.9600763886172,84.466783967397,6.4549678053545,-47.1191501480889,77.914022169444
-6.2127017114218,53.6601200620503,21.9165833991065,-24.0872818724487,72.4489432239081,-64.3906003374775,-72.4797523145425,17.064378493284,14.4545936473734,-29.920377216489
-46.9886714012468,-91.8491429964325,-10.89505302051,-85.1075907122209,-50.1110685270617,-57.4177762931506,-52.0063020412137,-27.5107782664831,-62.346175485209,-12.2388527292452
-50.7011397750848,-60.6958575961372,-11.8595611155686,95.7853186532298,9.19429053011341,-41.0503568528857,7.08094843547368,-1.70313970640898,-29.5152661268559,42.2342555739777
-42.5059127805572,-64.9223137281398,-17.2168921009698,-51.3575907122209,-67.3418377578309,-100,-60.4829605178721,-34.1915842049773,-65.4901917123895,-8.42932891972138
-11.0829145944794,-0.440738176178208,4.40301602954824,10.4203291427743,1.8960397483967,-2.904347215768,28.1433401608582,23.4688729305185,4.44330169530352,8.76831279371488
