0.00517097831260251,0.0125533291788827,0.0230746784800782,-0.0446980073231683,-0.00735841865950598,0.00631900200516029,0.0485452711089337,-0.0246900865042896,0.00210035873607779,0.00354719400401123
-0.0427382836585773,0.0249083857606149,0.0188196193639354,-0.0468206059851857,-0.0111397749319572,0.0135962168408992,0.000794642596761486,-0.0386252310901118,-0.00787000969713236,-0.0416275140005581
0.0198297596263561,-0.0757025294061949,-0.0774626452423613,-0.0223692071252779,0.000529832431133678,0.00696438905258348,0.0215573111035994,-0.0283180021609826,0.0221299242990811,0.00607375928673293
-0.00449809406655027,-0.0669476971812166,0.0463892548547637,-0.00116080077326208,-0.0214888299839449,-0.0349521497753375,0.0460736846117592,-0.0466508969113588,-0.0606773002132758,0.0901234130720553
-0.0257833577071044,-0.0407716018448202,0.0403658058776779,-0.0766464689432322,0.0838932743938825,0.0581692447097687,-0.0120914945964562,-0.0764446940894699,-0.0144164450077619,-0.000419126226227966
-0.0214666867237667,-0.0326001651019549,0.0688641067337024,-0.094502292904287,-0.0451594690379459,-0.00768504135111853,0.0164736680683233,-0.0783411117564969,0.0179827972680236,-0.0567944514187574
0.0805503359619985,0.0638287495422418,0.0515288270773563,0.00699725087931984,0.0410962885665767,0.0571133844886693,0.139780089292422,-0.0253990890612335,-0.0646176244439919,0.0168161346364641
0.0322581608072424,-0.0758588783665169,-0.120141459497682,-0.0100334923049089,-0.00557655946056941,-0.0873168897397193,0.00728912719451884,0.0459921030555147,-0.0632905692032651,-0.0941031238957745
0.119720470491774,0.0917087928243426,0.000184660610502069,-0.0137567923245052,0.000510175021226786,0.0749825979565938,0.0898018199364885,0.0735776861966534,0.0501494428168686,-0.00382009710481124
0.0973059553236359,0.0364471820071763,0.0901056864921191,0.0999018398526455,0.0130964266920915,0.0466379267547797,0.0391126828275983,0.0500621071255188,0.041696130078879,0.0873027717958354
0.00200566715524908,0.103336918602029,0.0190178824541515,-0.131848027647198,0.0385061258234734,-0.00252839700730494,0.0825431919807375,0.0353872590349719,-0.0807630589743496,0.0316277990208857
-0.0345852651129904,-0.045576053825929,-0.0884236135992373,-0.109291315082284,-0.083974713745007,-0.0814190688629523,-0.0123574718537184,-0.0375606754505792,-0.0300554138600663,-0.0796324939823529
0.126449471723332,0.0842826202023265,0.0374928498408034,-0.0921222926973097,0.040107658680939,0.020235559365421,0.0900055973274452,0.0573029748788424,-0.0164412312670703,-0.00951445383231567
0.0116046115277152,0.147250370296094,0.0158482601146533,-0.0921400124709366,0.0107527826579438,0.0538743384301996,0.00483070515406734,-0.10048607095446,-0.0436420377263443,0.106965652136517
-0.0178058087296252,-0.0184491952818838,-0.0653064825094361,-0.0826381052116959,0.0512651887562163,0.0190439553897699,0.0775276737599697,0.0577599479495923,0.173670063990408,-0.0540961083397212
-0.00143281124967806,0.0781151734603958,0.0396085509104181,-0.025863865497385,-0.0229628525918268,0.0830816600267774,0.110702740147626,0.043051192477437,0.162642148744812,0.0558343752419342
0.0404443469193044,0.0831000663922866,0.126462138189377,0.108664464879884,0.0561336448325575,0.0504107127635377,0.130849797857905,0.0482892968199213,0.0272956220265792,0.0486642933846765
-0.0849454773404055,0.00654882971597964,0.0817012071029474,-0.127524391529187,0.0150337181719338,0.103489592940335,0.123063188787743,-0.0735095639969282,0.0565069203636133,0.0126590074923701
-0.157001251994773,0.0435222774107498,-0.0275589043585264,-0.163784177951995,-0.0663975685014889,0.0287892487677339,-0.00598800310564893,-0.0608777982429575,0.0512555270110434,-0.00496257627796218
0.073442014325574,0.0377485924693841,0.14275217910996,0.0199698351224519,0.0220360551794123,0.131482568028941,0.126930534679382,0.0394433109624412,0.0963653955298502,0.0150493794192401
-0.0725827520146558,-0.038515822921041,0.00789007599296987,-0.136212748501557,-0.0537485078067405,-0.138995250444017,-0.0870564470257767,-0.0856188581520374,-0.101038217775785,-0.037898381251618
0.0266333613762814,0.0296469559686956,0.229197600400529,0.042039779121656,0.0462900051275776,0.0853974591387894,0.0920594579398274,0.00984230976025795,0.091943086282076,-0.00290458271407393
-0.0980843257756011,-0.0738919324619478,-0.102057753495626,-0.210557749936293,-0.0673915607193745,-0.16247811369461,-0.0522048087284625,-0.0342742763476037,-0.0717347562952533,-0.0761199277744602
0.12748023122458,0.0548736210210333,0.175215584490097,0.0878606527557595,0.0267039384992147,0.140145832369616,0.0954680259043918,0.0946053055980823,0.117048998133215,0.12953803549986
0.149835433366493,0.0453076527153002,0.0922942080161495,0.0257147038742387,0.158993996602431,0.0892441934817011,0.149121760166923,0.061736989714304,0.124497563315552,0.140758940262846
-0.120276012486189,-0.0956892811675752,-0.13870754635505,-0.121760727146884,-0.150473008990364,-0.138133015612849,-0.0308731654402186,-0.0576644043365187,-0.15548696529738,-0.0462404588603069
0.134791424375193,0.0776703968401796,0.135344915226869,0.0806759104074489,0.16758110500262,0.119100492338269,0.11399639399142,-0.0179584087193573,0.145072477648583,0.0676615938092369
0.0251255334906569,0.135227690919116,0.113189289626569,-0.0243224616405242,0.0368802682210861,0.176085062733189,0.113409320579741,0.0636869566612504,0.21507350190377,0.145725138782687
-0.142789274445222,-0.0372718294352337,-0.0912948392522313,-0.074522514281583,-0.0605944691708118,-0.125869086558378,-0.163868367756816,-0.201525139545368,-0.0306487852868628,-0.163770790599791
0.105935686749242,0.108476320234609,0.0875662609301134,-0.0158374004117457,0.133283515157084,0.150365349574787,0.199466754733562,0.114474962693249,0.160864978702668,0.0896702294337055
0.150806193269018,0.0717707620877574,0.129908795135725,0.0519264755913648,0.124475238980794,0.0675392140991479,0.175539523905794,0.154046153134685,0.127145131894593,0.175265825049597
0.0913871743254139,0.147582559365847,0.177944941966006,0.061341133073701,0.0784158661940432,0.112570177226697,0.196015192577959,0.0127568817946656,0.136793099291426,0.165754599814353
0.0995536127948124,0.14640487792294,0.152829404866547,0.0908282017145885,0.133861996858756,0.0701435391597114,0.216360520226811,0.167909420857086,0.0779241950406925,0.0758780376034985
-0.137544080376263,-0.109742513963557,-0.151448687606304,-0.206445864037304,-0.0936312521727865,-0.142614602477869,-0.108039101361364,-0.180518158310147,-0.0615372102961146,-0.134585396615542
-0.085090963270531,-0.189297768498329,-0.0827775970515068,-0.188757267865457,-0.124995666120421,-0.174897209721296,-0.182641656067338,-0.124607839730428,-0.0704391978442456,-0.110339313588877
0.131256244515863,0.148212207610622,0.145480804915271,0.120250051810827,0.141353557117367,0.122737229566218,0.164476111552329,0.148206341814662,0.169617644247464,0.115336184849049
0.124257698955676,0.237639396215826,0.14118185543215,0.00806734120412431,0.0618616727866751,0.0201851349307302,0.217163259262226,0.144408987941502,0.160516241950043,0.126911977274697
-0.147501854930776,-0.0549488956828689,-0.0466522887678066,-0.128686072289974,-0.0927683865415622,-0.164965610485897,-0.136125244164077,-0.260460673977628,-0.222829752678447,-0.188784913885803
0.154900156309743,0.143766677931555,0.245230949767212,0.0818645501292227,0.131207373995564,0.168681801682391,0.192840511101833,0.0980257312770128,0.194349640301533,0.119572391614752
0.174330828232258,0.175262168634728,0.203153366494356,0.1236962833373,0.194267365209132,0.177427614998456,0.219668497380327,0.172478960921391,0.204664310148965,0.188858988362894
