-0.0395503879673307,-0.0281275602476178,0.0105918558097615,0.0188078345671948,0.0179090316333097,0.0139408065061099,0.0220987349483593,-0.0100684249616401,-0.0361558807053727,0.00427099743195761
0.00532739321259014,-0.0323840616801871,0.0094682538831021,0.0153472256856844,-0.0424117155336433,-0.0359440653077635,0.0269043246055494,-0.030500875126858,-0.0239249415495268,-0.0334655522011419
-0.0218014239599868,-0.00216893198867051,0.0903597095092123,0.0405330944494232,0.0228293084291022,0.0544876906522528,0.0271450102202146,-0.0198207313144515,0.0344249490769186,0.0383101086384558
-0.0531781495900298,0.0669841585044095,0.0167376741427706,-0.0235627985392164,-0.00770989223129585,0.0912542442372751,0.0279861681138812,0.00957126482384958,-0.0501887869290557,0.0242270401613088
0.00738010114773657,0.0669705987176159,0.0359068331712968,0.053946214009065,0.0965026738142975,0.0538538809647784,0.00207688592723579,-0.0064763878744749,-0.00763548238559945,0.00534887461360282
-0.00132993306410945,-0.0505493819103709,0.10568608461274,-0.0584962701093811,-0.0629618070832424,-0.00391502867186233,0.00246951929820164,-0.00364965891239299,-0.0395781402110011,-0.00944149600199791
0.0142764605274551,-0.0834191732316442,0.0355729339451882,-0.0700381792484494,-0.0703449280708665,0.0543464806289545,-0.0101489573271179,0.0201823902908463,0.00703962233500215,0.0588300157381736
0.025366150647661,-0.00239100423318345,0.0286671111016217,0.0354321291392781,0.0674999767969979,0.0664498685334592,0.0941972334733417,0.0712736927288735,0.00188075552367954,0.0414159208614678
0.00946013630751842,-0.0429942800557724,0.070264874407325,0.0321648417944424,0.0972140215758003,0.0295383201649036,0.0292812620487556,0.00606277976604808,0.00213988205166728,0.108741384356015
0.021873606079157,1.11180876836009e-05,0.109230208218463,0.0396083336123236,0.0291509225138992,0.0925569357868245,0.0917219632471759,-0.00461478814871846,-0.0349326239145709,0.037408816326435
0.0596290350646885,-0.0416964268737176,0.036048826474816,-0.0229740704814863,-0.00743404949423261,0.0686180585399586,0.130340392598946,-0.045844576943839,-0.0628872337911079,-0.0402664379926658
-0.0576767802880437,-0.0818947447372636,-0.0626338086284979,-0.0661020862368475,0.032799786728782,-0.0260119331717219,-0.0756433938689327,-0.043005280533687,-0.0973480828053547,0.0486258063380462
-0.0380828892861332,-0.0974061973644692,0.0166308813903873,-0.117414309183827,0.000890961738222965,0.0414257327811533,0.0183150874271308,-0.0154053413304922,0.106426903318114,0.0366297752156273
-0.0872014375508605,-0.0290755602136544,-0.0216598441375582,-0.090163000347492,-0.0635628645716156,-0.0470591200595978,-0.0478940925992465,-0.0609115848609855,-0.105571699789249,-0.0260530272401207
-0.0239979191122261,-0.0656252245693932,0.0604608600491533,-0.057554455192761,0.00112743406780167,0.0891927911565761,0.0776529063329968,0.00745791527662878,-0.0500264289177886,-0.115684039588278
-0.015791963534117,0.0736557522655439,0.0917493300478345,0.0668655859978405,0.0422333040157025,0.0820243005189621,0.0794855570715365,0.0632243271755474,0.0563957882160032,0.0660778133188489
0.0293325158705707,0.0756695231150585,0.0408188789252918,0.0508607150208574,0.0973324673624728,0.00467894908824931,0.0622538278388366,0.0768989465513021,0.019540524492349,0.14479101009112
0.0588065025503755,0.0734454892150837,0.0893184937978237,0.0656698208717078,0.082179995619494,0.0870266928039245,0.10869472714663,0.0662244231278573,0.0646608669390194,0.0748191917714539
-0.16372812994612,-0.0552751266621999,-0.0301294938121116,-0.0160961793944107,-0.0855102689936698,-0.0992614009369352,-0.0490020342326891,-0.0242187008920207,-0.103278984477691,-0.0168829504235609
-0.119718319638655,-0.0566228087824381,-0.0608635966194328,-0.0155970837672189,-0.0207702790893206,-0.0812574596880413,-0.104981504120807,-0.0860475663361967,-0.116459131772946,-0.048528232088457
0.0911935191039228,0.0628767173644413,0.0270023231684597,0.123112497812636,0.130813954999517,0.104274090729599,0.0793955730706354,-0.0430790212901472,0.0502462401461886,0.0601653271229188
-0.172645412075219,-0.0688990924799533,-0.104704395505688,-0.0504333908674009,-0.0608561569120689,-0.103874488529217,-0.0174504701972547,-0.104516056520967,-0.00343331794979537,-0.0825123030684078
0.0209987538848727,-0.000248765971623724,0.199014682154579,0.0302994761333013,0.0778217104079278,0.118831259287657,-0.0168419848332994,-0.0550280649529957,0.0757869070835619,0.109334924638787
0.0190920467847571,-0.0698697920236418,-0.0286340225392597,-0.05463090951263,-0.128386802372355,-0.110082735726192,-0.124780361277906,-0.0352108185855076,-0.167241440107662,-0.0315803811265713
-0.135796376242389,-0.0821948656495262,0.0112476004731086,-0.130897399071652,-0.0979300361564266,-0.122769887466533,0.00471781428814359,-0.139145733999434,-0.0718019039005032,-0.0377597444519245
-0.0442838800002337,-0.12411357403402,0.0862322134860609,-0.01474946248604,-0.119375583013445,0.122406269737607,0.0971115975783352,0.0665460884723771,-0.0166739052420847,0.157937103249145
0.0899322444708836,0.0591324746563962,0.0307287869414571,0.161914291809778,0.128438409178394,0.0338859573413131,0.147535035122879,0.0397944521263679,0.0559519339155309,0.131968609486612
-0.186699729986584,-0.111079815098789,-0.0508757677564892,-0.0619508381291621,-0.054999309715959,-0.0744712494650012,-0.0868061338787647,-0.103756993977552,-0.112662355053939,-0.163176700059591
-0.0945024245829464,-0.161997858590321,-0.117533191989047,-0.0449495387786614,0.00621186596116219,-0.110333222980857,-0.0491985249827357,-0.15501926293792,-0.113590561776284,-0.131464518389452
-0.0672844537362103,-0.109789641703621,-0.130251558222474,-0.16153541586516,-0.121155955423894,-0.0962341878183167,-0.133672002254739,-0.0793162096580974,-0.139528497127836,-0.0699818321142179
-0.166398346579881,-0.109494427906751,-0.0928533033093888,-0.131924473935248,-0.117749291872023,-0.104349052074788,-0.0888243841424616,-0.146538647963569,-0.119199001092778,-0.0874136594558614
-0.151611104287689,-0.103958541205069,-0.13305132689954,-0.170609958272087,-0.0780567901327298,-0.0851184868386713,-0.119574538686725,-0.0980800396936604,-0.097088337337254,-0.163883678149241
-0.171665639229183,-0.11467964075575,-0.000968371494276046,-0.166778065838181,-0.0678854674171293,-0.0507298475236253,0.0140207524684141,-0.163103090777149,-0.2143520162227,-0.111232532618867
-0.207570502054723,-0.109986185729798,-0.103289338006272,-0.148378109781135,-0.109234002097859,-0.125286860219673,-0.14220444482015,-0.032857348311295,-0.0831450140024944,-0.153965995916023
-0.141859583134145,-0.238750904892077,-0.0831162459150611,-0.131005609286256,-0.0655252660769912,-0.0275019873787455,-0.109925571943795,-0.153554515798263,-0.0744646224481404,-0.179316229005786
0.16714554423148,0.14674497680503,0.16784806622032,0.167414885429746,0.171836666127974,0.163353052794044,0.168262438361765,0.214650795025845,0.131142783087378,0.189854314301739
-0.214070457775359,-0.202647630055646,-0.163928213998266,-0.155712235240833,-0.156611038174718,-0.160579263301918,-0.152421334859669,-0.184588494769668,-0.210675950513401,-0.17024907237607
0.14180863671088,0.182848723525258,0.178181823866547,0.189358062394398,0.234545351556451,0.213251027786072,0.160075916093568,0.173067944338631,0.167938541500146,0.125452646161378
-0.164076823559691,-0.213033584835087,-0.162138005200878,-0.223724762126704,-0.174042828527145,-0.189830528723488,-0.1909691126991,-0.140205573785253,-0.226731817766075,-0.181335685130044
-0.192315702369502,-0.218162598018135,-0.21493172541597,-0.207099262833724,-0.161837998806709,-0.211466890926371,-0.152827962006463,-0.196731497066996,-0.2410756005997,-0.187243711877186
