-0.0395503879673307,-0.0281275602476178,0.0105918558097615,0.0188078345671948,0.0179090316333097,0.0139408065061099,0.0220987349483593,-0.0100684249616401,-0.0361558807053727,0.00427099743195761
-0.0395503879673307,-0.0281275602476178,0.0105918558097615,0.0188078345671948,0.0179090316333097,0.0139408065061099,0.0220987349483593,-0.0100684249616401,-0.0361558807053727,0.00427099743195761
-0.0204401605157201,-0.0393384710789943,0.0581389702112508,-0.0198442177710931,-0.0225263877249663,0.00501288891712379,0.0122841271232805,-0.00685904193701654,-0.0378670104581869,-0.00258524928502014
0.0581569076370666,-0.0153216062022426,-0.00789381513072858,-0.0950596167850717,0.0626382579276199,0.0115463895629556,0.026844454028012,0.0810295227103697,-0.00876102773590993,0.0553150218429646
-0.0419171339837822,-0.0761205671408189,0.0484120346479112,0.00202918604057743,-0.0507332756900674,0.0681735381218584,0.0596051662633472,0.0282388317553685,-0.0264148929737287,0.0811040503405514
-0.0782168273298922,-0.0105844993173499,-0.0967309829722168,-0.0128998063767311,-0.0137828013332786,-0.0252359564505796,-0.0195309410513372,-0.0949768033512745,-0.0470734876377995,0.0417693423262151
0.0726869533753953,0.0329700144923255,-0.0703864401030397,0.072007727053568,0.0384126672119467,0.0131070891480614,0.0755416585837264,-0.0751727873974915,-0.0213738985391007,0.0746517648690566
-0.0767481134798876,-0.0741120691325683,0.0248216224468501,0.0674696761695836,0.0902451825993781,0.0218963124030079,0.0639134124774852,0.036411192860798,0.0441521999626038,-0.0759249276857339
-0.0367871300838778,-0.0504939262135925,-0.0635827732111182,-0.061364975587022,-0.0578124197270651,-0.0252140270079691,0.0159645453138452,-0.0811346779426029,-0.128606994192636,-0.011260098592127
-0.0595722079716586,-0.042418093255307,0.059731650624562,0.0999279278427679,0.043064712164801,0.0395764939839959,0.117438625695964,-0.00631819934096645,-0.0290467329228708,0.0508670584935018
0.056976477984114,0.0718983657214254,-0.0131385287443118,0.0227296857593766,0.0676575819190012,0.12299669473171,0.0451916885307178,0.0852643894883613,-0.0285759478211113,0.0388707621334491
0.00259110373265854,0.0812382567030024,0.04663991887958,0.0512789388489818,0.0931151125163543,0.101453265583504,0.0762884973172543,0.0266217963309232,0.0666488487820118,0.0361125103603133
-0.0856278849097338,-0.0568460794344772,0.0468322544894165,-0.0930934034732814,-0.0227868028924247,0.0110500645174366,-0.10323173836402,-0.168417810174709,-0.0652086414002774,0.00882694904136955
-0.0586286812615186,-0.0514473565978083,-0.0536186710821328,-0.156363790648983,0.0459158535533666,0.0134636853153312,-0.0768670025596455,-0.0536640219337473,-0.15230416642206,-0.0373726392496564
-0.0787311076217426,-0.0729970578341765,-0.041531791527179,-0.159277661860746,-0.0320078708090577,-0.0624938640117629,-0.0987862238236966,-0.039087344279136,-0.0725249441801718,-0.112882947009541
-0.0761238627779247,-0.0386110965157434,-0.0664451332380207,-0.00370630361074999,-0.108913786307434,0.0102863152067869,-0.0468679728203918,-0.120498227413786,-0.173984955696181,-0.0614758697046218
-0.0854947035612889,-0.0936151791324737,-0.0546582163901936,-0.124586647673437,-0.0157699955163844,0.0346065208739414,-0.0469215664598842,-0.127158098282761,-0.090175859081609,-0.117503286868716
-0.0503663148258361,-0.0199467432681096,-0.119039562589981,-0.178196088785629,-0.128785566949112,-0.0634034194345713,-0.0768153349887963,0.0687227700182621,0.00727272502230694,0.0335729069582586
-0.126810422871345,-0.115387595151632,-0.0766681790942524,-0.0684522003368191,-0.0693510032707043,-0.0733192283979041,-0.0651612999556546,-0.097328459865654,-0.123415915609387,-0.0829890374720564
0.0521299803479389,-0.099817339930545,0.0401846362674535,0.017138850006241,-0.0529035263982671,0.0619544097197506,0.235779207028948,-0.0677080537477706,-0.0512018765088998,-0.0717882897843345
-0.199758031567523,-0.169185513198889,0.00304495261996121,-0.0267337658089648,-0.0665873517079245,-0.0205361539973082,0.00391793883687497,-0.0684562838236645,-0.0840412692168736,-0.0608350508295276
0.132696953061374,0.0170578730444967,0.174699385143959,0.0952980280850112,0.0769920213962211,0.076193259073934,0.142433934295367,0.016675975221638,0.037781877180942,0.0752635665284601
-0.157811257532548,-0.0559536472041395,-0.0149835917605709,-0.0792158808478249,-0.0915917735196694,-0.0572054385531786,-0.047466482442945,-0.0698510336572923,-0.164980357355936,-0.13285274838744
0.0815088649715363,0.102368453236626,0.161198551531702,0.120624009653656,0.0960506873738479,0.155737526598283,0.0818493445145848,0.00678119676716078,0.0201040040345667,0.0669799681062842
0.110647240491167,0.0825443765112755,0.038642346693352,0.180863170535574,0.163619959952934,0.0719118209988635,0.118050758936365,0.0189170822847367,0.00311480653165391,0.0591909058987768
0.0405922529604502,0.122947967865456,0.0285715972744027,0.0656754480707,0.150027105932891,0.154546550858949,0.127809249950093,0.0403311300760323,0.0826371018904639,0.13019104778214
-0.112518102601754,-0.142117734687702,-0.0296599820034925,-0.108218695295707,-0.0586440426342293,-0.123979757871516,-0.073548247120879,-0.13050770059855,-0.12448418019953,-0.0991242362102123
-0.130585088051952,-0.0794722503432084,-0.0428427969696748,-0.167670304727615,-0.117388047804018,-0.124179657666727,-0.123585438094111,-0.0399853359328758,-0.0561736466137933,-0.0992036067729428
-0.117050977454666,-0.129114892111392,-0.0933844643497021,-0.0517725589509345,-0.0663737621273924,0.0292854295245335,0.0037557956577105,-0.0960094310094503,-0.217824502549783,-0.122345546367311
-0.00403402993107975,0.0399999196129288,0.0964271035897224,0.11881270472067,0.117060452172309,0.0881747630273745,0.0781779256804987,0.0942865282251713,0.196626194536184,0.139802474985344
-0.171622962737404,-0.201897313588652,-0.0550385169834496,-0.149303237308316,-0.0143154183339965,-0.0953283952556261,-0.0245888727384736,-0.077149121471348,-0.0393986501843126,-0.08721006916275
-0.0841060419803935,-0.189398504271097,-0.101383295249948,-0.110603647573957,-0.0650803734276498,-0.163770649278205,-0.123390686948209,-0.0768801021755812,-0.102733990750866,-0.0467781427374237
0.0136548698249176,0.0737406427707447,0.133651586062133,0.119432035335798,0.149689125438118,0.134900747435017,0.163752307366896,0.0628586255232814,0.0571055486785266,0.141448655802005
-0.126320725100029,-0.130775579678251,-0.061544039974507,-0.19131048273532,-0.140992269442484,-0.183734495887123,-0.0699250587150819,-0.0963462099153199,-0.140935414042068,-0.111606033589035
0.0545183931441666,0.108606612398726,0.10023952885821,0.150776303779533,0.151823648048616,0.125251906782687,0.196765653374274,0.120371782533961,0.12695802237658,0.199748395065887
0.124005157500788,0.141984670643124,0.0951944828662925,0.208373485548735,0.109155729401354,0.149517246658011,0.168295145905185,0.130805042567871,0.109276908592657,0.132532041784567
-0.204305786625934,-0.224978911969218,-0.150696567185212,-0.10950563450138,-0.122957171222613,-0.1018132220653,-0.0734307813573001,-0.0852310025784965,-0.22829339860558,-0.0850776782701657
0.125299459350574,0.11890189098582,0.147892067068893,0.150265917643435,0.199267452659307,0.167877480145455,0.147140714017974,0.147376190730597,0.107161061722897,0.200361445363263
-0.275552302434986,-0.21561438693317,-0.183681862479436,-0.172557215891869,-0.207713662158441,-0.216573340693674,-0.187364693120426,-0.191056606405091,-0.243630476069793,-0.180219019974063
0.225042167850036,0.251273625117081,0.268299883316415,0.277995991959057,0.300140235073141,0.287508960624352,0.265000368999224,0.255412803166756,0.239804373875647,0.238774865274929
