-0.0395503879673307,-0.0281275602476178,0.0105918558097615,0.0188078345671948,0.0179090316333097,0.0139408065061099,0.0220987349483593,-0.0100684249616401,-0.0361558807053727,0.00427099743195761
-0.018479642117336,0.0265553482276923,0.0286158873446707,0.0350433867080883,0.055512072074832,0.0576970360448072,0.0491936161328068,0.00827668568464156,0.0152464840383195,0.0201917538961355
-0.0495612979694946,-0.0352728267514624,0.0351617532171618,0.0593678812049813,0.0304868718990554,0.0267586502450529,0.0697686803221619,-0.00819331215130327,-0.0326013068141218,0.0275690279627297
-0.00206246208741821,-0.0215353355071905,0.0103146567581056,-0.0434237659653343,0.0655480171027468,-0.0797991094081739,0.0507536010125086,0.0234801467456945,-0.0587988981326234,0.0137197647278181
-0.0625891364385322,-0.0424868198410475,0.028712055149589,-0.0371427844530433,-0.00243888562955751,0.0124954355117732,-0.0405665017078304,-0.0892431175681746,-0.0506822610528251,0.00654897323666358
-0.0800277096405923,-0.0183630522164133,-0.0576816544473013,-0.0294550354408817,-0.00594010230235131,-0.0976653149846518,0.000723708709255061,-0.0408920764509516,0.000109411016156448,0.0127386241403526
0.0465732825470218,-0.00553484360156052,0.0926456204768602,0.057052931326103,0.0474505265147654,0.0450670327900219,0.0822663346218631,0.00330377512999894,0.000812998237784648,0.0397672819802088
-0.0162720986282345,-0.000943395177489287,0.0317302762610614,0.074961153773732,0.0477186544401196,0.0336508721468888,0.125921691054121,-0.0115862122741409,0.019666637991756,-0.0375231779432249
-0.037476969631625,0.00534421525048765,0.0259737816703396,-0.0425052775982485,0.0662741372712115,0.135168878526203,0.0627538869892522,0.047634709255984,0.0323147002088742,-0.00478876755927936
-0.105586675352367,-0.115012436918135,-0.022223330586844,-0.0652477013705605,0.0017968066496566,-0.0406937943747581,-0.00124506889505714,-0.043608773216494,-0.0377772654448427,-0.0414695358653962
0.00589164030937864,-0.0359054474029778,0.0222518007737368,-0.0453948524047354,0.0389648933199657,-0.0763580134440394,0.0374484916855613,0.072622260213422,-0.142202834466382,0.052201916821358
-0.018479642117336,0.0314929614841964,0.0458718838034402,0.0569352046411358,-0.000424032388135542,0.086582073595356,0.0625319220801995,0.0559734073542453,-0.0647604850501054,0.1285723648764
0.0874960072350519,-0.0858550542940426,0.0793539503403646,0.0268937215302698,0.0571999865020409,0.0799862439988548,0.1030549763005,-0.0303483152093257,0.0292309403135594,0.000251856684081821
-0.0663279865971831,-0.0435123741267514,0.0801419610739468,0.0320070811401758,0.0645378785797659,0.121646907287007,0.0771973092271701,0.0597720600663722,0.0265565376905233,0.0398041332417944
-0.0815649880408562,-0.046613984279969,-0.00349493590208245,-0.0162229556536835,0.0347735877187233,0.024050569648802,0.126899576317658,-0.0743583420260438,0.109201082452228,0.00908517035704907
-0.0725073022811601,-0.124978547293936,0.14009037470808,-0.0134558574674859,-0.0136611660711837,0.0439699492098378,-0.0278857515351144,0.0388455451156114,-0.0248664896060954,0.0611017353247294
0.0425439292815976,0.0435870157399517,0.0744429914478168,0.0701590124348372,0.0612365879591329,0.112975220965134,0.118948566735494,0.00568705006593198,0.0504992319462737,0.0515374225146739
-0.129414949235705,-0.0882555975977398,-0.0587322343115556,-0.0148913759084454,-0.0996943355367819,-0.0490810936041784,-0.0512248219107261,-0.0892959565288597,-0.112412379838822,-0.0498884479753214
-0.0169447064060316,0.0824959878183139,0.108957118819739,0.0721340577374388,0.073615889766511,0.110994532675954,0.114169792140734,0.0921401694479942,-0.00858379940712159,0.0909261100836041
-0.118040835376675,-0.0196607118531858,-0.0422837502794036,-0.0564258988686496,0.00135262666755297,-0.0799316722842784,-0.0643544625141782,-0.0517153153818829,-0.145684439457595,-0.141937166548881
0.0921653832631719,0.0213896469818945,0.0853531294700055,0.113715815090427,0.142475756070051,0.120985357428732,0.0645420554307984,0.0676223656915602,0.0504992319462737,0.104608496291759
-0.144804363375256,-0.13777492734174,-0.0330182048629018,0.0346845980365213,-0.00977402852171137,-0.0623959351981866,0.00689977677473624,-0.0813614662158536,-0.151981043144348,-0.196578478451682
0.0903746687696131,0.0938586553403587,0.14783413322092,0.0870589012192301,0.111768606398706,0.0884133806127862,0.149397063419932,0.120102907864813,0.0847645779295723,0.119642707224754
-0.150192850640794,-0.197220996506278,-0.0928346843970174,-0.0864313214832481,-0.0906879328726472,-0.0613534153652344,-0.00866525662365897,-0.12956297684577,-0.129757105761876,-0.0692419966221221
0.143218062733362,0.097462318417708,0.042315301729733,0.115815059839844,0.119913321642019,0.148320789729647,0.18421881028424,0.0921762357229953,-0.0124148683672091,0.116488147951971
-0.188866276626081,-0.0951792533526745,-0.134822035800618,-0.0548160610058658,-0.115540252020076,-0.087969931991299,-0.12349946526986,-0.159175060496945,-0.093607751762574,-0.0610090302679648
-0.199601467503575,-0.162850040971322,-0.0224911223621515,-0.0596430701378706,-0.126700447221383,-0.0530255214220891,-0.0528292522607915,-0.0714674365328353,-0.200034816740125,-0.0938599263527035
0.168561304708164,0.0724657566138159,0.0287137927558259,0.119062452770792,0.130261646380252,0.107276448199965,0.100142256240328,0.19859605504217,-0.0124597873762206,0.203103234940754
-0.101308653141273,-0.195848624744764,-0.0889679163608747,-0.125170892112213,-0.10355641364604,-0.0887186861583432,-0.109753956233311,-0.100872220186558,-0.232998086076781,-0.111798988787493
-0.122996529786789,-0.227343712730031,-0.103165794821191,-0.19110377094668,-0.0844784527604892,-0.214896257207938,-0.180628644977395,-0.0901347088425741,-0.184985085930315,-0.165064185138444
0.113281814721084,0.0916032254499793,0.171202489151278,0.147223553342676,0.133346845761064,0.216077639378161,0.185717355910088,0.176972773699037,0.161546390729339,0.214458131887976
-0.156741942599261,-0.170888998180939,-0.203207517449932,-0.127902444492911,-0.145149375880665,-0.159786277476207,-0.12449002853725,-0.215930831482859,-0.20207511492553,-0.133848844152786
-0.164006965468425,-0.195034808528223,-0.171961204963776,-0.211436116412231,-0.133036580522828,-0.16056662726876,-0.148838630815107,-0.137829676428928,-0.195768679523934,-0.143517215665832
-0.232193832951904,-0.192666255085777,-0.216379788884521,-0.170356211208061,-0.171247110153277,-0.178957800275528,-0.172026328354782,-0.22583283945975,-0.214924909474879,-0.150290055424207
-0.235899361741825,-0.21579704514434,-0.144598170153704,-0.210453009756336,-0.17574911093285,-0.16081478979152,-0.213876727011123,-0.262553342871468,-0.223992486356118,-0.166761252066629
-0.29296443507072,-0.271966762026547,-0.166491821088432,-0.177273190924178,-0.1976493853406,-0.176607899048892,-0.160301888410676,-0.212572579695945,-0.233408800264416,-0.201592252002078
0.151518016354088,0.179246404985948,0.226819705003035,0.242120494947225,0.240794967206102,0.224368010070035,0.223448555617722,0.215419276935058,0.253545382218699,0.245346961511944
-0.249344470587835,-0.258432872770953,-0.182844288400158,-0.218015655667549,-0.193677730803753,-0.228329700985996,-0.199034981389553,-0.243598288083388,-0.253630255755744,-0.22073684469242
-0.295238312599925,-0.299863461411711,-0.243362580991018,-0.218659125270386,-0.225834295097944,-0.217246433082888,-0.198976248507763,-0.220959939073361,-0.30553486495877,-0.213713565722397
0.266056115244645,0.284883257738025,0.312756094866381,0.321712138566419,0.332334858656518,0.324035108868524,0.316859777277085,0.295982414405851,0.27513447188843,0.294833156656736
