-0.0395503879673307,-0.0281275602476178,0.0105918558097615,0.0188078345671948,0.0179090316333097,0.0139408065061099,0.0220987349483593,-0.0100684249616401,-0.0361558807053727,0.00427099743195761
0.0116447193804368,-0.00308661850975456,0.0162982721437789,0.0516299446510383,0.0707203810070461,0.0434187046564568,0.0364213297923055,0.0639233118848796,0.00718301890629133,-0.00524800652761064
-0.00482584525298785,-0.0508075732514699,0.00478195112917311,0.0192812287807753,0.104619062026742,0.0207175605310887,0.0545635649156727,-0.00244286403698708,0.0259299952004374,-0.0157218162042076
-0.00910725934295206,0.070414255016776,0.0364949447745119,-0.0125290310769098,0.0428266891181837,-0.0249031916383478,0.0459548082443307,-0.00241646718246331,-0.0429069298518335,0.0763858309457021
-0.00250703424745383,-0.0230959841143907,0.0848059942764981,0.0452050610940473,0.0634867678886214,0.0257544886578585,0.0749524045753035,0.0664755328367502,0.0250258349742926,0.0228093794890418
-0.0771920099112782,-0.0704030863941117,-0.0212719918435598,-0.0471262313668711,0.0340040477283258,-0.0403274336523878,0.0729737858234102,-0.0107301288491504,0.0615242169747249,0.0374805861971019
-0.0109463603659091,-0.00231876460010476,0.112093806402738,0.0865152830587232,0.0248240238351675,0.04110262957051,0.0209700939521859,0.085406145167774,0.0297420685020782,0.0185210357589044
0.00718851012694069,0.00180683401304178,0.0200529078493227,0.0939574854572084,0.0374716755185932,0.0418429196809105,0.132397620263537,0.00482513094503347,-0.0798975169030904,0.0834824753394501
-0.0600392149170672,-0.118283625679109,0.129635294242512,0.0427290312375484,-0.032128768703871,0.0578219965895778,-0.028763026938456,0.0323653384934761,-0.0559852926970645,0.00628490282845388
-0.139826629348025,-0.0665960095320909,-0.0333037711611904,-0.0446861440457649,0.0158546546818893,-0.0537452302822757,-0.0349352990026928,-0.111064575578433,0.0972271673924948,-0.0919653874142404
-0.0106793794943297,0.0613037162197518,0.0303414497608381,0.153791903612007,0.0727828235169799,0.0269900236098288,0.0549603070793877,0.0160773028856676,0.118764821529118,0.105127103558123
-0.166534514951458,-0.0934870373718008,-0.0878282426103369,-0.0113580779516588,-0.0137465555778331,-0.033922441357138,-0.0633713505217261,-0.0607173644994685,-0.119638289769177,-0.0258949150868961
-0.101325021380194,-0.0986374219452438,-0.0554733331158389,-0.092718139955756,-0.0279244557053709,-0.0634981291169202,0.108116106286384,-0.0774714812946719,-0.119742180635721,0.00395588808431389
-0.00847035688729961,0.0719349788393115,0.125647740096415,0.0865944540779523,0.0708190845433626,0.0436695318870092,0.110987623837248,0.10958969469648,0.0643971610241396,0.109040779621095
0.00177148266346727,0.090767062858197,0.11572612177299,-0.0254759375469894,0.0671140425575122,0.156601845160923,0.141658976401108,0.00227109104502445,0.0134838735567864,-0.0724684827276356
-0.064264358354542,-0.000898262825352394,0.0343211455742796,-0.14546203091924,0.0346406474747342,-0.0121993973353815,0.0320265605485888,-0.0825739030264274,0.0447131056488225,-0.210833324634464
0.0778696568994105,0.0429895303275674,0.062370543017958,0.13351421820813,0.115710397867638,0.0596363264371671,0.124231707190522,0.0521775140463748,0.0955447899679531,0.140780533721993
-0.143754890656535,-0.1130548761382,-0.0825145427299723,-0.093411043493815,-0.0841739872502028,-0.0669024298418968,-0.0467135007199085,-0.0628601507058632,-0.14537991912308,-0.0792431010260802
-0.109019391865346,-0.150173175762029,-0.0804048771403565,0.0244226999233409,-0.0196759610496511,-0.0791013714417284,0.0397884970635074,-0.108692665399636,-0.188866261403175,-0.0090035996608664
0.0908491156954688,0.00104312930043025,0.141554360203496,0.0836372689418315,0.0816505656162421,0.107864440524084,0.109343463170198,0.0246924679854975,0.0240492181789714,0.177655207687596
0.107537666097468,0.110761328641271,0.0779319231498289,0.126770047792566,0.129904316042387,0.0887271312924347,0.163734876584501,0.0279182796917312,0.0134719108579027,0.0714260645870248
0.00783638963146926,0.00864987751032865,0.116777235538251,0.1440213535209,0.183159140566821,0.0973459130215102,0.115844003554602,0.062677201083078,0.0446631646185384,0.100662981031653
0.000618097082487279,0.0415866313823939,0.161970291550602,0.0690570778910522,0.0797651960838138,0.0845819054490956,0.149949940558284,0.0574991674588637,-0.0204828878915962,0.218916628259362
-0.157364539023148,-0.165776280815599,-0.114869890719242,-0.0420065721768521,-0.121936933520798,-0.11898661732355,-0.148040036444366,-0.0659402673161184,-0.073979785623927,-0.0906639488257162
-0.206012152594402,-0.0962821235163912,-0.0966652656691758,-0.0923774858564838,-0.157784293633274,-0.0968603770712519,-0.0778487649295345,-0.0666518611871106,-0.168917184674406,-0.0746697131979754
0.0857374361946382,0.0522546493457835,0.163717330080874,0.132957020074609,0.0871645977251242,0.155239418784348,0.139660974403106,0.167944923385523,0.0201353866645406,0.134307577706961
-0.16853625874727,-0.216333774831608,-0.123207010366773,-0.0502058477584382,-0.0600631828922491,-0.0741328647188057,-0.0860164821545985,-0.0487545462910601,-0.17083460638315,-0.161964022959607
-0.173688667895239,-0.106159918181995,-0.115809798617417,-0.0569229268062423,-0.190227308109296,-0.0636941734130561,-0.116264031270072,-0.0923536036122443,-0.176647174084262,-0.165289925986326
-0.132052455066429,-0.107712028902582,-0.153461999552174,-0.11315337992637,-0.155541084105558,-0.0581089264473565,-0.176661719247966,-0.195729056379378,-0.148454824226289,-0.110273623457379
-0.174046523466072,-0.174929779316383,-0.096833069190804,-0.10958429066911,-0.141126542115398,-0.137607549139669,-0.100552827570736,-0.133449073687445,-0.180301118285295,-0.125019634097555
-0.172535655288715,-0.136868015380798,-0.136570672279438,-0.147447232636357,-0.145262302951971,-0.158240558461192,-0.0760354750259865,-0.143355000330007,-0.174208585500867,-0.110147858961405
-0.138727932885081,-0.193984262344627,-0.117760980568691,-0.090634430717388,-0.11865002447623,-0.199804303463232,-0.138018390222677,-0.176522436585127,-0.162071145743387,-0.0869913944267479
-0.188987838530637,-0.198457601366467,-0.123217956854413,-0.147873260755672,-0.120405609845083,-0.14804152965789,-0.124075289333158,-0.150625395184795,-0.192497508895184,-0.122102678703295
-0.1499058059386,-0.131008254098041,-0.156645248365681,-0.168289186837066,-0.154411969658937,-0.171423338158494,-0.106935779428866,-0.196068968527272,-0.1881639716606,-0.138746259186388
-0.175766016193159,-0.221747744191641,-0.166158219810998,-0.151658942159396,-0.0663211089134289,-0.150222610409082,-0.116376606024498,-0.173383034977158,-0.145010175739734,-0.186661987144379
0.0503234169923377,0.167252736195921,0.15247017757432,0.177493692019677,0.172441618827949,0.208568051341703,0.159457553676316,0.168712286438526,0.153072833778307,0.166946010954242
0.130296847450893,0.143493271750573,0.220449823714344,0.214356223190198,0.197286563605181,0.220043927703571,0.244916702191713,0.190452633745663,0.119775713905467,0.218916628259362
0.173991958642933,0.210949785267191,0.235639340831366,0.221358794353084,0.200101852515654,0.182388594789953,0.222108030664689,0.19696600894469,0.161074579970978,0.21478456421435
0.169344686591627,0.205012326499544,0.205309669600904,0.194433109243985,0.196618038928371,0.18363978341915,0.265844866854355,0.198525341550334,0.167671756379475,0.231732482918937
0.175154078555199,0.213569330114626,0.230262981842064,0.244009238343978,0.258970097701221,0.237250917603906,0.266001070400558,0.218265273151785,0.194938203557819,0.253791861450848
