-0.0395503879673307,-0.0281275602476178,0.0105918558097615,0.0188078345671948,0.0179090316333097,0.0139408065061099,0.0220987349483593,-0.0100684249616401,-0.0361558807053727,0.00427099743195761
-0.0221881166101593,-0.0394675667495439,0.00768690346946732,0.0190445316739851,0.0612640468300259,0.0173291835185993,0.038331149932016,-0.0062556444993136,-0.00511294275246765,-0.00572540938612498
-0.0252483741666199,-0.0152231624238613,0.0613428311062499,0.052661558812959,0.0213665277342386,0.0275217180383099,0.0215344144502726,0.037668860103067,-0.00320690610164726,0.011396016595431
-0.0519073731609363,-0.0145129115364851,0.0224565006920206,-0.0633270981760226,0.026274839554022,0.000870704585364174,0.0270626477484741,-0.0463211639940337,0.00427861247172485,-0.103281163601253
-0.0519073731609363,-0.0145129115364851,0.0224565006920206,-0.0633270981760226,0.026274839554022,0.000870704585364174,0.0270626477484741,-0.0463211639940337,0.00427861247172485,-0.103281163601253
-0.103042451459394,-0.0608072988097093,-0.0386181934002877,0.00372487830776799,0.00208123802773832,-0.00999081742551403,-0.0206363077866834,-0.0353928947305543,-0.0778970852372749,-0.0108119588274692
-0.0574831961564226,0.0219915157958235,0.0704648108936243,0.100146446474189,0.0069226503547855,0.0361967604105844,0.0794985110202942,0.0255511515318287,-0.0177906357429247,0.00417962280051025
-0.0725714623757894,-0.0374000021383629,-0.0608660870305306,0.0619645471145222,0.00783972392358331,-0.0483903091672031,0.019624213525026,-0.0444676674875108,-0.0992249247139836,0.0178827132803598
0.0233606927867123,-0.0563421474344688,0.00685558464079068,0.059006492162571,0.0479370093009965,0.00789414299042675,0.12458044538558,-0.0277914478618436,-0.01166211942909,0.0722455123488416
-0.0194661454424217,0.00672953556738805,0.0862810736801816,0.0439324562291235,0.0488371138585617,0.0492613559776028,0.0860243377533218,0.0237153712486118,-0.0283193842984845,0.11159381284566
-0.0870688376857779,0.0377667716181222,-0.0207261465184532,0.100434399859644,0.0233329759661283,0.0774512801721843,0.0641947067630445,-0.00481882672180697,-0.0128859538491883,0.091635825502399
-0.122781270280866,-0.0622048418820045,-0.0430367049297071,-0.0367848256446445,-0.069937630999982,-0.041459785282571,-0.0278750149905876,-0.0383601430743753,-0.102536532689889,-0.0351993578830089
-0.0833248802840118,-0.128794996608983,0.00237284027935958,-0.0690225492425289,0.0134429113957417,-0.0880781846144036,-0.0352515026422884,0.00359730984753036,-0.0849786267149352,-0.0205460617691346
-0.054368808237199,0.00114097438217548,0.0512928419962673,0.119324780960482,0.105777260544589,0.0325986203939068,0.057444328215588,0.000471895012115829,-0.00975398472620169,0.110872149228019
-0.027823685022425,-0.019003058655189,0.0639009850757587,0.0629141160398577,0.128912917217683,0.012037223819203,0.120605590362609,-0.0107069019584428,-0.0457041097689079,0.0733482550089603
-0.0498442347227519,-0.0567237716349793,0.0355086903850535,-0.00507185847706479,0.0633372877681071,0.0312817802184572,0.121241325559517,-0.126955977913425,-0.0332270457721137,0.0778454840925515
0.0162113287250481,-0.00959346869121402,0.0717305827468782,0.0784963059498778,0.0875783034960272,0.0717821067716794,0.108077034764744,0.114034308726694,-0.0468638716601299,0.113362405916188
-0.126617865707296,-0.0825755898004688,0.00114057546376956,0.0499936021418547,-0.0438182752184724,-0.108705614337606,-0.106314037597846,-0.0386160880245786,-0.112898500344675,0.0255981958208139
0.00538651451250353,0.0695625879741516,0.081531016692041,0.0981507632934361,0.0951753252306295,0.111254428923906,0.0907781443123377,0.0793219307384427,0.0584584765364671,0.0856085041930996
-0.104297017167272,-0.0472319133728246,-0.0477730816066368,-0.0693575849784693,-0.0164764708293738,-0.110016792702709,-0.0879472175724112,-0.094898762283715,-0.17727712469861,0.0129025997897615
-0.099870972463235,-0.0685601755518098,-0.158205571916801,-0.0668410223458493,-0.0748995763797474,-0.0238912322708776,-0.113482041344658,-0.0774509897854061,-0.106182461225874,-0.0802159679833739
0.0130762741187878,-0.0409671435095832,0.116158081353918,0.0236603566054144,0.0409234652902719,0.146100332594341,0.0769872787327158,0.0181111369893185,0.157202424192398,0.13492744192771
-0.084979261551567,-0.0472319133728246,-0.09824945235558,-0.059217242640512,-0.113295371619373,-0.062610692272759,0.0369002891454443,-0.10090496505312,-0.210131833873592,-0.0960599878781073
0.103757941030947,0.0827457633235908,0.0831513642422956,0.111261621324277,0.135627139129952,0.0855910862891206,0.166408068072825,0.0667964099951881,0.0437480751641979,0.108084643629223
-0.116145818718628,-0.207236148990319,-0.0700714123260755,0.0216257951600049,-0.101862222056671,-0.122496808711302,-0.0333432157431888,0.0258798105902519,-0.164853939543601,-0.00268587151319995
0.00178370857617238,0.140484624369837,0.0875772820765083,0.174520847429829,0.0690067263637119,0.0417601339676797,0.131451930801701,0.112520136211953,0.12481317201858,0.0919648085870334
0.0204013212092615,0.120016285510415,0.082844734915504,0.142407041219894,0.146442922468867,0.0408268043844866,0.140545800698626,0.0895705905943832,0.104402754497471,0.122042904072137
0.105365749517986,0.00149059734044535,0.12304946887749,0.134221098597231,0.134119892397114,0.145764246352446,0.155787857603336,0.0869476061022734,0.0615456064256684,0.0324688274913534
0.0215607267120285,0.116353020550398,0.176757827526223,0.122863915178719,0.0855288869393032,0.115047567413631,0.082597120017368,0.166619226850673,0.0501884230071562,0.0561296262799205
0.0673373602234253,0.108286207252459,0.14281827736949,0.146358322015685,0.0479849263713766,0.0336059234410843,0.181871121535151,0.0830975937771158,0.0535790109909138,0.166266699575143
0.0475764809968167,0.108152909395679,0.127321046347976,0.133572925633039,0.100420120277701,0.128897965995112,0.142482736287096,0.131997608203308,0.067821218587794,0.135158393394674
0.066314427920383,0.0481270837380703,0.114050173999178,0.154658744682061,0.149280675648213,0.140261722171335,0.138398877674564,0.140946265651333,0.0668625077334217,0.0915112385138582
0.00682719463373538,0.123061672534619,0.0532277588002389,0.0900855968957714,0.125792643456273,0.155749511660835,0.169948357713801,0.0959268487498409,0.169072783870135,0.114473700066157
-0.11969998939927,-0.19528625298745,-0.152676501554355,-0.0709451154923992,-0.0500960278538622,-0.170101768697321,-0.0206068401251885,-0.140409139722574,-0.0957253099511223,-0.090737907298435
0.0124158016181201,0.0481449910504075,0.161558420752536,0.168107564041958,0.177252303019087,0.126532870235063,0.201439635197883,0.14406001839276,0.0503523716170106,0.145703702860704
0.067315299818289,0.109550452467974,0.131739557877395,0.174082629585451,0.172438989305421,0.160366933852169,0.149721443491,0.134964856547129,0.0924606660404082,0.159545792450214
-0.183610401967409,-0.164746782811671,-0.0830477404707647,-0.228873879671887,-0.159982565854643,-0.155677024467727,-0.155990356425375,-0.216640530929578,-0.156601078690208,-0.207309559705532
0.130419361342026,0.202014217311085,0.139332453730169,0.163406388998151,0.250242362246039,0.248498621843018,0.214954197267059,0.173728742223933,0.11996267687995,0.187406749955244
0.145109377111063,0.155134588853822,0.231700582383933,0.223019310090642,0.191724279011922,0.197879469315993,0.191892165727956,0.20802661138075,0.167150845176036,0.181753767873114
-0.265085848230649,-0.249925658450512,-0.243384447555643,-0.245098427412618,-0.238609220290497,-0.249099017103875,-0.212776273517936,-0.273426448022139,-0.282517677460669,-0.237595382154898
