-0.0395503879673307,-0.0281275602476178,0.0105918558097615,0.0188078345671948,0.0179090316333097,0.0139408065061099,0.0220987349483593,-0.0100684249616401,-0.0361558807053727,0.00427099743195761
0.00984224519171885,0.0126581086173886,-0.0254863671821154,0.0539164496940199,-0.039215920922071,0.0384238348575406,0.0367145479924599,-0.0199064783631825,-0.047221755573344,0.00996638574923411
0.00984224519171885,0.0126581086173886,-0.0254863671821154,0.0539164496940199,-0.039215920922071,0.0384238348575406,0.0367145479924599,-0.0199064783631825,-0.047221755573344,0.00996638574923411
-0.0505945031860198,-0.047282072439333,0.0700091231161188,0.0400271335219735,0.0128777971563825,0.0140566456045474,0.0128576212155691,-0.00151774970613655,-0.065808762975552,-0.0853696809964899
0.0883241132361255,-0.0940646357836625,-0.0143508761352542,0.0202106870264104,0.0914214461607668,0.030826018630839,0.00377308740302305,-0.0109609404803411,-0.017937406365156,-0.00872795387100267
-0.0944491870197875,-0.0494610713391539,-0.0426275095880759,-0.0139787705092007,-0.0749201183059309,-0.0704797544863978,-0.0021506380125328,0.00783176391162986,-0.0549380374674991,-0.0341525730048363
-0.0794089871838553,-0.0460138522411751,-0.0681101545831876,-0.0144447635684152,-0.0119144148595443,-0.000972910160520868,-0.0321848702298207,-0.0531821794194154,-0.0959520344909847,-0.0544813810985318
-0.0381253982168808,-0.06580077791259,-0.0661917335589442,-0.0843084439226141,-0.052679765758609,-0.0209828960854788,0.0687355815892469,0.0385559273030923,-0.0647542818848584,-0.00976755812446848
-0.0686092069953543,-0.0732040070324353,-0.0179278368725283,0.00691728891924349,-0.0298382665229126,-0.0640559137848263,-0.0217929514866793,-0.0210175260792346,-0.089280373454408,-0.0823375499898677
-0.0724350278078195,-0.101167279152636,-0.0478923075715566,0.0320674309308212,0.0411516735470732,-0.0128517463452665,0.0485125344234399,0.0423388185792803,-0.0900532665478353,0.00527693504335982
0.0761674786288126,0.0381991301229396,0.0704999147489394,0.0663037586200066,0.0851144107365717,0.029666322124758,0.0263970231785435,0.0892706465391068,0.0363574883959183,0.0458758827053474
0.0334126813370516,-0.122584553557345,-0.0457519882359117,0.0680347123071176,-0.0463975792776387,0.0160966131540112,0.0706671878601151,0.0137626631249946,-0.0655338994460032,-0.07327445111934
-0.0100040390952928,-0.0202578055624852,-0.040248431564429,0.0621465693335046,-8.39742954394929e-06,0.146226647953041,0.0287311355102267,0.0263204767240009,0.0490447772577839,0.11358131768958
-0.0740229477625991,0.0212066683481332,0.0218821826723836,-0.0398607593690386,0.0617433380667691,-0.0455464884660511,0.000227746431079118,-0.151741441633656,-0.0959492591032784,-0.024076317124787
-0.0787668386006844,-0.125570754391201,-0.0133082276935802,-0.0438719172529028,-0.0699578826988691,0.00350016690558537,-0.0606080038032897,-0.0661928694367189,-0.0679183370606259,-0.0921446603060734
-0.00815161679142006,-0.0334868265655429,-0.130198918155016,-0.110127891878817,-0.0516555712085498,0.0195190921701331,-0.0287316436825944,-0.0505353003518694,-0.0892608355643379,-0.106746516369864
-0.0997292079557599,-0.0892299428162661,-0.0719533834728273,-0.0659249358370923,-0.0913832282966623,0.00199722757929574,-0.03499492557488,-0.0178257673350061,-0.00839769732628169,-0.141244153019996
-0.0915120645467229,-0.0785144900473326,-0.0372083048658859,-0.0719856628388301,0.0329960342061911,0.0172928518191979,-0.11101723319499,-0.0857329649411417,-0.123099457750857,0.0251677636492575
-0.0944096798958289,-0.0518904108575586,0.0201519321165756,-0.146295958863244,-0.0667971066506528,-0.0799417524463151,0.0186499822429136,-0.048330848585276,-0.140168260044721,-0.0301423644044351
-0.13263558248551,-0.0286733917436223,-0.148156868052123,-0.00371619575812529,-0.120388218021832,0.0114323216226551,-0.0761571084572427,-0.0372381136357486,-0.0530783523937966,-0.0546921636389336
-0.175732953592886,-0.115930615470169,-0.0756175546630191,-0.0791988321131857,0.0203082511443338,-0.0650197542537481,0.00930242642681167,-0.0894412779658765,-0.0816959707124198,-0.0606927996932787
-0.144537057785073,-0.0401653030455301,-0.0740064435037767,-0.0811172883909807,-0.114456684445735,-0.0119295695180897,-0.0119040871450839,-0.0900918337837844,-0.137229261495941,-0.080041039857137
-0.166503493071955,-0.0975157891498216,-0.0446269047970985,-0.0856141209345578,-0.0967504063054001,-0.0741247313891821,0.0729509334724394,-0.0984832445124239,-0.0669923973778018,-0.0364057040682119
-0.0915152055613671,-0.0493534841539715,0.0095068375210276,-0.0731059224964466,-0.14909737279579,-0.145610339157612,-0.0561160294309318,-0.0636342973180974,-0.125951481482861,-0.0636076748113241
0.0224558134462456,0.0886892373255448,0.0941126373072427,0.128855554354585,0.085407135245019,0.163826020643038,0.0626358997789793,0.122079380159352,0.0262649755887909,0.114043127637202
-0.0770374632539871,-0.0483034261601246,-0.100645671912633,-0.130336689989253,-0.11689850782421,-0.102309370449354,-0.108245538284919,-0.108804403933771,-0.138774119201879,-0.0880884292434995
0.126315436945417,0.142504148313178,-0.00371094437598922,0.146663620905298,0.0943400056221694,0.100542870459513,0.0645386993558434,0.103756416585188,0.0177012642745506,0.153724501126715
-0.179155539033266,-0.116092805469071,-0.147532155136675,-0.0766131587804171,-0.0694163233505081,-0.0626040080481279,-0.136710588584564,-0.0169092094297788,-0.137838878156773,-0.0716758419260099
0.0333754768683714,0.146108553398636,0.11555504420614,0.0480279656191089,0.0930960734675262,0.177392886840141,0.0551499674210536,0.179735180887327,0.0683460641908752,0.0828154474658175
-0.180466101006147,-0.132273528303397,-0.118052847990502,-0.133094323722917,-0.0338620577185602,-0.0358932605356281,-0.0740925245275,-0.161252591077087,-0.11628130658673,-0.0513650856436525
0.10001470894461,0.110715871592038,0.153123371485795,0.150287877043811,0.148036368654305,0.14300376330976,0.15666918621637,0.133305215333857,0.0923967698541774,0.129854976498431
-0.158269796709965,-0.136385417516474,-0.141252717704862,-0.129543137490121,-0.103653361258147,-0.127458297339054,-0.09803986428444,-0.169402233168831,-0.188915926479214,-0.146110761701998
0.0754297026189334,0.13803365768106,0.182016575974005,0.161660354632101,0.152687653530138,0.138814319223641,0.185666251381917,0.173941148938484,0.118901050514913,0.166405309792646
-0.158979780340044,-0.0668258782259778,-0.213280315539012,-0.189096538869325,-0.172930308643367,-0.122312757838861,-0.0320070354161068,-0.150648301967915,-0.20147337511041,-0.137294918539976
-0.162035833091191,-0.183048914417443,-0.170189321339701,-0.176427120153167,-0.171060700408444,-0.125940904119351,-0.0933536635741611,-0.197930023637859,-0.116082479214315,-0.231632665180899
-0.258460113741668,-0.195856158679541,-0.151873240386596,-0.1722294617285,-0.181202162830463,-0.19507549713696,-0.148223564978684,-0.159948667422117,-0.214988765845688,-0.167484506567955
-0.258460113741668,-0.195856158679541,-0.151873240386596,-0.1722294617285,-0.181202162830463,-0.19507549713696,-0.148223564978684,-0.159948667422117,-0.214988765845688,-0.167484506567955
0.180925240790894,0.152670759242633,0.209284983213487,0.222196530159451,0.176830242437227,0.223867445703582,0.249432539960126,0.216095793486335,0.178524146443627,0.174064787873325
-0.264527787019371,-0.217677235705141,-0.204290938572966,-0.215554634241828,-0.192675406147709,-0.174074002941216,-0.180498314210547,-0.243758238105808,-0.190447155792138,-0.20345267488276
-0.279370705727107,-0.214716962496755,-0.184850495694622,-0.168583183383646,-0.195066814984963,-0.200076693415001,-0.194090584304031,-0.21258356953065,-0.247613021368518,-0.233463085500619
