-0.0395503879673307,-0.0281275602476178,0.0105918558097615,0.0188078345671948,0.0179090316333097,0.0139408065061099,0.0220987349483593,-0.0100684249616401,-0.0361558807053727,0.00427099743195761
-0.0643686708685823,-0.0208725527419137,-0.0390359236816979,0.0210330744303824,0.0441547662075104,-0.0493703584179697,0.0157599089439297,-0.0393466927540597,0.00370567390553442,-0.0699290786640567
-0.0271286811383798,-0.053490410229737,0.0685353500210934,0.0127954735937567,0.0415077262320028,0.0531515943683622,0.0479227626558472,0.0283613777603737,-0.0822600774130379,-0.000723095333838977
0.00684362478628109,-0.0042128866840329,0.0364749531992178,0.0573760027313944,0.0574302939639381,0.0610444745998474,0.0980591790221797,0.0507800977449533,-0.0206099789456832,0.0426965373437575
-0.0166901102306432,-0.0456668000220767,-0.0563273522449118,-0.0159287100056667,0.044803165501877,-0.00518359647789475,0.0764807065439585,-0.0071869232504698,0.0752229149966254,0.0843797577568516
0.0577607432326965,0.0024894523638331,0.0486733548375368,-0.00330016873080237,0.126160927602442,0.0863712706253135,0.00594453323571142,0.0727431893457697,0.0372380330722765,0.0422245451718469
-0.0293534872045871,0.092873000163067,0.01778732544394,0.0363829762025568,0.0397651699607943,0.0969396049820029,0.0549668459106857,0.0673879733882912,0.0743324252699909,0.064129922783956
0.00257391292838557,0.0590336719501035,0.0543530810927771,0.127918050538945,-0.0259551790708454,0.0582660552242292,-0.0930291678026664,0.0151006659035175,0.0668310918388599,0.00708262178125704
-0.133119649024924,-0.0832827552204313,-0.0357345604592935,0.0363885684152793,-0.0286474989780042,0.0862408593303361,-0.00763269910551757,0.0598971103541342,-0.0777146173438683,-0.00196043107355457
-0.0865072583673302,-0.0690929225283858,-0.0390872700671673,-0.0484189194175975,-0.0632834084160141,-0.0195481163890893,-0.0331663217451996,-0.117469210804282,-0.0998199535090658,-0.0128427044796039
-0.0839393659694179,0.040049103816254,-0.072898435310033,-0.0131402178982901,0.0201825644054199,-0.0948692440428546,0.0351502232601962,-0.0719669227583742,-0.111711788379467,-0.0942312795725465
0.0730195792464655,-0.117134596366315,0.0766992151962441,-0.0933360117497292,0.0810001929414259,-0.00668721824510794,-0.000892468483025516,0.0978290350458451,0.0421964849953853,0.0414804397339751
0.0413370204171255,0.0398004523305498,0.0771184949427377,0.0961727425230845,0.0963487488044068,0.0824417331008238,0.0955621607339436,0.0630197943898112,0.0343162539535419,0.083390321220106
-0.157112106566907,-0.00640516208648248,-0.110550825879982,-0.107700348566298,-0.0357780904818287,-0.0298446567515275,-0.0134118732670376,-0.0628456545048751,-0.0674201731685935,-0.0296533826223602
-0.0167334813774999,0.0424384466290739,0.144065972450459,0.0693607060391819,0.118931997824062,0.0728801016657076,0.104862176521965,0.0549314351877988,-0.000921309654793936,0.0653478032902749
0.0349394929830731,0.0304688597954815,0.0923892172899696,0.0818100678334304,0.112043678327568,0.0959360967068436,0.09492012939471,0.0400601164443077,0.123445689669116,0.0596064265456702
-0.100566923448446,-0.0959635908707402,-0.0786448273313697,-0.0668593812482911,-0.100707113341979,-0.0755943270803094,-0.078578548595481,-0.0169327852032656,-0.103743427699839,-0.0781013254675482
-0.094477367779297,-0.067892194084518,-0.0811056020038612,-0.0905116836260235,-0.00703856420800258,-0.102090295718231,-0.0846092923093411,-0.0395266689658428,-0.1494646326646,-0.0365831892273011
-0.0772063070071047,-0.144417898458685,-0.0291740931762068,-0.036107047365809,-0.0809377558460972,-0.0684315163933959,-0.0748098802275298,-0.146571131480821,-0.0636133216718747,-0.0556361464949557
-0.00377344457614889,0.130111120593475,-0.058530619218079,0.123168203860367,0.0790854451022831,0.0494378511821955,0.104252201127725,0.0538545374947171,-0.139474312023374,0.0293054345486559
-0.115616783254954,-0.119076676065045,-0.0907257856615377,-0.0220526137381783,-0.0310437351600691,-0.00450153376283242,-0.104870579183494,-0.150736104428511,-0.0973524113394156,-0.0499627544883356
0.0842956542595181,0.116406634810665,0.0763164937513503,0.0799003860989385,0.138613466407587,0.0962331830109433,0.0998021944987929,0.0294671216490126,0.0636768181727454,0.0857233701191913
-0.130851354031723,-0.123838284531547,-0.0657434507347706,-0.0688303309915943,-0.0841671369528723,-0.0595990985871086,-0.0721793220302591,-0.0864758092790556,-0.109332151638177,-0.0836794964206503
-0.0712320506209867,-0.10827360414984,-0.0835479417896736,-0.118479370265315,-0.0919207322326979,-0.0821602368766468,-0.00324659517456549,-0.134631449834063,-0.112191871074147,-0.0158198130313365
-0.181349065840429,-0.10354694538744,-0.0735285376009208,-0.0742623002408304,-0.0127839581932689,-0.0744952619068038,-0.0101013127919819,-0.114360344975245,-0.115759178057381,-0.0775757710760471
0.0560418137774432,-0.016109267878018,0.161355864716166,0.0746554385927037,0.129837059145276,0.0554763121915195,0.0911913203811468,0.0969507994294339,0.056081675077864,0.134918845288703
0.0433473486563724,0.107880750450172,0.0928311644803765,0.141907533747505,0.172640554191436,0.111643441525471,0.0420989864108878,0.0364737203430934,0.0619007462662956,0.051565922573846
-0.152454531527046,-0.0469829110572934,-0.0988165856890553,-0.138728811933976,-0.0225604402890898,-0.0514013663259238,-0.028448863284797,-0.139224587262652,-0.150012395846253,-0.0889774030730471
-0.106380814243181,-0.195250358855021,-0.104949341772761,-0.0375669049497522,-0.0174465375427541,0.0238002039225728,-0.0799878618601336,-0.12671987779401,-0.175960047231177,0.0721931979432548
0.0625664349673126,0.112106809495212,0.106488322233139,0.14588006481779,0.124878079041262,0.149805459266117,0.157551503530938,0.0875514529842607,0.0921754598111748,0.107288494250865
-0.140613090127858,-0.140066911332186,-0.101704277350146,-0.119123425130302,-0.095024394907375,-0.111013152736216,-0.0554743682083214,-0.0716261837276536,-0.155269529274426,-0.150629033654959
0.0892159476857868,0.0583900787195915,0.16460967770956,0.12861693064448,0.0780233746888145,0.131649322799424,0.180431501921685,0.111186467871257,0.0114237021819023,0.130869728053088
-0.114167002157955,-0.178630219848105,-0.138351680514335,-0.161871916593437,-0.117071949417073,-0.100939363986563,-0.103023481750282,-0.156985581607921,-0.128780175949232,-0.111227854916809
-0.18853382477785,-0.186834261037207,-0.137786709128717,-0.135950094993555,-0.11084424635258,-0.0669650469781638,-0.0794978884200838,-0.0743618452448836,-0.222974450804948,-0.0121557630137022
-0.190270099792883,-0.116323856081489,-0.0750877225376355,-0.190505400689832,-0.154056426007299,-0.143773598432816,-0.133061460492169,-0.14208130276728,-0.110822486252184,-0.0172549634319304
-0.149549214815311,-0.120079639303744,-0.19951861247676,-0.122677193417018,-0.0366541171796877,-0.147495010813377,-0.0443240641421735,-0.153800014525613,-0.183588561829986,-0.145927505503056
0.14469869815532,0.130701845384266,0.16439964316925,0.151621640533778,0.15838046996226,0.189658337917731,0.168128425307148,0.129650939864605,0.130218109328908,0.165132747188889
0.104903375819006,0.0887053213669262,0.187153722948015,0.141057842492536,0.197518467999456,0.20948905423831,0.17042637379412,0.165116920038826,0.0952506373633023,0.239521951412835
-0.201836880450594,-0.220712970976763,-0.212172334344231,-0.202129913660644,-0.179793414595722,-0.163402869779639,-0.198338827555063,-0.2155599408025,-0.230472016351117,-0.230456247874793
-0.264717067158622,-0.269430333810897,-0.219829810622156,-0.228735514836218,-0.205102534794162,-0.226139527513136,-0.209074469136637,-0.248823014419845,-0.270694207490296,-0.222924001435941
