-0.0395503879673307,-0.0281275602476178,0.0105918558097615,0.0188078345671948,0.0179090316333097,0.0139408065061099,0.0220987349483593,-0.0100684249616401,-0.0361558807053727,0.00427099743195761
-0.0344840501903331,-0.0246391617211631,-0.0350524023384275,-0.0110545653577927,-0.0248745953646548,-0.00916306354851812,0.0165156093908298,-0.0471905470326693,-0.048502346918112,-0.0283296371594011
-0.0338554291535884,-0.106870091888067,0.00316528554827135,-0.0212817083597078,-0.0140577273673334,-0.0445967669229261,-0.0318397664979243,-0.0350197137025548,-0.0199386210603855,-0.0187730278366253
-0.0171252381224216,-0.00451082029441334,0.0233667568379316,0.0208507894993533,0.055673967781688,0.0253007957710866,0.0735542793974411,-0.0337848361974588,-0.053631897548579,-0.0619821090979344
-0.0117502400358795,0.00214018737012207,0.0240218123918012,0.0190200226542497,0.0680963204754181,0.0257056033383116,0.0256456672410036,0.111609990274202,-0.0108534304357742,0.00933306748083467
-0.0234116168999178,-0.00365127160557346,0.0828132972154296,0.0169785227309012,0.0713417872018859,0.0440594229365362,0.0265170689534812,-0.0277301149983211,-0.0695035755431342,0.00803232154670558
-0.0218498501611284,-0.0066321321317995,-0.0569762610224593,0.0848418300973122,0.0403632170843936,-0.0963946344642974,-0.0675474497357389,0.0533607418119227,0.00898560807435103,-0.0277596865257465
-0.0166436817252423,-0.0882044870753959,0.004127949845367,-0.0299091870372122,0.0201205467584576,-0.127465410049541,0.036931376021171,-0.0703214718280052,0.0620864107138015,0.028693198578552
-0.104113349265453,0.0423701259983596,0.0459706840027186,0.0908295198721983,-0.0334938442934288,0.0829975599179615,-0.016070361184096,0.0288370458849627,-0.0414657679662089,0.0618958407310774
-0.0907765730167217,-0.0254620932519364,0.0612230953834033,0.013677716498508,0.0307979237753622,-0.0197447426336866,0.0780212300688518,-0.0108175628080621,-0.0634900513584792,0.117164339370315
-0.0608294392197949,0.0910956773251829,-0.0308302069350829,-0.0558845949713138,0.0807609769405519,0.0255466092799236,0.0297904748493491,0.0874947690275558,0.0432312704840991,0.0939275372488703
0.0279761850885392,0.049853113534496,0.134487339942666,0.0365158479902601,0.0384019876995204,0.0551776056833074,0.0969365900353638,-0.052296666584766,-0.0951192785669028,0.024217065623332
0.036226325312214,0.0693927859145235,0.094015250221585,0.115660776864436,0.0900097777334421,0.0611864483505866,0.0688605557642932,0.026253527442149,0.055156822155918,0.0191973455922805
-0.0664467186403446,0.0380422032896186,0.110706799738386,0.131212364548973,0.0544792848176871,0.0374483152077189,0.113627044712099,0.0736742929282882,-0.00191053727128163,0.063612017432135
-0.149339104173685,-0.136589045748524,-0.00553125919174942,-0.0423524759679643,0.0174016830829969,-0.0903993425943412,-0.0594553129534554,-0.0569157216694509,-0.0833929782138114,-0.0433469114372687
-0.0127693249066042,0.100766420024097,0.0766682876134679,0.0436892432163972,0.0843081990478048,0.0413337187065988,0.071185831444744,0.148028478631527,0.0277624545158517,0.118716629649461
-0.0966066332307023,0.0142403403981701,0.0191107745527548,0.0354813303192668,0.0864301105175228,0.0261878318944716,-0.0486183838716072,-0.117076039341852,-0.126343427407123,-0.132610994874413
0.0978996586438573,0.0224252219786826,0.0616630627608622,0.124500690731788,-0.044449947571348,0.0140360890685382,0.213041821120917,0.0386044840776849,0.0102640716338517,0.0267941176382984
-0.0122940511758139,0.0527066058395365,0.0996061986203931,0.126189830485314,0.0729371440584271,0.0818978697824588,0.124344498406663,0.111411357156334,0.0519166329195405,0.194378981679367
0.00620877542735849,0.0456979130782482,0.0242103659833035,0.104156569224719,0.116900030744568,0.171098045048647,0.06879490803864,0.064846913180563,0.152489876331335,0.150490815059969
-0.14889973938599,-0.160796997650283,-0.0868597715409469,-0.0497970931420464,-0.132727707559794,-0.0842223121312758,-0.0590469511281894,-0.0885205409374287,-0.115619574543003,-0.068264068566732
-0.0905867805232093,-0.121260530627783,-0.116089679485915,-0.109053133071034,-0.105911872512143,-0.0480609565793123,-0.0431960685073192,-0.13879790380809,-0.1262981329797,-0.126983713686778
0.0829504574880771,0.097312057791032,0.113999088176478,0.126140556593427,0.12797093309063,0.11188481359692,0.138466828903025,0.0970528308849809,0.0626087641929991,0.102544842317101
-0.134597940684364,-0.0958106174743267,-0.114317982652003,-0.0677430547379675,-0.0312978625808745,-0.150447410341104,-0.0495987929681259,-0.135189043830381,-0.153241211420952,-0.0852677115037463
-0.140150654959674,-0.122963767133454,-0.100966306314758,-0.0909114123480245,-0.0723828307944108,-0.0875853900957405,-0.0765248401614732,-0.131084406978042,-0.144540471019987,-0.102849256057892
0.0108972622504122,0.0562520910175083,0.136500638032779,0.121837429693262,0.150665562889355,0.143313835740937,0.0842845507568079,0.102248733402481,0.0586409915586254,0.178112543611493
0.128219125141387,0.0932323448432194,0.0996949833268966,0.134053437490953,0.0654359825963928,0.162987852436762,0.139627744920965,0.140397539977479,0.120751096209559,0.0641005619949928
-0.0933297477509774,-0.186277667210582,-0.108290478026347,-0.158009466648472,-0.146022021092821,-0.0882023854199725,-0.065732633521744,-0.0889361042439227,-0.123600369347659,-0.0870656329806822
0.0566361969944397,0.173625007286125,0.136385657828611,0.133862761544724,0.0754691692908437,0.167866350726577,0.0450908918751976,0.055182493598518,0.14647721593892,0.164034089021111
0.147460614747097,0.119497313506398,0.0254410000654596,0.080261031490131,0.17144554898655,0.0860140794886334,0.194105294115973,0.176418432533458,0.119479395019263,0.0303290206405314
-0.158838142482119,-0.199783880068497,-0.158020185990147,-0.0853214847222401,-0.147557464238774,-0.0989380930762636,-0.0773772862496821,-0.102340766629221,-0.137727557509386,-0.143791726983924
-0.177755506535043,-0.152131359097899,-0.116164439499405,-0.12323293863461,-0.130316390201366,-0.0671495915257144,-0.144409390868159,-0.163111948426099,-0.157956002537078,-0.119852442291642
0.0694236185379962,0.161240904468069,0.16616166842365,0.0889527912856655,0.106840160657428,0.176223814176611,0.134257814151961,0.0898431213526093,0.159483608897426,0.188922257287472
0.11005525021598,0.0862727736706427,0.132310945402262,0.144760010018659,0.100564127324157,0.168392807444706,0.218630598855227,0.10163347741462,0.149723571841156,0.160924783261727
0.0432174929331843,0.090353520983992,0.143283409393101,0.170034851774289,0.194250380242939,0.178441178064834,0.113754406536907,0.0680799845363262,0.118932337265603,0.210836081584669
-0.165602993443996,-0.239715291996244,-0.198378671842256,-0.170394610454939,-0.0660973839061685,-0.0604526478359692,-0.109443649680086,-0.15559014172454,-0.188250108227544,-0.139080257382326
0.104225788372417,0.123974042616114,0.139968756771277,0.165031689414955,0.254037513259725,0.205552383403319,0.176256500919935,0.181239598442258,0.119282886481905,0.16068869392352
-0.195103198488452,-0.176466370217309,-0.142432498748258,-0.154401878699684,-0.184394351493865,-0.177278470807554,-0.191637770114676,-0.157274751552031,-0.237859731689803,-0.171311520141548
-0.196558604485309,-0.186713716016139,-0.197126956633403,-0.173129119652768,-0.18694914965963,-0.171237617843494,-0.145558944904146,-0.209265101327645,-0.210576901213088,-0.190404191454377
0.186033265275443,0.201473483585024,0.215976501691597,0.263098672535233,0.239583458613802,0.219501340483244,0.281917732766722,0.186328743960823,0.220645459444428,0.232478664139902
