-0.0395503879673307,-0.0281275602476178,0.0105918558097615,0.0188078345671948,0.0179090316333097,0.0139408065061099,0.0220987349483593,-0.0100684249616401,-0.0361558807053727,0.00427099743195761
-0.0272821463635615,-0.0176712492335983,0.0325751906430599,0.0677991958307684,0.0184592251921789,0.00502352315501731,0.0487929473883664,0.00670100604948655,-0.028781567321556,0.0192680443212025
-0.0356266943343424,-0.0744812346442951,-0.00712656012118441,0.00877986207586841,-0.000814595916760946,-0.0200253090534356,0.060012869914907,-0.0380136191299327,0.019363860826484,-0.0365481397670992
-0.0647059722034214,-0.0588697013880437,-0.026050353518283,-0.0109605206132654,-0.0125566177897253,-0.0319969880224757,-0.0143388225155585,-0.0371357301285671,-0.0650013614993301,-0.0264158115767443
-0.0609153734656825,-0.0158472925371273,0.0144727359841068,0.033710001547746,0.0809051834409513,-0.0346931728633966,0.0592547228626006,0.00618166097242084,0.0596932502887196,0.0326482163538743
-0.0856462249637698,-0.05640534405302,-0.0445978006568937,-0.0142823505402603,-0.020620609664692,-0.0318255222251106,-0.0153431608095746,-0.0224028523509682,-0.0730605278392802,-0.0595887317153744
-0.0255655616243355,-0.084701000037233,0.0241053327764227,-0.0265415686682216,-0.031463142150582,0.0770164493449984,-0.0619901698617939,0.0309774500136525,-0.0473203254004288,-0.0436743418340967
-0.0791852645616504,-0.0192642483095843,-0.0172313103775656,0.0869402679159146,0.0724187647442624,0.0791518910198911,0.0338610969479861,0.00582746131871036,-0.00199364371126309,0.00243144217416871
-0.073837940315113,-0.0572874590987859,-0.0607565003210554,0.0429161103944354,0.0669515951745254,0.0719961661614858,0.00399697267826626,-0.0413802930442882,-0.0531340426053196,-0.0203229170115167
-0.0311402615063313,-0.0137778264535845,0.0717076525102322,0.00173096523855017,-0.0306903938948065,0.0635003650551462,0.0238120835109232,-0.118360853308128,-0.0546590957682752,0.0498692925679569
-0.112998323085618,-0.0254925757864973,-0.0294995955956817,-0.0737341181392091,-0.0261557494147275,-0.00919462982648551,-0.0135900233276824,-0.0537515491485769,-0.0881383858665477,0.0326662342979743
-0.0448395056102983,0.00823756263144817,0.0203780574630216,-0.0489117622245343,-0.038282187415315,0.0365988001188456,0.134592705093191,0.0116585067303302,0.0908096412103776,0.00628150016950096
0.00527464207849361,0.0486207781616848,0.0372681268798339,0.0501177122851752,0.0474863785317779,0.081662327973109,-0.00939984846454871,0.137047326059443,-0.0543754186626998,-0.0552468788522581
-0.0640638059042244,0.00353034605452493,0.0390410103330925,0.0404173589045614,0.0938697356644628,0.0692238642333204,-0.00606202879775202,0.114953446582993,-0.0423359534692274,0.0659801477962783
-0.0112137259019859,-0.00554668429823903,0.129372399484456,0.0675821220598991,0.00508333685261712,0.0166495766651361,0.126213723692574,0.0576386932677144,0.050075899268089,-0.0387216059255866
0.00917466250731545,0.0564920524620252,0.0607437638099536,0.0895274649203979,0.0933646960725708,0.104504598036003,0.0832362753724026,0.0407937986385198,0.0292748321965822,0.037305666766037
-0.0331589637834362,-0.0708425230374281,-0.0423734889055887,-0.0488369112134171,-0.00261576820427961,-0.0903849761701243,-0.0774227693471844,0.00546507034151351,-0.137285008985077,-0.0531088855210415
-0.141118881463661,-0.0682492472614754,0.0237192408862182,0.014390431967205,0.0222528958880446,-0.021977917871669,-0.0567413715666109,-0.104404603992448,-0.0873124295179036,0.0585068834962503
-0.101854327006175,-0.134106159865811,-0.00420229793034882,0.00520368602626205,-0.0616032410009287,0.00352827146737056,-0.0434630681925545,-0.0437462274788817,-0.128533489359794,-0.0193588121513168
-0.0505148899226865,-0.085431550808159,-0.0688601725741622,-0.0836597002589652,-0.0907313056133797,0.0653864943170561,0.0291647504062767,-0.0142653508371051,-0.117220419801687,-0.0763258405714994
-0.0990881210867189,-0.091255879645055,-0.0672086764103521,-0.0433444554864642,-0.0573689304038955,-0.0479229589780945,-0.0603474792053297,-0.0968970185383022,-0.103221177297767,-0.0517867742163501
-0.0752143130985037,0.0429188332829452,0.0999244232720662,0.0468785460718009,0.0855932159125833,0.040573613831463,0.143638011515964,-0.000981877748802713,0.0496908191416834,0.10797261731652
0.0670011191860019,0.0148515235410353,0.141284091754538,0.131220487563405,0.0823900395057605,0.118078428376952,0.0374982088977092,-0.0123243106208479,-0.016553810110844,0.0903037470280854
0.0903591084442675,0.108219996776132,0.0495372429717681,0.138683203378875,0.0119705645463397,0.132429419603228,0.0675541036955595,0.0653058136373131,-0.0386604474990139,0.0759968651846588
-0.115348831264412,-0.00946383869073848,-0.0977181986580454,-0.0129284292432532,-0.0353268837348053,-0.081551685164956,-0.0129039847958993,-0.132051365997059,-0.157878123006907,-0.0522338860402531
0.0332568226153938,0.00168920463430143,0.0866178089314741,0.0695219985140362,0.0527629709832507,0.138683719953369,0.111684171728935,0.152575662649333,0.0322024693994171,0.106854461281289
0.0409109758089968,0.0269420616786631,0.0563713476503787,0.102444687163951,0.100436886820036,0.153029458202495,0.0732189819284813,0.0920927680133254,0.0635652132515314,0.142900298595169
-0.148239236334743,-0.172335965703947,-0.0807646538498007,-0.0566636886795859,-0.104687297753361,-0.0162523265428607,-0.0430865325739621,-0.0829560300842493,-0.130578038624212,-0.0617655826365194
0.0491949856007022,0.0573365730133629,0.11581770304168,0.0977896767130872,0.0882388743104693,0.162809091308389,0.082157589112981,0.13971662215635,0.0418213739488222,0.121127916570679
0.0892943912632443,0.123319870295964,0.13312959733624,0.149494071104343,0.099198310562504,0.126754623551,0.14420172266314,0.0631244911465392,0.0413307108908466,-0.00395815635804937
-0.118941213907023,-0.147172858701535,-0.119261726890235,-0.148927619341695,-0.0363608111253359,-0.0492652365547398,-0.124556918111115,-0.142633729948349,-0.136861996603947,-0.0826889410526731
0.0230753800640154,0.0707610456659822,0.16034706048691,0.125218651114728,0.143574389172603,0.146012276867382,0.167841738991809,0.147927220929907,0.0392166534865678,0.128481183153021
-0.136924019429862,-0.155784023360817,-0.102452012937865,-0.149767955856553,-0.0581369606140534,-0.136342698249411,-0.153168581421743,-0.1551187433398,-0.0881907488144962,-0.14011043329695
0.132492507402614,0.14216683906587,0.141747195594489,0.168306879283298,0.110083744811477,0.216467761880277,0.132531642325807,0.128952417406239,0.102813788086425,0.168293758384893
0.100444083708478,0.105320736983712,0.18440048542129,0.103105277137723,0.221279095080826,0.151446896126929,0.159907460641757,0.110552653164737,0.0844033578636487,0.196836982589517
0.124379193485352,0.0964122474532297,0.204575092178598,0.238330483048123,0.25884889534688,0.16913030736739,0.169984850281684,0.13777759728971,0.132401047555588,0.161445700332304
0.134133575731895,0.152863776823562,0.255176277322952,0.124435693360098,0.211126674400653,0.185927578906239,0.223220557518054,0.221140324512757,0.105799281651127,0.152181975089801
0.149733986220881,0.166583360000467,0.199991694912435,0.223193031327631,0.214454909208708,0.199550365657192,0.215077818989121,0.19292119334377,0.160564487868342,0.201200318957856
-0.240301290937763,-0.18906777233855,-0.155462288851434,-0.187389838876771,-0.159119136137955,-0.173368865875185,-0.161595471261629,-0.25669186575976,-0.222641233239918,-0.1761624600018
-0.210281019052,-0.260005001869447,-0.19452306634671,-0.190263825871197,-0.207256786611554,-0.22706562334312,-0.189987281135209,-0.219902575372219,-0.273774198785224,-0.253895491287299
