-0.0395503879673307,-0.0281275602476178,0.0105918558097615,0.0188078345671948,0.0179090316333097,0.0139408065061099,0.0220987349483593,-0.0100684249616401,-0.0361558807053727,0.00427099743195761
-0.00509182395168458,-0.0284236482288942,0.00487912437694998,0.0154809361388983,0.0242953597618702,0.0194451140026583,0.0596001706821274,-0.0134320242360522,-0.0525649514267285,-0.000890630490207475
-0.0546551465002968,0.0164768072996779,0.0697192684612151,0.00667100880238976,0.033029128401929,0.0450249124211319,-0.0211582825363355,0.000657160923488873,0.0173544868368137,0.0126744442480297
-0.0174703035675886,-0.0403333848438927,-0.0166291433139333,-0.0147011963408139,0.0568895869530808,0.0814503719744503,-0.000261686378730072,0.0730195943141678,0.038466022684765,-0.0293974961309505
-0.106040453016602,-0.00299199213670977,-0.0416562354307324,-0.0383690486192044,0.0343952626420741,0.0111432499955268,-0.0478359525231608,-0.0360950601196724,-0.0386688354132254,0.0406632397066338
-0.0696281552383146,-0.0271423159442021,0.0490433738067392,0.0574019222115034,0.0169410516867894,0.0679695226182392,-0.00481194208818207,0.0533697141197806,-0.0196957424170989,0.0591522205099562
0.0311873703438156,-0.0231387853280191,0.000948363049523851,0.0487554972815463,0.0773778283478286,0.018950633897765,-0.0362115205982395,-0.117235462096835,-0.0476656417782441,-0.00625530330996867
-0.0138698492184389,-0.000476036225463786,0.0743227716278624,0.0722917818022011,0.0638790858817297,0.0309369064162164,0.093148778281555,0.0512771293993869,0.0222503170932035,0.0310179029084448
0.0166038441621345,-0.10003269191281,-0.025209161721063,0.0435449084540204,0.049010793390462,-0.081431735866389,-0.00353599782065325,-0.0648556711128144,-0.0301567268921886,0.0434132331839978
-0.0472249058686834,-7.36601158501035e-05,0.13247766792892,-0.0327100535588993,0.0376827954359604,0.0732161500742232,-0.0336342177107695,-0.0172240944907125,-0.0398211124370766,0.00725702301809207
-0.0912841818031616,0.0306691395948618,-0.0314512465333742,0.0775320367755673,0.105459193032916,0.110493128840569,0.00630675994167935,-0.0436856544454669,0.0155632467984033,-0.00634966198237988
-0.0757201567430938,0.0161600317999149,-0.034340181833991,-0.0273519371546546,0.0263453127265547,-0.14123315638661,-0.0779150193193228,0.0953531723593518,-0.00567438778371374,0.028935935793702
0.0231423013994978,0.0222916567300384,-0.0522489326022469,0.00395859207466364,0.00102217869437573,-0.0134042491786528,0.080366844052977,0.0922056146511005,-0.157314273484109,0.0557085914151218
-0.0894425919684269,-0.0793371084441037,-0.0479839228234508,0.104389044187644,0.0123512582883722,-0.0109164031521169,-0.0587429615491499,-0.0588118934479615,-0.0732569194468698,-0.0831523170409225
0.081912063476978,-0.000468561092633761,0.0505306028759411,0.158138242930039,0.0752757165573423,0.0312519757195783,0.0369181766962804,0.0400862029124729,0.0688552963090482,0.0147554315475123
0.0378888319258367,0.0489849662875983,0.0607508180552909,0.0816042953887209,0.122939300122027,0.0901390380996457,0.0603816673218962,0.061985618267571,-0.00528475698161755,0.0948461319207427
0.0252648884947524,0.0491521924571736,0.078211639426454,0.108289653488532,0.0988687725621387,0.0674421737632731,0.13450564797351,0.0414514101748875,-0.0189826023265302,0.0254850471940572
-0.0644622560039875,0.141178209683431,0.0899432767553847,0.0757329271398701,0.0274128697184522,0.0463038491222108,0.0628446095687993,-0.0442167254740514,0.0414816696189393,0.0911752698602416
-0.0232533646580812,0.00764661770289533,0.0368304699213021,0.100507182386658,0.0998765309182534,0.0659412768815986,-0.161211980291679,0.0255403893132509,0.0548746424037455,-0.0376673432290912
0.040483414822936,-0.0785510553887589,0.0538625983990639,0.00242924457097798,0.0872432310559548,0.126978400727784,0.0796019890292499,-0.118523693632611,-0.0492195075866942,-0.0374228772233816
0.00460947072112152,0.0684721306333714,0.0933915908506094,0.106167555016089,0.129831432102318,0.123041633854051,0.0282811151647427,0.0317044143382471,0.0374438837753809,0.0557908325684852
-0.0716480997474747,0.026390191561043,0.083804538535339,0.135577386828921,0.0984590914748181,0.0290800885542777,0.143099774419702,0.0120374926488986,-0.0774616376730436,0.0363279544993892
0.0862404388079016,0.025864217064235,0.0841183186001863,0.0924572081465753,0.14634540182571,0.0551597282469965,0.0345881623786337,0.117764029288881,0.0824359528089508,0.0465693970494055
0.0158446502097508,0.0623600014096246,0.161106604714452,0.126015881627264,0.150326928244042,0.0605345008293908,0.0689984589698195,-0.0160552633509485,-0.00460654203070641,0.0314409863183148
-0.108274994503097,-0.121553305295184,0.0569775146641138,-0.120252804358047,-0.0364624167790734,-0.116411782604813,-0.0652446158899838,-0.0796480740882724,-0.0692736477897558,0.0983545785278285
0.0956891792660542,0.108459909649223,0.095599583785032,0.0835071624130667,0.0597688976817383,0.139060406123391,0.0441786642925854,0.092971245311415,0.0462758555130714,0.111273731946284
-0.00182571094140638,0.035236441714214,0.0851685068484377,0.124093363225779,0.141176971733225,0.0876567233324998,0.128183967982254,0.106525928418049,-0.00846618187323982,0.0781250675119002
0.0659162292774417,0.123890970467641,0.0703853823559763,0.157585785301568,0.117501444332392,0.127356338776159,0.0180067264336443,0.0120948279185259,-0.0548864595851942,0.0780950207638792
0.0982085506745517,0.0716758851333888,0.127048222085649,0.13058081103738,0.063160144236575,0.0987892660244571,0.102148456720276,0.121503121691054,0.0859660973495766,0.0313050341055947
-0.145685615612246,-0.104257360642207,-0.0323859811908813,-0.0602895407326513,-0.0679929660361145,-0.154423067667266,-0.1303236968204,-0.144272836604532,-0.0852132838383969,-0.103691301241146
-0.143978602280394,-0.176659654411827,-0.0873309411533287,-0.0922899443476372,0.0230973495880158,-0.116188890095803,-0.10262489342939,-0.084529563430183,-0.131885934350179,-0.0817035119457364
-0.162826153178929,-0.12418104556366,-0.116890562317869,-0.0618304135741741,-0.103141907440248,-0.0904039171615149,-0.0946703836792545,-0.108150041879845,-0.138516526570115,-0.0878375695527264
-0.140546364594223,-0.128761161269984,-0.116985101042144,-0.0834536914165865,-0.131889073802959,-0.160883045963932,-0.0818932101216182,-0.0764832871004058,-0.0866632379257493,-0.079892022506049
-0.154033836113118,-0.146447655357847,-0.0916599110648968,-0.0888897896129562,-0.0934078807577673,-0.0910347270783123,-0.089498368336618,-0.124035483682283,-0.150203042617669,-0.113933455654087
-0.127060249369701,-0.0630598271980704,-0.0734797592237268,-0.106842279872119,-0.0776453478695235,-0.0575574660219279,-0.0894908737659104,-0.186832729135105,-0.171835821564733,-0.137096235108434
0.0294854924715115,0.102956941539351,0.121193695365589,0.200217511276862,0.203728323077879,0.0784335269670179,0.157878514943229,0.0580406832614232,0.0880214099215125,0.0431748000439123
0.143195981982233,0.0515817109481809,0.0928143373271858,0.137004872139511,0.146425834532964,0.127166927617569,0.208961366247404,0.122293728064239,0.0599978847393631,0.078221605125394
0.111349299490609,0.116686614585409,0.135994304328298,0.192372667499309,0.179098377110194,0.110329437098354,0.106058179521755,0.131605690602043,0.106186836808408,0.162745500893391
-0.227823423140484,-0.213129218345643,-0.194873823666536,-0.186666407686042,-0.191238526973369,-0.184179596533452,-0.161419860175274,-0.190436555887396,-0.210914080813092,-0.217660693079249
0.179035968072184,0.175971645705965,0.194250378089157,0.230678979315995,0.203444721683805,0.230780441893355,0.202801083276162,0.182420102700772,0.161686079006604,0.227200573821647
