-0.0441218385791847,-0.0313694551328388,0.00332758061900403,0.0241863852273424,0.0142940429036674,-0.0192060318054834,-0.00406396300236189,-0.0112547354256338,-0.0254370336556117,-0.00674510469805106
-0.0399505588825557,-0.0408013159102905,0.00342615873324267,0.00981501770555321,0.0117929688371821,-0.0228497795642423,0.00853257089167737,-0.0228707649428055,-0.0367443125907132,-0.0216820868115264
-0.0495421156570828,-0.0372088424163998,-0.0130391543207297,0.0224379640674046,0.0154433267080919,-0.0214970586212827,0.013726983351931,-0.0231129148662397,-0.0320704168219073,-0.0165744693533349
-0.0495421156570828,-0.0372088424163998,-0.0130391543207297,0.0224379640674046,0.0154433267080919,-0.0214970586212827,0.0137269833519311,-0.0231129148662397,-0.0320704168219072,-0.0165744693533349
-0.052153944541499,0.0253085156375009,0.0217830000003518,0.059261949430496,0.0153876621775022,0.0115263594627534,0.00635690821171635,0.0158449947839988,-0.00976875316272015,0.00172014384690425
0.019359011313786,0.0256143295804412,0.0300856968444108,0.0602719261673734,0.038204398309087,0.0437091912011957,0.00765180822535058,0.0297912073717694,0.0358485637077822,0.011451954336175
0.0429914564148929,-0.051159493728908,0.0408432865829448,-0.0214514729780939,0.0463126306552122,0.0441760375286102,0.0163050389818955,0.0342487836057044,0.00798469696841168,0.0207115630592764
-0.0125048187967487,0.0233332307835254,0.0475770937304578,0.087323635866638,0.0151861038829063,0.011054062953466,0.0156664773629571,0.0276657005656519,-0.0289987451199204,0.00618503432814772
-0.045714271797438,-0.070522203357423,-0.00524217407332503,0.0389467688309313,0.0356909653996865,-0.0170182904372649,0.000757272931962927,-0.060470908824781,-0.0384123123485864,-0.0151641620432143
0.0103315496319424,0.0597609916375989,0.0248652001395907,0.0902394320723735,0.0195063864380511,0.0395986575748517,0.0244293746935949,-0.022436297144792,0.012641515501177,-0.00881335597939673
-0.10017251729699,-0.0044284517747322,-0.0140335756926677,0.00760398889211225,0.0406394636158309,0.0504707090302714,0.0305167417955854,-0.0179837897061797,0.0283378554678319,-0.0683129639166308
-0.0511201117944522,-0.0525650886511664,-0.0235741196447841,-0.00215075175231021,-0.0444933785595369,-0.0493805250440762,-0.0530985131229878,-0.0892403226654732,-0.0410692135810194,-0.0174873122058194
-0.0507534886740424,0.0185646092978258,-0.0175948301340676,-0.0424748900727148,-0.0724577058191846,-0.0215803107257495,-0.0173706683294142,-0.0669267447352557,-0.0982112321136305,-0.000407876353067341
-0.0217741753943495,-0.00733957399418992,0.0409025346904702,0.0885305272162442,-0.0253397000016762,-0.0526989778988115,-0.0225014615683406,0.0885280896723158,-0.0708017258541989,0.00618503432814772
-0.00553552842798412,0.0372366240591514,-0.011465987766579,-0.0279461965353492,0.0302657442099015,-0.0357789099506681,0.129198450801042,0.0183974111641688,0.0414425109882576,0.0721053222226546
-0.0448379664775933,-0.0705492247643887,0.0262745659417663,0.0597352572137975,0.0962570969336353,0.0689540630486383,0.0456809297804861,0.0602448708071485,-0.00839726983557106,0.000388590574654429
0.0394295314465386,0.0754594298162796,0.0363316379863937,0.0596547712035274,0.0880775981526845,0.0625964375635097,0.0434310235700477,0.0447213863448837,0.0628219027980653,0.040141305596236
0.00914380929963009,0.0417473917660932,0.0177277089177735,0.0858548171402666,0.10545207836661,0.0357640290156043,0.0592572488213613,0.0739702649377878,0.0263952980751118,0.0725620231136824
-0.0110354536315726,-0.10695907672454,-0.0460942953673641,0.0987190158100334,-0.0176700015659249,0.00465864489074704,0.0580600154572899,0.0294334476667507,-0.0396924568391997,-0.102678470901522
0.0411190739561839,0.0243273506358088,0.0891121762476187,0.119292690301819,0.108121832070941,0.0778459380602495,0.00717621951012173,0.0550708369128619,0.0742370558373053,0.00194363852284127
0.0207180296014484,-0.00765375167309883,0.0727386222555742,0.141041996845029,0.0761886657051746,0.0646645937783401,0.0616433766855622,0.0633761709540756,0.0514326622383319,0.0757137625512187
-0.0133267461718078,0.0745699490646995,0.0495929255917694,0.122694838856531,0.0615944607110909,0.0990763264159432,0.0390626171206127,0.0167859977091866,0.0987650511576285,0.105253334890999
-0.148385476635413,-0.1010674305726,-0.00939506569142853,-0.0674166682077721,-0.0750747897159565,-0.0764579402024299,-0.0464727840371371,-0.128939213797135,-0.0665409678893169,-0.0463266709971746
-0.127360528959958,-0.101635051960194,-0.0326925229797437,-0.0581138513671665,-0.0859324033470721,-0.0832117176604978,0.0224225608087041,-0.05773401739555,-0.146096204687435,-0.0911892534460136
-0.120691516986535,-0.107939133540189,-0.0732420977883466,-0.0523832931800083,-0.0622756355036833,-0.0957757102128341,-0.0806336414097126,-0.0878244138329845,-0.102006712062962,-0.0833147831054017
0.103525866864011,0.0321762740374367,0.110799170004121,0.160083840258618,0.0822309433372744,0.0276337740573603,0.115264572390467,-0.0381156681427293,0.0464064682646945,0.0720186669780327
0.0733924506130959,0.0405564585749926,0.0874803170908572,0.0894182265300387,0.157886118126447,0.00517249579312684,0.00864751840742058,0.14806726504224,0.0664157048501179,0.11229078348101
-0.156534446614524,-0.185251430464673,0.00957236117782898,0.0803849447287991,-0.0313689117209867,-0.0778583003174945,-0.0852548680874706,-0.101073908968897,-0.0247646035738839,-0.0345233404347967
0.0585482372298757,0.0888721468431776,0.0914354220007838,0.177527064721717,0.0399870819661361,0.104721434234984,0.121207048564326,0.0783271818828222,0.0384413537875413,0.0947666240010885
0.0873190214851069,0.0538675819285636,0.0772632684548005,0.203644973562021,0.104993019015372,0.0301380324191149,0.146527982270264,0.0707269650009621,0.0364320073337328,0.100136884005188
-0.190926933727395,-0.0931102798777186,-0.0340756830320136,-0.0874306683264693,-0.171244869435652,-0.123065120668932,-0.0492413882253046,-0.0715609868838455,-0.118202621900769,-0.0609418618186503
0.0476347074991884,0.0944409301686771,0.128174247501845,0.177577307652311,0.105693608580823,0.106582978897587,0.14499128789196,0.0981690941965192,0.0692017617619934,0.116034556346971
0.0180295323482895,0.106365238283191,0.13822594869229,0.214550098970964,0.0724380122798529,0.10042289557309,0.126700481526732,0.147327346944855,0.0282531632770261,0.0746240972394402
-0.237876183053129,-0.12258966457162,-0.0955273843751312,0.00724635555897031,-0.110694201777804,-0.0897482465812128,-0.14391849880695,-0.114766358940503,-0.0969004692316474,-0.0503293597292293
-0.133312744411405,-0.12705742614475,-0.12258605888078,-0.0923998295578175,-0.114467357416104,-0.108962564523995,-0.14501994749984,-0.122880548353421,-0.116823192017409,-0.141219801389016
0.0551650423461289,0.10789140330078,0.18153784773616,0.132134350872004,0.111547930516398,0.131827712946593,0.151086430753799,0.17541688460026,0.0840868965634329,0.114712264100515
0.0788483285312302,0.117242217294258,0.0958837306097268,0.169599305805695,0.145494193617674,0.187478345179127,0.105464226289912,0.161328878172982,0.137335443118404,0.100928017323617
0.103129640068108,0.115462913308791,0.139632601404461,0.175109719792595,0.168115082433283,0.131174697103908,0.166398739077122,0.129558840858951,0.120601338903284,0.136097286371856
-0.1985541142724,-0.150283236081496,-0.143151484111027,-0.118215361256221,-0.111298293283758,-0.17657959435591,-0.160094948446738,-0.137576665024246,-0.18679598757215,-0.111945857740364
0.18321232134145,0.186089131842951,0.215888992774328,0.206846061120502,0.20741159108803,0.203074532285015,0.214260950364222,0.181071394071564,0.1743020249465,0.199807996799802
