-0.0131839982646754,-0.0039383478758732,0.0411408344882242,0.0207540737814563,0.0239188308423271,-0.0256000625072475,-0.0218148083940659,0.0107207917997761,-0.0236801585213572,-0.00370351194613022
-0.0468319771181337,-0.0342891487746193,-0.00485578685086285,0.0233121746473735,0.0148686848058796,-0.020351545213383,0.00483151017478457,-0.0171838251459368,-0.0287537252387595,-0.011659787025693
-0.0292460416951228,0.0163239872611147,0.0105876005955471,-0.0367360984482705,-0.0289412245300035,0.00645515175591624,-0.0767230385996567,-0.0457525128772393,-0.0160446467401049,0.0181674536570314
-0.0287242923754963,0.0216002469659304,0.0264602531053867,0.0734406120419365,0.0379442518073792,0.0399351473052299,0.0174993270591254,0.00276563114177639,0.0366640087510084,0.0492541150964742
0.034167833206422,-0.0518735311524159,0.0221816091946411,-0.0463057975052293,0.0355437216875927,-0.0732123945048762,-0.0371524415941162,-0.0171942281929515,0.0180506810649797,0.021884307493005
-0.0232150660798328,0.020542447306194,0.00655374183043869,0.066481723300057,0.0447478495486688,0.0127585143087197,0.0752656989701078,-0.0125162499347516,-0.0377353116238117,0.0326927802797562
0.0516337832226156,-0.00998701419513,0.0269445626798493,0.0899040172987366,-0.0102653625710532,0.00336270361830301,0.0560395158526148,0.0276249965573076,-0.0208759309910131,-0.0127626199658622
0.00902026340151165,-0.0752312577219945,-0.00354817968141383,-0.015402809612994,-0.015035134066301,-0.0565902076179216,0.0155055086219043,0.0439172778446873,-0.00390058987903902,0.0889617588513063
-0.044567052814956,0.012190230404538,-0.0492939039596077,0.0315770338941145,-0.0300864554948952,-0.111542833987525,0.00423174966255704,-0.022347908662486,0.0079020636026404,-0.0141394041529538
-0.0870693581927236,-0.0201788652703844,-0.0226811555636992,0.0245792008793905,0.0198185865503836,-0.0221624016993535,-0.0593787865316832,-0.044745736004958,-0.0629404517577791,-0.0200331065389913
-0.0378611205881394,-0.0377506203990928,-0.0309060578713245,0.0126500009996522,-0.0502855138198707,-0.0105911307771835,0.0196835302838429,-0.112924490651768,-0.0297370659130682,-0.0370220177351675
0.0827959257331384,0.0277235662862889,0.036525911695437,0.0394192743651608,-0.0436855366232388,0.0697195526094038,-0.00233774012691854,0.0617457262058221,0.0159066826355176,-0.046783092602731
-0.00888240210345635,0.047344585499302,0.127237913646544,0.0343131044554066,-0.0195858423519734,0.0657546468995535,-0.0157011350347206,0.0387765665363503,-0.00992845387525694,-0.0691176889391275
0.000991836857681422,0.0697010778435285,0.0374147659318545,0.0600407482691638,0.0189835374439477,0.0480999794193151,0.0357903792436333,0.053320653700812,-0.033285320099233,0.118931583870253
-0.0130461531154476,0.0374978915751759,0.070776764655647,0.119368242099153,0.0433660275917601,0.0406084318838033,0.0613182592621852,0.0680363057596108,0.00140806481070721,0.0339394962706945
-0.0762647472482177,-0.0738317612262085,0.0343773756575782,-0.0163416964966517,-0.00709637568234843,-0.00464761938402299,0.0175816751633203,-0.0660549079287458,-0.120152893105097,-0.0644592911343872
-0.11752438615329,-0.0622398675052787,-0.0153740512065048,-0.0316221415495635,-0.0784754132659922,-0.0711355762372075,-0.0266526756138333,-0.0414078611547397,-0.0718198277781904,-0.0338434832583507
-0.0938687890120575,-0.123395591794738,-0.0418963562850155,0.0867358576943123,0.0401298128156644,-0.0249753999975982,0.0044094235998713,-0.0486735526630992,-0.0621500693929706,0.0143114212446175
-0.0830106502399338,-0.0770778865537134,-0.0130392590579648,-0.0254926029675058,-0.0116848015714761,-0.0255667475189541,0.00200683524592707,-0.068914221997096,-0.090265633444709,-0.126197897151199
0.0355451436981644,0.0567489861975206,0.0487512829210994,0.0925982184889528,0.0814526008921785,0.111498027872358,0.0387881040248306,0.0648792635926634,0.0279841210061297,0.0774426889965309
-0.0957884646205942,-0.0545704022971258,0.000946072585976218,-0.0445653903984792,-0.0178164131350662,-0.00852874260918372,-0.0956063170688876,-0.0659706544911704,-0.0670385267740889,-0.134962822243081
-0.154395968415809,-0.0475497352622975,-0.0408890475000805,0.000422410214268004,-0.0727190718751832,-0.0399441902285417,-0.0112647672431551,-0.0228629612964444,-0.121814101342473,-0.0550492013805162
0.0104032628712235,0.0251560120156774,0.14376822265629,0.0786228343645725,0.07282447216804,0.0424840338570911,0.127985640539736,0.0368876300251075,0.0271638717443841,0.0209039813470527
-0.103859241986198,-0.0351181659173612,-0.0717167598058186,-0.116811723129852,-0.031198242113132,-0.121965782167636,-0.000852340068189017,-0.066678047448611,-0.036275661776461,-0.0609857383282028
0.00837516084727903,-0.0218254074453661,0.122190823517961,0.113492315906432,0.0570412419691094,-0.0920345111477345,-0.1070274558104,-0.0157229662773983,-0.0597396890075289,0.0307582553215097
-0.086532010277755,-0.0302042041414438,-0.0239398131969243,-0.0680517577330687,-0.100421539066849,-0.0447653662470616,0.0454453777387262,-0.0398333059665803,-0.164774817993455,0.0407402855366422
-0.0458869542873488,-0.122790533117483,-0.0204961099666276,-0.0792485409906186,-0.0650574015333323,-0.0683621395138036,-0.0435374123386435,-0.0831921579743203,-0.0990454991341295,-0.108171082406472
-0.078607714470229,-0.0259490062708671,0.0177057122964171,-0.114979945237316,-0.108389690145574,-0.0202234867600177,-0.0838696818498206,-0.0808249179171414,-0.156088696327267,0.0599199656649609
-0.0362833439882934,-0.147084727931331,-0.0779333531320793,-0.0267823707698388,-0.0431466042964441,-0.0283178623840953,-0.0432176537974969,-0.0750886070276566,-0.132906873551137,-0.140919004310484
-0.0687838949925086,-0.0809336076989137,-0.082301377251347,-0.0732502355119164,-0.0845711196771874,-0.0977322881946018,-0.0659207949154185,-0.089325040819532,-0.125988974558844,-0.0962716730841134
-0.235080006477782,-0.137739372228528,0.0104550157184526,0.02300053238376,-0.0736767688830304,-0.0450225066458771,-0.0433463467485119,-0.0242231996925705,-0.115307542498782,-0.0615174835350907
0.0470946902325333,0.145690988659472,0.10773905241134,0.187857275881009,0.124080984277854,0.0944241407200753,0.121199329618822,0.160149213885696,0.100912922535804,0.170875526986768
0.1101708027912,0.116121616000505,0.155583871198193,0.169207702988518,0.165250507392495,0.131179095837207,0.154441305466728,0.13514425133785,0.121116328398908,0.137993405767281
0.1101708027912,0.116121616000505,0.155583871198193,0.169207702988518,0.165250507392495,0.131179095837207,0.154441305466728,0.13514425133785,0.121116328398908,0.137993405767281
0.105375024403936,0.117917852747451,0.147351214671207,0.175519176169443,0.16707568632795,0.131855456308687,0.157038511696855,0.135023176376133,0.123453276283311,0.140547214496377
0.126289435705332,0.0907273492209464,0.169528415098199,0.202353180787873,0.0823772083190202,0.176869599877863,0.208833663828499,0.130976205260633,0.0709813968022457,0.0651417604121889
-0.152772192604216,-0.193471475952943,-0.130121567921096,-0.150839545397446,-0.12190366474263,-0.139721998660507,-0.146086463532303,-0.140709977432035,-0.16093316986567,-0.145223772341457
0.119258994535303,0.132852486958556,0.174322059176807,0.208565457743863,0.146684172973066,0.116254496669923,0.138924289236719,0.190843678645411,0.104087621767165,0.151926966337118
0.134717986882293,0.157395969838697,0.162734646290459,0.207227602705874,0.212080062157209,0.16048600012713,0.17980364443157,0.183564766278147,0.15268613373182,0.185115460729886
0.181909015664483,0.152610410974369,0.209270376833632,0.24434211426505,0.200469494642541,0.156420872648008,0.207807306216122,0.127521799737888,0.162691718826611,0.184843782662061
