-0.0212150199798991,0.00619281969262075,0.0258642175418857,-0.00799101233340709,-0.00251119684383824,-0.00957245537566564,-0.0492689234968613,-0.0175158605387316,-0.019862402630731,0.00723197085545056
0.0348059637342315,0.0118926092052079,0.0388333730918306,0.0300866740733085,-0.00988335289045587,0.0220597450510781,-0.0120762742604922,0.0362332590027991,-0.0038867379429198,-0.0252433022744306
-0.0156090803746942,0.00281063555044592,-0.00710265889688595,0.000850964548699262,-0.0119709777623554,-0.0224737708759156,-0.0457699940248041,0.0424187474205625,-0.0487502739236401,-0.0495324025184384
-0.0653541922089825,-0.033089107690576,0.0128833916408597,-0.00543403388405357,-0.0272782912118326,-0.0483678193722275,-0.0242337420039496,-0.0153435346774818,-0.0477499931497738,-0.0187734976022404
-0.0447243727564466,-0.0388850545510409,0.0377591050729012,0.00220618864240232,0.0084112275799893,-0.0151238409456353,-0.00211656661537275,-0.0276670580644849,-0.071916525813227,-0.0340814015402587
-0.0295354762760121,-0.0633644404966781,0.0103223622607983,-0.0292472336045811,-0.0205692853455026,-0.0469811010105256,-0.0326761103663547,-0.0362356830872721,-0.0613628288277433,-0.0559372971763012
-0.0998132064354472,0.0127307741859152,0.0145155649721953,-0.0291334322960759,0.0276113069838286,-0.0392388664033642,-0.0556810163303962,0.0374648014880558,-0.0331437615015354,0.00203338390031309
-0.0846215714574466,-0.031726573911247,-0.0549972327744689,0.00330006625706129,0.0180767457423991,0.0602749336231516,-0.0686148760892078,0.0299152559011714,-0.0291559386945445,-0.0333846878376912
0.0319748874575648,-0.00421162926314582,0.135042869551301,0.0249261413946075,0.0169504717056627,0.00279891125307538,0.00828262143575355,0.0250436570388437,-0.00839516713260233,0.0441635752221901
-0.0547628282979575,0.0556153635188668,0.0359142629890238,0.0724589925110351,0.00547004463670445,0.0794227914440158,-0.0143711693770552,0.0602989425052385,-0.0391448368530133,0.0432620364020299
0.0140346303555405,-0.0900075617665769,0.0656754884741063,0.0491859381308745,0.0789753642549316,0.00693890942946396,-0.0515557893563068,-0.0467600654886847,0.0171816146415111,0.0357658730743257
0.0547773201835314,-0.00948431929064342,0.0229997295265451,0.109524351180553,0.0795052753592909,0.061516540420562,0.020600028171247,0.0631452937459393,-0.0190414667174234,-0.00638614508915629
-0.0718333740980917,0.11139937533045,0.0570201555387342,-0.0179075072953934,0.0716779022533081,0.0228018827677777,-0.0215183183452474,-0.0673493218708638,0.0626938022575222,-0.00786552952089432
-0.0380900619805119,0.0720444611941165,-0.000148176376420117,0.106576805116214,0.116655120639336,-0.054227648587261,0.00460008227183455,0.00655114889853443,-0.0157360512777717,-0.0526844761097326
0.0363925384163816,-0.00957112435788779,0.0477080817814439,-0.0237410825517268,0.0370748719974778,0.110533612367912,-0.0632904604861412,0.0371567096768728,-0.0433754913701237,0.122940185466791
-0.0803390949282752,-0.0741674269065682,0.00131511132601289,0.0231124343727072,0.0255628398629853,-0.0844610860398764,-0.104804553398585,0.0120789754099498,-0.0149109055225029,-0.0970558238005702
-0.0673825595853768,-0.0774090367360328,-0.0265394626243524,-0.0191969742620274,-0.0395509055428468,-0.0863346632149003,-0.0587488193742524,-0.0826237725164485,-0.0822392881326536,-0.0611749329273154
-0.0702605441630741,-0.0861623743654096,-0.0121912442696639,0.0169128057716098,-0.0212413418646937,-0.0827741886287674,-0.0914395948509294,0.00391368953565021,0.0944738971546913,-0.0850592807731007
0.016955345983929,0.0708763203917992,0.0744399434497823,0.104305674831233,0.0739999075600904,0.0344120391064139,0.0496922606123782,0.0854350028427362,0.0386163820072235,0.0835860075203189
-0.0442995404408983,-0.0190405936094107,0.0169399806539965,0.0149089950936065,-0.0965343160347827,-0.122096775029211,-0.0780302748101106,-0.0739313817948161,-0.0195215151626511,-0.0910334996387886
0.0592345141097021,0.122882951226726,0.0595584939000712,0.112291133134837,0.00511862379724462,-0.0121081670249564,0.00288116819465181,0.101672531604052,0.0802209921901595,0.0113112177218288
-0.144114200090565,-0.0120044995976483,0.00703897575971259,-0.0490263681132286,0.0540538156867215,-0.00893016468909319,-0.0293744770295806,-0.0432306548116932,-0.157273126723697,-0.0286619348157844
0.0324263548133469,0.0935521094770936,0.0937186748579542,0.110133737125937,-0.0260425248591382,0.0262410183740851,-0.0694710421543225,0.0109536729603104,-0.11952063166042,-0.0988330035327102
0.0530374981353137,0.0644570695413412,0.107731446832516,0.11465976576266,0.0853015019076963,0.0453272170813375,0.0585547404213264,0.100782235222594,0.0402037316229038,0.0741117271954941
0.0157925485258042,0.115787736005313,0.0572782988222803,0.0691795016170475,0.0312113272587176,0.106655886833537,0.0445191332844709,0.126289444304158,0.0295205518907081,0.0991834971175864
-0.0913438635831268,0.0238387497268604,0.0887772708631231,-0.0853416328197932,-0.0155949723891113,-0.0242357094510024,0.0143534339626455,-0.0214537601872785,-0.193918634989524,0.0173140608564839
-0.0505721793172566,-0.038760897361962,-0.0777297626265448,-0.0936323863544969,-0.0888446571058819,-0.127108098639978,-0.0655244490999719,-0.107794483870952,0.00148021828836131,-0.0690163832822709
-0.0900787750442292,-0.126813422045706,0.00828369141212318,-0.0227705688340536,-0.0250451647856989,-0.050346978076582,-0.020965861887353,-0.109842906297946,-0.136469449332023,-0.10352930783285
0.0568527514172439,0.144078173880489,0.170900841658973,0.0498490403368551,0.0492597912992295,0.0625659113160316,0.0211749409922596,0.0942985021321502,0.0951980061074954,0.0546364405285396
-0.156555216018122,-0.0477166124613606,-0.0752991613149682,-0.138058213720791,-0.132578398231222,-0.0693508156092611,-0.0715843747152849,-0.0638824091814563,-0.0901147490591017,-0.0886070196405162
-0.0945690769697038,-0.0886552852108915,-0.0793451780895949,-0.0890255938381766,-0.101638568402022,-0.117017286372963,-0.0717619612883209,-0.106271868449709,-0.142293531913226,-0.098737188231124
0.0109921848452364,0.0847034836876689,0.0823589656480953,0.164067499714934,0.125772209003154,0.145117604476519,0.0622189549687095,0.151262324123425,0.0368409387718818,0.168569582868873
0.0487069891669047,0.128059488592191,0.0818664941572274,0.173247804374296,0.138177920702459,0.1205058312837,0.137431574308359,0.103271209110338,0.0818689949969439,0.114335921425735
0.103647744032976,0.111236951070487,0.16579585600041,0.149375803692256,0.157862082920706,0.12616166327218,0.141841081711211,0.122648353186621,0.0947721723022477,0.0867943637366163
0.101887064014065,0.134673792276622,0.160345578930931,0.128096226309475,0.11349371417302,0.116562353908126,0.163560352957611,0.137188811201879,0.0575175800278749,0.170263455080537
0.0982186746469143,0.0880780984499751,0.151367307386885,0.205490034023165,0.183769390114276,0.126457337032858,0.143042375888183,0.132768687853619,0.108829954328117,0.157049022934524
0.121737080593876,0.132631319960034,0.169887592103961,0.173778192499696,0.171138826109384,0.128769264424965,0.14325341917564,0.1485135516122,0.125528126405222,0.144063418799369
0.138561070020605,0.147806720409408,0.192885902773505,0.172499142066737,0.175663899127608,0.126145005778033,0.129930259891215,0.162465860085057,0.128064909763924,0.148041556339151
-0.154149486993979,-0.1646269459459,-0.0700792392821879,-0.0846218734413364,-0.111265031879562,-0.210562355112772,-0.216166200387514,-0.154246155524092,-0.193454992049724,-0.138217696597591
-0.22207774136262,-0.245030513475215,-0.105772028908568,-0.0859730900542404,-0.129510208285198,-0.0882812182981467,-0.224023006688059,-0.183751602778523,-0.17121409970186,-0.14190589471503
