-10.6543217787331,-4.07306221243231,0.974365614160803,6.3977106270648,2.31962512984708,-11.2443921837199,9.04464864208995,10.4138683875898,0.0474139895364871,14.3171475295352
-10.6543217787331,-4.07306221243232,0.974365614160803,6.3977106270648,2.31962512984708,-11.2443921837199,9.04464864208995,10.4138683875898,0.0474139895364942,14.3171475295352
-10.6543217787331,-4.07306221243232,0.974365614160803,6.3977106270648,2.31962512984708,-11.2443921837199,9.04464864208995,10.4138683875898,0.0474139895364942,14.3171475295352
-25.6610281002649,-4.86586350465042,0.272857769536238,-5.9857468289914,-15.1487651916718,-16.4151576283947,3.93109548942556,-0.873313558643183,-3.60203129395201,-2.01628673649549
-25.3894376599578,-3.172663727193,-29.7873389982636,-4.89745399175131,-16.5355992384278,-22.3538521632057,-28.9694915332144,-28.9717483348227,-23.0322059315537,22.4239593929874
-40.6306827200883,5.47332617170169,38.3933714552351,30.1327316749908,-28.7799366854916,-11.6870406436767,0.480741127336316,-28.9070833262068,-13.4698370254842,18.1840047406881
-53.6260604788472,-46.0210793506515,-34.4496042615816,7.83171139789166,-18.4401779228563,-40.6234508985381,1.32015541765347,0.862967314989739,-27.8040540831521,6.32792245526034
-4.73717158995832,-26.0210793506515,-26.1162709282483,56.2188081720852,-4.88085588895798,7.52469724961006,13.3201554176535,93.3629673149897,-7.80405408315208,6.32792245526034
-1.30990370580312,13.0048463193222,83.1896872025759,-3.64587613346945,-38.5781731501645,-62.2065973914592,22.199198484919,30.6226557536762,42.0929701713236,19.2566766461994
9.52043862182254,-66.6226077594227,24.7492371163524,-16.1540878781625,-38.7647756396613,-45.4284765982618,-49.4390175135229,10.3273926796448,80.6030781420958,4.57626894907018
-10.6543217787331,-4.07306221243231,0.974365614160803,6.3977106270648,2.31962512984708,-11.2443921837199,9.04464864208995,10.4138683875898,0.0474139895364871,14.3171475295352
-12.157898616298,-24.4104990799775,7.56921072915821,-8.36936355294337,20.1471384628577,4.17617418284465,-19.6499956274403,8.60299707586863,-27.9409201391865,13.2790558309386
-40.6677344217967,-5.65866479686852,-0.428650075088328,-18.3692042850476,-32.6171555131908,-21.5859230730695,-1.18245766323884,-12.1604955048761,-7.25147657744051,-18.3497210025262
-19.3056635031292,8.19531884836915,39.6549611193964,56.3718214393499,6.30197463153342,-10.1779100522507,50.4297014465607,56.0914303967539,60.9472175555615,88.2287094896301
-35.4509090233747,-30.0706744176241,26.6011489894973,-67.0617354165769,-35.2648954422016,-28.1189053712948,4.73463210704164,61.22594307437,19.9541620000059,100
15.0118717426844,11.4008586075751,-61.5671444694581,-33.0394478707465,-6.60013961275629,-40.378151766481,21.9177669096296,-5.49173905082871,13.0152038199193,27.9913903061803
-21.6883576810515,-40.5347363232164,40.0429920339792,21.0001937294223,33.5658305542244,1.63576872303769,12.1985284520765,51.1772410286621,23.7645517930066,-25.4777566293245
-62.8126605210599,-0.806624506275298,-16.0424588190438,-12.5950043662276,44.3118626275818,3.59682675978199,13.3578281917425,20.0171823151817,-37.0322759797684,35.8268728315292
64.4559587680017,5.75821935379511,72.2717881716595,12.6505371734243,42.0026125655831,6.76000864662118,26.1258979358962,61.0235842468807,57.928246925175,73.2575611396964
-54.7821259280253,-71.1221378076619,-34.9921309792423,-41.1846960092459,-35.7607668844824,-88.7236914085532,-30.1180494845028,-35.1180849870646,-20.2879822096288,-42.9078255183027
-10.0210411884287,4.6859294542514,19.9504633364455,41.6676799631392,33.8511487934958,-7.86965730005314,-0.0499783803263938,58.23885052717,30.8051930197774,61.7719633386212
71.7548114924692,-14.5411473188153,17.2605974982188,85.3244363561161,50.4679786741634,4.81895623256965,21.8352787281165,50.0081435976738,-2.11065316853066,80.5875723661365
15.6264127372956,-87.2180570524736,41.9813100586052,82.4258036633545,57.5502720015332,18.0283350890073,62.5411521385934,-10.2451022713809,-6.28605895010704,30.8112369002126
3.32062878158334,33.1161269767569,73.2329580855192,57.4276109592907,11.2846877534463,-58.9833199226477,0.711315308756621,4.10756208128346,-20.8297789929196,24.3171475295352
39.3456782212669,45.9269377875677,45.9743656141608,50.8421550715092,8.56962512984708,24.239478784022,14.3078065368268,54.31630741198,83.918381731472,82.0590830134062
-13.4903584870055,23.1042880909869,-66.5535639375941,-31.0120175959389,-48.4963816177134,-27.921059174658,-53.4473683700843,-23.3392901512584,-25.577254221379,-43.3199845007121
4.32815553675017,-8.75158456777352,65.5621107523047,76.6993587222459,-66.9147663517958,-11.0945928714054,-0.145949529075608,-34.9685956162669,-100,-20.0402821581469
-4.45674489150101,-63.3071047656238,-49.7865039510566,10.7627899921442,-64.6489739039693,-35.5279517613972,-19.9195457313116,-46.1118669065279,-34.2687203265978,4.63577498051559
35.3693172799117,97.6301889167997,100,36.6901087241711,-12.6509044274271,-3.99473295136902,61.5918522384474,34.7292803101569,1.91477835913123,18.1840047406881
-46.4013424218625,63.1909726364434,68.2814440705194,-9.11201337872449,32.1505839857496,0.535036725683184,-21.5511908796196,46.25552439245,-49.8890899895247,25.2355095449631
-29.4394163622372,-74.3828812757617,12.6620396530268,-57.5093051868087,-65.177361737355,-35.1681165683592,-5.8486095950616,-31.0181629314478,0.0476311835439205,-42.307466774252
-29.7977405180725,-53.8236192178386,-72.9725960333179,6.45184762196572,-7.83269114152296,23.5846394113,49.7098449543616,57.0988207669427,41.4679000362853,-45.2834987321002
-35.2907781225065,-72.8967682714325,50.2854800316582,-9.75400587348891,89.6031392426295,-93.4471893865171,10.2543260614448,64.668122641844,-1.13192324243231,-8.48605613179203
-90.3418217787331,-34.8422929816631,-48.0452422289765,-31.6975274681733,-32.9744925172117,-100,-25.5707359732947,-66.0567198477044,-44.070233069287,-2.92423178080962
-71.8486646803931,-14.8902323237201,-28.2809535347754,3.91266079317776,-2.63180582250426,-100,-7.12201802457671,-82.7392847655634,-57.2661825016916,-67.6393742095952
-10.6543217787331,-4.07306221243231,0.974365614160803,6.3977106270648,2.31962512984708,-11.2443921837199,9.04464864208995,10.4138683875898,0.0474139895364871,14.3171475295352
21.338524546137,-3.58414284407432,-17.520436134454,18.4764654928549,-6.46979264857622,32.2311491515598,-11.1525216703697,-13.5860254963567,10.0150181779108,11.0915388449857
69.1889380215505,-13.63303606299,10.1857574540925,69.0050783371229,-28.2700633277163,9.59419142074776,-1.67335500370301,43.7773120656315,28.1385263531107,80.3325693992273
-40.6677344217967,-5.65866479686852,-0.428650075088328,-18.3692042850476,-32.6171555131908,-21.5859230730695,-1.18245766323884,-12.1604955048761,-7.25147657744051,-18.3497210025262
5.13687812951592,-10.8649714195007,-76.97624454549,82.29033509243,16.5413238384953,-5.9397107490643,-55.4400797685085,53.6671405540661,-37.1736200729678,30.2403365642033
