0.00679547187716621,0.00904271444891432,0.0323487953168581,0.0110478308699507,-0.00619727486714705,0.00624364483770624,-0.0306725988786768,0.00935869923203374,-0.0118745702868254,-0.00900566570949005
-0.0198643625809146,0.0339194059802248,0.036895490928584,-0.000950714472224751,0.0141930389187939,0.00642917926688114,-0.0330331098998656,-0.016536945986382,0.00477056476328509,-0.00466122252110596
-0.00469276537286567,0.00238211967479178,0.0758816160645027,0.0115867865438804,0.0144132286765377,0.00705270535685021,0.00421287393744082,-0.00824960079209347,0.00540839533538959,0.0228600492397856
0.0491551830466385,-0.00204477092081734,-0.0182633060702458,-0.0372710546541094,-0.0450637028002734,0.00946177667202208,-0.0339637683200193,-0.0378859927587037,0.0415882745458949,-0.00209077477009785
0.0110782707208937,0.0423702407007918,0.0418102089286805,0.0302980531804971,0.0490536805755729,0.0140484300884884,-0.044582320223627,0.007326937650735,0.0202229244217546,0.0577744586283596
0.0121912336227182,0.057618502466344,0.0172120232373153,0.0520323700021913,-0.0267342443917058,-0.0252204438492527,-0.0553190079517194,0.0442090199878269,-0.0360394605550607,-0.026496063679543
-0.0173319055526809,-0.00761338489490415,0.05400127636959,0.0317658235335145,0.0152754365136559,0.0945815973942509,-0.0404723357076262,-0.000764506049682881,-0.0587027861045483,0.00475271780692089
0.0325397062718146,0.0794071614020859,0.075171028060262,0.0503330696947822,0.0367667461720065,0.0258618226129804,0.0182125392064907,0.0357405338164763,-0.0128639606828761,0.0311424409783056
0.0121310999988269,0.0570650836357621,0.0608319730653809,0.0413358905260706,-0.0055861139399115,0.092808078148177,0.0504349600639196,0.0198965453861443,0.0180045562624065,0.0485888601149572
0.0363575144371424,0.023379758655566,0.10749819744245,0.0177137210144481,0.0397909077691025,0.0735678232242846,-0.0254138846117832,-0.00508605145715088,0.0217586298108708,0.03486829063741
-0.0402347375271276,-0.0486736443673071,0.0144149047227806,-0.0197104808293609,-0.0498420307998699,-0.0304121987813449,-0.0728721735153804,-0.0441658817052328,-0.0784732594585752,-0.0574099918526232
-0.00296093086978308,0.0306322000692848,0.0425583482200923,0.00375230469891821,0.031697824079842,0.0245401234596257,-0.1296633197961,0.01235500303694,-0.0118293374744253,-0.0930738740622865
-0.00276613840492486,0.120789555725657,-0.0147110786285674,0.0704436780406847,0.0375109709874387,0.00882098260833949,-0.00998246069770108,0.101848810187581,-0.00706282366001962,-0.00979701172585296
0.056959730691839,0.0677260675598667,0.110776264526331,0.0168226189889806,0.0558000004993784,0.042691977115225,0.0185014847287019,-0.0486176670575616,-0.0674071916966953,0.0867189045647817
0.0665113609407222,0.0298199233205823,0.124888672675509,0.0228597859118873,0.126074552215272,0.0710471971023008,0.0176806866230241,0.047373975501915,-0.00331203011392472,0.0558248760627607
-0.117173757803023,-0.0554610755571195,-0.0340831267628364,-0.110644941813511,-0.00572784670686417,-0.0507820341309448,-0.105431299945114,-0.0936276113123414,-0.0444799046552515,-0.0737914387101457
0.0447524732450051,0.0850266074048686,0.137941253795901,0.085516524034295,0.0766115160523575,-0.0280811470241505,0.00628014193921692,0.0938788713255142,0.072215860422765,0.0660999010284436
-0.0316196878405676,-0.0165304255387839,0.0221217233875739,-0.0230313376463046,-0.0899865562746785,-0.107504025485433,-0.130003341366032,-0.0894211501825805,-0.115033440515663,-0.0404517459981864
-0.0352108019373473,0.0345893505669605,0.0355728961898197,-0.101004467827906,-0.155654734395671,-0.0701647423599782,0.00933848199344495,-0.105563545258723,0.0092932459728946,-0.113608785690301
-0.00531224029464369,0.0884377760560821,0.144487108563538,0.0890609966433083,0.0865295694298356,0.0713614253577055,0.061264553736303,0.0895175297561959,0.00594943425589878,0.084001827316635
0.0695161189564297,0.120107727462664,0.122365576398669,0.0758352446666756,0.10291631103307,0.0839986686010763,0.0892611300414332,0.0105350267869483,0.0870412352692497,0.0317459132775106
-0.039290618895143,-0.0229642193927013,-0.0213875981612047,-0.0917117142382668,-0.124469545497678,-0.0345673524269563,-0.0896853563755646,-0.0784640810378946,-0.136410912062174,-0.127320151536683
-0.109554490840727,-0.0240857444007116,-0.0741103683073694,-0.105898980079294,-0.159993607601208,-0.12963408648112,-0.13146770144653,-0.050866301060741,-0.0457793618921673,-0.0521710648305802
-0.0642037101958288,0.034689130313442,-0.0628464251548814,-0.0659062930277838,-0.0824050077744443,-0.171424911629191,-0.179481778872373,-0.0796275923758343,-0.00831842477725092,-0.0953497239261943
0.0653400540809004,0.141551216014621,0.128316372686348,0.0804713577855196,0.118611677454828,0.0768000810916568,0.0869896006252099,0.0631320886882125,0.0573535438537127,0.129969737010897
-0.0495397249436082,0.038552885711967,-0.0578044696485296,-0.103613683676351,-0.164356799712556,-0.0842986584129723,-0.181744222311287,-0.0481412863797244,-0.0615277426924512,-0.0928358978829565
0.110239137142983,0.0800556233239726,0.14086783068977,0.147043916544747,0.108503339234563,0.0759892440254997,0.0458477222166818,0.118183774134026,0.104679926111438,0.108485820679302
-0.130873505480424,-0.067422101408881,-0.0617936875803658,-0.0348355608175231,-0.134419698655849,-0.154977506796662,-0.11164696672389,-0.117601630062695,-0.139452365900398,-0.0541383014357338
-0.116340536787509,-0.0922803301902668,-0.0103180956955429,-0.191704798614224,-0.0635110517558405,-0.138189906233155,-0.113074319913488,-0.132265981056261,-0.0900512084423984,-0.0881785314359812
0.0442383198801799,0.0499793044397117,0.201748922362596,0.157986309666525,0.118767261099629,0.114884737671677,0.129554087034914,0.111588614693737,0.0525501741953554,0.124697173161774
0.183289342686634,0.183265441161086,0.103621387442874,0.0876483963108064,0.092719028339545,0.16202361555587,0.113128051020574,0.0724512593364893,0.110716536005927,0.10713426113798
0.167777664351707,0.162889666037411,0.156674439897917,0.16144391845329,0.110311554707965,0.130233854179911,0.00885336149016881,0.123663150082007,0.180015973910368,0.118703832866337
-0.144741859786269,-0.145812907762443,-0.0944283931625426,-0.141071864893993,-0.150318381312386,-0.149401126206063,-0.176412437548884,-0.144268263853224,-0.163831240178514,-0.142483508929603
-0.128878960650386,-0.137912767049425,-0.132994065777025,-0.170856907012901,-0.154320460638838,-0.135364606806376,-0.153739440338922,-0.169432616287096,-0.162768830453017,-0.147765734117003
0.170956650175655,0.153003603633945,0.213729072941626,0.15052970447374,0.129559191503196,0.163071384765533,0.130444275518773,0.131619952575551,0.130683105031843,0.174338973651854
0.124164019748068,0.179053096473927,0.106176225439862,0.115002631096139,0.220195445844274,0.193600460330031,0.173113937024818,0.12745085351147,0.140687323077491,0.179938026655717
-0.177159343347644,-0.210970985909336,-0.0898553483961482,-0.17729277358075,-0.112564543508456,-0.233759970936826,-0.161328307897622,-0.131996125864021,-0.125376637169408,-0.145355467556313
0.17650445187554,0.229735431822336,0.191986972266479,0.105001525371118,0.0797193603743823,0.217077509888101,0.169045848577114,0.150609871502829,0.133170278425879,0.176749960701653
0.187187077031411,0.174209321249834,0.258327760036719,0.168543283608717,0.190620470363371,0.224397385818553,0.125415677982485,0.145743511137118,0.172588192405139,0.185697853231678
-0.203200109082092,-0.166716651577023,-0.175717509711435,-0.243746083925014,-0.219038232305874,-0.184241721341959,-0.204319575833345,-0.221820226959018,-0.186576715558019,-0.209680594946469
