0.00679547187716623,0.0090427144489143,0.0323487953168581,0.0110478308699507,-0.00619727486714705,0.00624364483770623,-0.0306725988786767,0.00935869923203375,-0.0118745702868254,-0.00900566570949005
0.0196675890744904,0.0442249379255001,0.0537599116885601,0.0306904502823665,0.0152847356524297,0.0160527337253433,-0.00623002983609304,0.0225496165242551,-0.0123692654848507,0.0110683876344078
0.0215764931571543,0.0162112365522402,0.0699234963796541,0.0143807759421994,0.0167968164509777,0.0399057340309954,-0.02804324174523,0.00213632388744144,0.00494202976202272,0.01293131246396
-0.0336524825547643,0.0546414152081624,0.0755517952293606,0.0431947827094394,-0.0345596431857351,0.0191090282005016,-0.0412510949221482,0.048375217102377,-0.0455091790342055,0.0214023821805946
-0.0333656362323011,0.0476233389884273,-0.0110634995554028,0.00272614986141705,-0.00321276754893313,0.0163896944489962,-0.0111208773879443,-0.0642809225615462,-0.026274343418165,-0.11246188769388
0.0360677629790333,0.0752969652317675,0.0803325840016033,0.0457595943277352,0.0562072012938404,0.0415218629646815,0.0281585008732666,0.0362453939601231,0.0227394867834436,0.0604820356507034
-0.021372126533221,0.0237978000804406,-0.0127278371658357,-0.0462829264032001,-0.0852770372898517,-0.0390275067876331,-0.106208410594982,-0.0193912935738453,-0.0367011564896383,-0.0509207817962233
0.0107226519951645,-0.0272067681455854,-0.0300508129714503,-0.0146000361702664,-0.0892662800535479,0.03961872388713,-0.0966341532507123,-0.00903064710627395,-0.0408976144238006,-0.0803159498258372
-0.112069286184279,0.0797864911359271,0.0450864225527113,0.027146355006876,-0.0259672110652295,0.00201703202219922,0.0203162852972543,-0.0472784479069936,0.0783995655855066,0.00199060788119548
0.0938509111820958,0.106175187347245,0.0609758349822254,0.0708566449451069,0.0692824258927189,0.0201391387102429,0.0112884918044267,-0.0174035912365995,0.0372903102061258,0.0545114694645574
0.003690530108383,0.129945522327234,0.0524350701023347,0.0940679507897824,-0.0579359573171928,-0.0147733229409195,0.00536083509990068,-0.00825233506646578,0.0927892361586491,0.0142421254719472
0.050200580679868,0.0777602595381724,0.0669294802683414,-0.0341052234758386,-0.104205110794749,0.107163495629964,-0.0235356949295172,-0.0329105780304696,0.0581377397898607,0.0136668628745118
-0.0272933199820571,-0.0357170036977032,-0.0362063781762365,-0.0448581805096782,-0.0878441551241655,-0.0170346973325331,-0.150810828388781,-0.0252934519286819,-0.0489993482644459,-0.0615352978187983
-0.0524410633334696,-0.0812275240959907,0.0111526159417996,-0.0545150278995881,-0.0704682048316684,-0.0600294011333939,-0.0833940499401679,0.000824021448903173,-0.124719485660785,-0.0382722451445752
0.082007929158279,0.0968445658402802,0.0777869151930124,0.140437093574041,0.0592902438530064,0.0231400848631372,-0.00493348423382811,0.0493580663824399,0.0268175150795143,0.0521810833194065
-0.0356910112318837,-0.128086217770996,0.048701148004226,-0.0943198867880945,-0.00621705590630278,-0.0434850651720768,-0.0383016997765018,-0.115824100801822,-0.0764612158252259,-0.0593380808656275
-0.0999493641504836,-0.0506332171228666,0.0164415354255131,-0.0104910994330362,-0.059256772446283,-0.00866364096780229,-0.0938815051940261,-0.117160393287367,-0.0954390541355365,-0.0978202538555908
-0.0619656956481924,-0.0711038252959286,-0.0526907314977317,-0.118809342210325,-0.0966944589072291,-0.0294985458996003,-0.120582281652691,-0.0329513954108042,-0.0827772684835913,-0.0177008234313338
0.110682094379196,0.0565728328874452,0.087243245876439,0.0526778617921312,0.108488592653792,0.037927898724789,0.0497050563186287,0.0567472137212097,0.0870373032573543,0.0815115344099884
-0.0369918983406396,0.0540394481899997,0.037251565922462,-0.042340144095651,-0.174549486412785,-0.0386117922544847,0.0720397084746773,0.0189222816053448,0.00748126766759601,-0.121036969640166
-0.124735232101939,-0.0410748357714261,-0.0362242258671393,-0.0808573192958958,-0.0286656769919319,0.0222144469898632,-0.126727452271546,-0.096068371524558,-0.0647443813878031,-0.0622566574608521
0.0108549916115135,0.0915024436577632,0.14256569120029,0.0946564828099588,-0.0475091291092701,0.0642800527426234,0.0777893767630453,-0.0223236904676949,0.126971168891243,0.0185799923452172
-0.041842073182566,-0.026039159277842,-0.0188841415576635,-0.0882995818168914,-0.100818458758522,-0.0883878907488952,-0.111086533044389,-0.0810973978076124,-0.100431368421844,-0.120541586007154
-0.126835197231573,-0.017903114507951,0.0108785736727804,-0.0300391610993826,-0.0445104856676037,-0.129368704397367,-0.114955347464063,-0.0431617391270752,-0.0753223376899998,-0.130672453403224
-0.0630893717351873,-0.0644097496064616,-0.0558643222422363,-0.0641300651880037,-0.098318799929215,-0.0821371903408154,-0.161285558543878,-0.0838650151926037,-0.066305238037853,-0.0955268562712004
-0.0199313360291926,-0.083641402269083,-0.0689196541862847,-0.0246421551701685,-0.0927443233374354,-0.109025624787048,-0.141049411342798,-0.0392508466225774,-0.147210051161528,-0.123398622771193
0.0215764931571543,0.0636983754521214,0.188076020547216,0.0867840062401666,0.0952538285464338,0.0743668869132009,0.042721906419299,0.13461036613592,0.0447474256045703,0.0981443450454136
-0.108192627436106,-0.0412448454935179,-0.0718592600667669,-0.12016628840379,-0.168645302877023,-0.0971234560293064,-0.0825859861967839,-0.0800003496481135,-0.0569854546938632,-0.105535443302726
0.0952636351253107,0.104762654216084,0.113480608581802,0.0801296017265543,0.0568745850424136,0.181050045766269,0.0513862029927229,0.101742789224419,0.0945785821572658,0.107673519400064
-0.149634324058363,-0.101635694597126,-0.0619579879094259,-0.100321526092995,-0.11020979256828,-0.111573404751918,-0.135079962420811,-0.100937825355509,-0.153338507865087,-0.112877859046052
-0.0853353668671794,-0.0504860692186484,-0.0890198842396165,-0.0775007625745966,-0.207692648538152,-0.156217240155756,-0.193852105049822,-0.0834104425183637,-0.0642095401717608,-0.0703937611125827
0.0973815629656685,0.115387360858539,0.145295400496229,0.173595460660143,0.139313540488499,0.0276391822015532,0.000879940212846091,0.164400740165992,0.132699694965441,0.116266415905091
-0.152491221689156,-0.155357733755287,-0.0804779574080842,-0.118720861236191,-0.0489271150297553,-0.100464683368424,-0.129316221202483,-0.15149877593079,-0.0983526760675297,-0.154947731279942
-0.162396324554304,-0.0914230553637793,-0.109808268132705,-0.119512895928353,-0.103207622758321,-0.0443076926538817,-0.17369882391294,-0.0818504226007241,-0.169012924160626,-0.150689031788575
-0.150010627693267,-0.120764039370478,-0.0190598381592672,-0.184313446278152,-0.0907080838270684,-0.196734817523485,-0.0919235847093657,-0.134216192452254,-0.128576277674095,-0.145262345618923
-0.156910385201498,-0.128894879635054,-0.115753796726903,-0.145327381650761,-0.146378057823801,-0.14403952779733,-0.182228794238895,-0.153965063226798,-0.153927942611394,-0.157209383964922
0.152293210353316,0.170213397108724,0.187829511618099,0.157776007634059,0.163126214455972,0.16576782399829,0.0702079805122357,0.161232790984111,0.138523985968999,0.0993361699637358
-0.152843797574491,-0.14572522776657,-0.0471946914214549,-0.197739869479011,-0.108442389195352,-0.14558392238282,-0.154222188361353,-0.193784467979783,-0.157593101257982,-0.154261677926526
0.15717141172679,0.159418654298538,0.182724735166482,0.161423770719575,0.144178664982477,0.15661958468733,0.119703340970947,0.159734639081658,0.138501369562799,0.141370274140134
0.172595603706341,0.119737138811255,0.178300959253085,0.207143896542214,0.186184488375207,0.139800654957919,0.0530500551119121,0.203406037971966,0.148008042675566,0.182070904552575
