0.00679547187716623,0.0090427144489143,0.0323487953168581,0.0110478308699507,-0.00619727486714705,0.00624364483770623,-0.0306725988786767,0.00935869923203375,-0.0118745702868254,-0.00900566570949005
-9.59384321001788e-06,-0.00585277718040561,-0.00153099301710022,-0.0132208411885109,0.0248517089073512,-0.010915675035751,-0.0067106471576798,0.0512858824886117,-0.00604144596804417,-0.0388127087935751
-0.0367943300055845,-0.0297889795394305,0.00919966082826783,0.0187417071014931,0.00520330688055433,-0.0463821265857705,-0.00739234142325627,0.0249126925644058,-0.0214721811552558,-0.023469073082794
0.00505316768619399,-0.00671779709268361,0.038275865717394,0.0024891633234442,-0.00217793171984823,-0.0355125047990206,-0.0282680054445552,-0.0160324714000961,-0.0361642846141298,-0.0465211918279534
0.0433493923281819,-0.0149318122079842,0.0461377606207792,0.0300368449356898,0.0501629817077372,0.0356673361445601,0.0126142965299738,0.0492639134227125,0.00311303154679192,-0.00500782992247499
0.0433493923281819,-0.0149318122079842,0.0461377606207792,0.0300368449356898,0.0501629817077372,0.0356673361445601,0.0126142965299738,0.0492639134227125,0.00311303154679192,-0.00500782992247499
-0.0135365766861708,0.017669745394435,0.0558318148884752,-0.0199023268753407,-0.0535628825356617,0.0118495759989272,-0.0392235063451088,0.0605143598205373,0.00459540247141386,-0.017660599450129
0.015761830220323,0.0425759375936276,0.0455748090665159,0.0606627839327687,0.018586697024448,0.0467532902001622,-0.0229593240543501,0.037580789521801,0.035501982244511,0.0133572043353463
0.0428640703196395,-0.00316691869020909,0.0479244437105946,0.108734977928155,-0.0337232434822049,0.0803363746842082,-0.0538592147963486,0.0442096877061015,0.0372773803468666,-0.012282186670931
-0.00447752972560823,-0.00375044301686198,-0.0545961579970449,-0.00981619435921396,-0.0703929057602671,0.0198405734462917,-0.0760496239332343,-0.0999155227061089,-0.0812225712291729,-0.043080846498721
-0.0464827022791189,-0.022450560887233,-0.0351144983995278,0.0774980080030231,-0.0927351163448559,0.0153573611477184,-0.106946332321837,-0.00179108910865827,-0.0533770009849452,-0.0287493316190992
-0.0550953495890735,-0.0889639163002078,0.00620899229374638,-0.0629262966492285,-0.0944813962384176,-0.0698355259479329,-0.00413475614807182,-0.0163301604794749,-0.0841174943576668,-0.0726573036481458
-0.063855533947521,-0.0264629821978608,-0.0598187193667103,-0.0435077349167279,-0.0470606766930003,-0.0456520066134383,-0.0312194897840708,-0.11600903781018,-0.0329114762032466,-0.11227794665241
0.112162697589568,-0.0356025570910745,0.0687722747511214,-0.0157174006343256,-0.00675678428928571,0.0807011229140912,-0.11674847569803,0.0406081749858105,0.0444327948516247,-0.0106031272774095
0.112581724159116,0.0855567376435714,0.065268011156991,0.0314445759453059,-0.0083646015541723,0.0430082736671378,0.0672344890712136,0.0722712865435742,0.01647366158575,0.0772220737704048
0.04007421522298,-0.027502917522419,0.0862502822694899,0.10557061692441,0.0585522183171673,0.0471633097436735,0.0987375796219808,0.00413015337019321,0.017180697017707,-0.0889849305079987
0.0623074981391208,0.0832140640327669,0.0960050490290138,0.0737406774350507,0.0661793665604725,0.0708998254621603,0.019807438280747,0.0737806086134378,0.041393345772214,0.0484095490067976
0.152713379407219,0.0498419502259935,0.0364990713935538,0.0923720339228539,0.0388710314640839,-0.0675262468207029,-0.0142825595539332,-0.0558611897281912,0.0169913921094176,0.0646000873645053
0.0743977068565574,0.0976249880750988,0.0924439986042715,0.106286120060662,0.0682220974327156,0.0700738896218147,0.0684330563498329,0.00181499636102636,0.0140923508823935,0.0327075320028844
-0.0206273033274025,-0.0560804376235922,-0.0171108202707871,-0.0715835216494578,-0.0772087298805078,-0.0207150947334913,-0.0383872869980401,-0.0414586551849254,-0.181701516150383,-0.0641582850487321
0.107902634172785,0.0962453318336394,0.096407942456336,0.0675066915938124,0.06633610381504,0.0592874546277074,0.049671550091872,0.0645198453062713,0.0735777889108552,0.0368645914856606
0.0934391096986032,0.08250919638155,0.103070233051835,0.0850921143032656,0.0778370100987624,0.0802396266052773,0.0369820835439989,0.0821761946100395,0.0602414603357465,0.0794456163838252
-0.130494567146787,-0.0797700953683268,-0.0257416221005428,-0.143596796603721,-0.10717815705187,0.0646587633974256,-0.0395056304978134,0.0598401836690875,0.0355888036167258,-0.00827194041237957
0.0911630028591284,0.124494076428805,0.109215552774369,0.129128248054938,0.0491917995484037,0.0893263520801584,-0.0594562226099759,0.0876523643193865,-0.0184968865054444,0.0318143294905579
-0.0382878927738499,-0.0234457751267422,-0.0232894433156479,0.00526158758497246,-0.100867026329347,-0.104603223371312,-0.226005149033027,-0.0499030271134053,-0.0736421351514316,-0.0780453455463697
0.0242713629489381,-0.0936963293235963,0.0242471854886039,-0.0591117880545946,-0.124959197240867,-0.0593361661304636,-0.159121555067885,0.0882345932129018,0.0240199144383303,-0.153198097354447
-0.128670504322389,-0.151687078830673,-0.0427767860081037,-0.109885216458613,-0.00313797570890739,-0.106734997387509,-0.0825120339891747,-0.0877218062919594,-0.149985698100905,-0.0849930013498223
0.0999787757928049,0.107504002411585,0.179035467123267,0.0947920112325552,0.108915741213097,0.120079855235336,0.0595154336755574,0.154499969991412,0.0878155646191484,0.0618027232593721
0.135336986723101,0.126981930419118,0.174225878776336,0.138034944022802,0.0467220279662782,0.0652171011307383,0.11034038412737,0.142209051461732,0.0724296041056631,0.0600026214231175
0.0965375965744933,0.128595063779139,0.145905162778089,0.0942882168858915,0.141015129691522,0.0769484981566868,0.0829339786357023,0.189288007536978,0.113182654487534,0.0192438274746844
0.120516007706183,0.171543670647556,0.146230845757254,0.0793397337261076,0.0948068580424511,0.0939055570332999,0.0813582835547168,0.165940793578776,0.108209357329741,0.0518756975971842
0.112059271720493,0.178868268567245,0.0798897347995839,0.0966630889312588,0.0673140085662444,0.153325097732203,0.107665935050669,0.0989300169167074,0.147946202104596,0.118045975250669
-0.156909028458688,-0.109958659659644,-0.00806448363990421,-0.0993417722660732,-0.0611751231170588,-0.134593398979506,-0.152202931661715,-0.0358193119083722,-0.148521215292225,-0.17558913156232
-0.101705426048534,-0.0781996186433131,-0.0823746814544883,-0.0968665315718373,-0.135942034267119,-0.126501795870793,-0.177437050080218,-0.0855222016622941,-0.156549539976534,-0.158008757458846
-0.0612816755203992,-0.0646664780175199,-0.0900004288902881,-0.141716881721893,-0.156729587188527,-0.161099713812872,-0.142762831801582,-0.0817427193034746,-0.199445877275861,-0.0998375135029833
-0.165610519796557,-0.157558726617782,-0.0265758762591357,-0.0895345873654935,-0.103022964530667,-0.0834589433941155,-0.174949386046686,-0.142857530968973,-0.122715783017784,-0.197772464066852
0.0741843238963863,0.201868851335005,0.20750405912969,0.164701610689468,0.101072062744673,0.163014339179084,0.125575594017856,0.125827858935783,0.150247744486342,0.0615081707531764
-0.142657319758415,-0.154428284537292,-0.109434621727215,-0.145221324121164,-0.149888419164457,-0.183222992243629,-0.175978492889164,-0.163742958844705,-0.183874772058738,-0.194231679272562
-0.140432584190644,-0.0769643871408117,-0.154511631923517,-0.134414314767256,-0.229712461653713,-0.0911865440896995,-0.213225390685966,-0.216238013061644,-0.198548002574334,-0.180766435856656
0.192588791683947,0.200423462152757,0.234456277214363,0.213220712204762,0.193056520671748,0.160639298414015,0.120379878587308,0.211994419894704,0.160613804726794,0.132263076042722
