0.00679547187716623,0.0090427144489143,0.0323487953168581,0.0110478308699507,-0.00619727486714705,0.00624364483770623,-0.0306725988786767,0.00935869923203375,-0.0118745702868254,-0.00900566570949005
0.0111644446451092,-0.0166420464942134,0.0303233928597946,-0.00649207386118562,-0.035887755460577,-0.0101513079043362,-0.0627848379259787,0.0290776727272507,-0.00290094910553645,-0.0450537736207293
0.0561718741795486,0.0347602678644404,0.0256973223220657,0.0411173815933805,-0.0139394006596996,0.0335308263335269,-0.0142684467612236,0.00363499458711744,0.0106573719332881,0.0377027990732025
0.0116840332319924,-0.0150083656570191,0.044573036687323,0.0264712847372869,-0.0265096546004006,0.0411748736875933,-0.0511417919732699,-0.0463358157872256,-0.00691632885403726,0.00268780872575998
-0.0219535428368383,-0.0430626741260494,-0.00940108720243641,0.00223246831271602,-0.0241577844856101,-0.0408994299429392,-0.0350094589980881,-0.0260262437701702,-0.0430887261575476,-0.0573301226443372
-0.0066301892898758,0.0472308258473798,0.00371671061518249,-0.00288675000006765,0.020161852605818,0.0557091495870203,0.00613890232772656,-0.0456521619849262,-0.0360699783011805,-0.074042249228226
-0.0210382567788172,0.000542962811391559,0.0146385800456384,0.0660568419681956,-0.0530717462490088,-0.0377747895521934,-0.0722587423742248,-0.00179891183780323,-0.0503022415217816,-0.0152586869786859
-0.0504794783950221,-0.053131273695189,-0.0252753967948808,-0.0531095138394405,-0.0303971495632944,0.0198529752914453,-0.0680813369348209,-0.0641242718020499,0.012145448996574,0.00880282210828357
0.04426319614052,0.0539197251940144,0.0573505311895876,0.0405298985467679,0.0383838223283184,0.0719096322478397,0.00209523541654773,0.0758051489489765,0.0264025620447109,0.0146340479099322
0.0841122722555868,0.0419511395329424,0.02015799571496,0.0056050219176494,0.0210988275294076,0.05691170824359,-0.0193899776140051,0.0975544719968352,0.0181190658859506,-8.31943734456997e-05
0.096707270406989,0.0504539010183439,0.0422789395549112,0.0250015203213107,0.0317325245222263,0.0596640293496778,0.0275710044046794,-0.0166860271314139,0.00985937162416164,0.0601919262331372
0.0147932337949306,0.0755986933298066,0.094194860142236,0.0258008430118945,0.0408064134737757,-0.0535820552163118,-0.0508451497496741,0.0450105934732459,-0.0140658293772052,-0.0143943904696408
0.030747997868047,-0.00213337573352435,0.0429322701425703,-0.00394571306343601,-0.047600327459889,0.0273277529755122,-0.0148386516894751,0.0118136223531048,-0.0542761074990364,-0.136540010769718
-0.0194744569733905,0.0102864548443719,-0.0426016907571953,0.000609001422232622,-0.0830419315398931,-0.0422590462447498,-0.0831010458801664,-0.0833830072620151,-0.0560893908487169,0.00833422344912027
-0.0139215829430311,0.0623164003860208,0.0350507217425795,-0.0131906207982399,-0.022304067151323,-0.00700651826696451,-0.00405533294176594,-0.104695187196782,0.0051423497283573,-0.108724539178202
0.0126873962706424,-0.0573619582997237,0.0872230389749405,0.0115765773463236,-0.0204545890456201,0.10174667788016,-0.0730872255720456,-0.00584193697280326,-0.0516018367410351,-0.0422838634780821
-0.0287949590618481,-0.0753520721900632,-0.0262972019149432,-0.0129687424499835,-0.138494220687692,-0.0349156152357342,-0.0120931589511411,-0.0521818887462485,-0.0206525643647143,-0.0981484293481919
-0.0719911203334226,-0.0327936020429627,-0.0143563725575544,-0.0879545720223381,0.0274836862915139,-0.104466168336025,-0.0220171097137805,-0.0518527438571683,-0.0770733037006023,-0.0883698941664634
0.0430326206945452,0.0627491723162259,0.0443526847388042,0.0868869953752383,0.0614159952880992,0.069434661859992,0.00859999045498232,0.100877765594937,0.0956217620396929,0.0646371484058303
0.0326770136802828,-0.0549770465424776,-0.103524410423896,-0.0702806638772762,-0.100710192276306,-0.0422590462447498,-0.10928442672149,-0.0525108117530398,-0.0581752271856546,0.00507104837977781
0.065377591909497,0.103248779454897,0.0248709634497952,0.0980653026754965,0.100193108185998,0.0293813924521031,0.00479018172317609,0.0998617423941225,-0.042117074361447,0.0470484344208131
-0.024968848574765,0.0645021427679078,0.0374808055310357,0.139478281028401,-0.0402656812966474,-0.0743404074240745,-0.105233551842812,-0.054114976659197,-0.0566654329069994,-0.0122542291143297
-0.00365300209173004,-0.0319864949175647,-0.0710040852206441,-0.0538985983668855,-0.0571284824598205,-0.0154167997066102,-0.082042082816798,-0.132194667674263,-0.118386369445255,-0.0173632802219517
0.128638747141438,0.0300806874531902,0.156188716963004,0.0502426745035187,0.00218262034841844,0.0425615201388883,0.0260038790770606,0.104206587114438,0.0852047777667102,-0.0178606480428754
0.0148161813810875,0.0481741416728071,0.116426579927963,0.0272905557140797,0.0945764730725744,0.0953150061422107,0.0268248925539702,0.0778984517677867,0.110953678446769,0.115179687872044
-0.0268521146345073,-0.0690927892717086,-0.07943197349505,-0.0676344710277203,-0.10759081274572,-0.0523557665791668,-0.0577199476292119,-0.120872078405681,-0.114116360342196,-0.109400930802545
-0.135204158410645,-0.101006073043935,-0.0171819535711752,-0.0339806504227296,0.0145629504621928,-0.112251328305831,-0.0760326637064448,-0.0543026997239785,-0.0566301049060866,-0.13820300825538
-0.00367843904033727,-0.0121512636693468,-0.00136984855781456,0.0673600106050199,0.180099349565945,0.0468657106342376,0.0384950653358395,0.181532256414763,0.089798143850518,0.00807917805353395
-0.13468308412092,-0.0306046147603309,-0.0759692418660714,-0.0279907296812081,-0.0896687721045117,-0.0339392232951664,-0.119213764548074,-0.0496124181433413,-0.168790296899929,-0.070531078683285
-0.041964946332645,-0.0795740009805013,-0.0675129989523249,-0.0979346410933793,-0.103717618872942,-0.0989478378315833,-0.141759042714348,-0.0660723598613825,-0.111233841639474,-0.0987881064333311
0.108455925960528,0.0641087937440685,0.135138810001146,0.123802183712409,0.112675531230329,0.0613097241328604,0.0840483996528945,0.136177548517843,0.0705007028051126,0.0432051353999895
-0.134507753508226,-0.0157729125353208,-0.0298592618090317,0.00204840791570868,-0.119500667303481,-0.0692411205779958,-0.107977280295406,-0.137048931159235,-0.146069335948137,-0.116417114128303
0.0762189953901441,0.114088474671096,0.12344875660606,0.168132124242754,0.0956572736658356,0.027836550537265,0.14233872265641,0.0961102475016285,0.0244006699191538,0.127697249916764
-0.0968458252517691,-0.102983606028643,-0.0519469033710975,-0.0888429124679658,-0.134183752957417,-0.141597539601671,-0.117083695356316,-0.116558748396898,-0.145033420219782,-0.103862673273115
-0.123400293120919,-0.1499780901114,-0.139255516228303,-0.0729519062891614,-0.0962138225220826,-0.0850928925569368,-0.114462620473733,-0.104819536529052,-0.141981351258202,-0.103578817831891
0.0879736592790932,0.138875252052034,0.120809423829386,0.181808666812792,0.124950737843309,0.0241928066633093,0.130713661471878,0.0636575111145156,0.133195190955734,0.114417280689658
-0.0531910774374085,-0.0740776293922439,-0.136626510665691,-0.0894111320995944,-0.200206799860247,-0.0569913324379251,-0.138863439906444,-0.11443484797235,-0.172469794724977,-0.111818295345198
-0.110949226546178,-0.16483481695761,-0.117373791702739,-0.0832033880482505,-0.0757512281495383,-0.1078803918926,-0.0603271966050555,-0.116026717456874,-0.161692589254803,-0.193295750533607
0.168001137009166,0.160468250282736,0.145737162524743,0.100605423976688,0.126838884652117,0.18734330104496,0.0819287749060033,0.135017021988222,0.0789569428931415,0.112448205984696
0.143304931105788,0.118195344165559,0.147413931521329,0.15776762701057,0.10091405390203,0.175732623484085,0.132634878032522,0.158183653660313,0.169592032296916,0.131052881265532
