0.00679547187716623,0.0090427144489143,0.0323487953168581,0.0110478308699507,-0.00619727486714705,0.00624364483770623,-0.0306725988786767,0.00935869923203375,-0.0118745702868254,-0.00900566570949005
-0.021842003258928,-0.0220442796231374,0.00353669926098868,-0.0210308414847449,-0.0182972122152207,0.0130483100645758,-0.0493769679067488,-0.0273827862850081,0.00013543935487427,-0.000101421800603241
-0.021842003258928,-0.0220442796231374,0.00353669926098868,-0.0210308414847449,-0.0182972122152207,0.0130483100645758,-0.0493769679067488,-0.0273827862850081,0.00013543935487427,-0.000101421800603241
-0.00102162452989317,0.0136216711983097,0.020338460556601,0.0618892644243869,-0.0491000751691578,0.0104068237167488,-0.0121723698340739,-0.0360805928857708,0.0320131788375725,0.021200743731809
0.0308926151894948,0.0436661016548824,0.0731682470953791,0.0418819815920663,-0.0291949062988119,-0.031073726298527,0.0220475357219039,0.00779892691239616,-0.0165100826505332,-0.0271515926245385
0.030021801155076,0.048078837109963,0.0278512867025383,0.0427409785134689,0.0140371015279491,0.0617549718173743,-0.015013805696566,0.0446820133483506,0.0430137078899707,-0.0120865433902688
-0.0090866883487994,0.0367724286084111,0.0349148004239469,0.075263055949176,-0.0232314780818972,-0.0340483812931841,-0.0679530753607442,-0.0223781387135816,-0.0342700015969124,-0.0106299474119099
-0.0175847372277394,-0.0352656432657935,-0.0175821018177334,-0.0434434051117143,-0.0549574468700445,-0.0463520964969385,-0.0862158207965123,-0.0283568303146744,-0.0615542059631495,-0.0538968860714106
0.0414903270783785,-0.0358506799998916,0.0335877332798992,0.0953854220298769,0.0826696903593707,0.0188119965477925,0.0500205312966006,0.000741963989856806,-0.0348503570477144,0.0276936064163894
0.0414270404578092,0.0220829522097788,0.0888631441302292,0.0372242480835166,0.0596834952316808,0.0307965940744187,-0.0183033771528521,0.0662716743397898,0.0150637195884884,0.0669328721981187
-0.0142096998356786,0.044971779152288,0.0654675844466778,0.052955259330492,0.111024672311393,-0.0227115208374095,0.0227820685610264,0.0431613616967752,0.0337250729871039,0.0333896938768958
0.057625698918847,0.0365757540964914,0.083743802659002,0.06742500729118,0.0532391281815908,0.0337766844852833,0.0266879003871089,0.0727681238749386,0.0293130662591436,0.0170997348452497
0.0817668628559251,0.0379407989011172,0.0660824035158788,0.00392546923158088,-0.000730452672332856,0.0303403667255393,-0.0746569088754211,0.0358593470247209,0.0623336192423917,0.0599798017437838
0.0872454037078525,0.0654879319494167,-0.00294967575591622,0.0109018866280394,-0.018173660097037,0.0638319389820428,0.0882365912326739,-0.0601726561114604,0.0214821540616376,-0.0233696200186426
0.096664711377687,0.0221689718122181,0.102826241614281,0.0143435080496548,0.0620533816150406,0.0215992016020551,-0.0339473604809996,-0.0536000245824322,-0.0140323261464224,0.0424934550585765
-0.015756199362428,-0.018045645582522,-0.009018134315464,0.0423122820165117,-0.0560551451231361,0.00581133490082569,-0.114067593187499,-0.01341545812575,-0.0417909094571785,-0.1133681114023
-0.0361269240381152,-0.0221364813908722,-0.00838534036040853,-0.0756112759960782,0.052926645309202,-0.0322569704392346,-0.00146683943827783,-0.021820232105664,-0.10388194205654,-0.10405032230678
0.0256015467490625,-0.0959581037440594,-0.00786794018658121,0.103397748828506,-0.0132364497704377,-0.0180599569742856,-0.0758658677557773,0.0689396944626708,-0.0170649212735352,0.0547697982570713
-0.0664109702897445,-0.06123547003132,-0.0127013229397023,-0.0963216176415183,-0.0622702943992489,-0.0446825758001447,-0.0672758199621321,-0.0212350377929438,-0.0877923621636217,-0.0796877478016797
-0.0994809536009474,-0.00790988994414135,-0.0611270497244993,-0.0764444349996429,-0.0180744763778285,-0.0487387924159232,-0.0573087492849689,0.0234585432952438,-0.107990183870505,-0.0925312894224881
-0.0344162809951618,0.0861974958988305,0.123191982400351,0.0867443706768558,-0.0329242512803273,-0.0440087561209636,0.0564669995183969,0.0526188403274256,-0.00902559965355687,0.0782286174820342
0.114141712437531,-0.00629504195516538,0.039455278222869,0.0153318948424426,0.163730446175314,-0.0571835546937597,-0.0188568806720461,0.0104492496273709,-0.0450018789068049,0.03921626495343
0.0545388037251514,0.0257756155156367,0.0683098546269195,0.0637564692301264,0.00150866641358038,0.117796318615856,-0.026819628238313,0.117812687627457,0.0779696996452923,0.0481310696402939
0.0377392382425373,-0.0716958178333367,-0.0605124807402513,-0.016477674250849,-0.0436467016301772,0.049124614865067,-0.0918305678438931,0.0730636004899444,-0.0707400004117247,-0.136518165471376
0.0969487289389345,-0.0433680337966215,0.0168546284782054,0.0198749848638935,0.140135204735616,0.0211319783162007,0.0846907556196552,0.141730841257961,-0.0127475255424001,-0.0149685450622885
-0.0928264954755014,-0.0347153999996084,-0.0384502249215223,-0.0649464266444902,-0.117482241158371,-0.117810915983846,-0.0566947022098015,-0.0424557539872494,-0.0882251412540875,-0.0638073119913191
0.0827386284080873,-0.0220442796231374,0.10489946533825,0.108744215083869,0.0793113773406602,0.122857973314942,0.00206539685918845,0.022946642704743,0.0611408078272999,0.083563083533009
-0.0385202633449756,-0.0836016402461988,-0.0743222611726198,-0.0424644190302294,-0.138172593257222,-0.0679796551813926,-0.0593588463675312,-0.0772615698077236,-0.0863163877415932,-0.0952978973678843
-0.0842297355580498,-0.0992677924299335,-0.0441833833474488,-0.0883024596541323,-0.0575535975473654,-0.099412151649349,-0.163654375570421,-0.0171181344345891,-0.0215247255101717,-0.0522027443789717
-0.0544892761707834,-0.100275263749652,-0.0583311973372546,-0.0766393352654717,-0.143769760996846,-0.0822004014894117,-0.0699224372095418,-0.0758245678927241,-0.00841483042867616,-0.167628959377542
0.128828147106082,0.111147241068028,0.128830782516088,0.102969479222107,0.0914554374637769,0.100060787836883,0.0601970635373091,0.118056054019147,0.0848586783706719,0.0925159982624108
-0.177732828630724,-0.00336509904320326,-0.0367141291844849,-0.0971610070102938,-0.100497998485439,-0.153509474814996,-0.0826352017992069,-0.128266785070482,-0.210238677002976,-0.104543642585702
-0.0946615131917438,-0.116664576600192,-0.109099016897937,-0.128388208738191,-0.133645259506282,-0.113459047240129,-0.14796368157082,-0.150076548283511,-0.147420483665153,-0.120819754071998
-0.188092168472281,-0.174092953089604,-0.0760810844607708,-0.138093769200235,-0.0767295456501152,-0.0960664547734215,-0.163162294542927,-0.0569220906774597,-0.123892879025326,-0.135423110367826
-0.141943012460235,-0.0841446214342771,-0.0653065443069147,-0.0617778932962869,-0.136055413252224,-0.136534067935712,-0.212410258367821,-0.114043819163768,-0.113983729806004,-0.160319979474777
-0.157485332267368,-0.120022817913459,-0.0778555078446924,-0.104158479876516,-0.170378826640748,-0.0923824756399337,-0.197289696330942,-0.088400664296793,-0.168958916639487,-0.114857395504219
-0.137173131779242,-0.149395709937874,-0.107951968331731,-0.127653326530203,-0.162766349067595,-0.122703625071172,-0.187320079759795,-0.164901442611417,-0.155808333904253,-0.149571812825686
-0.117320371280435,-0.0618000343384291,-0.0992001419245733,-0.159972280190224,-0.221359803668185,-0.0877348871274778,-0.162854891037265,-0.153017504795329,-0.229139074302057,-0.135979920828671
-0.152752376881934,-0.136748299687178,-0.15153933205399,-0.14058446818773,-0.191032487537341,-0.164420585037343,-0.203299706713243,-0.183425038348812,-0.180394864901593,-0.146748605464006
0.233811188776988,0.231168366699646,0.235455863254622,0.202239511757141,0.206733689226306,0.243206357275155,0.172040972347485,0.21860074494395,0.179954070636979,0.198134154471424
