0.00679547187716623,0.0090427144489143,0.0323487953168581,0.0110478308699507,-0.00619727486714705,0.00624364483770623,-0.0306725988786767,0.00935869923203375,-0.0118745702868254,-0.00900566570949005
-0.0447679603408442,-0.0204910144012913,-0.00216473009389677,0.00918743177442505,-0.0192578778481555,-0.0343693189339343,-0.0610261852264172,0.0436144981952298,-0.0170426040311429,0.00308720180611363
-0.0513936568426722,0.0197812067244117,0.0222235978320965,-0.00874899985491557,-0.015603704271011,-0.0085337083610959,-0.0570189638911815,0.042520307052739,-0.074093513687603,-0.0555235670878558
-0.0329114242343559,0.0426166220395344,0.0443992457309658,0.0266664278153263,-0.00969744780863428,0.0177522053055398,0.0176394673287199,-0.0158032555423056,-0.0649951678298296,-0.083949941048366
-0.0251251895570177,-0.0154042852384355,-0.023462994966588,-0.0385775481575302,-0.0649825235102569,-0.0351369458634213,-0.0528162453558542,-0.0309404032930157,-0.0318205598642365,-0.0799345715646099
0.0538079774517962,0.0256609723274439,0.0574737374875637,0.023743098779539,0.0338959983291151,0.0641287033593642,0.0226590117640781,0.0753573628527485,0.0501229825038882,0.0184369495568661
0.0538079774517962,0.0256609723274439,0.0574737374875637,0.0237430987795389,0.0338959983291151,0.0641287033593641,0.0226590117640781,0.0753573628527485,0.0501229825038882,0.0184369495568661
0.0837574609427738,-0.0341926561060303,0.00262910371195555,-0.00625494092348322,-0.0615635735243125,-0.0203409544929275,-0.0719118458752111,0.0407481242175139,0.00121818879744245,-0.0549087640690065
0.126234105545501,0.0250781554214516,0.0373064405480471,0.0385895219199222,0.00452925906090078,0.039786206473004,-0.00891221348498804,-0.0150320991429579,0.00191579194219548,0.0360690767443547
0.0522198029155854,0.0459837532633058,0.0520270649686188,0.0714364421106852,0.0263018795545595,0.0483640169224779,0.0454591934982307,0.0484907836616407,0.0219432630905387,0.0655626929400347
0.03582947964044,-0.0505243274437725,0.0849017022998496,0.0741935549451549,0.0573420705110968,0.0214891670980091,-0.0599193449129445,0.016209820617225,0.0194847306714884,-0.0315343522982358
-0.0166641239196427,-0.0980118561055666,-0.019249941815515,-0.0179820795810507,0.0252870363370927,0.0222502268088352,0.0116434876600144,0.000378748406451822,-0.110767967293273,-0.0540456231528129
-0.0477999013746204,-0.0812391710657225,0.0344640663178532,-0.00285471377927776,-0.0906095528881488,-0.0338702232276974,-0.075777708814486,0.0354904662422043,-0.0308727443800439,-0.0283331352314098
0.0307741601629646,-0.0854509281355393,0.0112939556797274,-0.0492801751173058,-0.0228011005778109,-0.0775327423319242,-0.0349940878356287,-0.0286025906550906,-0.0952915519824614,0.0041558422159532
-0.0454338346905361,-0.0777283659183972,0.0500201894981825,0.0540775603383739,0.00341981252535499,0.00147769607505803,-0.0501622252851766,0.0904664728479165,-0.0216318407943989,-0.0756622165561813
0.0556135663824732,0.0201684856495027,0.104957336813874,0.0407848307686219,0.0665017305392846,0.0325890043607345,0.0625051018367418,0.0454385164601497,0.0636171359300556,-0.0211195610561393
0.0322478341909504,-0.0655904419363046,0.0785577925406749,0.00679994393454632,0.0179900602598775,-0.0378922647225695,-0.0412532472533488,0.00648353910412331,0.0350325193681685,-0.12883604861743
-0.0752138547537632,-0.0439785879039485,0.0466072593091529,0.0304973297608015,0.0338473182059832,-0.0360168309212278,-0.0811146550310415,-0.000184557082938339,-0.109325606071183,-0.0611437175232184
0.0440678585847421,0.0358578018105105,0.0756327567311715,0.0661723837539521,0.0561972237933323,0.0757342863474447,0.0287170578598982,0.0904664728479165,0.0734584950246292,0.00900154735286562
0.0688027736065022,0.0433868960459099,0.024971798789361,0.115719213457193,0.0583353912595483,-0.0100556598722233,0.0170217099516846,0.0697273970309069,0.0902389802858565,0.0669672790245578
0.0103856146302803,0.0931070617432053,0.0405076060835084,-0.0419848848031476,-0.0157797721701551,-0.0739632944458633,-0.0122309276228511,-0.0565303353825451,-0.110173170637665,-0.0960584089416942
0.07423422451676,-0.0319212539217842,0.092105528859393,0.11134784167677,0.0162245181196806,0.102242979415,-0.018588792957312,-0.0541267603141813,0.0358835695458028,-0.0188330512162601
-0.117319187654736,-0.0343593554000465,-0.0432635481686626,-0.0498568700719825,-0.0304900617901359,-0.0543947217339112,-0.0869357433690196,-0.0253648595162381,-0.0349352487128071,-0.104077612397608
-0.0323726444180467,-0.0202663427588967,-0.115267673385519,-0.0137851259079938,-0.127322495756908,0.000521738476903968,-0.0800471041021982,0.000850658261578555,-0.0152218779255719,0.0833399124694791
0.0602022831318806,0.0554029346576967,0.131750385116591,0.120687717225665,0.0730744736803698,0.0118507520883052,0.0310335875901359,0.00749979566760165,0.0050604460302458,0.0186543497963606
0.0324646960556535,0.07016901323363,0.0712598386173416,0.0939388634679017,0.0255771621744791,0.074022786593783,0.0366424307019207,0.116707411733713,0.0458910542995254,0.0537316704135266
0.0521610240948421,0.081853672041245,0.0748629453786208,0.102069882956854,0.0818577374884658,0.0518583171360933,0.0739966044087418,-0.00284154346256194,0.0758939571650546,0.000910935754861827
0.0632960818828662,0.0403363719391821,0.0840704814813423,0.139158627754539,0.0500740599973921,0.012129717413366,-0.0148058162322152,0.0793391402071385,0.067164934279431,0.0351825876582868
0.0376346231602573,0.0848924255437469,0.112720923361104,0.0540398074007326,0.0781663470206106,0.0686307817315176,0.0306753119673236,0.0335917993802468,0.0689490192562808,0.0788046733085298
0.0833973652810679,-0.00610604151653923,0.0846985889300925,-0.0261786115631613,0.0395651969155631,0.0136106759668621,-0.00547166363599245,0.143590168572425,0.0347126153843909,-0.101177475928387
0.0355552291042048,0.120624476913673,0.091129245291154,0.0596781811378454,0.110371162826014,0.0831348316210523,0.0677380814202702,0.0385936596223389,0.0383975075588736,0.0633826172110205
0.108542907686259,0.0617209095532451,0.100695910608633,0.051887074153356,0.00625102739294483,0.106938796744875,-0.0156473809067197,0.101059571160112,0.0402252510268443,0.0958087810155518
0.0923689504234264,0.0565671343641838,0.138320475201692,0.0225968191726928,0.0790294782641743,0.124226475261907,-0.0890302109225814,0.0701199686566985,0.0528548505077581,0.00125462399306216
0.138802479818523,0.138508750431904,0.106723539063087,0.100092520935267,0.101566397301274,0.0709201146378506,0.0858250911016129,0.0356543914600391,0.14181731064788,0.0445029090487858
-0.0940304894219462,-0.0993601477542273,-0.021472323126459,-0.0890375950732,-0.120015860611547,-0.0924156478925887,-0.17687520797592,-0.115575975638324,-0.131499448999743,-0.101002409990124
0.113562983174508,0.150657183344442,0.101858708113163,0.0634932734907568,0.0497532763360795,0.102581048693724,0.138944228658946,0.134975697125927,0.0880737591151471,0.129343097542591
0.136470377059944,0.151793858967898,0.100054373872052,0.177274407453489,0.120317772869577,0.1688062206458,0.0590063473754469,0.0631773562028,0.0796650066137958,0.0935966812829943
-0.163780618770432,-0.0805630235173483,-0.130025532134009,-0.115498207433118,-0.0915616358181107,-0.101958820438526,-0.15491769089197,-0.14624830260104,-0.131933838058037,-0.12407535084044
0.131283743649167,0.123579225852696,0.169543693853061,0.17707975661362,0.124164618390852,0.0684397336873391,0.0612956194951841,0.183139262238569,0.159144250325094,0.133018555187352
0.20280579573602,0.194069520341527,0.242589556540736,0.214135795581183,0.242001483305921,0.241155003789067,0.14669412522452,0.229542570014596,0.204038767129602,0.192699179373015
