-10.6543217787331,-4.07306221243231,0.974365614160803,6.3977106270648,2.31962512984708,-11.2443921837199,9.04464864208995,10.4138683875898,0.0474139895364871,14.3171475295352
-11.4061101975156,-14.2417806462049,4.27178817165951,-0.985826462939286,11.2333817963524,-3.53410900043765,-5.3026734926752,9.50843273172919,-13.946753074825,13.7981016802369
-38.3982242177575,-1.25048156727103,0.685904075699263,-3.18083343423789,-3.93037487015292,-16.4759885443486,4.2998320551681,10.9728114770207,-13.3598440749796,-1.50598928915223
1.84567822126692,8.42693778756768,12.2243656141608,17.5088217381759,3.88212512984708,-2.37342444178446,10.3604381157742,21.3894781436873,21.0151559250204,31.2526314005029
9.24919518360741,-52.0365311062162,3.82899382760785,4.45878794019129,-26.1826209863328,7.23758273791015,31.4992342863308,-20.8401988958893,-30.415264590202,-16.0720419922022
7.78859471147506,-1.77565598495826,42.1802849036857,-9.14909176906173,14.4991475621181,-49.5111204946905,-8.5547060130004,-21.421054447758,-17.4388165668885,-27.8685649864298
-30.6842524314721,-11.0710767830423,34.9290473429563,-9.76918167786607,52.5914384924984,0.269184791009572,-15.7054698236752,-3.11158214871026,-19.5539957224835,-49.3047942001488
-21.8691595333365,-64.2395778010701,35.1690662373031,5.82908220298806,8.67314926733323,-55.5323611129539,33.24225803067,0.905361842240644,0.222691347792242,22.5414078401289
-10.1713397298923,3.38945499695847,18.3810192496019,33.1989521782436,9.7106090836012,-70.1072228239682,1.22764915314382,25.4230056885181,36.8715001326509,-58.6764837330303
-9.74590873686965,73.5932559922049,16.8051158340524,-38.4132830608755,-12.291622334529,-49.2342319621956,-48.6776001627483,-34.4568032396938,18.9657518001469,35.3863106661019
-21.2218171501202,-8.11359564303592,-62.8331903700709,-68.2236182269666,3.72677541337168,-39.230516019273,29.522324321045,-56.598181918391,-6.41232822707393,15.0533106068729
-25.7405286752848,-65.9320365714067,-50.2756343858392,-28.6450244156702,-48.1178748701529,-26.6977487661088,-7.82138006604403,-21.4676647134555,-62.7057743075378,-7.20890706103551
-97.0656486729817,25.6758987119736,5.13511560567916,-3.91866543937407,61.1136269497914,-35.0900260160554,50.1771441026388,38.2955547081259,-13.2688422835536,-8.43744740703748
-10.6543217787331,-4.07306221243231,0.974365614160803,6.3977106270648,2.31962512984708,-11.2443921837199,9.04464864208995,10.4138683875898,0.0474139895364871,14.3171475295352
-36.7334911498965,-2.43984335935381,-7.53404660244151,-3.09864686958138,23.3157438787145,-3.82378271196897,11.2012384169162,15.2155253513858,-18.492430995116,25.0720101805322
-8.96489098126118,17.6022815381498,-18.1988647717495,-26.0511489458111,-37.0976351561773,51.2146350841167,17.4384695103257,1.0655795973434,-67.5016470701639,100
-28.5278321002978,29.5589552120055,34.6279048423401,-1.35715137582985,17.2351045577984,-5.35467772901838,-6.25327111876481,28.3346963900199,-24.9208379999941,19.7763285372492
-24.543210667622,-18.9666792337089,-74.8877033513564,-46.1022893729352,-6.77128396106201,-20.1332810726088,-72.7735331760919,-41.4379834642621,-23.0295090873866,-68.5399953276077
10.236407797171,0.903367264580353,16.2728577695362,42.4013499452021,51.5179014749948,4.17307766572294,61.8258323315308,25.5972746766509,76.397968706048,85.4837132635045
-61.8987692472078,-60.9412640265292,-35.3238647717495,-35.2574981521603,-60.2226351561773,-43.7834059241111,-9.41512204914824,-5.62571761119518,-82.1336817021985,-12.9532619666078
17.1142142485544,17.9248545887882,-63.1263686465223,60.140164990051,-44.4429502794145,-19.5769049118641,70.7644454925963,-58.5767230762129,43.371397939078,41.6513232628985
-13.8110726300994,-41.4237201668801,-44.8473828550502,45.0659908969659,5.6648107312686,15.9206194821631,-6.86720986421246,77.8136763281988,-21.6559138560096,100
-27.3584911498965,68.7140027944923,-4.29595136434627,21.1437773728429,86.1362566992273,4.9295329378984,25.7382754539533,-19.0106651248047,0.766828264143307,93.7279520590999
46.5175870229388,-21.2246797509965,62.4445039340427,29.0222084064676,-61.1254938770848,-32.8090471474013,16.906280771863,2.22967254762524,-100,31.6704666551299
-66.1421266567819,1.57209907789026,0.397442537237723,-12.7593774955406,-10.1803748701529,-21.7075849049772,-0.444984531753747,11.5317545664516,-26.7671021394958,-17.3291261078397
14.3456782212669,20.9269377875677,23.4743656141608,28.619932849287,5.44462512984708,6.49754330015103,11.6762275894584,32.3650878997849,41.9828978605042,48.1881152714707
12.3574977505893,46.7785633521837,50.4871828070804,21.543909675618,-5.16563964879001,-7.61956256754448,35.3182504402687,22.5715743488733,0.981096174333857,16.2505761351117
51.0817133481796,61.4596245585699,6.04565751882537,-47.7496463524366,-23.3447025116542,2.62218221534801,42.2371750443253,35.2526493921718,-5.1302145918235,-2.01654517462787
30.7209695965583,-16.3790489086629,84.5818217545117,3.88695022534313,24.3975472077692,-46.4716649109927,12.7349087751813,-19.8481008987698,7.19027113239364,63.0500909993208
2.00281837201321,-62.5628468956898,-21.1710061723922,-22.0118002951028,-100,-23.3179728176454,-51.3579085708121,-51.6094296651201,-35.1771693521067,-64.7206906408509
-16.532898616298,-23.1834412379307,-27.0230352601466,-52.780303244388,-36.3607980450789,-42.8399548494134,-39.7636139334947,-57.4684314955599,-14.9687839162763,-81.635279454249
-10.6543217787331,-4.07306221243231,0.974365614160803,6.3977106270648,2.31962512984708,-11.2443921837199,9.04464864208995,10.4138683875898,0.0474139895364871,14.3171475295352
-10.6543217787331,-4.07306221243232,0.974365614160803,6.3977106270648,2.31962512984708,-11.2443921837199,9.04464864208995,10.4138683875898,0.0474139895364942,14.3171475295352
-10.6543217787331,-4.07306221243232,0.974365614160803,6.3977106270648,2.31962512984708,-11.2443921837199,9.04464864208995,10.4138683875898,0.0474139895364942,14.3171475295352
-11.1070176206598,21.2256218786722,62.0836214284915,47.0026369839585,4.46454178723559,-72.2858946602353,38.5743150881317,16.2134842688077,-7.32685303758808,82.8532516141722
6.22054452307883,60.2660259190762,31.4268466412819,29.3215568890853,58.745671482295,78.5497150358395,27.2468808800192,78.5998479051714,72.2285342615495,37.2894723801802
5.40892306048455,27.5577613146014,45.0738625009777,69.1869462922841,26.4440315104894,79.2004650436308,80.465456203523,44.3742823888048,72.7484731799564,31.3324523191065
-40.6543217787331,-52.3489242813978,-67.7756343858392,-31.6022893729352,-27.6803748701529,-51.9851329244607,-60.5205687492144,-37.2051792314579,-74.9525860104635,-73.4877305192453
-78.6022045708531,-10.421419060206,-10.2534580199374,-61.8680997701679,-100,-38.0367792500163,-44.7868532285232,-64.5096771950068,-38.2174159093366,-40.7259641558503
-98.3409149478234,43.163525605819,3.55086360858959,-21.0681121823055,44.6823021346356,-35.5307570641048,45.0826066331963,-27.3317138522872,-52.5445448513072,13.3093996645234
