0.00679547187716623,0.0090427144489143,0.0323487953168581,0.0110478308699507,-0.00619727486714705,0.00624364483770623,-0.0306725988786767,0.00935869923203375,-0.0118745702868254,-0.00900566570949005
0.0336726027294664,0.0234903544763353,0.0539468543512181,0.0670434749802524,0.00830734049842222,0.0234353224642375,0.0143087597066987,0.0162005685812532,0.0237142376931543,-0.0156540060086283
0.00349141562683845,-0.010533949627959,-0.00154543923091816,-0.00656277133932869,-0.0243063052796711,-0.0348982576344367,-0.0933611408522878,-0.00637035182697947,-0.017802168276622,-0.0054233693037353
0.0216404631475852,0.026633589715803,0.0712160035357488,0.0144491748279268,0.0543676944803058,0.0121416078436413,0.0204186609097969,0.0400025329798839,0.0367565063117009,0.00387071753425833
0.0442988565171413,0.0233097428004844,0.0988309400190493,0.0162267139526286,-0.0521228623178383,0.0255178089467713,-0.038308357140525,0.00427789986311568,-0.0237507866071769,-0.0166678116165245
-0.000929858628541412,-0.0205249044263331,-0.0614043926526687,0.0577407393171142,0.073909341289071,0.0250845907556937,0.00630430918094751,-0.0307383191381873,-0.0860298360089664,0.0036989492858106
-0.0193837089666675,-0.0113130260983548,0.0648458466096887,0.0085106442545486,-0.0849606974433085,-0.0283254748051595,-0.105392936525204,-0.0375555845187668,-0.0132434059325225,-0.0560130129335787
0.0113614125815143,0.0273168223574524,0.0162043495621805,0.0880546268977187,-0.0259598927921896,0.0135424763314359,0.0498947836159532,0.130836835923756,0.0350116787450842,0.0556491808741816
0.0516154106441804,0.0601440861036402,0.0853895094033358,0.0397647647572586,0.0495451411663228,0.0186170969402854,0.0649088252335895,0.0690257840726415,0.0727430184673712,0.0691676278531668
-0.0700215118867117,0.0709236411403356,0.0432878066727123,0.0373278030838832,0.0811063421187965,0.0339679568853187,-0.0681125974710811,0.0299750407925512,-0.0634036585733904,-0.0815387459891821
0.101870878642949,0.053978198255409,0.105204151349168,0.089242601915768,0.0408338003876406,-0.00879362956692734,-0.0235571410744942,0.00355075216112551,0.0650403177766562,0.00161432842254633
0.0588327674845869,0.0689556328515312,0.120745709769858,0.0893394354765068,0.0481073796196097,0.0315626561204703,0.0260336177796508,0.0318410890922078,-0.0217961967845028,0.0720063680103777
0.00161714900557941,0.00425612699212874,0.12057760056093,0.0588234303327797,0.0674620244059698,0.0817098851742578,-0.0494711006390427,0.101829487929807,-0.0167351375160452,-0.0197029269850822
-0.0480764179876113,-0.0673494672064253,0.075443484509551,0.0299619373239139,0.0303560248440474,0.0630722730949059,0.0308861092965728,0.105639190249367,-0.114426914875181,-0.0281444216903513
-0.077842558061214,-0.0538038851102744,-0.0459520979846179,-0.0504935937961905,-0.0714521573019395,-0.0717837110558833,-0.110941363587397,-0.0424739653728221,-0.0887736933609996,-0.0655025556780959
-0.0364047432725133,-0.0103081630341375,-0.0695313213709228,-0.0656403569559156,-0.0922097825995024,-0.05460942758963,-0.0648064315590037,-0.0839989600199752,-0.047639979196617,-0.150527646191816
0.0918117175270509,0.0245221509041187,0.0938565486755076,0.0668138370696164,-0.0519723299524383,0.112702263735979,0.0194477595817957,-0.00213906963808571,0.109634838855003,-0.101773155746267
-0.0524714943366941,-0.0741944599668763,0.0185887545137059,-0.104853012390256,-0.0739290760745164,-0.0930048490495709,-0.0495978421142205,-0.105114455999073,-0.0949800429236012,-0.100355150942962
0.0556979322729503,0.0785448189737641,0.0718857535055221,0.117247338163747,0.0931916830888134,0.119048797593201,0.0298169074712938,0.0935379545325272,0.0468180725787779,0.0687996176119582
-0.0455323430316159,-0.0949881642698256,-0.0754688144772594,-0.000540880926648488,-0.0665646307109153,-0.0301238436072877,-0.16722254404531,0.0177138046154252,-0.0998850795739379,-0.0895242302808148
0.0989718405098062,0.123119559749531,0.100161410414457,0.0411606629055912,0.153580900783044,0.085128371985639,0.0210978336559911,-0.00509947956124781,0.0147068618195356,-0.01471630944027
0.0299783909323045,0.166869067675101,0.0812089998401928,0.081764927364377,0.104840933366801,0.00892432522876448,-0.0551764476248126,0.0686310719847305,0.0526694242957618,0.115278812492216
0.151711513557845,0.0743674565780476,0.0851233236498281,0.0950032452692475,0.0603246270621792,0.116911766611274,0.01242584881946,-0.0180419960065878,0.126883740048518,0.00357003748879216
0.116880697256755,0.0688639260468776,0.0603880764454012,0.13846062519372,-0.00238805462691488,0.132936260139669,0.000152139144773696,0.0460539799674047,0.0221504187229987,0.141312346100157
0.112997617419502,0.121288682057989,0.126793317032557,0.100598450989608,0.0818180286183461,0.0489774573251703,0.0830916543537542,0.109115162204624,0.0799447545832734,0.102234439889995
0.112997617419502,0.121288682057989,0.126793317032557,0.100598450989608,0.0818180286183461,0.0489774573251703,0.0830916543537542,0.109115162204624,0.0799447545832734,0.102234439889995
0.170651687076972,0.0417272148184588,0.108136382224957,0.0917821724878287,0.12388344291663,0.0465918939684222,0.124945712448915,0.0705893226604098,0.0971323077156386,0.0728555561851445
-0.0930683735497635,-0.131508029727191,-0.0395123290228125,-0.126599826704194,-0.0782833213502972,-0.0291113046220024,-0.11796595350339,-0.111525094094481,-0.152207004931246,-0.146758719852286
-0.138180286579053,-0.104518660214133,-0.0681967824221024,-0.122139462665312,-0.118193653563436,-0.12123954574189,-0.14084929673927,-0.0847116505975777,-0.128688943709064,-0.12671857089022
0.140177548526551,0.0980941529148886,0.170070021616389,0.107088071242282,0.121129791233245,0.0941108556750373,0.0439908307893776,0.175067742044036,0.0928826200342887,0.0650214812274701
0.138624779969837,0.155990522681798,0.0653123174109239,0.14153665285957,0.113542694827287,0.122201787887359,0.0849667396978039,0.185238474279419,0.0716463830134854,0.068746033342984
0.129956522818869,0.133196444121205,0.138526648603428,0.154992132708151,0.122076085167263,0.116911162521608,0.111382124180789,0.151628466497314,0.112244726730105,0.0884195423182889
-0.13212926539604,-0.13870355756298,-0.113362660313178,-0.0907246419408402,-0.147486335042869,-0.0873660419710836,-0.137724598246649,-0.143894220955908,-0.108572591839094,-0.154783112825785
0.0500497068430566,0.209221776232796,0.138586704892722,0.176318212707136,0.0556470025939232,0.0906921184303145,0.0836472774318442,0.162254106784236,0.133034840198663,0.112012035770062
-0.135452038791397,-0.133204796219649,-0.109898715351705,-0.131199679798613,-0.14844478553571,-0.136003865830857,-0.17292010954724,-0.13288881143653,-0.154122080955389,-0.151253176378053
0.175419432002606,0.153393851393916,0.182918487234465,0.158224361121942,0.146910068338696,0.149992583045823,0.106248675005108,0.0940318002777348,0.153795431256084,0.0746937928230738
-0.124462726067338,-0.124800061864932,-0.102045038095166,-0.121302426347962,-0.163333537933784,-0.161295060591052,-0.150154937960142,-0.149355924381207,-0.15971377548094,-0.186089523858957
0.146314734758074,0.179976361122994,0.216298238915024,0.162355558671814,0.166301367773691,0.163255475595236,0.143645724597856,0.199783370739549,0.155806077628062,0.157776450446906
-0.216929136489991,-0.200945727752366,-0.200610650483529,-0.226243103764322,-0.254881065872705,-0.207227389021675,-0.290537284440703,-0.226924250741547,-0.247878879164653,-0.258367422950747
0.255245128088065,0.263536192726552,0.269040827701121,0.242845961658172,0.224065539286909,0.191224967993734,0.225339165022318,0.251362672873187,0.222192265251837,0.244481950558558
