0.00679547187716623,0.0090427144489143,0.0323487953168581,0.0110478308699507,-0.00619727486714705,0.00624364483770623,-0.0306725988786767,0.00935869923203375,-0.0118745702868254,-0.00900566570949005
0.0298395640353262,0.0375619257740685,0.0493019490912577,0.0185760388788608,0.0337472690454008,0.0259648266246894,-0.0177299907450098,0.00574415453371335,-0.00522921226023516,-0.010433326642185
0.0257534642394139,-0.0470194267196098,0.0566461423092406,0.024514652847411,-0.0220935820327132,-0.00982734702198702,-0.0130201121514745,0.00344853374740019,-0.00326577563876017,-0.0180321002678395
-0.00727294724982236,0.0596210337663234,0.0618341631727592,0.0602282360968706,0.0317639978127369,0.00806184973262189,0.00856094053180534,-0.0106194427080339,0.0205051095440684,0.0301518784208776
-0.0336031874074097,-0.0317328708642374,-0.00910189342469847,0.0220858853335327,-0.0200502231535289,-0.0579306987174842,-0.0604146170123435,-0.0585122901249087,-0.0223873261936272,-0.0418116600842824
-0.0167581621355267,0.0645672220555435,0.0287133551261524,0.0163315414183558,0.00322683536515059,5.07994613288057e-05,-0.052344624455363,-0.0239324796526562,-0.0109708236258919,-0.0843069812369887
-0.0640401835231634,0.0363280243325477,3.9604132923407e-05,0.0223382827233536,0.0125836809310519,0.0344694983721676,-0.065895751077755,0.0591571678515011,-0.0216326771323722,-0.0549166000893778
-0.0155292110066204,-0.01066103733534,-0.0511195253829066,0.070809313285136,-0.0591256413430949,0.0481113006569211,-0.0186600458713096,-0.0452306224985349,-0.0120630803823922,-0.0584090334072103
0.0424985697934376,0.0574410109647281,0.0487223915818992,0.070809313285136,0.0392692913178731,0.0546900316197183,-0.0100877600713011,0.0490645213015594,-0.00374292063532507,0.0299926639053781
-0.0593346778394107,0.00595773378410878,-0.103723649898203,0.0396373159582772,0.0218060807641841,-0.027156612252701,-0.0293224032675031,-0.0154550318193837,-0.049089644024354,-0.0362067183168446
0.0219624610934436,0.081143774518204,-0.056233203033009,0.031310354977405,-0.0322408297788277,-0.0136618271943413,-0.0923635693450271,0.0342669597777236,-0.00450944393644397,0.00237748229212906
0.0572120532720471,0.0761385710969975,0.0395937393864206,-0.00602831544322832,0.0231640938463157,0.0826326025374119,-0.0324668075667329,0.060512038455941,-0.0373749789294749,0.0141739914803438
-0.0212984227140366,0.065819267987064,-0.00194875828863249,-0.0626105795120841,-0.00808238508992914,-0.0747536100003662,-0.0867287390142124,-0.012924631944169,0.0182200525015728,-0.101632829045801
0.105774981123377,0.0841266235700249,0.0580656440953664,0.0740142568879004,0.0617040599754081,-0.027477808601909,-0.0224357677336077,-0.0222407833982805,0.0197335838150831,0.00697095513977943
-0.0673313341074515,-0.0460868464242122,-0.0836600265813977,-0.0150138391018318,-0.0623142010118926,-0.0176522604569773,-0.0992915850596319,-0.0260740155715738,0.0108245481292555,-0.0687378448214147
-0.0998315669920986,0.0727803423757354,0.0200184050334387,0.0256842729492636,-0.0248940203588388,0.00501793509870049,-0.0810137438031718,0.0029845118599074,-0.0534939689175447,-0.10637943598572
0.0730389973184947,0.0800812244177312,0.0423978335400361,0.0289203858949141,0.124098012458505,0.0291996018057016,0.000698958196242445,0.0171962871932237,0.0503531851836109,0.067961252063409
-0.0193127061735044,-0.0511301845987813,0.0577702017776737,0.0582194159267783,0.00600312249167553,-0.0542008854479668,-0.0845259945468807,-0.099685438487074,-0.0943443302545113,0.0229489087098487
-0.0664972495538489,-0.00314192981202421,-0.0397921249387903,-0.0823415912010286,-0.0681292013374208,-0.0504703816890443,-0.0652017354233918,-0.0940334747145684,-0.0391428904873271,-0.0768776668769813
0.039903323376044,0.0860603750063353,0.0621102505491185,0.0861559449760947,0.0941061654136165,0.0102713227665626,-0.0117773019393718,0.0577067353006741,0.0541672691307522,0.084846952233466
0.000575553890469371,0.0129631926088265,0.0493019490912577,-0.083262716425241,-0.0187885967860803,0.0122768218795144,-0.0691637055450612,-0.0820478759008572,-0.106777828660337,-0.106412312295852
0.0256837742152794,0.0626282142471338,0.0646778941293474,0.136798955133159,0.0519089408766668,0.0605294468531831,0.106148917762311,0.00233588117788573,0.0271693515533924,0.0144963580123507
-0.0738850941447775,-0.0289993522024686,0.00823793485573279,-0.0671468191212249,-0.0201356702689388,-0.086357329960717,-0.14829249754514,-0.014461947709164,-0.0222023381442521,-0.0792432964422538
0.0405654252920299,0.118015104634373,0.154801372752616,0.043946555238147,-0.0080242782745987,0.0475375852815419,0.0102832366150603,0.0418560718251915,0.0724760916341094,0.00344507675169217
0.0419564701946819,0.0973639122692432,0.102007708235086,0.0652420419073879,0.0464081482159228,0.0180165011258554,-0.046886979921494,0.0958807653636318,0.0803384382887911,0.0709093697805863
0.100918571617711,-0.00710094820906908,0.0615081793054836,0.103793756640293,0.132002663422983,-0.028027294893393,-0.00257274352059049,0.0665800035805479,0.0056763477162859,0.0767916975034957
0.0149508571195219,-0.0382109576367216,0.0313001489112397,-0.068983737506941,-0.0291161601546621,-0.0655569305930492,-0.102595620165095,-0.0971232750663895,-0.0801106499838395,-0.120444327742295
0.09035243273041,0.00683110562711262,0.131345408356238,0.0555894529578134,0.0717990724435793,0.00445460350499277,0.021710676355896,0.131637896617118,0.0523773758360897,0.0214264954418631
0.121046540502731,-0.00275591347357027,0.120537413250304,0.0368391108018633,-0.0190463678437247,0.0599617216191086,0.10050220459625,0.0693755210893111,0.00225518665523956,0.0790341698529898
-0.0784125350417589,-0.0512120749856086,0.0511610294784677,0.0486541985452308,0.0453656541508863,-0.111535840254239,-0.119495654359664,0.0584747146837808,-0.0664167329948312,-0.108533799104217
0.0611141431644493,-0.0245171764945873,0.0934212483912774,0.10533906181892,0.098132726312407,0.0897064158781125,0.0718455172686103,0.089694092101145,0.0910293681613341,0.0363689442322149
0.022303554022347,0.0796832502515098,0.155750931424569,-0.0102777234315378,0.0642050730033477,0.0492076391396008,-0.0144194211800645,0.161075089824081,0.0211400407622267,0.0252632261404181
0.0384178282329261,-0.000656317297166059,0.0655600732293483,0.118755451941141,0.0899896720267049,0.108060332345914,0.126248672098646,0.0373002967267012,0.054308920252159,0.0794252998861299
0.0376336196277337,0.0212082885497778,0.076217509629359,0.189604235661212,0.0877083379025091,0.122302828024053,0.0866447117026069,0.000874231492590152,0.0255305322092731,0.0139659478284751
-0.0374602952937123,-0.140074808085678,-0.0309360628707482,0.0120416852173053,-0.0531779548405115,-0.100646252598295,-0.0545520166658821,-0.14443141551869,-0.15301410796903,-0.068752783228304
-0.0760797034980719,-0.0485513004469243,-0.11711985733562,-0.0867184853240782,-0.0275558396698134,-0.0457406574813195,-0.160720767714521,-0.118631387233384,-0.0925140656693945,-0.0836932100534394
0.0758084466378722,0.116769846566148,0.166771323147307,0.154967229018283,0.0700146320454371,0.100222252367264,0.0581661006062856,0.0604961735144133,0.0966095430438667,0.00419867843024339
-0.100063167930761,-0.104503700213592,-0.033860229929837,-0.129194411469144,-0.106157356182357,-0.0421908797945921,-0.134363247944332,-0.176336635882686,-0.0984890554695754,-0.128853331284369
0.0905774037166055,0.146137262510671,0.153870037325138,0.151932738626829,0.109813503529779,0.13293870763222,0.0722226754049409,0.107427109502419,0.0944827098588052,0.139192060118586
-0.0657678317512692,-0.149276127235581,-0.0925663064290619,-0.086365296509756,-0.110800041483473,-0.107198410639094,-0.147090514835419,-0.0640922587084693,-0.193245797736153,-0.158023031177587
