0.00679547187716623,0.0090427144489143,0.0323487953168581,0.0110478308699507,-0.00619727486714705,0.00624364483770623,-0.0306725988786767,0.00935869923203375,-0.0118745702868254,-0.00900566570949005
-0.000238737686328067,0.0343318741076189,0.0470914792448087,0.0356380334834107,0.0127833614727949,0.00715274728516406,-0.0110558291734357,-0.000630371738000055,0.00431526962862152,0.0105731063556938
-0.0302679311151426,-0.0185220659876489,-0.0256556156322698,-0.00198300411594056,-0.0342557379395198,-0.00570430780963552,-0.0649820919691543,-0.00835765816977004,-0.000525011078784929,-0.0388717552654524
0.0162396230462228,0.0358354643480241,0.0485133447231028,0.0739233930015548,0.0228558330047599,0.0333865458454447,0.0377381594418169,0.00584729020495975,0.00764739063328351,0.00274534615143031
-0.0465180475574662,0.0409115284123249,0.0261836001751484,0.0183660519096072,-0.0155456476129929,0.00563078996820336,-0.0558431713409243,0.00617160554597057,-0.032684269602185,-0.0576925508476051
0.0226066500550461,0.00419319857587412,0.0489544342731032,0.0649016414055457,0.0418961985797789,0.0571519885918099,0.0477880366099849,0.0233294979793675,0.0212171749826668,0.0352098170883199
-0.0135791848419225,-0.0148842107791931,0.0189086883815988,-0.0759957814389715,-0.0355345709923382,-0.03173675339571,-0.0879009251018385,0.0247996366326266,0.0195804286183272,-0.000171138115411557
0.0174516323666231,0.0140131563011692,0.0378329381213693,0.0334104659651773,-0.0230584580415892,0.0254430711345804,-0.050337618050495,-0.00750538960108534,-0.0632438893908757,-0.0885290996475611
-0.085186523823133,-0.00211724787371276,0.0326678700536983,-0.0162717473518339,0.0293859422008359,-0.0626585386740576,-0.0192216283097872,0.0414369085807052,-0.0314889109630179,-0.0594406316171214
0.0145495129497566,0.044362982350212,0.0940498633707136,0.000385053719206441,0.0290038990681003,0.0277256419886535,-0.0225460100293706,0.0852168945280574,0.00463273523770066,0.00812878021546405
0.00762577449770051,-0.0680097103373798,-0.00695820558653104,-0.0345912990567077,-0.0469194666989979,-0.0544876070335058,-0.0608984506831111,0.0056944249401668,-0.0502704590025188,-0.0760650905404896
0.0188090240881796,-0.0436049427303412,0.00557660704960639,0.000158425742596516,-0.088262356986338,-0.0636065801606147,0.0577464076520032,0.00421024412775957,-0.0793003503274185,-0.022858174272859
0.00956233469858038,0.0448534471819028,0.0332694584422203,-0.0941649754965089,-0.0830147976037646,-0.0515770593818627,0.0155664337240569,-0.0470297189067073,-0.046470067808854,-0.0345813225316553
-0.0936427985957265,-0.064594863987868,-0.0411287781665662,-0.0352929316904783,0.0355316899045587,-0.00363670453971027,-0.0149402942349963,-0.0927506081243465,-0.0305917824307338,-0.0267013189862251
0.00584417884405964,-0.0908857485485292,0.0346523713786027,-0.0557768946513071,-0.0420059304292487,-0.041130855484383,-0.082048284966732,-0.0101887927097579,-0.0567731689147462,-0.0419186880487784
0.0376048050354552,0.0255173880871333,0.113814771484285,0.0949491601625183,0.0113205418695074,0.0187150778663657,0.0267330394365373,0.0406295084671455,0.000936967779355327,0.0570711558634511
0.0520839312457398,0.0450676153242435,-0.00158894721689899,-0.0429837819342798,-0.0390129918538157,0.0557545206199351,-0.0651950198662436,-0.11677713072826,-0.0374256190670115,0.0173699596037217
-0.0108349935671215,-0.0596708944621558,-0.0423214112707134,-0.0228026627830817,-0.0505253022699276,-0.0941143892297778,-0.0852701692867936,-0.0269096868247867,-0.0693368280311706,-0.0333235490809214
-0.0339020294645266,0.00307852132911635,0.0623272039803621,0.0575957679969129,0.0788009669255435,-0.0526640958651436,-0.10864431266186,0.0377377786038027,-0.0496339913261754,0.0342933021572501
-0.0811357718304244,-0.0743967684267249,-0.0169266642949666,-0.0417522313853233,-0.069910144920822,-0.0259506511930084,-0.0716688062220078,-0.0145605798017799,-0.0865308237239414,-0.0459239903237767
-0.0801457119136044,0.0423612361498226,0.078893737897831,-0.0524245592719257,-0.0021665903961881,0.0817897831616131,-0.113205837807123,0.0112622843514208,0.00972649252121954,0.0174660953114296
-0.0354011712397428,-0.0277035160605966,-0.0704886551447667,-0.0433663398893078,-0.11618661226657,-0.0428879032767347,-0.106293869367186,-0.0524207092079118,-0.0117181002004922,-0.0276319750801118
-0.0756734233291676,-0.0121153449912363,0.00960373551165363,-0.0563593454483644,-0.0655236123722913,-0.0842166421563058,-0.127539102777072,-0.0157015653819737,-0.0502252126989039,0.0181780494918208
-0.070137468243362,-0.0768099868450086,-0.0198896208143648,-0.0616110570216593,-0.100226423903348,-0.0963336086563315,-0.0478730529706648,-0.0776682791312589,-0.0672846045403011,-0.0425875046509905
-0.103711951617192,0.0103592700857973,-0.0426027073622068,-0.0948054858206943,-0.0484997942690988,-0.0321137087390579,-0.105619395100793,-0.0628495691862483,-0.0529061450605651,-0.11919309558688
-0.0611801711330711,0.0107853117271074,-0.0704886551447667,-0.0470678700864682,-0.129766835649332,-0.0883353253108986,-0.132039945889003,-0.0102425622120081,-0.0125996234727066,-0.0715610547188266
-0.0142366352768791,-0.0677751068453697,0.00571497711090774,-0.0255590295610822,-0.0981785034764961,-0.0106170818821014,-0.107150596765743,-0.0899158988805673,-0.125110495636615,-0.0967255962681315
0.057190141780732,0.0824508255165629,0.104061340791647,0.0831061711729622,0.0476622215880015,0.123775218186854,0.0797806048464808,0.0691277866753333,0.0606574768432882,0.0435323406915145
-0.124769255496012,-0.102332374599253,0.0324080067941092,-0.0319988958663669,-0.0786908612629157,-0.0555227933985411,-0.0923682172922266,-0.0478439694927068,-0.0720473037304736,-0.102324190411744
0.0324397852506756,0.0535828376765886,0.149074635499729,0.0969005321638736,0.0455187571027636,0.0646065649291415,-0.0236204127009616,0.127245990561002,0.0774531212975658,0.0723657132641456
0.133318670095425,0.030925676356505,0.0913601517914771,0.175255927843545,0.0124725334322556,0.0800688690801768,0.0774687877850185,-0.000305496188962862,0.0968363328358526,-0.0142530428612051
-0.0129508309836317,0.14466913030256,0.130792225112761,0.0872149185738031,0.0588683570665453,0.0485653163157973,0.031278951129339,0.159273961237626,0.0473571597241748,-0.00226771741431773
0.156647053157478,0.099889655466891,0.0923887567733601,0.0338528073920949,0.0903797651017596,0.101737136381494,0.000978848366749441,0.133665975331999,0.0694043744280511,0.0630314729801277
-0.106330393359447,-0.142895168792517,-0.0791397077917386,-0.00419402201241312,-0.0129643619475846,-0.0902577573227468,-0.0971222084245302,-0.0920151890727193,-0.148846325516396,-0.0773281170850512
0.0325138988409499,0.154007232731358,0.116603418163111,0.141833333972145,0.0913627844454208,0.050657205872502,0.124534297013695,0.0952896514832975,0.0558991907965973,0.0324387616365465
-0.107088916033494,-0.148780954577138,-0.0781587017002341,-0.0828502772098663,-0.0950759978316719,-0.0930686931963925,-0.120457264359335,-0.0915173278877125,-0.101466324617047,-0.127362084292939
0.191196614247865,0.140613818045671,0.0973320740631368,0.131858735463317,0.0648701619105257,0.0139122613447337,-0.00835499317010328,0.0393028682588124,0.110431910264316,0.112370736199976
-0.0771227173643532,-0.13790032306663,-0.0646006192707208,-0.117100252718395,-0.153665544909738,-0.107941040325894,-0.106128920695515,-0.101676613393629,-0.145853415370095,-0.106029471482552
-0.0803544081041767,-0.145675844011709,-0.080156528430209,-0.164598084018774,-0.164281450841037,-0.107566509101244,-0.187612163345059,-0.0725007712755944,-0.218713838703267,-0.125827465509829
0.157318191612592,0.122055367418954,0.185541192367351,0.158824965412983,0.126898295104372,0.139251872462161,0.119197368039226,0.147447340044019,0.133473550591509,0.127524840565637
