0.00679547187716623,0.0090427144489143,0.0323487953168581,0.0110478308699507,-0.00619727486714705,0.00624364483770623,-0.0306725988786767,0.00935869923203375,-0.0118745702868254,-0.00900566570949005
0.0245257882572503,0.0235405494345889,0.0619756683175827,0.0097703390321031,0.00784357942701765,0.0155325748156072,-0.0255349362423702,0.0164339015619854,-0.00409925372043944,0.0101706919350205
0.0497142282868823,0.0269108955646615,0.0225766899053843,0.00613905233767549,-0.0613484287665624,0.00437949137410909,-0.0457812153433433,0.0112934655454305,0.00395047161610246,-0.000509702865167549
0.0668814201803387,0.0136009232338281,0.0491547203499912,0.0379346623042515,0.0343920829217589,-0.00268014763949959,-0.0280217054997882,0.0317191798323729,0.0023404300651043,-0.00376162659614232
-0.0463935820599443,-0.00695514445089714,0.00371268149311394,0.00146393059801017,-0.0651683326612911,-0.0459709312468194,-0.0262838221882805,0.0250908168662365,-0.0531589276876897,-0.0248527383811225
-0.026145015642049,-0.0310771100937197,0.00767294624332411,-0.00882103461782995,-0.0525579610053019,-0.00567767445496216,-0.0555086807384025,-0.0359941459031177,-0.0481568463949466,-0.0458215047015542
0.0724540375768119,-0.0274791992744185,0.00805953362373652,-0.000241832182922543,0.0364021735768475,0.0124408726643808,-0.0775560823573273,0.0259518913300956,-0.0125960897257844,0.0109912948581763
0.0167738676766188,0.0271347797538481,0.00421594755018981,0.0254372869414498,-0.0159134486144748,-0.0624468861318801,-0.053556611468254,0.0540581442324393,0.00221007459137812,0.0829670755198806
0.0723955275893092,0.067397086937912,0.0258433602287315,0.0259666547004471,-0.0582965105842268,0.0157254764222847,-0.0431744103044068,0.0429312653619768,0.000427905861272712,0.0263670076033645
-0.0711515270405718,-0.0803441428725301,0.0423050307062806,0.00183092760384787,0.0475264956518717,-0.018587543539909,-0.0385741618866293,0.0042137195532064,-0.0339181999590341,0.0381682292149562
0.0161815264691035,-0.0436516564196559,0.0356319322627098,0.10907895623667,0.0187756193702276,0.0406793607964075,0.0658120991430437,0.00318492783109039,0.0190201705027063,0.0607581398479827
0.0409966885998177,-0.00713514417026483,0.0940995305388929,-0.00497944747063986,-0.02792100662178,0.11189346652111,0.0447479258972824,-0.0146374601480949,0.0230742464155014,0.00512367079342196
0.0732540941610312,-0.0626505189159104,0.0553945763229189,0.0696084719548636,-0.0617170555949722,0.0343255396877698,-0.0485587675358334,-0.0310869184137092,-0.00972756943231905,0.056569299226119
0.105027664085087,-0.0423510459650474,0.0461263432100383,-0.0893727959807081,-0.00872875378860487,-0.042888890382752,-0.00305204094862568,0.0731112665578442,-0.00382602935158782,-0.0466011474418922
0.0658079133309523,0.00660209690573367,-0.0144279065573883,-0.125948002316612,-0.0485628420417442,0.0205070450415631,-0.0113896127877702,0.0172206006831811,-0.0837726574529768,-0.0545678322436431
-0.0123331511789215,-0.0853113331653528,-0.023753212100933,0.00641165362873226,0.0429469642542793,0.0616892296099046,0.00448449366588283,0.0952466901589137,0.034782307415166,0.110026427066498
-0.038532013242045,-0.0768424570177322,-0.0282367908895667,-0.0490385304639151,-0.0761483313366364,-0.0530300760305422,-0.0811949898204088,-0.0659348810555041,-0.0968607495314805,-0.0826145703235098
-0.0305458276000556,-0.0425651944631265,-0.0769270421143191,-0.0160148530717292,-0.120621685408062,-0.054782707450782,-0.104100028102794,-0.0439860143068545,-0.0895444731994468,-0.0354240000335109
-0.0607827842660496,-0.0701180084556131,0.0159472951512128,-0.0692943287657186,-0.0977916861138616,-0.0777230579836102,-0.117205494651935,-0.0230229405597622,-0.0287668757759239,-0.0789202373845564
0.111885323477368,0.0639745537613554,0.0652957313208404,0.0878567497872197,0.00451636315011366,0.0738101867044918,-0.0611213272269843,-0.0215640063427351,0.0700711133506207,0.0867707568422038
-0.0657308187530021,-0.0541075198099848,-0.0227115773635932,-0.11516139866543,-0.0464593502242146,-0.0296022719919567,-0.0950611248768861,-0.0611568140890802,-0.116185520362453,-0.0524798024455257
-0.0321660483513441,-0.12884978576789,-0.0480690709605876,-0.0666031104619168,-0.094292253850783,-0.0461502477471835,-0.0799708796119053,-0.0793022006961223,-0.0862817151359837,-0.0899010251432238
0.14074803296846,0.0376230044130118,0.14461926467342,-0.00236484489508714,0.0361809032158734,0.0253078634517655,-0.011906976596546,0.122188403013621,0.0943982713692455,-0.020552897542669
-0.0976625331304944,-0.0243868006935481,-0.00976328620192643,-0.0960816868583903,-0.0601902951347438,-0.118151106792733,-0.067149160978044,-0.0803731606816584,-0.0652925245484333,-0.13861574482831
-0.0501130054450367,-0.0215037026887758,-0.022858410735375,-0.0850964075286391,-0.108840592429082,-0.0918554066516977,-0.113926628277689,-0.0694720466031165,-0.143700031464985,-0.0576004653036067
0.0423214440475966,-0.0171523681923093,0.215223699761268,0.025709037473636,0.0992874533183699,0.0399581162355441,0.0463097976368973,0.00308423550152122,0.0196308994554822,0.14142152828756
0.134891865700718,0.0564189368621592,0.130280585856136,0.102732456103097,0.0628033032996402,0.0114691303544655,0.0147986484007409,0.0621773096094054,0.127198968988978,0.119652483280378
0.144308917749118,0.0859538642750882,0.12785638953811,0.0714131191214851,0.0667894878874892,0.103130209679466,0.0619040072539815,0.0923243053512718,0.0893699617411779,0.0949295145579208
0.0876270932424064,0.0917270599485444,0.137386217136563,0.103517221273728,0.102238905792061,0.0950366867752594,0.0591814557029392,0.0970665624412014,0.0891879426570297,0.09286184522588
0.0876270932424064,0.0917270599485444,0.137386217136563,0.103517221273728,0.102238905792061,0.0950366867752594,0.0591814557029392,0.0970665624412014,0.0891879426570297,0.09286184522588
-0.0966721869331355,-0.116897033206971,-0.0766145972396985,-0.131066952198921,-0.128278459572176,-0.0640139790998098,-0.109840608545621,-0.109821164697876,-0.15265322569152,-0.10647436647974
-0.096168523646142,-0.115185101751921,-0.09497957862742,-0.0577375207092473,-0.179193468227932,-0.100171568251218,-0.0996683238726865,-0.0905626947648781,-0.143996306062298,-0.132454616962471
-0.144510508246554,-0.117028387297909,-0.0251525569391859,-0.138531236503595,-0.126724863228584,-0.121891991950871,-0.18916243450274,-0.123789854130192,-0.101277171693899,-0.0997702420625615
0.063894826707877,0.084078030632011,0.169599454117209,0.100899681318926,0.198111001298791,0.0524942872506597,0.163720889719978,0.0983506285977258,0.120448064844124,0.142309986353031
0.0907216023849337,0.168969704074069,0.205607135755958,0.0857691807515324,0.166409000109966,0.0507605840606458,0.102832250025307,0.13396182925747,0.0814397430688119,0.118458433375264
0.145491727078276,0.147738969650024,0.171045050517968,0.14974408607106,0.132498980333963,0.144939900038816,0.108023656322433,0.148054954433143,0.126821684914284,0.12969058949162
0.132302759764456,0.188618992493064,0.150395406409744,0.156792228400587,0.143999854383888,0.124388660217028,0.0335072028864984,0.169522330252084,0.0764005999512206,0.176532275975707
0.124226847219688,0.113040840275398,0.203235508698761,0.174125639371243,0.148095410541949,0.128695954021692,0.134156153087397,0.115470993602676,0.0803506378011176,0.175751974375388
-0.147156845624986,-0.144069123418868,-0.116842569876122,-0.13811790780133,-0.155402409718734,-0.137728546655244,-0.167534264076078,-0.133464849861424,-0.168097897581424,-0.167386038916398
-0.167208068993052,-0.18607429885471,-0.172996222178044,-0.174063412168242,-0.21386753202821,-0.183912703466982,-0.226304035143265,-0.166215197601847,-0.168890505713779,-0.194097397051853
