0.00679547187716623,0.0090427144489143,0.0323487953168581,0.0110478308699507,-0.00619727486714705,0.00624364483770623,-0.0306725988786767,0.00935869923203375,-0.0118745702868254,-0.00900566570949005
0.00679547187716623,0.0090427144489143,0.0323487953168581,0.0110478308699507,-0.00619727486714705,0.00624364483770623,-0.0306725988786767,0.00935869923203375,-0.0118745702868254,-0.00900566570949005
0.00679547187716623,0.0090427144489143,0.0323487953168581,0.0110478308699507,-0.00619727486714705,0.00624364483770623,-0.0306725988786767,0.00935869923203375,-0.0118745702868254,-0.00900566570949005
0.0402836121499897,0.0161877869399387,0.0604164126559987,0.00769466192869124,0.00439726965360807,0.011009699491221,-0.0259811933081441,0.0375661251774307,0.0146936401271923,-0.0118924736677848
0.0402836121499897,0.0161877869399387,0.0604164126559987,0.00769466192869124,0.00439726965360807,0.011009699491221,-0.0259811933081441,0.0375661251774307,0.0146936401271923,-0.0118924736677848
-0.020371019076675,-0.0177642217500656,0.00106764747632041,-0.0126268411987957,-0.0467415486270089,0.0165489666641471,-0.0697194597033369,-0.019777496492489,-0.0259662959888055,-0.00235063337723741
0.00723407292040906,0.0510088427743036,-0.0103413559875717,0.00480830835184036,0.0206827773951582,-0.0151369105081869,-0.0260832824482471,0.0427124727025411,-0.0743662344161995,-0.00311956346249535
0.00723407292040906,0.0510088427743036,-0.0103413559875717,0.00480830835184036,0.0206827773951582,-0.0151369105081869,-0.0260832824482471,0.0427124727025411,-0.0743662344161995,-0.00311956346249535
-0.00565958942748604,-0.0240065240794965,0.00106764747632041,-0.00348471658252877,-0.0516275910829594,-0.0149006809680732,-0.0838650651352494,-0.0431201668939829,0.000927818042237974,-0.051747985679154
0.063798124561696,0.0488097354002736,0.00247283936924145,-0.0484702733139502,-0.0457150748260083,-0.0157896295499838,-0.0174219386820817,0.0381199053601433,-0.0719600844220742,-0.0501436335706377
-0.0329742254418604,-0.00290683896973849,-0.0766438272496563,0.00449205838005744,0.0234468260214028,-0.0224502114559299,0.00235751921657968,0.0569261258349731,0.04385960220217,-0.0921453168037632
-0.0375875434124343,-0.0292631444712968,0.0104297506738549,-0.00969807313929054,-0.0235024625585849,-0.02219296079256,-0.0989227706357364,-0.0282345996295818,-0.0769367302021881,-0.0477494831795701
-0.0394473467116347,-0.0644716716226839,-0.0386866689138716,-0.00432649273020035,-0.00492571679487817,-0.0618664453976863,-0.0717658515841302,-0.0680445468092884,0.0469048295364908,-0.0016008031728462
0.015892134710445,-0.0238444429578951,0.00209442937073299,-0.0289845716969883,-0.0378060872844125,-0.0729665697133066,-0.0922414437475627,-0.0664877934255447,-0.0491360389181707,-0.0230555649722143
0.0398907688156453,0.124560081338739,0.0238505925133184,0.0544437919937699,0.0199085134742451,0.0285427464334469,-0.0193182483914031,0.00487030756378803,-0.00123139026319037,0.0672581683880828
0.0427943068668553,-0.0460695792333737,-0.00931232204978025,-0.00929893260940035,-0.077265551728513,0.0531553153024757,-0.0989141494273325,0.0642203589099135,0.0415335499140529,0.0176498717739696
0.0242942343002186,0.0145347502743312,-0.0628220202882088,0.128169711055956,-0.0510992527426153,0.027891955139615,0.0175630639656569,-0.0167995174963271,-0.0453771502746535,-0.04155429710509
-0.0316778085044517,-0.0319105594098544,0.00865235943668274,0.119094935814446,0.0331285190661278,0.0623197032652282,-0.0628792291529096,0.0737259833367129,0.01913818438592,0.0200866394540068
0.0199568543385355,0.0619211018415935,0.0735026250957253,-0.0550478318532833,-0.0294287240278744,-0.0403380702295603,-0.0620406553494204,0.0812034249250087,-0.0355966009143265,0.0815168389589344
0.0273515838626672,0.0145436609774907,0.116354579754148,0.103914497370565,-0.0332494917016659,0.00860324250120251,-0.0124216966672652,0.0508473190580409,0.0691609997487002,0.067700255037066
-0.0459608074174813,-0.0455249856515196,-0.0384338566778568,-0.0543787563951085,-0.0883783770191003,-0.0605421904888324,-0.102954344957793,-0.0514044524581638,-0.0779552444724841,-0.0693187906039597
-0.0912824601111964,-0.0700779550280293,-0.0641212137056288,-0.0995079620438333,-0.0417849443795554,-0.0561315124748157,-0.0596126338996962,-0.0868099668171212,-0.054275926692896,0.00492734012507539
-0.105273493640075,-0.0819330742524797,0.0272402384841634,-0.0717107898197045,-0.0613696886602505,-0.0445730520769943,-0.0306725988786767,-0.0386173127619692,-0.143536012293095,-0.0503849760543176
0.0833023054417218,0.105644535414534,0.0804979535605373,0.135447031158844,0.00704396202959481,-0.0033081854002884,0.0582387651168348,-0.0470225782266768,0.0317508490952268,0.0757280034387661
0.0704559493307471,0.120701170934957,0.0400116305659003,0.113981438692905,0.0251506875152981,0.0602166583309596,0.059696009920372,0.0730191766856147,0.0127559715850958,0.0917900902586797
-0.0531107546657978,0.00174775903046121,-0.0758585973668821,-0.0336840733642783,-0.0661626887606528,-0.118585186370256,-0.100353839477425,-0.0226232804735024,-0.137584625220797,-0.0996712876004264
0.084381678773718,0.0985114935728658,0.0963882041838532,0.11449610673202,0.0982959330743367,0.13906612248777,-0.0126815943809256,0.0691288141745625,-0.00560497781033636,0.0356190807408142
0.0729482004575382,0.110184341750079,0.134904947267549,0.0324842054542352,0.0536965201170075,0.0236690753436458,0.00329787376259738,0.0520757377459894,0.136541831675817,0.141080403722473
-0.111296560593525,-0.0913605294180978,-0.122753960776751,-0.0318900007729196,-0.0682078171377506,-0.110050351768694,-0.177345977970115,0.0253643092901421,-0.0159816229882954,-0.00527174435963998
0.0506486974155206,0.115454714150942,0.124289595763574,0.101778430668326,0.0826177594083627,0.0733496839908996,0.0635150526977617,0.128348244855526,0.0503969452493907,0.123044284124666
-0.105010517509277,-0.114315945887997,-0.103365850060625,-0.109989924363096,-0.0769139624201124,-0.0557006228268217,-0.173167735565406,-0.106891834060547,-0.0496116161858498,-0.0348049944320041
-0.101602147100655,-0.127134824583511,-0.0777992268213827,-0.0129325193386516,-0.11329880716098,-0.098443075214657,-0.119664068709314,-0.111156562200877,-0.109611744092823,-0.0865460286859769
0.124230251739589,0.117942962439734,0.146243169559118,0.0971074493878239,0.0403483554896437,0.104525199005953,-0.0076966289860283,0.174792561152468,0.092822619853157,0.0482904350704354
0.101305403652781,0.0992406972451979,0.0756428040449312,0.0903194884104056,0.15941217365337,0.13863689557506,0.0906045420511501,0.112358258847802,0.128610747963316,0.0547394445165729
0.186849948722228,0.00249747306137214,0.0696892574219603,0.149082115590306,0.125534851085693,0.0431988601638922,0.0102747337691967,0.169600134425145,0.0838984188452166,0.0735913276485549
-0.096558802799781,-0.0949176683077649,0.0098158716310049,-0.116411025326357,-0.16909396829641,-0.195564367310423,-0.0839027831201713,-0.135186792279998,-0.131065285696597,-0.0721487531531003
-0.122254069562985,-0.13543709069415,-0.059863513054798,-0.123217901961887,-0.117757127303526,-0.123258771795593,-0.149358034232542,-0.130140951183353,-0.141929237334007,-0.109329901692986
-0.122254069562985,-0.13543709069415,-0.059863513054798,-0.123217901961887,-0.117757127303526,-0.123258771795593,-0.149358034232542,-0.130140951183353,-0.141929237334007,-0.109329901692986
0.107875715064656,0.0787525590003048,0.197014339149663,0.0572601668584443,0.104749457414782,0.0960939036944465,0.0406718590285211,0.155290334169191,0.117971255435286,0.186686040708575
-0.126503379698762,-0.181896577731062,-0.111448645365886,-0.129152023568875,-0.133648596281154,-0.159814926514505,-0.145954425965308,-0.136740409430572,-0.156440345458992,-0.181927334757382
