0.00679547187716623,0.0090427144489143,0.0323487953168581,0.0110478308699507,-0.00619727486714705,0.00624364483770623,-0.0306725988786767,0.00935869923203375,-0.0118745702868254,-0.00900566570949005
0.0187166089702428,-0.0370873892180096,0.00877644762195642,-0.0343660247227219,-0.0901441961390946,0.0139475274702969,-0.0541310081852675,0.0223844172096087,0.0350180144324443,0.0028827210069572
-0.00786122468842244,0.00744908368881819,-0.0432964664799021,-0.019325433847134,-0.0436829342275541,-0.0273802040986634,-0.0230035161353643,0.0163998466715643,-0.000141021001544641,-0.102134417929848
-0.0231576413943158,0.00539523673968775,-0.021754901025012,-0.0113181212471638,-0.0361799818138999,-0.0561707707662748,-0.0655132191780508,-0.00663229062073434,-0.0747295977538113,-0.0543384766549582
-0.00557501019020396,0.0280007306817466,0.00368615840082451,-0.0740243338706376,0.0466141424706921,0.0686864545780386,0.0472884151035587,0.0523739227819636,-0.051024190704068,0.00228472409567526
0.00933834907418159,0.000542414320195347,0.0158564635386588,-0.0182067933463376,0.0842941782106503,0.0478774918631347,0.00247139271037974,-0.0032284513813976,0.012775278791203,0.114350637228954
0.021372453309851,0.051666193733319,0.0898169875739851,0.0886261276635415,-0.00472740827678707,0.0468929035224144,-0.0262611046941939,-0.042301957619222,-0.0279927805604929,-0.0210297062837796
-0.0474033376117446,-0.0590460550672983,-0.0227252157522623,-0.000942344234350433,-0.0597480410140636,-0.0460997151884754,-0.0751683337939952,-0.0508989314844214,-0.0607431571898241,-0.0477758471977335
-0.0158923186339415,0.0187198145785479,0.0571746440146668,-0.0764851117259008,-0.066518602959664,0.00608206448788952,-0.0583916266570768,-0.0878617313758084,0.037324252177552,-0.019932369645503
-0.133553777139815,-0.0651602409019168,0.0229229871113722,0.00964958628711973,-0.0380588850391322,0.00408240804889286,-0.00303987133805313,-0.0159348291762965,-0.0672495545378585,-0.0271676335878033
-0.0917805611088168,0.000825576792541638,-0.00450880114017341,0.0878473661962335,0.0364163865894555,-0.0619765323093867,-0.0658215176556196,0.0613210001114989,-0.00364406321666801,-0.0164813181026368
0.014629318088513,0.0535194265333492,0.102172756062688,-0.0306981274419565,-0.00467157823795377,-0.0211405881191183,-0.0975072504910154,0.0554207280949302,0.0254810617427419,-0.0513870404753015
0.0163466369654101,0.0989824188644431,0.0877934849196557,0.0860517227680005,0.0166723687928653,0.0509760199553693,0.0394080590633928,0.0474799457363396,0.00978133654220491,0.0305731034882661
-0.0355280917668926,-0.00870587675665875,-0.0103396266344771,-0.0416802755032726,-0.0301192891007455,-0.103797620636847,-0.0535978625192086,-0.0126495538628768,-0.0970255495230866,-0.0899183609113672
0.053376165304958,0.0812351992404119,0.0305542012736842,0.0823581784865169,0.038093006477018,0.0764430940166348,0.0540668897724368,0.0611607902088038,0.0675791322652446,0.0203196378879268
0.0325126783554431,0.108917019632052,0.0461835603629874,0.0481177239353788,-0.00736502537996808,0.0489103735263424,0.0205447842283486,0.110036521292446,0.0644441619186641,0.0257622120207942
0.121385291299583,0.0313007675680295,0.0923615914103444,0.0200516435996974,0.0245577879689446,0.029495198098715,-0.00833250438220951,0.0691428077714973,0.078511937334445,-0.00567814954336374
-0.0908122741052387,-0.0767311403645337,-0.0145934311695433,-0.0153442333998712,-0.0796667498932143,-0.0553332367839109,-0.0961113420644154,-0.064119771978979,-0.0170079696990606,-0.0117462564057659
0.124549161640859,-0.00658552427502891,0.0420699393384925,0.011256430999652,0.00738108042070429,0.00727443356080942,-0.103382854939397,0.0851980511000913,-0.0221610705204302,0.0630797263151646
0.0973298645408703,0.0403888567448599,0.107679042927644,0.0333353232592077,0.0986999461988143,0.0181522712843931,0.0297772632452174,0.0433895282736873,0.0383210953874117,0.0522127774018336
-0.0339316753855747,0.0172085684312739,0.0672120891988676,0.111179038354853,0.107866905391199,0.0746183853014354,0.0474658547560961,0.0293806496852702,0.045105506430081,0.0318660148296131
0.0239044161875635,0.0616558276896042,0.120995590881805,0.103106907897494,0.0883138176695274,0.073537390522242,-0.0383454574796698,0.0120544844642246,0.0329671145422883,0.0232042687466666
-0.0611075852745397,-0.0432027825173033,-0.0825720039915633,-0.0241779199038964,-0.106708911716917,-0.0558506318245322,-0.102015243509406,-0.0372221091966757,-0.0782255914100851,-0.079224860610233
-0.0598539539107976,-0.0864269316410738,-0.0395499250245139,-0.0590520963494619,-0.0699229355741503,-0.0767856408383994,-0.0883135124219922,-0.0636908550992689,-0.0841574578729086,-0.0954665002334362
0.0318048503941101,0.0709409262783503,0.138840342550296,0.128949186735543,0.0920538550208466,0.0465026444015671,0.00978374872226184,0.0343680777489776,0.0116098461254268,0.0525305682729902
0.12307391957898,0.0850464113488854,0.0503041716198407,0.0701537852066249,0.106460285708275,0.0431673762643258,0.060626024058603,0.059721687643171,0.0394105467544023,0.0844318471529489
-0.115578444870141,-0.0412910677672249,0.0254153938376535,-0.0632654750446236,-0.114608557040867,-0.0670659697298148,-0.0772355536502751,-0.053473919757616,-0.0963322537955935,-0.0849208069038034
0.0678548951371222,0.116395376513148,0.0896046235750382,0.0976356229868898,0.0916494037586911,0.0175616202596702,0.060626024058603,0.079860117992884,-0.00209624636319225,0.0954635529649341
0.0791617022502466,0.154934597640657,0.106750242231888,0.0858106987908349,0.0142823696492339,0.0181404012639591,0.0426473376080163,0.082795129853937,0.081065619613284,0.121843237549374
-0.0500800456832393,-0.0658315314562711,-0.117684486252942,-0.086138467223564,-0.129119861228971,-0.116124272895865,-0.115748323342507,-0.0609078249920291,-0.127887066006444,-0.0467685973704628
0.132705731650095,0.0626879896902568,0.109969704302205,0.130500553239299,0.104170770470306,0.0854057739022071,0.0891438765542314,0.122118775232058,0.0629241902919939,0.063171757505759
0.0856828307082063,0.141644918604414,0.101965752083775,0.069064710107294,0.0858942517925151,0.133748615238973,0.0695323382581241,0.155024729829051,0.0921417552112627,0.0737572903553457
0.117968914073034,0.119310446241889,0.134509051162692,0.115886119080612,0.0902637559000675,0.110402309017628,0.0707381099249566,0.116528705230126,0.0926366744635364,0.0983893536864663
0.0953080877261761,0.107033961553634,0.121665372648806,0.0933215162562499,0.11356047221984,0.112607648024636,0.0924089654540047,0.0988259480506475,0.104476333353331,0.135512419050984
-0.120478053973274,-0.125758394129989,-0.0631998943076883,-0.0800704177229335,-0.157274965127598,-0.130128138173737,-0.159098729616162,-0.107448572698154,-0.108908367112254,-0.108204287179403
-0.0979882984067701,-0.149166926774612,-0.064081108323796,-0.11721907192072,-0.125954681012402,-0.121552038490406,-0.203293089838237,-0.146852120277094,-0.129495155691636,-0.116850705119351
0.162346471215202,0.119038149450962,0.14906981847673,0.138426030973466,0.0958201685453612,0.167251061913282,0.0727582076901866,0.174341110914165,0.152381071656805,0.141873684875431
-0.150640958625538,-0.134483644103603,-0.15969909780959,-0.129781637218187,-0.128926806266063,-0.145654865152303,-0.15170912167424,-0.104409169309688,-0.121559065885519,-0.188127073099818
-0.186546200345316,-0.171577910877335,-0.133487590673523,-0.0852523976529269,-0.133900415501216,-0.175822779765497,-0.13574509236792,-0.151723867478911,-0.202058813738501,-0.206178749034054
0.177423418010543,0.197165109942688,0.221178453135395,0.159317600005284,0.161301204468121,0.152507941933867,0.123864219285152,0.168268800332203,0.199885212537687,0.203588950849683
