0.00679547187716623,0.0090427144489143,0.0323487953168581,0.0110478308699507,-0.00619727486714705,0.00624364483770623,-0.0306725988786767,0.00935869923203375,-0.0118745702868254,-0.00900566570949005
-0.0230073295173723,-0.0103270742582264,0.061039502774096,0.00108025287204908,0.00171905726249575,-0.0200192790284157,-0.0211909767448785,0.0670887075350155,-0.0744065667790734,-0.00291277978685572
-0.0874959823701189,0.00913946291589572,-0.0568899920825114,-0.00741923774188324,-0.00561062589100145,-0.0126563638696948,-0.0816071575408386,-0.00855369084133784,0.00321792893887854,-0.0627313452394134
0.00985162200184864,0.0693284859612977,0.000335789544623516,0.0441450533460241,0.0822552857246907,0.0319182116384013,0.0341328062667581,0.0354672388430064,0.0798778217110309,-0.00106109474355179
0.014979521922986,0.0341776040057023,0.0670086748768963,0.0571725595273576,0.0600320165656184,0.0733572762018173,-0.00814261481737628,0.0695990177946134,0.0296203343044816,0.0177086744000215
0.0476171825356043,-0.0581382734379613,0.0301817941822307,-0.0393739361415773,0.0121301918559941,0.0493825318644201,0.0200472102815393,-0.0687367020680005,-0.0281687757144933,-0.094936382836664
0.113002415680063,0.0758954696355422,0.0426348975790115,-0.0190212056018381,-0.00824065792622977,0.0198240000420679,0.0395313415361847,-0.00546618725383033,0.0640430537996903,0.0142216206998546
0.0191965735114305,0.0480558008779886,0.161574112213482,-0.0239581931922379,0.0208932681362314,-0.0360891202441041,0.00470625537229716,0.00486566180258668,0.0255664480125001,0.0328178202592884
0.0205378377881655,-0.00313721855868881,0.0354549055859895,-0.117630841207989,-0.0612682456129903,0.0138381626147207,-0.0365118159860974,-0.0630290139200757,-0.0847043010086191,-0.092130201039427
0.16242784702787,0.0131143866059967,0.0559402498642707,0.0347619964100859,0.0290753331647229,0.0367206261765276,0.0501778135147639,0.00262149100205296,0.0950277134668972,0.0400140473570186
-0.068044368425026,-0.0327744399824294,-0.0396535430696009,-0.0137598041737127,-0.107374230329743,-0.0944402230201648,-0.0963056328204881,0.00123572848320493,0.00564307726402112,0.0963930855591422
-0.0342482497881515,-0.120561224626932,-0.0918998961836175,-0.0790165600251547,-0.0544644970532303,0.0104144486809892,-0.0652926546967171,-0.0327618440805882,-0.0514269449532372,-0.0782617855134916
0.0628706406821858,0.0931459603942148,0.0820800031986892,0.061675609745271,0.0707541643252528,0.0697108435294274,0.0563051685190138,0.0645549567073585,0.0491074120095301,0.0703813986812625
-0.0129432423950615,-0.0903717354516168,-0.0362219042069016,-0.0854916143082429,-0.0513183522767115,-0.0360189069792754,-0.0988762956142741,-0.115496715220717,-0.0184692542151278,-0.101165107564525
-0.0692064324214386,-0.0963147808198268,-0.031480768635064,-0.0564524523456715,-0.0938000053141111,-0.0632550006134744,-0.0317333404050841,-0.0809095672016662,-0.122731736887618,-0.0567573609126174
-0.123898888024985,-0.0264699270462445,0.0165745791166986,0.00519240115061268,-0.0922980950573449,-0.10271254604726,-0.118656280328566,-0.0489188312321221,-0.0613444310653344,-0.0461726563912085
0.0955954590747288,0.0827397410526546,0.0591614535417017,0.0431168772515295,0.00912686191629389,0.0871935343118785,-0.049789740148782,0.136463456866028,0.102361967362278,0.00157350749725365
-0.0348291460656252,0.141980510071447,0.0626131222081478,0.0481607551330934,0.0235197457043103,0.113587277011105,-0.00274979374850818,0.0264853450505919,0.147410810924743,0.033639236874008
0.141132197331177,0.043458063518126,0.0615756255434941,0.0804410292490793,0.0788216791611729,0.0789405944676655,0.0679732946328226,0.0640618363688967,0.0531577257620113,0.0981890487062144
-0.0413182512157483,-0.111184810006917,-0.0519714569533064,-0.0899979981919694,-0.0702507657153321,-0.132763277068427,-0.064696266545953,-0.0630643369905286,-0.080771553577397,-0.0710873014500329
0.145007925968161,0.0884198815157672,0.123291990124797,0.0830738049126584,0.0546171287056872,0.0949302671928045,0.0309671471937032,0.0575653769392859,0.0590045392486611,-0.0110292051232263
-0.0414505618792293,-0.0223956929628283,-0.0769733492226492,-0.0985940863456481,-0.097011891092965,-0.069333422829512,-0.167344750074987,-0.0719123033143873,-0.0880930207443961,-0.0953130732833525
-0.0359307142229153,-0.0936283476947185,-0.0920018489645949,-0.0414237550826234,-0.0993921520558319,-0.10337693369682,-0.140397145012222,-0.083994792859313,-0.0660844803874521,-0.106156289809226
-0.0664640735420863,-0.0999321534998651,0.0142343699431592,-0.054239497775583,-0.0834758264532853,-0.00692949754951992,-0.0945417014463564,-0.139345939615644,-0.129326757532455,-0.137767110692332
-0.146868799992067,-0.0832756690327871,-0.0446799243576042,-0.114652142864498,-0.139008635011413,-0.0291757609660664,-0.0843111893004699,-0.0644167167264512,-0.104005741304183,-0.0864638739541641
0.127298022091126,0.0799057081464696,0.149159001538546,0.089924261775018,0.0424167706064788,0.137064137407634,0.0515025893137923,0.0629775948782153,0.114028965495384,0.062369057416618
0.122873133260693,0.110365290799778,0.0981255340000628,0.134994850890629,0.0750950738994522,0.0622292308371604,0.0811368766980988,0.127270233781012,0.112173713719327,0.125331859381954
-0.119247626783847,-0.111169102329243,-0.0686767358447623,-0.123450848542448,-0.131824770220089,-0.0513917452263822,-0.148686230081818,-0.148169572380278,-0.0739435913738921,-0.149960547661807
-0.101989788568621,-0.128655885125155,-0.107180005023208,-0.154232832284206,-0.121843218215083,-0.0652796184858344,-0.129628621456398,-0.0936881063079458,-0.0951202022257758,-0.164268602128704
-0.114734884368421,-0.134132560363903,-0.123775800904731,-0.151022480523498,-0.104843042084282,-0.132059017273908,-0.112289335655764,-0.187080784088754,0.00117822300274699,-0.150264123954597
0.153032598287192,0.11310565490438,0.155488028327669,0.161536140852988,0.1440997930948,0.104972600397297,0.11342531254987,0.166383729678982,0.116875548104679,0.105036721068511
-0.144647096965407,-0.108508109652065,-0.0791394098960073,-0.119450683858817,-0.129418880874192,-0.102182723011142,-0.191055187935693,-0.128727311336017,-0.194314382422063,-0.112122793312034
0.143221119898994,0.145468362470742,0.168774443338686,0.147473478891779,0.130228373154681,0.142669292859534,0.105753049143151,0.145784347253862,0.124551077735003,0.127419982312338
-0.119818697756465,-0.159745641139276,-0.117363267715987,-0.111315155190669,-0.128751502948856,-0.167878695646359,-0.159425983493787,-0.106467566364675,-0.155975747938978,-0.167814574975145
-0.107391767948635,-0.156384145784759,-0.111491227253427,-0.140642408189407,-0.144867368063108,-0.129362771415263,-0.152260244840207,-0.164609948508575,-0.138844825999094,-0.17436911382014
-0.179781397088818,-0.111723326600725,-0.121264925125621,-0.143687812397602,-0.138485711321611,-0.12778117718136,-0.161913049773974,-0.157873638762689,-0.104451923884786,-0.185156613727037
-0.167522470482063,-0.0937954722238439,-0.0669034379934678,-0.146068055719134,-0.109374425714592,-0.145469585036127,-0.205115380985558,-0.166873836455864,-0.186015736296515,-0.169109091969719
-0.172623429462351,-0.14728052741422,-0.135116262004382,-0.160518403963551,-0.149337494327046,-0.122190605413355,-0.213619367002833,-0.0666216557125511,-0.18328418828273,-0.125313358371803
0.199492948330064,0.189548420642351,0.20156362037682,0.175825461436658,0.157346713837546,0.15111776401139,0.157565535429365,0.150138526774867,0.180180703810098,0.126917937171859
0.172080180474435,0.169939243445548,0.218594178921787,0.167654070380633,0.153318171807741,0.172788989083119,0.155560519265982,0.213900160247125,0.166929034530674,0.158687695251018
