0.00679547187716623,0.0090427144489143,0.0323487953168581,0.0110478308699507,-0.00619727486714705,0.00624364483770623,-0.0306725988786767,0.00935869923203375,-0.0118745702868254,-0.00900566570949005
0.00912898425930154,0.0446449442776449,0.0164206741221927,0.0116922592975869,0.00842314668420807,0.0162425772319198,0.00398572008175911,-0.0031727234923262,0.020588167761831,0.0262335257553626
0.0307177457789735,0.0111072221756147,0.035345126063057,0.0631646947184148,0.0344789656501982,0.00993063420346375,-0.0267768508541526,0.00550022852168146,-0.00766733589817981,0.00118978425061256
-0.000696349172015304,0.0166862157162448,0.0649129004003573,0.0245444218833282,0.0330171571512151,-0.0266504598819713,0.00947472693642316,-0.0430718881818887,0.0270713261047745,0.0261910137680657
-0.0575033525441272,0.0233422454152685,-0.040048921192293,-0.00348622163307822,-0.00523411129452927,0.0417408749894181,0.000276170696830801,0.0258195921405963,-0.0407939146816155,0.0474401855569498
-0.0492630701856826,-0.0174799203204675,-0.0333358084118153,-0.035088094873207,-0.0507568833289298,0.00489765861581214,-0.0460650739918504,-0.0320591681592861,-0.0445750201708772,-0.0272719412424015
-0.0705934917836682,0.00266599409116672,0.0578116740771797,0.0250476845078445,-0.0327073282951009,-0.00959041422333407,0.019265587390758,0.0345037809264143,0.0373811698549958,-0.0290760300456332
-0.0263905465852646,0.00675664071673312,0.0159368678862539,0.034151272488663,-0.0357825279743923,0.0839696498841534,-0.00939708484836051,-0.0351457337738564,0.0604601667187166,0.0285180669163507
0.0729795393188402,0.0407177973849496,0.0413620024163798,-0.0102347376538186,0.049902392286551,0.0286410534700125,-0.0402010685697894,0.03173713822554,0.00358259058039317,0.0706478586237634
0.0494920060243555,-0.0581814473822339,-0.0636742932793771,0.0515245215708392,0.025910933691439,0.0363678578143078,-0.00218698507989919,0.0623544728460773,0.0324733927741066,-0.0337037903468651
0.090973120357915,-0.0075603558604607,0.0593066506649096,0.00490732144769067,0.0380764795828251,0.0761393663253159,-0.0256109341789099,0.0125894184825808,0.0591056730719303,-0.00111837619124271
-0.00600215882248319,0.0346192417513425,0.0227431507627025,0.0434224479711178,0.0255105011484143,0.0877219675504845,0.0157733458546448,0.0431526123806553,0.0328139434899573,0.0933945088434573
0.0305548891941715,0.00694697784046625,-0.00911445677257999,-0.0303579121031256,-0.0432175093962925,-0.00722680240909557,-0.0170503357728546,-0.069107353466235,-0.118202655994259,-0.060038633478197
-0.00668153969770833,-0.0567050373593282,0.0552875334468435,0.00547000119600795,-0.12834249357915,-0.0222740759267301,-0.0195642201496434,2.14263966924894e-05,-0.0541124169376674,-0.0198788627145101
0.0270801916703561,-0.0234029065471655,-0.0471452138839755,0.0138152106448391,-0.024898755828703,-0.0221144853248321,-0.0716400181937668,-0.0892109025286151,-0.0206921264161323,-0.0985061431707523
-0.0686134465579988,-0.0321172900306673,0.0490731566175814,-0.0233892187333124,-0.0112327073049393,-0.0336579764617601,-0.0405441090369734,-0.0609152022460148,-0.0427262184087743,-0.109447288277333
-0.0313647528416426,-0.058521643397118,0.0466580959894181,0.00879249413265376,-0.0576361621648357,-0.073108623839189,-0.0480496839961173,-0.0471024901289456,-0.10447173311125,-0.0652539781194025
0.0556841010703163,0.0703546264190012,0.0931237815387492,0.0421874412189441,0.0635369016422996,0.0686168476915818,0.0336832373298913,0.0580115108220012,0.0358120924577915,0.0652707112462895
-0.0584129846527297,-0.0635513739507934,-0.00467019760922391,0.00649440363528141,-0.0647143851752103,0.0326355279826733,-0.0810635196867072,0.0683551548169891,-0.107655523981332,-0.0502068177370433
0.0664241065024339,0.0905254703361657,0.0602972041599423,0.0764270723950041,0.0286441999238003,-0.0286463924494607,-0.0593925987533552,0.0890432347439207,0.0515671572127177,0.0172315952431886
0.00348994404566737,0.0186583782990541,0.139005964072381,0.0600890172754161,0.0172689019705606,0.0735511066711073,-0.0519753279726442,0.0323819923088812,0.0512243058365927,-0.0578382377563263
0.0999728194286726,0.0186562503074031,0.060683427320825,0.0325821511929655,0.00982528489700087,0.0577043367860872,0.00778154455527827,0.139989686485616,0.0113305162681475,0.029448477724465
-0.098695236931452,-0.0626999240927829,-0.0785382987221174,0.0456095422811744,-0.010384201689416,-0.0632671651401173,-0.0562183044207744,-0.0462649645624887,-0.0345852363019483,-0.0982894128937493
0.0550603538518794,0.0971780620832598,0.103490906762702,0.0922301489385672,-0.0465297001755471,0.076249137828585,0.0415708017300241,0.0479235843507146,0.067671055598298,0.0357383389817719
0.0217905982265723,0.0278126852906176,-0.0776532210640376,-0.038440189947044,-0.0803083266084202,-0.0649594344754179,-0.139922107587186,-0.0692106938499512,-0.0768298944736489,-0.0116843068233879
-0.0842346607699176,-0.00414944500472227,-0.0775473327306983,-0.120417171963513,-0.0632801686138969,-0.0522810065661616,-0.0425095780761456,-0.0555012597047349,-0.0882192789291823,-0.091443511965237
-0.0850507479163995,-0.0713221543548882,-0.0541009268191906,-0.0439063431671214,-0.0703507934240737,-0.0557615829501698,-0.101600847047079,-0.0802268918353251,-0.09633953656889,-0.0719236022039099
0.020422492834476,0.107452198231875,0.121880818897744,-0.0102414037348697,0.0692343523314395,0.12308575827698,0.0361282952634671,0.0227935776453595,0.0843701234413766,-0.0751131244941869
-0.106642920576161,0.00289748902060269,-0.0639243315979158,-0.0995039260533482,-0.0728252024858655,0.0984081039315123,-0.0539306942397049,-0.00311688981680879,-0.0617781896018571,-0.122283878970263
0.0707827290795798,0.0258878201062102,0.180988630933365,0.0612973343714555,0.0999123791601449,-0.0185993109027687,0.0586817113500405,0.0785682104229936,0.0320600679417393,0.0102725895584881
0.0902671655490178,0.129237533552245,0.102510536551345,0.0130732035905797,0.0944707791224368,0.097187601628915,-0.00127507488279509,0.0680514535129229,0.0757046247796643,-0.00806331228961826
0.0672157007717797,0.156154872214561,0.0834904448610961,0.0792818252928907,0.109343020919663,0.0566613706049168,0.0823414948365417,0.106046471444498,0.0880761667515683,0.020589933557597
0.129509429600229,0.122381242464782,0.0568196138657386,0.139785615409713,0.0504719891407866,0.0857738051215677,0.0590537358005516,0.105494057816921,0.0890675562273065,0.0144012042068304
-0.0950078423247538,-0.0821401529061102,-0.103756867334368,-0.0932129594569674,-0.0870178987190781,-0.0217902834201798,-0.131034220773063,-0.0323047280203814,-0.119806782620136,-0.119227873238977
0.0896508710667545,0.0842346170295007,0.147162881759333,0.167066112428988,0.0608703642006959,0.133081573225098,0.0629519264401165,0.0837585833252373,0.00743039918565475,0.0315368320890543
-0.014292765580534,-0.103022342591311,-0.0232815775478553,-0.123334968668905,-0.0779333423666441,-0.098029822507045,-0.148718375529017,-0.135871999238834,-0.105641583836149,-0.0770876468563935
-0.0921885848825109,-0.143389591716026,-0.02697652886658,-0.0658128276226708,-0.0804642783743895,-0.0953480129605353,-0.111653993226335,-0.0949974691850423,-0.167120774781792,-0.096716815247538
0.0730383556159503,0.0953038776719109,0.133815381117696,0.152691307918549,0.0950399064217891,0.15219100017341,0.0540954892103399,0.105326196752303,0.126817692958929,0.082085848176273
0.142690887928798,0.162125014823243,0.170002653095849,0.117477123241029,0.116232226688855,0.116454540696458,0.108435971508692,0.128051505002274,0.105183460404743,0.149599942602263
0.176360183047918,0.172595595709811,0.205711094526726,0.183401885220918,0.12588212134533,0.150769569526067,0.15679443766815,0.170162872345041,0.150976348043426,0.175492995054777
