0.00574307752600841,0.0105768803229286,0.0259458326752347,0.00959945350160024,-0.00995124252219169,0.00778173584370814,-0.0279075681918272,0.0049318786434074,-0.0184583900199141,-0.0103955023897817
0.0184295630884413,0.0183992322484583,0.0394717083033531,0.0219264616129612,-0.00334810967254907,0.0105558948619626,-0.025255667521046,0.0171147600395505,-0.00320319795544023,0.000710718159267177
0.00277671253695385,0.00457480889725148,-0.00471178781556236,-0.0179869944251086,-0.0257945809676608,-0.000280183551527582,-0.0573008430242119,0.00628092478731358,-0.0227975518331411,-0.015037940558802
-0.00578259211263722,0.0173440541914006,0.0159306149654897,0.0212464439330122,-0.0319697190331815,-0.0149655886205437,-0.0223255987529028,-0.0126541590636748,0.00931867372691575,-0.055354802779963
0.00098666924470242,-0.000160374601416153,-0.00289506521332403,-0.0199263453871959,-0.0351920314922196,0.0036769903298585,-0.0524158343012101,-0.00561354846535672,-0.032020532743462,-0.0259680536855232
-0.0187374115646183,-0.00898371523938954,0.0309026172521451,0.00954647788192001,-0.0236212992376546,-0.0192640874406404,-0.0556656574427116,0.0126339343737138,-0.0130730270021923,-0.026058714639387
-0.00997837324962694,-0.00839778879425597,0.051187471472568,0.0152847965545489,-0.0229308885011805,-0.0122994614094008,-0.0468569883827461,0.0267826629221232,-0.00364734321472153,-0.0240203045406048
0.0333149367271487,0.0329416213496547,0.0309638745148827,0.00715258255955617,0.0101873313730694,0.0312002783351318,-0.0340195100477327,0.0267064450834253,-0.0097323375413565,0.0392125985472921
-0.0120151409758203,0.00813905894731476,0.0113819477249912,0.00910652266907295,-0.0391958626426691,-0.0219026864856518,-0.034465520016842,-0.0251015758003582,0.00335835113591767,-0.0630256321500345
-0.00479424564288769,-0.00819987949159961,-0.00872668988062985,-0.0317115286921239,-0.0409416981912281,-0.0072448095827671,-0.0624557497488411,-0.00852207126817549,-0.0397408513352759,-0.0274876084559755
-0.026705730198557,-0.0165769074640009,0.0339280263254939,0.00313816197009508,-0.0323298587408313,-0.0250236901996126,-0.062255050280022,0.00599557172166313,-0.0262407233543406,-0.0377476337844877
0.0126331134340201,-0.0471059827942243,0.0432029336051282,0.0300227932009753,-0.0230207063816488,0.055656214697242,-0.0105053270160448,0.0219431611883038,0.00754582996850751,0.0210814669973884
0.0023275612765553,-0.00360146805470117,0.0126908621049048,-0.0111591058472923,0.0128745512465377,0.0643816773667961,-0.0577651595688134,0.0189146912948465,-0.0143653828421122,0.0371292631361342
-0.01917729086999,-0.0204434757089304,0.0335246696055379,-0.0037856158146269,-0.0326797562208696,-0.0290427037875322,-0.0666349434419138,0.00669536668173983,-0.0193652378715871,-0.0372214366089088
0.00135468725738087,-0.0128884886683338,0.0401224569923575,-0.026731415161929,-0.016327822083113,0.00418763236991518,-0.0572507589263315,-0.0199899404826962,-0.0326602106882772,-0.0509532755422725
0.010706682719218,0.00391001558449444,0.0116567206639026,-0.00269584645186033,0.0138886669894129,0.0695588783956126,-0.0491763717358224,0.0276591134054206,-0.00361198158212932,0.0489874183262932
-0.0459942869681651,-0.0515667862745532,-0.00151485180772581,-0.0410207966888029,-0.0246247792268002,0.00361525167611686,-0.0441712530157359,-0.00749578824096326,-0.0355243454331198,-0.0266050788675376
-0.0436674687259101,-0.0537455596586575,0.0036677694691863,-0.0416039591555335,-0.0291106988948906,0.00529309340182456,-0.0400430624437344,-0.00869326346767836,-0.0362579235981658,-0.0260812929428741
0.00603879937432713,0.0396805676333662,0.0391219437757251,-0.0100261022347538,-0.00583358747360141,-0.0130983861596245,-0.0408459013732862,0.0258502603065993,-0.0659280534006077,0.0390293422180223
-0.00177380785825613,-0.020403678022201,0.0369130525202816,-0.0359808789820731,-0.0221781079493542,-0.00221419559819386,-0.0621752419787231,-0.0263489468590454,-0.0361073488249513,-0.0549999159635855
0.037835523218048,-0.00183939085590962,0.0458705597464274,0.0671420020107835,-0.0267123510460076,0.0568800760957244,-0.00126068333103206,-0.00116952451773813,-0.016305605689922,0.0194516964565934
0.0289403431432451,0.0335676486236641,0.0629992541186869,0.036816561568702,0.000944788857727266,0.00821620066055997,-0.030749691910872,0.0519664177030453,-0.00649118633430483,0.0411114489348965
-0.00504170589883943,-0.011486586296579,0.0341464718240778,-0.0416792093712691,-0.0258952983824498,-0.00085745026743292,-0.0623303631948734,-0.025364050248567,-0.0414719575501504,-0.0573742202924172
0.0566971111654421,0.0327746606609871,0.0585471399639266,0.0475837492400844,0.0345704486114401,0.0237459689657145,0.0236168822322678,0.0387298348863192,0.00982360858481707,0.00373645210961781
-0.0331231708863416,-0.0130023025939389,0.0119989940137741,-0.0207142775786535,-0.066765387794637,-0.0326570387164706,-0.0548115001664015,0.00421076350688292,-0.0404463001964411,-0.0458729793629249
-0.0420428821290884,-0.0306472052248137,-0.0181790557989253,-0.0146984850363019,-0.0365543082825788,-0.00706560755583401,-0.0577887229704051,0.0171714721673667,-0.0555991245828109,-0.0645429291562013
0.0520859074209707,0.0525164414829112,0.0491585434768768,0.0295289531122525,0.0304480616457661,0.0507945372172793,-0.00896146743883247,0.0427534674438048,0.0148143164428723,0.0598954273673367
0.05069140597927,0.040647392440544,0.0723512825578045,0.0550709120406693,0.00925485400863805,0.0174884838815762,-0.0154605755628487,0.0593531422816326,0.0116305310295346,0.0551528803410401
0.0562803004092894,0.0389712224782434,0.0765470462150314,0.0646724153193202,-0.0188789160092116,0.0266031287849065,0.0202423449560227,0.0643064620416946,-0.0054644797484032,-0.0162112240836846
0.0366577491088486,0.0745632421377739,0.0634807898514101,0.0431133076766885,0.00863398151093594,0.0391026172637636,0.039514587692649,0.0683181784717631,0.016776751004372,0.0487014427467812
-0.0556961733814181,-0.0420042942643918,-0.036086266898531,-0.026158298666407,-0.043016400903427,-0.0209419054369185,-0.0729462818056664,0.00559228228741898,-0.063994037245773,-0.0731796159982609
-0.0384535980971846,-0.049953860341481,-0.0414327026162647,-0.0356816150391618,-0.0430680710032687,-0.0102821514438954,-0.0952831751955648,0.0024440228759889,-0.0430223116743092,-0.0813960783417283
0.0384968844414187,0.0337223818731583,0.0942438269893723,0.0340312219197225,0.0713613058398827,0.0635341919897518,0.0394906244185956,0.0571688491359265,-0.0126672915688813,0.0156323297598224
0.0693530658337009,0.0527510727160115,0.0850082034595951,0.0788472850709887,-0.00558281176775437,0.0370747190788958,0.0361976700457714,0.0788947707874367,-0.000522177842861522,-0.0078033934604102
0.0402582327731372,0.0337828187106195,0.101617276324815,0.0361653025164606,0.0757261885454116,0.0704466764357307,0.0439875182108283,0.0555379476797084,-0.00707366937832625,0.0134401405300481
0.0738673352722209,0.0679531855690814,0.0742424018075081,0.0780982187096174,0.0588025481736973,0.0523620430278458,-0.00184270273017668,0.0436351457628846,0.0314339912199349,0.0376840701792042
0.0448069000136357,0.0410352392059598,0.101941571550216,0.0422435215982697,0.0765320130448938,0.0750053407470874,0.0501923668568417,0.0642753876098089,-0.00481050269892927,0.0185870195912574
-0.0528371530349879,-0.0540753760461643,-0.00993513800249628,-0.0807285630865625,-0.0541693209590775,-0.0755659898808977,-0.120775064200684,-0.0730372930552171,-0.0728746743831089,-0.0447319566034366
0.0714970435854112,0.058036112489516,0.0936823309311783,0.0530091755493161,0.0673439842856088,0.0913893923076556,0.0438275273014361,0.0728089638109179,0.0690263545518089,0.0657697193778735
0.0748258708411218,0.0266688289369763,0.109001444460173,0.0922358180692841,0.0862867795731681,0.0428691237910322,0.0382055088686818,0.0699736111630226,0.0649541107631713,0.0739003484902841
