0.00394728320674891,0.00270123774494509,0.02097097422167,0.00366257485334658,-0.0117023334135949,0.0134561872610788,-0.0322949213787606,0.00574054882312754,-0.0152273562071192,0.00179989604548139
0.00486806971596539,0.00894107688650741,0.0220810331270628,0.00512334891677466,-0.00742904439846907,0.00981785824992513,-0.0304767886051414,0.00656407680047504,-0.0219451728273653,-0.00363747178612402
0.00360340938020793,0.0184268960601605,0.0202112240530623,0.0214694338048263,-0.00168973582060662,0.00579330805498532,-0.0211889886000031,-0.00224167189648463,-0.00745994082444101,-0.0217032768198918
0.00419597943998976,0.00623027141459048,0.026111593184451,0.00990083624562985,-0.0097538106501723,0.0112938006138777,-0.02956517328399,0.00720234517163044,-0.0151922940605414,-0.010356499917025
0.0071805345606996,0.00637082266275555,0.0328532132999732,0.0135181934255031,-0.00437523732531347,0.0138452630896356,-0.0258535711288043,0.0107893764048069,-0.00955446995813582,-0.00637584717946782
0.00247964059548388,0.0124419255968072,0.0225522608194823,0.00550002752906068,-0.00557586706585229,0.0109374464837033,-0.0248344747620377,0.00753069801343322,-0.01684369880901,-0.0271278288095737
0.00487087840987772,0.0181623807844034,0.028317337342395,0.0137544049285754,-0.0128036935024786,0.00699565021751793,-0.0233294740551434,0.00345275417884344,-0.0102308169150806,-0.0184051226923431
0.0064792788598901,0.0167818150288507,0.0239100085027236,0.0102031033622896,-0.0128286721548379,0.0088350522695094,-0.0307378170060281,0.0131470636391925,-0.0155630198473633,-0.00234497102973059
0.0173419986646693,0.00963989113855024,0.029601233517803,0.00621233635076054,-0.00953480655358432,0.00880021780347699,-0.0301027708866444,0.00887175773359769,-0.0131337555699653,-0.00650940711710995
0.0141396176888918,0.00926007630911744,0.0332062015506597,0.01525700928631,0.00135593555078281,0.0085276536436334,-0.0254574584844396,0.011449249568185,-0.0115599800472631,-0.0100234553059622
0.00469264355470693,0.00328715072750381,0.0257116020708731,0.00835661078829674,-0.0110918421319078,0.000663685985987662,-0.034174439162801,0.00648958814773796,-0.016679630545789,-0.0182895576733739
-0.00118260420566479,0.00932019673456513,0.0347417062783602,0.0175796001476277,0.000901357780297185,0.00627647249702893,-0.0182889792850001,0.0160105062181156,-0.0216580930095207,0.00339396633849845
0.00140873430894546,-0.00430407573250063,0.0199869372750805,-0.00132135064369501,-0.0106572856135166,0.0167110249924306,-0.037078516202249,0.00450883698023494,-0.0224518072484445,-0.00652992542518684
0.00934165329091263,0.0133657707954683,0.0241373299333019,0.0247525907000535,-0.00731519023492538,-0.000370638298040041,-0.0257526038013761,0.0023427844053293,-0.0139487462429637,-0.0214628591904666
0.000716695872630563,0.0172753171963803,0.0367603057435767,0.00711376086290247,-0.0141572793442905,0.014088202202179,-0.0133764717673704,0.0193717991448725,-0.0139151823591602,-0.00347469718021034
-0.00566235831385349,-2.05812935864759e-07,0.0231257829592712,-0.00321771524237924,-0.0114582915031366,0.0014312612167028,-0.033418303103435,0.00557237801259973,-0.0254665167171495,-0.0191336114494099
0.00882452442453817,0.0170334604782907,0.0272547270393119,0.0073115598662855,-0.011517046335057,0.0133090009129743,-0.0302765861813474,0.0148784587872502,-0.0119300950497983,-0.0114633081874752
0.00228443805407276,0.00268318696574513,0.0346970041318035,0.0105153200399082,-0.00113037297134486,0.00600478533655668,-0.016185195816357,0.0141189389893317,-0.0291018560523991,-0.0166486793520014
-0.00380963316605941,-0.00293673811384149,0.0149516586502423,-0.0032946573105312,-0.0159796244013338,-0.00835388023300694,-0.0381421682991586,-0.00445587153876583,-0.0232925124397184,-0.0226981456026601
-0.00441008862726939,0.00169209127343998,0.0100263737875205,0.000845800702661881,-0.0178404249148932,0.00798072961729268,-0.0404195953019093,0.00729360386744589,-0.0222313631589946,-0.0231728311012799
0.0160905855114703,0.0151096415703284,0.0314439291573945,0.0200912370335615,-0.0111667376884561,0.00701196302472369,-0.0259269285013711,0.0180505996377838,-0.0157428566138723,-0.00126769397006017
-0.00156583835031051,-0.00429508194406936,0.0136222379473495,0.00848239358677401,-0.0167883755226772,0.00328268894517451,-0.04556819620504,0.00572750822047758,-0.0210557397111849,-0.0151450307840998
-0.000589721461565267,0.00294230179175139,0.013974579347288,-0.00423802802176953,-0.0181423628362352,0.000410607678705311,-0.0426613174436623,-0.00285024353444686,-0.0295026406881335,-0.011219240943372
0.0093828690178819,0.0124625790927168,0.0280961841799298,0.00394529128944217,0.000719299825390503,0.0286109622189179,-0.0364250098017613,0.0117796300264824,-0.00963431811176661,0.00708293465744475
0.00342234765344494,-0.000163269788773466,0.0159640938127143,0.00460692333209108,-0.0136485893724454,0.00919013099367086,-0.0424590226574164,0.00924536612848254,-0.0203613597041688,-0.0261417157371488
0.0247186761013821,0.00335414929285095,0.0440990800693161,0.0183227212458802,0.0116195361407413,0.00649562655210206,-0.0171756428970949,0.0138172343034483,-0.00146890992470155,-0.00338682067731143
0.0108566393827258,0.017014197164055,0.0411671448756583,0.0212098944065827,-0.00232013278899284,0.0128061431207367,-0.0232686749260171,0.0184235657008301,-0.00717820956566201,-0.00400777145059948
-0.00581502324209687,-0.00624634577490316,0.00355149986355141,-0.00347925608691158,-0.0164677649986218,0.0103186171555505,-0.0465812452548412,0.0121430505896608,-0.0208404183043,-0.0214093959295654
0.00843885545341616,0.0163197348442969,0.0361199875873565,0.0183557423376415,-0.00574915870522611,0.010970310444133,-0.0205647616465757,0.0155441836701125,-0.0271987114119106,0.0128310921000535
0.00593540730785718,0.0313742768519778,0.032374016206109,0.0117899074155707,-0.0105934791624069,0.0108589272165039,-0.019375227134516,0.0168530058336838,-0.026277872572807,0.00749844947030089
0.0104734098407411,0.0101183047790215,0.0351230891656299,0.0148301124063264,-0.00143080178472024,0.0311897558759812,-0.0272330344743145,0.0133872432267142,-0.0139342007522069,0.0110629662173881
0.0206998902476154,0.0264990467246707,0.0378209086215096,0.0290521750816377,0.00155871377714896,0.0163407331876041,-0.00975949269920999,0.0147083359143029,0.00392177982753588,-0.00539573625917223
-0.00519676796517548,0.00514508257754255,0.0138860431961106,-0.00492020694626258,-0.0198481661480042,0.00584259304058571,-0.0428334700296154,0.00988053200303474,-0.0238462171516303,-0.0292380974356752
0.0108534076276664,0.0111866170818884,0.0299349954310665,0.0174106779119927,-0.0174031826363283,0.00287925137654479,-0.0275212731861089,0.0175320821359029,-0.0291635721570185,-0.0201612873210857
0.00287061020998521,0.00662136486753881,0.0122570568702162,-0.0144451634606711,-0.0233079444527704,0.00203858562611907,-0.0465680987719263,-0.00537260978366498,-0.0252825294028299,-0.0185912649126149
0.0216867987554083,0.020206661512259,0.0381893710132112,0.020973208741861,-0.00811635725744051,0.00860700030384714,-0.0267290603051435,0.0236998228469566,-0.0109229768133085,0.00188885773217494
-0.00255002450162521,0.00218255771083888,0.0209265099284907,-0.00229650011420739,-0.0278484568034767,-0.000381897472482104,-0.0410950152281933,-0.00914437161982443,-0.0180544194887022,-0.0341926783298066
0.0191013533881725,0.024854086094668,0.0410259479811973,0.0154781630508196,0.00450339759533152,0.0136737395160391,-0.0210338899383151,0.0240224549576749,-0.0135461354903306,0.0141216975292706
0.0268467855419987,0.0291690181421577,0.0464855319346862,0.0245949305225565,0.00422768894456099,0.0178477599242774,-0.0157523836213163,0.0312224322002474,-0.0070143872711242,0.0111328968664402
0.029316349299329,0.0283354053581872,0.0446696929452533,0.0333170008214202,0.00205902609940264,0.0202377268125824,-0.0127011647135123,0.0312763634256426,-0.00251709282601353,0.0119580698177986
