0.0023264660125317,0.00197865272393955,0.0230135643404682,0.00388656089343747,-0.000587919194504355,0.0113521307327082,-0.0324568888496846,0.0108385916708269,-0.00951157738775667,0.00263960394086465
0.00429613987528013,0.0071992613699566,0.026905910037431,0.0061792340015003,-0.0103533437395117,0.0126724341578489,-0.0283407494229423,0.00116566945309366,-0.00642859991245238,-0.00753988144687177
0.00612373176271564,0.00893246053285139,0.0213707704223015,0.00957449530388597,-0.00756404446629592,0.00965712984174438,-0.0281833920368189,0.00933209397490182,-0.0194411755597401,-0.00595693135667427
0.00138233950054206,0.00601071723975511,0.0278563402500151,0.0106210875004871,-0.00540048781664888,0.00986632987905388,-0.0252919503318803,0.0108755275206216,-0.0184427246083199,0.00259693119198992
0.00458151306559236,0.00579272460817512,0.0260394170671482,0.0104412919659811,-0.00341842775687133,0.0106142419855401,-0.0249243970654142,0.0158374204999092,-0.0178294986072849,-0.0109739353690087
0.00240881594566708,0.000787980016631407,0.0159121370228914,0.00738001779005618,-0.0152033560986351,0.00713034057428157,-0.0363659044942143,0.00603296448972959,-0.0182621320771555,-0.00088093130286623
0.00952940739925106,0.00808497259993595,0.0313234202078876,0.0045931502252934,-0.0144014412351246,0.0142160482574986,-0.0253444135049412,-0.000299009076806456,-0.0112234451083967,0.00494386210659982
-0.000231402710260236,0.00219666450919254,0.0154986740045953,0.00225418777800423,-0.0147713791642441,0.0107184584391858,-0.0363572583403349,0.00651707634528672,-0.0187293596830569,-0.0106864675278992
-0.000231402710260236,0.00219666450919254,0.0154986740045953,0.00225418777800423,-0.0147713791642441,0.0107184584391858,-0.0363572583403349,0.00651707634528672,-0.0187293596830569,-0.0106864675278992
0.00631400770985398,0.00154615716569975,0.0334532152887097,0.0161914034520514,0.00538937985022629,0.00732645827376232,-0.0277280902043617,0.00506786587877587,-0.00914363521000561,-0.00550448800042705
-0.00223408150837577,0.00512848255400818,0.017873246718762,-0.000907475556632462,-0.0223518577479668,0.00733014100490083,-0.0304949125246592,0.0115790723605457,-0.0172094436664664,-0.0133518175139144
-0.0028010342829215,-0.00496139757612593,0.0247921322027912,-0.00321197494387901,-0.0134128442984531,0.00332743411016562,-0.0341476585294108,0.000727321518747952,-0.0159299274992853,-0.0135944372098221
0.00909267110169241,0.0128985529630099,0.0201766070248557,0.00288874979797765,-0.0110696081256413,0.00807904825599493,-0.0304336037580252,0.00485104991896461,-0.0177873341705374,-0.018343949080502
0.00383729642025735,0.0089884204433274,0.0188566730009276,0.0132825312998512,-0.00362332320326094,0.022582703762342,-0.0309823961907536,0.0161025587468524,-0.0108103145394578,0.000912833490222891
0.00421096040689518,0.00184674671594674,0.0144464418527859,-0.000671541328892055,-0.00920144952065544,0.0140501719606041,-0.0399407190934521,0.00361243209148451,-0.021224751770532,-0.00109024061357686
0.00368481543009693,0.00126898397808581,0.0184675340171922,0.00413474909271883,-0.0126754613930202,0.0113231591273749,-0.0373769720180885,0.00749295747580504,-0.017794357955644,-0.0121709098458337
-0.00103152707459259,-0.000570113763878846,0.0212588629394072,0.00236136128990335,-0.0176782686931481,0.00500842978170065,-0.0384962976228065,0.00454446027850642,-0.0168814226712688,-0.00433988897624734
-0.0030839071031711,0.00114201553352875,0.0124437958947395,0.0115513218739608,-0.0171577606199482,0.00328298231349665,-0.0345587679770166,-0.00538076257269675,-0.0228856614428346,-0.0164226841576293
-0.000793816445581167,0.0112337736551426,0.0209823151714201,-0.0028264563988483,-0.0141264902691763,0.0038521934394294,-0.0364610544117043,0.00074407979509873,-0.0229978691842837,-0.00121343698283494
0.00415794233054859,-0.00380611891111631,0.0246152994017961,0.00170045564827906,-0.00757153927988492,-0.00171040065255039,-0.0350594111425221,-0.000798600502552571,-0.025196027210495,-0.0160660073046897
0.0137877549067192,0.0156253178038464,0.0277777935843696,0.0205962958544492,-0.00331707591002018,0.0195776094171835,-0.0219658693185559,0.0155165978938453,-0.00669119179940662,0.00780374213292986
0.00495048453108505,0.0106393495242029,0.0300697609623309,-0.00332853850659618,-0.0127107037799655,0.00364259350725365,-0.0368077299311911,0.00675272169899361,-0.0126586891799872,-0.00952999955308719
-0.00504618517877232,-0.000484980747006,0.0179296294195689,-0.00208547022195515,-0.0194417700748272,0.0059957058137117,-0.0397279118066996,0.00404383964478787,-0.018760853881422,-0.0149549333558553
0.0109742849333463,0.0209338945929758,0.0357248933792729,0.010664516624778,-0.00699391401645755,0.0186577028489006,-0.0159535025296044,0.0191516099423169,-0.0101743119775951,0.00959259118067146
0.00777500827246396,-0.00306253024198088,0.0155999531657501,0.000763910980984832,-0.0142304828791274,0.003918848947755,-0.0380365156139202,0.0137646174870772,-0.0246536113522935,-0.0210324699539312
0.0146836506144924,0.0166237204303589,0.0330946571410163,0.0132415169809907,-0.00484563733110999,0.019174846149332,-0.0254944494043659,0.0186774165728036,-0.00593217121748232,0.00700518494463882
-0.00122679612302392,0.00332726508369897,0.0214789423777452,0.00869497053994427,-0.0124356787859637,0.00624594965222402,-0.0386555276793042,0.00909049896231016,-0.0303451759056459,-1.27681031401759e-05
0.00580886187109391,-0.00154074920052034,0.0184455709221411,0.00314168422953811,-0.0208098671971919,0.00900714266969825,-0.0429053132932041,-0.00154401204821165,-0.023401126820198,-0.00598775825040553
-0.00557319055674734,-0.00122688477709833,0.0127242448962981,-0.00616659664068636,-0.0215900342537865,-0.00154280593079307,-0.0420285948818699,-0.00360452134787628,-0.0238680165264343,-0.0173769729100773
-0.000373830935555068,-0.00173692228803164,0.0163893007008069,-0.000872980119029891,-0.0231002172521514,-0.0021592781341707,-0.0427028627585857,0.00152931391840839,-0.0262660384268475,-0.0113464950278055
0.0171381551233826,0.0158921096615788,0.0341618461383037,0.0168534467699803,0.00148853850303875,0.0266470591777125,-0.0191040494621269,0.0189314207397612,-0.00203648429048553,0.0149907679621151
0.0204940385282011,0.0176248295686319,0.0348497470831888,0.0221112031201526,-0.00910673462456076,0.012872249526228,-0.0180028222734269,0.0209927272764099,-0.0135064756230007,0.00920185298123666
-0.00273236550231946,-9.55889788073257e-05,0.00991789481196664,-0.00674772023850397,-0.0166327229680103,0.00579150316233492,-0.0482737792535685,0.000897521517488197,-0.0253319990508632,-0.017777030410403
0.0135799576033974,0.021646088457924,0.0308905248008037,0.0188037647280503,0.00446512585722316,0.0199458289416671,-0.0204625423122862,0.0209019332928907,-0.0196043908928522,0.0135229632100068
0.0132282010189538,0.0199722122974684,0.030839545585667,0.0238435204603268,-0.00125921478584429,0.0181704168149566,-0.0244312245556024,0.0179320586216018,-0.0169651259041583,0.0142580582394167
-0.00797759088331418,-0.00344934552973581,0.00924961944556312,-0.00625803280881559,-0.0254563747008501,-0.00204525215133957,-0.044707241109028,-0.00374706568547367,-0.028586059943875,-0.0134634094087583
-0.00797759088331418,-0.00344934552973581,0.00924961944556312,-0.00625803280881559,-0.0254563747008501,-0.00204525215133957,-0.044707241109028,-0.00374706568547367,-0.028586059943875,-0.0134634094087583
-0.00106931744337353,-0.00937978675453792,0.0162736066102396,-0.00575251637824543,-0.0225070994769794,0.00453505712141322,-0.0498930576856902,-0.00185256533481808,-0.026133818995236,-0.0123688884005391
0.0145732114171758,0.0192015891563888,0.0410472121666488,0.0238119594171208,0.00779038409998481,0.0230572017956876,-0.0121010784152466,0.0240663994372553,-0.00525185269168625,0.0157878031086236
-0.0120001494884145,-0.0139877940161958,0.00410573416787608,-0.00711838769657339,-0.0274362263847697,-0.00482143381350702,-0.052122430708534,-0.00745684339483113,-0.0313324198757857,-0.0198634392859429
