0.00399535334425675,0.00334868783380264,0.0100986985600251,0.000842956746072012,-0.00404698660577233,0.00471360953730223,-0.019982140442848,-0.00683515778264809,-0.0118832692537934,-0.00222334755154401
-0.00309282576174307,-0.00271995883672744,0.0131017508761871,0.00137627281446615,-0.00489318766697759,0.00125964984557983,-0.0238186347238688,0.00522952133470322,-0.00647295613249401,0.00106139866984448
-0.00756048584383501,-0.000939878309957174,0.0061833493706316,0.000813466712017505,0.000938518323422791,0.00113495422673606,-0.0210314885072329,-0.0100380330001484,-0.015461398705061,-0.00453776858188881
-0.00671869415722378,-0.0051260650530833,0.00547690731803115,0.00782867043642388,-0.000423250838037295,-0.00152947968940534,-0.0217674291744254,0.0108845247763505,-0.0133491565539235,-0.000371098259323901
-0.00751687276998616,0.0101095081027973,0.0120094141728505,0.00108778650548458,0.00091542626937761,0.00845911820923491,-0.0226835379225602,-0.00243658159682182,-0.00676729052647284,0.0075120112552529
-0.00489492128035049,-0.00171929177500975,0.0103978266189024,0.00159938936939286,-0.00315451980221501,0.000223119756895424,-0.0255006414591391,-0.00146760453296347,-0.0135142183981555,-0.00416585140067457
0.0043539626990049,-0.000275574892753374,0.0160973617202965,0.00591665075725812,0.00101828467220928,0.0139575660161212,-0.0205461304321216,0.00903736489759322,-0.00278510491867693,0.00393180064466827
0.00241482940493864,-0.00060838741554332,0.0195142957275397,0.0100839214148177,0.00651446258573357,0.00259641543393735,-0.0196492400485013,0.0062675813773954,-0.00676260138588111,0.00592065522675361
-0.00472236074759487,-0.00077997462029929,0.0141023269392051,-0.000170216361507582,-0.00616472674358719,0.00139682984988263,-0.0248585938382375,-0.000330939160603439,-0.0130611226047949,-0.00510337780982243
0.000506372329469065,0.010354849981941,0.0131458531923194,0.00812595248125815,0.000947891296671746,0.00395258439224702,-0.0231971485961279,0.00629371376222769,-0.0120638710399633,0.00176738779193024
0.00366328917277762,0.00554779835220983,0.0194408993612753,0.00609549074624736,0.00535804103904469,0.00661340128767533,-0.0235934043432837,0.00490183789321694,0.0014431474977267,0.00606848048010833
0.00658752268802542,0.00456085862872186,0.0253553362326235,0.000880847255738717,0.00919062480464099,0.0100643694509205,-0.0151027678397039,0.00561819219040635,0.000371370292404633,0.00297630051814092
-0.00900202087486025,-0.00889091038540675,0.00810533598616529,-0.00143284518223925,-0.00323072771700422,-0.0067127431686776,-0.0255683745584948,-0.00723882342455061,-0.0134352690621307,-0.00824280109124296
-0.00301450829272104,-0.00855415436158364,0.00676932310330238,-0.00488387320063272,-0.00562239312469428,0.000580490986040148,-0.0294286994932107,0.000332393486001624,-0.0146306659814093,-0.0030818707137788
0.0105206710197691,0.00958963259579504,0.0259778556464804,0.00571142223609851,0.00550928324475556,0.00801757782775778,-0.0144542326203328,0.00903802799149108,0.00271954908908958,0.00112169539528373
-0.00125194094626536,0.00868053968561611,0.0185414297183932,0.00975349070418197,0.00468803886716674,0.014622327913181,-0.0172819936261348,0.0153913895009574,-0.00233148789200162,0.00488868135483853
0.00249006385839873,0.00642676860941767,0.0260280395037822,0.0101420830873454,0.00680161751691474,0.00426812940813961,-0.0187634323679115,0.00922485519338583,0.000574907331669726,-0.000945253275342018
0.0039103293921255,0.00685108030865523,0.0129537691416146,0.0103001062837841,-4.59452196250355e-05,0.0153694404263558,-0.0243383457597453,0.0127282635189549,-0.00162054868979101,0.00388723927917767
-0.0014682680375104,0.0102843980924456,0.0226408162350265,0.00845574931629288,0.00738917614897356,0.0145116569311933,-0.0182411344625221,0.00801148364876674,0.000633866321126567,0.00703201482454667
-0.00500303935545974,-0.00871734115573879,0.00598186384506135,-0.00981212109158864,-0.0101144381564698,-0.00674065332380343,-0.0274735100665133,-0.00280317172605406,-0.0172974998302218,-0.00154922657490164
-0.00752885706603037,-0.00686336340101992,0.00831934698412651,-0.00397114170788306,-0.00670543412499131,-0.00228658280722838,-0.0303923582567379,-0.00418160131744026,-0.015035284603916,-0.00703441998756212
-0.0103313044209087,-0.0119939694268279,0.0118408115705596,0.000187857505019064,-0.00395783476388864,-0.00709385347034046,-0.0229968047018223,-0.00981325666368324,-0.0206855286255843,-0.00286765917847805
0.0081582049433801,0.0113338344487208,0.023450952842633,0.0146525155931234,0.00989860642151557,0.013276245980626,-0.0124475152354086,0.0115855216907671,-0.000461092174424966,0.00888727482305602
0.0065038788346318,0.00857868711702967,0.0259410853809389,0.00659586340775377,0.0108879598311125,0.014992262872577,-0.0165244228177672,0.0127295953753883,0.00288113871753252,0.00169419420374557
-0.0105843245231574,-0.000836310003947336,0.0109381563473372,-0.00536484262824136,-0.0105153283403991,0.000536779011147737,-0.0322422797986025,-0.0101926289400299,-0.00778839497616188,-0.00679991306546348
-0.0114937780055587,-0.0111651106131959,0.005338962893422,-0.00481181040200466,-0.010259147071877,-0.00529289136907296,-0.0254803000147081,-0.00446973323467554,-0.020735331039828,-0.0117635198767244
0.00887454627725839,0.0123786926130828,0.0231666354750852,0.00555990100904499,0.0159425456006367,0.00776773710146905,-0.0165762209377026,0.0116980983318464,-0.00141989137917564,0.0127593443071953
-0.00330594268322075,-0.00910389895633799,0.0139266697069408,-0.00190680420596773,-0.0123886648888489,-0.00311919590678111,-0.0300877865515426,-0.00635170866325066,-0.0144976743613457,-0.00958832676789228
-0.00566068934853195,-0.00585566837184479,0.00893494049062899,-0.0074425315282893,-0.00212384808673164,-0.0079262979417548,-0.0330476831635406,-0.00815254120997439,-0.0162695956467123,-0.00882448463669547
-0.00880702235666778,-0.00934952662330744,0.0122547784918726,-0.0046243586861058,-0.0104749010150558,0.00602727609409258,-0.0311246899966459,0.00107993400506494,-0.0191175324627581,7.36597573098765e-05
-0.0168472968714452,-0.0116438305636528,0.00157054798354887,-0.00804539599612744,-0.00609970309067437,-0.00237108222689565,-0.025637573167,-0.00564470974407263,-0.0219437036531239,-0.0118049178458496
-0.0122905317673375,-0.0124157896414004,0.00597517432012791,-0.0045843398004413,-0.00916774557915806,-0.00119964782220187,-0.0305739892368439,-0.0111037811668337,-0.0209614721400198,-0.00727471521526071
-0.0117217420008084,-0.0102636109221606,0.00564696967736467,-0.0062168849570038,-0.00837397168367484,-0.0035996496490143,-0.0343490707167827,-0.00618916414269707,-0.0185035178308061,-0.00973294970443476
0.0118223658088374,0.0158971771585527,0.0301067623912392,0.0204707289653617,0.0138991584053892,0.0183615459674314,-0.00616019355279861,0.010432198413525,0.0054561663974656,0.0143597444966583
-0.0166183296401291,-0.013681770817552,5.74865443944157e-05,-0.00799106857370671,-0.0128935365420586,-0.00678094421961494,-0.0332510580002759,-0.00777089820697114,-0.022336230141014,-0.0152661005972427
-0.014520480675665,-0.0146167713995815,-0.00243825540821735,-0.00482011300427316,-0.0166690342351075,-0.0106069838278462,-0.039809993386417,-0.0107073110060573,-0.0184575845758176,-0.0121804574001515
-0.0127284626917764,-0.0187355928160935,0.00202273174921853,-0.016486652066171,-0.00803963872168142,-0.00451341193053764,-0.041031478358749,-0.00579458412921885,-0.02499638386496,-0.00981896811957523
-0.0149663044913733,-0.012611947442236,0.000739326292900642,-0.0122433794227651,-0.0139751844853577,-0.0106653797086212,-0.0400000095011844,-0.0131739409770465,-0.0220192410634242,-0.0159331277388229
-0.0177754869713254,-0.0138331008440299,0.0010492007154745,-0.0132233425852382,-0.0192178529673178,-0.011656296373848,-0.0379117200619681,-0.013384065384334,-0.0261142488285254,-0.018156504033553
-0.0194567995560283,-0.0171732398032746,-0.00359467220362166,-0.0116298543722952,-0.0211074792930866,-0.0111717125826129,-0.0425802657020876,-0.0166474098899628,-0.0252793564057412,-0.0220877079049299
