0.00421712196223867,6.47449380100987e-06,0.00567837365410034,0.00431952231300556,0.00383631344004472,0.00138593794176601,-0.00877040474261893,0.00195799936882064,-0.000734709193351574,-0.000944370576607515
-0.00130394433425535,0.00198135768519535,0.0112480413390497,0.004792856374729,-0.000807635696399345,0.00365938751169971,-0.0126181863633085,0.0028604789196661,-0.0111701273932014,0.00916795644768822
0.00473161559336223,0.00410043378040889,0.0144871984236743,0.00578683351908709,-0.00200091617182617,0.00850281877343141,-0.0123204017373947,0.00351312219033056,-0.00549157715060949,0.00138862555849461
0.00538156700890116,0.00301895241303758,0.0160953597792324,0.00447410953420751,-0.000558720171973698,0.000715727537587245,-0.0108173527750861,0.00788290595597888,-0.00628705573141873,0.00520880705162683
0.00515314546021893,0.00379728804994646,0.0145155960303911,0.00483876608802402,-0.000780772031737522,0.00290713364779391,-0.0138589343365346,0.00285522885216241,-0.00813639701024813,0.00508336722770207
-0.000438646374839909,0.00381157443337994,0.00948744855532893,0.00155708821433108,-0.00684843624795672,0.00336789852114796,-0.0185114642158665,0.00703060556088484,-0.00498255019697517,-0.00129462953025146
0.00946249446879439,0.00158553926828422,0.0156763918124771,0.00819282118893686,-0.00165350718302145,0.00801311281092831,-0.00841277487192844,0.00882414803065623,-0.00491485359705527,0.0039648463600139
0.00398636966909314,0.00478422448925511,0.0181181711855304,0.00378878374596731,0.00088819366252072,0.00593854584537004,-0.0137599312603405,0.00172923443973982,-0.00774138874959387,0.0020651016953213
-0.00703337331667107,-0.00296476590392171,0.00977696201739332,-0.0102373870421161,-0.0067389952542648,-0.00175123602271996,-0.0180425713958432,-0.00211174927929305,-0.00752859996036963,0.00112042786226953
0.00908452879379333,0.0064118392035167,0.00824127583555611,0.00221398368538946,0.00701317134805616,0.000610524532696598,-0.0141938113213079,0.00679015457150051,-0.012009488700339,-0.00756947476575582
0.00130564128808159,-2.192565033693e-05,0.00585871164308212,-0.00224413931977426,-0.00772641183085754,-0.000480342851587877,-0.0181873765301891,-0.00300089882160544,-0.0165386671508716,-0.000243946241411164
0.0110796104608753,-0.00165240515941606,0.00600303098051894,0.0101535539330934,0.00768419491774428,0.00521505554993545,-0.0173766171306847,-0.0018031143302942,-0.00124205099327758,0.00816528795113138
0.00322485188294472,-0.00110455650669536,0.0125183288574459,0.00463704131598297,-0.00464987317727044,-0.00387396712696884,-0.0201169497458731,0.000658296580614002,-0.0114956913052301,0.00492383039504244
0.0109402208640049,0.000591465623188868,0.0181717372898168,0.0110690307640641,-0.00147301648011237,0.00231534932543372,-0.0135220744716467,-0.000754590924467722,-0.00232763513745786,0.00472627149532659
0.00315355708102709,-0.000911173706211014,0.0104914398234595,-0.00133283065998967,-0.00157289695667268,0.00272030379612675,-0.0213916738174082,-0.000163631807354613,-0.0136975691693056,-0.00488242206283723
0.0033348851625124,-0.00650791952310109,0.0107684851176838,0.00188907488485499,0.00137087585687482,0.00145857258623732,-0.020237382207449,0.00439374048656397,-0.0129171089502692,-0.00742198363404744
0.0104888109740328,0.00453354873989642,0.00754320692376246,0.00159646984652813,-0.00172261544801802,0.00470276575842809,-0.0164244526367018,0.0113930747030621,-0.0135196043964369,0.00664658136947587
0.0113506828055102,0.00366245658967728,0.0175782030228743,0.00941560888642178,0.00814887606050757,0.000365241439354132,-0.0121445473127827,0.00648575094186291,-0.0072906675539895,-0.00665311159599088
-0.00645515231384797,-0.0031504671857311,0.00562521344037581,-0.0027788470964078,-0.00631345215850665,-0.00345792666387166,-0.0228892858237843,-0.000822407272985331,-0.0161696653346983,0.0010880865346597
0.000507528340538104,1.64262224128372e-05,0.0124142580753118,-0.000675537377898007,-0.00980744661202775,0.00129438760878443,-0.0206427024228163,-0.010436752634317,-0.0122236661844867,0.000686903555777354
0.00568606077613674,-0.00618163793464575,0.00687344337927317,0.00337311220839368,0.00369486916925941,0.00774164899546289,-0.0232657062330461,0.00865145650058359,-0.00389722566081058,0.0104056345821574
-0.00656200367294056,-0.0108445506614463,0.00401055911719758,-0.0101687283688968,-0.00340705615861898,-0.00197189442038863,-0.0214776473744769,-0.00201600245538035,-0.0162289367602825,-0.00217722281237858
-0.00138895239094312,0.00192967068070263,0.0140757895986057,0.00397996690196829,0.00182404038896417,-0.00513587608837308,-0.0200308805805014,0.00088420974103162,-0.016431407913612,-0.0105389267519863
0.000672100379800018,-0.00696342714998247,0.0114898866808998,-0.00259938721309714,-0.00223013302909568,-0.00111890643122975,-0.0253392795801354,0.000127944443558556,-0.0142642911249115,0.000986952266181474
0.00286527148273166,-0.00774780665131486,-0.00164170935131455,-0.000827256161439858,-0.0122187298567476,-0.00559135827388959,-0.0218182553428179,-0.00545233479947036,-0.0167727127052273,0.00168970281793204
-0.00396672586081966,-0.00432410300454109,0.00762217874998803,-0.00407051765119085,-0.00930804593776244,-0.00459028389884588,-0.0230946174722501,-0.00432582877225916,-0.0158553833447922,-0.00570303532896391
-0.00512276052171381,0.000560223926481038,0.00955716257974338,-0.00867949856334163,-0.0118404303460979,0.000635075608738753,-0.0226629274182989,-0.00107635267896674,-0.0148303135475174,-0.00401379938840807
0.00159709665403935,-0.00576099785444451,0.000581143588728554,-0.0019917486784855,-0.0159511805992951,-0.00297447121911774,-0.0198997945397039,-0.00465800843688327,-0.0167964274186369,-0.00915172467800402
0.00525804775204994,0.00524379586929876,0.0236089018427232,0.00658682238880716,0.00513541632417748,0.00677144189596961,-0.0161124529264476,0.00534438619533824,-0.00918348372755009,0.00550064564246639
-0.00607736723404255,0.00147260690553111,0.00829367786443225,-0.00427826375973677,-0.00754679720374375,-0.00344181888061311,-0.025418891704745,0.00211235372319345,-0.0160287676852854,-0.00708892569512868
0.00659721843122303,0.00615769724349091,0.0229808163007413,-0.00143890976739533,0.001877739107908,-7.94730851793567e-05,-0.0190471437183072,0.00979641237755159,-0.00603928852973823,0.00725413445360863
0.00153725643938053,-0.00501184439785046,0.00278725283581698,-0.00803883703726753,-0.0112170247325149,-0.00141172099783553,-0.0233958440038094,-0.000921030393914479,-0.0214711449877837,0.000262302074448885
-0.00946494250270016,-0.00277569011138414,0.00941377829419392,-0.00305153480419529,-0.00963538919857367,-0.00645943039730251,-0.0264585686310827,4.39944018976604e-05,-0.017007817484398,-0.00288021432699687
0.0135272674104843,0.00903636520415233,0.0175883103726489,0.0143760362517056,0.00263102646422724,0.0044843444933935,-0.0168612111703359,0.00812969261277508,-0.00539319202002725,0.0136105661078249
0.0148569331128833,0.00737810092668194,0.0213527026737922,0.0198773816716059,0.00313890933226087,0.00873649272346699,-0.00543172829950598,0.0121697242191592,0.00415008091411545,0.00966265283446382
-0.00414251780247982,-0.00742757413372933,-0.00122743495660847,-0.00865066899311324,-0.0124728907230867,-0.00880533329472805,-0.0265209059330775,-0.0108669462742716,-0.0207200408647229,-0.00514823919176857
-0.00876475019413287,-0.0092990715531722,0.00616992685601457,-0.0126940704493254,-0.0110674374479193,-0.010408120410029,-0.0263902813407484,-0.00703721798241714,-0.0181092364337473,-0.00815480540984727
-0.00853995172723052,-0.00898781032422743,-0.000181832355979254,-0.0109983068813708,-0.0166393553868888,-0.00678511100895468,-0.0269126706629778,-0.0126802615385512,-0.0190191285736347,-0.0101647435583382
0.0159017419810425,0.0146519850367511,0.0268331188296328,0.0157771887382018,0.0104709229267892,0.0148365051954776,-0.00337354359825872,0.0165253704469667,0.00525274236868228,0.015299242886352
0.0183668935898647,0.0160042789940011,0.0290806863601959,0.017459436115171,0.0124266064089898,0.0137010541185508,0.00216797380587743,0.0208682325369424,0.00669827084954478,0.0181941336325903
