-0.000570672627624219,-0.00231228818118869,0.00290112878741552,0.00911648298053165,0.0038662861739172,0.000492609583606474,-0.0052136493462256,0.000306198532506674,-0.00181355638504609,-0.000724221584706675
0.00415943388895229,0.00120091199266453,0.00878832303695785,0.004186837671246,0.00309928349566372,0.00252408991766702,-0.0100177863720493,0.00190080813655043,-0.00248637908241215,-0.000192002508625311
0.000383342336779447,-0.00265667452130201,0.0120010235123873,-0.000793038691206605,0.000949308401165052,0.00356883745290195,-0.00633929884057187,0.00481072906383907,0.00117174357975008,0.00341564143361618
0.00194842351595,0.000124879568981706,0.00809421448852658,-0.00664415465674002,0.00701168787200706,0.00319131245821719,-0.00606469122069197,0.000485332111169844,-0.00277690412774477,-0.00642148329982079
0.000552773735689123,-0.0011450374260484,0.00629284999548131,-0.00140802751424973,-0.0042600038116474,-0.00133678803118162,-0.0128648076794617,-0.00352808627021815,-0.00266345018245501,-0.00355472251351827
0.00711708189125455,0.00246222766673347,0.00746720751621485,0.00842936527588192,0.00241289065496074,0.00402847669602922,-0.00626297812373271,0.00135077065324505,-0.00328192246859481,0.00202694959266497
0.00728262545645705,-0.00411889934668814,0.00315071318648855,0.000828644093773634,0.00421874883027002,0.00383641819626984,-0.0147535700212786,0.00539101801125749,0.000633276722378761,0.000919489666913204
0.00724690553934185,0.00871952872128062,0.00761884178118314,0.00764540955421663,0.00597039174160342,0.00560627309216724,-0.00099510638710179,0.00739856128460191,0.00232549811252439,0.00482060198332273
0.00156472699450576,-0.00597020732723522,0.0060289804047942,0.000133439894388927,-0.000136653214331341,-0.00502227770307692,-0.0134306910598209,-0.00173743691138751,-0.0103616695919631,-0.00410420273341448
0.0048396261460213,0.00671393377063428,0.00556300113140234,0.00176806802757247,-0.00357484840171984,0.00164940849086323,-0.0132141681574945,-0.000969557245958589,-0.0122010502443658,-0.000744039595772938
0.000235268272564897,-0.00973867495818066,0.00541580805208467,0.0118576880766628,-0.00100802191714427,0.00127602675952689,-0.0127466033942104,0.00271862860122354,0.00167669329556028,-0.0026919292200497
-0.00345187682625378,-0.00123115894350954,0.0168578653402409,0.00142836594126382,-0.00665226818556789,-0.000830190869645515,-0.010300300270619,0.00276653397885142,0.0025164235544527,-0.00463124148178249
0.000271009140744128,-0.00637430885376955,0.0161225925731606,0.00160492003462742,0.00316221855277642,0.00431436580591535,-0.0126467572543476,0.00361685695302513,0.00296179518142602,-0.0020206853343216
-0.00320800529541739,-0.00779418143751376,0.00487035868614641,-0.00635162873408305,-0.00810113549513414,0.000335519805377794,-0.0114804377549939,-0.00738319430322145,-0.00940759760611021,-0.00665139764943729
0.0104472574759307,0.00165592876829082,0.0100521908684123,0.0113996753390689,0.00744324156606604,0.00268522955051075,0.000339216487956722,0.00757424665987984,0.00371835507640375,0.00775337319191982
0.00120977710859815,0.00385537436529389,0.0154312857953231,-0.00563947003200057,0.00755949701086719,0.0099766559159623,-0.00940908958349201,-0.0015529042719238,-0.00418948236269044,-0.00139062427084968
0.00711708189125455,-0.000330902629303428,0.0018693088812409,0.00104752092207012,-0.00938201282341246,-0.00342434693041539,-0.0158765428635806,-0.00797906040504486,-0.00822932879083038,-0.00412458736884487
0.00762323676830647,-0.000736335605629672,0.0137260254426473,0.00894475115294924,0.00257095567704958,0.00711138961148079,-0.0148279333483165,-0.00533913177474907,-0.00186659295444071,0.00141729012156469
0.00644995298970334,-0.00417352816966307,0.0132718799682997,0.000324213951993734,0.00434495875346272,0.000457119967919392,-0.0188396641070446,0.000902665188743047,-0.0105155844388789,-0.00797258743626126
0.00738899079374495,0.00585147393556597,0.0188708421543593,0.00452679102964523,0.0123842595969426,0.0110132109245506,-0.000927181751151457,0.00374626922500338,0.00334765919721331,0.00519059233269579
-0.00282873614566032,-0.00755897907163035,-0.00172228589837852,-0.00450608656280609,-0.00206086764007154,6.06539551191738e-05,-0.0215199033777873,-0.00313737318586466,-0.0141104362002912,-0.00770678247948247
-0.0041479715921804,-0.00865168629505644,-0.00175466240870226,-0.00404472129069286,-0.00477779646473838,-0.00631072995552441,-0.0223904038912085,-0.00525530724299319,-0.00901696359616104,-0.00991550243161079
-0.00463160967053358,-0.00833995300308804,-0.00503811435811919,-0.0095025742969686,-0.0101741447423555,0.000356742364047534,-0.021058538105674,-0.00480597758667421,-0.00844423429284806,-0.00651325057988518
0.0140067148233274,0.00812441305261787,0.0125489447660051,0.0138435385692526,0.00344134668070084,0.00976878696909033,-0.0004537417042472,0.0125469742937966,0.00404266321267917,0.0017747219184021
0.0123396683507457,-0.00050117399794852,0.0118330196935345,0.00653813290114486,0.0118129537784556,0.0133665876873496,-0.00561301132272369,0.0107168634806852,0.00757007770150393,0.00990731149418525
0.00867450151722449,0.00286154905736828,0.0182974598064186,0.0101255643289869,0.00754300648015,0.0105825754995719,-0.00429566134713997,0.0109232590463501,0.007088848196224,0.00941791318590599
0.0115887013295139,0.00664629033595406,0.00764400974967835,0.00890253635575529,0.0161432666325814,0.0102955320058552,-0.00512361852335137,0.0112250562908829,0.0101519707575571,0.00761782991389058
0.0108042440379065,0.00541541510470429,0.0129979169653776,0.00975433679039093,0.0134896230867264,0.012202171147455,-0.00477578818597123,0.00897683714934923,0.00450316791206331,0.0124079671472924
0.000874201725337834,-0.0114222186563428,0.000171528569822163,-0.00605975692604104,-0.00903347473393247,-0.0103686153453607,-0.021623595110262,-0.0047708471331261,-0.00711593964038656,-0.0117228823101942
0.0109877027204863,0.00839963704811309,0.00945046016261089,0.0181795287324313,0.0124317819480705,0.00692710456351408,-0.00403223644274435,0.00308463736310923,0.00808184370840045,0.0127749028037355
-0.000648921856791868,-0.00655266759221286,-0.00436468779033448,-0.0127444313433179,-0.0150251934942896,-0.00700267733783541,-0.0170442342621346,-0.00501865099550708,-0.0139148097217327,-0.00839905787070726
0.0223527339641249,0.00235045871281718,0.0156143402182168,0.000429344343282309,0.00945209982593069,0.00328547217478164,-0.00839693484869984,0.0127132315721035,0.00268988613982666,0.00126610512716966
-0.00867453170657563,-0.00631232847371666,0.000910255154160207,-0.00867453055003322,-0.0104382865860334,-0.0120277350263573,-0.0230148436659529,-0.00750292553765528,-0.0055341674311596,-0.0106010284876114
-0.00901321890689123,-0.0134495848862295,-0.00256912747114042,0.000118730435836933,-0.00669201132939339,-0.00448473972343887,-0.0206513092416438,-0.0114242016147108,-0.0128650824534638,-0.0126048627341847
0.0130689671544745,0.00954188652984915,0.0139348931388921,0.0133978391208284,0.0146490058560051,0.0120235224140864,0.000426367937647954,0.00985856461275519,0.00916322027257182,0.0109016966239193
0.0145611856493771,0.00841882877313335,0.0179626323784529,0.0144098895938366,0.0140869168838918,0.0153585550830844,0.00247109077210109,0.0132795410801647,0.00759218619991551,0.00790274256034873
0.0168694583611064,0.0126952900629687,0.0197998678156108,0.0158246616889274,0.015402238460036,0.0146377570245268,0.000992505607854408,0.0143458191939475,0.00894280343183057,0.0109893441710057
0.0175025842848838,0.01137767400586,0.0188953687045642,0.0170011474060232,0.016719179991519,0.0158930933243609,0.00052399750394493,0.016549591270932,0.0113928893089543,0.0148113583322544
-0.0127674880838668,-0.0162945687084922,-0.0119015620994492,-0.0124386161175129,-0.0111874493823362,-0.0138129328242549,-0.0254100873006933,-0.0159778906255861,-0.0166732349657695,-0.014934758614422
-0.0123654538834815,-0.014063265045219,-0.00662537762368934,-0.0143262551334204,-0.017178231430818,-0.0142550156503523,-0.0257830352986324,-0.0164463138893888,-0.0155816778016257,-0.0164729501326889
