-0.00424619383825161,-0.000416093828519567,0.00122335800221037,-0.000705880003594919,0.00407072999882719,-5.66442309120957e-05,0.00137002411901757,0.00164468828532512,-0.00235476558821918,-0.000342060972583765
-0.00244618402581128,0.00324706909508613,0.00272364331649088,-0.000971596082897778,0.00638692340693178,0.00382588322432597,0.00395806662721178,0.000501326275425371,0.000399178479870749,0.00199632742955839
-0.00784914875257362,-0.000110342151188802,0.00362620137590383,-0.00025111299136939,0.00149010758471746,-0.0013822293393656,-0.00295022047199865,-0.00111867640461901,-0.00560335087881901,-0.00209033854265407
-0.00675015224473225,0.00294090818556525,-0.00161720184934787,-0.00390862204170326,-0.00361295747233542,-0.0026137593683228,0.000340493177877698,-0.00515148033904813,-0.0016408805438127,-0.00288884758111701
0.00251050444987598,-0.00454194128576785,0.00234317349557506,0.000979708678242868,0.00501967162607371,-0.00177779021832499,-0.0020856006553822,0.00316001801683197,-0.00354648495446721,0.00700070103458193
-0.00264312045632535,0.00405298699138812,0.00304964308511848,-0.00506177396590863,6.90508635481915e-05,0.00565679153071154,0.000860156227552753,0.00285599342102136,-0.000478054008657889,-0.00821404177701612
-0.000866135036417571,0.00362826056781831,0.00634870230319385,-0.000118731930313279,0.00663053965755812,0.0028049763599866,0.00719032945787977,0.0043906212430658,0.00456429132900304,0.000666939724561698
-0.00733928399704647,-0.0073645411466125,-0.00253630531936754,0.000607009654299276,-0.00415666587816476,-0.00232026199382153,-0.00488932135219798,-0.00152237390539166,-0.00595645479072692,-0.00469860109578128
-0.0121427406551799,-0.00223581195684214,-0.000509134703089011,0.00315378661403282,0.00248472118155467,-0.000813290955367724,0.00257680886176098,-0.00169775568489879,-0.00736872128249368,0.00104987703283739
-0.00454687346178266,-0.00378125554257153,0.0056430789348065,0.0024054860990498,-0.00330547988421997,0.000971861011272755,-0.00577328130676816,-0.0014730434989537,-0.00774158309574565,-0.0075238341356118
-0.0083335835675313,0.00097027628009233,-0.00583655398802403,-0.000260804554020612,0.00555679254010906,-0.00205626935007458,-0.00461347368533436,0.00338568335315227,-0.00815689554333413,0.00218624382568359
-0.00487293278548496,-0.00697954934766065,-0.00481675709111861,0.0014810029774427,-0.00078622820528717,-0.00295103428044422,-0.00534355019002166,-0.00462014488105048,-0.00951347480057596,-0.00134812743182401
-0.0107146727337474,0.00300772262347436,-0.00392597404450119,-0.00647924585983879,-0.000708514876509775,-0.00106664081450719,0.00448372778574126,-0.00381649350470905,0.0021576103826961,-0.00887383116972656
-0.00943982745360399,-0.00100964836217151,0.00233864033741238,-0.00069133925626143,0.00432254580856528,-0.00413489261983702,-0.00261392314927997,-0.00531653395047432,-0.0102352976036985,-0.00949363028243053
-0.00439033732919807,0.000672141661800773,-0.00371845904689235,-0.000455764666279004,0.0111561214777167,0.0106946159867223,0.00287656333917115,0.00626619376528216,0.000789593207479051,0.00700612844913211
-0.0056686372637102,0.00580691483254085,0.0048606693820287,0.00237232056350936,0.00943206097757581,0.00667854778083013,0.00760202188315341,0.00507092961104144,-0.00424085447656369,0.00860884136771538
-0.00914470027801194,-0.00802487725388184,-0.00332484731951249,-0.00531033171999318,-0.0030215078741849,-0.00702365743382697,-0.00162036996283007,-0.00146756436877612,-0.00951999781641463,-0.00832002634337804
0.00933223400457463,0.00454129418176288,0.00921901616653993,0.00597733286098801,-0.00160777113495142,0.00543507443540821,0.00764624401273668,0.00860990329433624,0.00348403683973696,0.00618755107616872
-0.0060429211963382,-0.00947423375568388,-0.00459590469224252,-0.00498738329460457,-0.010502132303878,-0.00898646091167562,-0.00699956098514768,-0.00461514394367714,-0.00806394689506758,-0.00149738295906702
0.00207605744803716,-0.000445667054361946,0.0121469625587447,0.00552834082411394,0.0132208090280348,0.00217152982691911,0.00664205359994209,0.00596082865091558,0.00668658468628925,0.00428140347441963
-0.00756316078415748,-0.00384241984877683,-0.00642064551860247,0.00467102868618577,-0.00871934405322261,-0.00325599717975256,-0.000163509559260555,-0.00352813262056142,-0.0146982628688682,-0.00908550111464666
0.00402015643705882,-0.00393939105760446,0.0134593587862236,0.00591587862012303,0.00561227170396943,0.0143012453674741,0.00151289129497994,0.0068653051879521,0.000528646529048341,0.000626750886320394
0.0019688362939995,0.00399286201636904,0.0183960842639859,4.37529417667325e-05,-0.000835009778430618,0.00930252586927086,0.00760723417495138,0.00388456796376583,0.0104493405367117,0.0013148128584654
0.00921140946281383,0.000420455378190366,0.00627051522724441,0.0101585982945934,0.00723051267475609,0.00810226610108942,0.00912465151304913,0.00289170713284414,0.010678494985824,0.00885894252925357
-0.00239524321641801,0.00824255661732163,0.0124738223308704,0.0142900305004628,0.00797279832267501,0.00389367913551471,0.0146288877124748,0.00842192385309256,0.00225067258752138,0.00296918718988263
-0.00827534326342148,-0.0111727054374363,-0.00690746522423359,-0.0127160660808568,-0.00471109108191282,-0.0100369989126686,-0.00553584651521683,-0.00769076559961623,-0.00599042245392652,-0.0129933706414216
0.0101415491342283,0.00867193290838562,0.00589452425604093,0.00682690052198483,0.0124009949658542,0.01140484064142,0.00516570462785247,0.0102827572913694,0.000958324980702974,0.0132574614876916
-0.0137788528667963,-0.0087531145456244,-0.00737154548795012,-0.00814332522923547,-0.00444436450934316,-0.00904494760546791,-0.00709984529935836,-0.00841143428255644,-0.0134056954884336,-0.00907762779350189
-0.0120903223601275,-0.00591525360830148,-0.0068890289519741,-0.0127160660808568,-0.00765510038643606,-0.0068380345539955,-0.0103213760431455,-0.0142706075956771,-0.008852653722213,-0.00760076100551949
-0.0138388777030534,-0.0105534070954524,-0.00792973428753544,-0.00898901270597042,-0.00612068001721514,-0.00908195906375088,-0.00893269253452327,-0.00860345652266933,-0.0126691495570983,-0.00974372236272104
-0.00857589189011389,-0.00451241083087834,-0.0109536183757835,-0.00990974302732063,0.00148812827126276,-0.00566290416471524,-0.00974487929131803,-0.0097325925413663,-0.018168396485218,-0.0131332082153306
-0.0132825242016435,-0.0160949817824652,-0.00778061847141112,-0.0128253820203732,-0.00483954026499389,-0.00820239154774289,-0.015373122729098,-0.00639596411146232,-0.0142430555720854,-0.00386026693229013
0.00370475168506423,0.0102764651613966,0.010731913009283,0.0085400916466856,0.0161667227853087,0.0120131723668838,0.0144168582362164,0.0127944108111796,0.00693823061169326,0.0108921027783143
0.00962871294729951,0.00473443690338796,0.018115653072816,0.00107386443147275,0.0181205003044429,0.0124164196312696,0.0122787406015002,0.0109704632391267,0.00501861375254058,0.00854186173254566
0.00935830970450132,0.010287120592462,0.0101302086811375,0.0187141955948795,0.0196464537362616,0.00693708727611995,0.0142039565015988,0.0161685669624978,0.0093961385548747,0.0169192736989013
0.010467609474222,0.0116913266982882,0.0126687616102021,0.0157319060836967,0.0175981299733053,0.0143414114435731,0.016616166587976,0.0186359564415064,0.0134607025047036,0.0149325474139551
0.00993684151056458,0.0174171784642202,0.0213689126421748,0.0168336797383549,0.0191587458287758,0.0166011085901249,0.0151482576695554,0.0150697718479902,0.0112353634273002,0.0139417724099612
0.0116713562046634,0.0155014562143954,0.0171409080451253,0.01521167003932,0.0199882800417422,0.0158609058120029,0.0172875741619325,0.0175622383282401,0.0135627844546958,0.0155754890703312
0.015315977697629,0.0197422546842177,0.0178908422540113,0.0165399714551214,0.0236029524027926,0.01919853086454,0.0163639089307712,0.0162465490621277,0.0153135667818882,0.0141337098672627
0.0161731460575644,0.0160694059829397,0.021437789000294,0.021176330019212,0.0202246822753093,0.0189513913652237,0.0176420721391802,0.0217658192204803,0.0166652973314753,0.0174281148132634
