-0.00424619383825161,-0.000416093828519567,0.00122335800221037,-0.000705880003594919,0.00407072999882719,-5.66442309120957e-05,0.00137002411901757,0.00164468828532512,-0.00235476558821918,-0.000342060972583765
-0.00528247380739124,-0.00358035008621369,-7.49649810579886e-07,-0.00262630931612231,0.00174427758083521,-0.00116211882043418,-0.000738046266336043,-9.96660864528995e-05,-0.00382299003530659,-0.00332950671674908
-0.00522781026879499,0.00139358322530198,0.00259457584451139,-0.00247177452508643,0.00485373927291711,0.00196363134182876,0.000231938414171731,0.00100382716326265,-0.00284221306490496,0.00151117768423507
-0.00404107417955429,0.00136649130143003,0.0019043269675493,0.00215447034541485,0.00534373962453602,0.00519399949375169,0.0025786733777818,0.00346477901204865,-0.00389225098562839,0.000922877010311272
-0.0058523493314846,-0.00367779224243924,-0.00213493019175395,-0.00504425873542389,-0.0021739189967545,0.00229520090313791,0.00251366552256937,-0.00274934003545144,-0.00320916241144152,0.00317491184560268
0.000165543405535735,-0.000285856584889884,0.00211109520715699,-0.000633562327658905,0.00669974280871805,0.00461027194532177,0.00377371954906764,-0.00339435501482963,-0.00529985664269116,0.00162673615470465
-0.00202484452403767,-0.00222136044993259,0.00171181244218608,-0.00337108781966752,0.00247670618538664,0.00147658425569026,-0.00638948184704283,0.00476773224245273,0.000323194418360947,-0.00712885177357361
0.000103955609743501,0.00404096626673076,-0.00350202256274768,-0.00127923183319271,0.00586148778335361,-0.0046872775418337,-0.00340750696890648,-9.98437604378217e-05,-0.00660742157297173,0.00228686102943465
-0.00234309329037208,-0.00283258165180308,0.00584049165423509,-0.00448944339158581,0.00269501356909472,-0.00113381386380019,0.00533484126728634,0.00556629989690309,0.00393624248250099,0.00259468629699903
-0.00892285155333417,-0.000460928557111185,0.00752195175663118,-0.00332522958565917,0.00146461013316571,0.00370338040627517,-0.00454799948267183,0.000799747999694561,0.00136147706895947,-0.00441222376993633
-0.0033715216355525,0.00819420056427679,0.00200262075685258,0.00388276738848536,0.00274555337488362,0.00121969191146556,0.000967829027656106,0.00980348384814215,-0.00295240988009198,0.00444587482951911
-0.00461289819737405,-0.00499276698945176,0.00265801984332229,-0.000832935506591265,0.00834167677373291,0.00510853155165889,0.00685451869172036,0.00254884701535736,-0.00293892117281776,-0.00482816974420793
-1.89276071975754e-05,0.00816140973683152,0.000253262355722026,0.00586715689828878,0.00086958803640504,0.00137834870097125,0.0110627859248709,0.00139697355591194,0.0003220921721018,0.00314180831762551
-0.00561873139962807,-0.00399391437672479,0.00572892755022509,0.00206842582127994,0.00944405400715806,0.00114818142904579,-0.00647102073145288,0.00425721335761835,0.00191547419779639,0.00263341233399405
-0.00347707169581569,-0.00658125806719056,-0.0109216546249049,0.00291316388768203,-0.00475622199590611,-0.000457812600928843,0.00252344306191043,-0.00495143147637332,-0.00670713356543154,-0.00066294456205725
-0.00611678710805927,0.010093280705549,0.00447855797974415,-0.00466893814148601,0.000352147920463629,-0.00810375667364493,0.00190171400954837,-0.00527050036237913,-0.00587273394318363,0.00153769668902175
-0.00461979015118167,-0.000563996176762958,-0.00218391410173046,0.00620995762010369,0.00669059510324023,-0.00214701410031067,0.00975640407932,-0.00614275456684491,0.00773083162889324,0.00379280267119702
-0.00354685125927533,0.00493181521438532,0.0029621365136748,0.00632422569876306,0.0101489832146617,0.00629541375329314,0.0103889156005133,0.00235071120108659,0.000629560705166789,-0.00441656256329469
-0.0144000055731697,0.00306276131125631,0.00543322900242363,0.00253809061428827,0.00159781902666003,-0.0067696141828007,0.00573262955064172,0.00481639586422022,0.0033644932599595,-0.00173749533258127
-0.0104437917703332,-0.00020954929564395,-0.000118437975131613,-0.000968837786699622,0.0104664306097203,0.00812293935696306,0.00107528672162279,0.00412843264236882,-0.00724616722855003,0.00589771508000132
-0.00513624212473738,-0.00853479852031439,-7.43433724533678e-05,-0.00858652701006771,-0.00611151150250699,-0.00135148884947092,0.00503869603357253,-0.000843543866058491,-0.0123797098658555,0.000149773369020081
-0.0151367967298464,-0.0046806112719854,-0.0053235725984971,-0.00463523334175474,0.000892675765739766,-0.00581365216893991,-0.00395620439085056,-0.00684679059715348,-0.00811274210978518,3.24242583749864e-05
-0.00689844131026467,-0.00156277196160034,-0.00941574041549035,-0.00856833175014572,-0.00303171414601427,-0.00912854119855944,-0.00350605968615559,-0.00931752114421263,-0.00796299294544869,-0.00200146324782623
-0.0131501270179205,-0.000668775365449628,-0.00632479541576882,-0.00719035218349804,0.000245234163431349,-0.00323688019889074,-0.0125277435304692,0.00344654707013504,-0.00480237168421907,-0.0028730847984833
-0.00610501254719212,0.00182736566566993,0.00915315608908426,-0.00726523230529592,0.00829974235791209,0.00635977296799601,-0.000684389825874803,0.00788182144684411,0.0100063979981122,0.00675880677961407
0.00468972239665488,0.00149057586937171,0.00775610330237283,0.00337715090551311,0.012602841856197,0.00257094652989958,0.00605645457119323,0.00974359018108475,0.00491052486849612,0.0108138402616678
-0.0112629215896771,-0.00482548938811644,-0.0106871250514776,-0.011751113930475,-0.00680296415098586,-0.00496398354327037,-0.00688143669320677,-0.0071532941990965,-0.00385658131413122,-0.00649504708393287
-0.00180741628571868,3.36062680312893e-05,0.00982005927218389,0.00789335236660249,0.0146109602016329,0.00591780518002102,0.0131453824681109,0.00355975979533493,0.00485130092115387,0.00858937920315345
0.00535098169168361,0.010956106288742,0.012620496444335,-0.000146165481079075,0.0147521220359987,0.00358131947221078,0.0095846312501467,0.010142404382037,0.00783712316167988,0.000583386525045379
0.00461003485821698,0.00810135024474877,0.0101233743384336,0.00818710553329392,0.0126527422661393,0.00854102112016217,0.0104647668602252,0.0107241987050011,0.00621812238469501,0.00812923535750558
0.00771782823790367,0.0122927582664685,0.00900872874295302,0.00888183848520838,0.0185147192635396,0.0019075643534372,0.00912717694163534,0.00720133827072181,0.00204540550292144,0.00568021246336905
0.00487487342511246,0.00478233016303557,0.0116961106433266,0.0119444603785277,0.0130582246815528,0.00297894306043448,0.0134156971030661,0.00627429968632143,0.00284369105715303,0.0150780519930072
-0.0155097428785316,-0.0148468322627851,-0.00447525328885649,-0.0139861364245015,-0.0027715015077239,-0.00812241385426582,-0.00492535631289241,-0.0154776738504008,-0.0116575499132597,-0.00595878060279842
0.00148835298744987,0.0115774814023018,0.0119268028916184,0.00544496974836714,0.0182761757032595,0.0111059425529508,0.0106274526917542,0.00885083080217106,0.00271364034223658,0.0177064325336772
0.00878675301399038,0.0137197216097855,0.0131474970867593,0.011631138013773,0.0154003020135615,0.0136574460351293,0.01688763574857,0.0135646906977265,0.00851921328552664,0.0150588997284565
0.0127621005959565,0.0127023151712372,0.0152427200224665,0.0134805635879851,0.0112425614904313,0.0131938372389478,0.0171830191126539,0.0129422013946513,0.00999106901937932,0.0161139901340304
-0.0134667305268796,-0.00973763327909457,-0.0125625727225206,-0.0143069391654687,-0.00772572297127884,-0.0172590551891062,-0.0153236045270534,-0.0162580641943894,-0.0133272145372691,-0.0164947138446553
0.00796041040100791,0.0110442911521538,0.0097720302947385,0.0180303629869197,0.0166705591021124,0.0105195794812247,0.0188120086097441,0.0176349236054301,0.0106223024495018,0.0146076376303291
0.0113548091800324,0.0156568114990912,0.0196796918493725,0.0126805847340755,0.0158104896061387,0.0151944680240483,0.0178454965024503,0.019940852262465,0.0075632272325508,0.00856947122443128
0.0099232297151115,0.0154062243369089,0.0176327883535922,0.0108813172869544,0.0154011184467898,0.017766572724285,0.0201190507947724,0.0185056659930847,0.0164386710932376,0.0151020660299283
