6.01536250183019,27.3286137545768,20.6161968438462,34.2610091257948,-13.310878513032,10.2702636678506,46.2107596865834,19.3054468712897,27.6365029652822,5.49048795825409
-18.2569661430902,-25.1938391295977,21.4060495023099,-6.36163744396256,-29.4636518691995,-0.167216820437019,23.3777460261486,45.9919582001962,-10.7659349694715,42.8017409365351
-18.2569661430902,-25.1938391295977,21.4060495023099,-6.36163744396256,-29.4636518691995,-0.167216820437019,23.3777460261486,45.9919582001962,-10.7659349694715,42.8017409365351
-6.81383422653633,-21.5558184335383,6.09280607533236,-26.4001896806882,4.37311001239696,-16.7841784806391,8.96813069238067,-32.1164025404477,-40.4663018049394,72.6757766546503
-5.84868391467532,12.5138448373867,-29.1093697072146,31.4933170125748,25.8760276704227,0.56379813075381,16.0903163201606,28.8279528230361,79.0697214967862,2.62156002390027
12.8287241137072,-11.9571005311374,18.2230344506838,-57.3546749676424,45.2368133668345,-39.7078831852963,-23.6074221315984,18.467575065676,-12.8079414791622,38.6888685250557
-64.7201759599168,-47.0272752811778,-29.0647326072483,-12.5275299605403,-10.145156400268,-21.8691062541977,26.3068051394161,-2.31590582286138,-38.9546824126102,0.271384449530871
-64.7201759599168,-47.0272752811778,-29.0647326072483,-12.5275299605403,-10.145156400268,-21.8691062541977,26.3068051394161,-2.31590582286138,-38.9546824126102,0.271384449530871
17.0686570891755,11.7038707090345,-24.332676357933,-18.5393263395347,-100,59.0063004675005,2.26356372663224,28.6018870548022,-3.04003277882188,-9.29564686164684
31.6998806182059,-47.2794206757405,-11.4990795486564,31.4802858705904,15.7869189719167,13.8782320493053,-40.5004525271343,-3.1179131943668,1.2030156833114,100
-1.42730726189893,-77.5520781258173,28.3716687506633,30.5105889008934,22.6682321032298,13.8406277453966,5.13446810778637,20.8052894200123,63.9555409358367,64.3818964498595
-30.2374173392271,6.34431423766863,3.87016509781446,-14.7557595461463,-38.9270741745998,38.9504844798626,-6.66148205343949,92.1053916721127,47.4445147121734,56.8541243218904
-29.4403519198335,-16.5314234086125,-0.435617534403562,-16.0393263395347,-46.9162374531668,-32.2303907691907,0.834992298060815,22.411410864326,-22.8380125768017,23.524865958866
-8.52892307650611,-13.4267336976184,41.668011222096,56.9751376945726,13.3979287029648,-28.4790818951082,-5.38316989459097,1.91376859253914,6.11101850736613,-12.5438900423578
-40.6928635789876,51.6165056979885,43.5152773742496,-1.49257034085291,-66.5006889062365,55.5554231127292,24.2136916896805,-4.96456353893425,34.9310347274982,65.4333198839036
-14.5870154041739,-50.7657117043063,-18.8707170187358,100,-45.308827401875,-39.5946126866686,-20.5538779054753,35.0350994322775,35.9743299843623,13.5519462756059
20.7202974880425,-30.7155899858792,19.2741931309683,18.3938374746549,4.75270165962645,66.7803331286709,9.43394391751193,20.6991679756986,9.08242778180832,27.567858513482
7.93627177109249,57.4742767242933,61.454321994145,28.3988356671734,29.8400045671565,36.0843720314712,65.8258802137255,58.2437131345499,3.63950368060461,61.6648545666087
38.1582196446873,13.5923500183131,38.4733397009891,71.6306963751933,58.240845624899,19.6452636678506,-2.27408879826508,20.0573265705378,-0.787739458960196,97.7981802659464
88.8866488652511,40.4796054921295,0.907620890147179,17.2866790061805,57.0502574263865,16.30673061027,44.6546077303594,63.6837810580835,-15.9765058865721,61.6867656656393
-12.8403123789509,-21.8141600634179,-7.32819435809574,23.0220195427895,-41.8804425891397,-11.6452307980542,66.015478650051,62.838980952009,3.59011244471542,-5.34183591036056
-81.9005391470323,-71.5457653771163,-0.143581830909213,50.7300265746539,4.5222195456974,4.1388997544229,64.7137708047463,44.2088831719349,-57.3736717095969,-15.1295393416568
1.85860920593711,0.0324529387980022,-34.4357354154432,22.2101204798325,-33.5573341541053,-49.7744098844602,2.75395972377911,19.8771399250561,-70.2230712387452,64.5734029890098
-7.0735803663469,-33.8562548505829,43.2477165390234,3.3160514516096,-12.0110662852322,31.8959571283167,45.9204997542364,69.5725055360663,1.30614263785863,62.0786159142043
-12.4778792589848,-38.1368825460488,-11.8509591005054,55.0882544651912,-34.383924133831,2.88651100203414,86.5176279013361,100,-24.5102850962103,-18.3167711580655
-69.6618390988837,57.0838480984261,20.5733732988323,15.2359347045575,-29.8201191369694,-20.1328351094341,-13.2482590318151,64.0014182518339,-17.3769368920994,100
-7.0735803663469,-33.8562548505829,43.2477165390234,3.3160514516096,-12.0110662852322,31.8959571283167,45.9204997542364,69.5725055360663,1.30614263785863,62.0786159142043
-21.2691068693215,12.9621551912705,34.4787210916294,71.1509618703968,-25.3975895043182,6.56552466112628,58.9025443911233,-11.675472721339,-57.0546244082768,-35.6001670986349
-80.071979978368,-95.3175032465936,-16.4501179021951,-42.3333886599634,-32.4649978721213,-41.2973790066506,-64.3952447908686,-34.452867882116,-15.7433926362948,-7.64821052278212
-18.256208277606,20.0567356790158,-2.22760736136014,-10.1705859510845,-2.16156523371205,33.5501323698007,-84.5876100665173,-63.3084536269898,-89.9814924966007,69.3424433213169
-8.54597354819039,0.420430174391868,12.628393380588,42.7970591375375,26.6184386489006,66.7803331286709,29.4354281360595,83.7375385592429,31.5909129469586,22.943276465703
-23.89437764261,-32.0399506945673,-83.7894451812862,48.2469791397468,-39.6052308260493,-30.2894114832648,-30.296508199993,-21.4604952197556,-55.3893700016134,25.367701965291
-79.8189904280853,12.7275200510619,-26.3296120450621,-100,-68.8918002256421,5.02713064286681,-35.8144455846013,55.7096732531436,-3.87145497380203,36.4724917009189
-8.11160603644083,-30.56010734562,27.7346607691369,49.296614511884,-0.90206855347764,33.5606662573418,47.2952520141346,71.8396888128771,-2.51539144845282,24.1572318284086
-17.5165724231427,-55.6126999128784,-35.0168929741741,-2.04945260839399,-63.9848106912647,-19.9080028810744,42.4185041679306,51.2431141529664,11.8141622542973,14.7858412065179
-66.1761221654731,-30.56010734562,3.73466076913685,29.296614511884,-9.99297764438673,21.0606662573418,23.1573209796518,47.7017577783943,-69.8230837561451,15.3337024166439
-64.4477081885574,-90.0554966171103,0.833230028355409,-53.2878002676653,-17.2917565449902,-59.3916954869266,-45.5790754972256,-13.5921919548822,-84.0293469163708,-8.90878593057264
-31.7330081487107,-77.8498358666189,-62.0969984554598,-30.5430857149217,-62.9064025853341,-39.0284005202302,15.9553183147596,50.4359734386966,12.7512372547741,-19.814177768251
-1.08381232355312,-22.0272752811778,-24.1466998203631,84.9724700394597,32.9920985016928,-5.20243958753105,99.6401384727495,65.4260296610096,1.78605832813052,87.7713844495309
63.926819227173,58.5325303148727,1.41705027382546,4.1081231889406,-13.7195205625958,8.71581699963862,12.2482028293318,-46.89613994219,92.9533955237438,-57.5540927060302
