-0.00282952355175201,-0.00101938684614196,0.00488227410611307,-0.0014559051876864,-0.000969468342877788,-0.000263191825914948,-0.00135979730190396,0.000279609923729407,-0.000760670562722147,0.000489514372051175
-0.000978461598732663,-0.0010723090724401,0.00501658487489952,-0.00128432259024806,0.00157478189751492,-0.00255837017829081,-0.00297780970416468,0.000921295669394199,-0.00361364116092099,-0.0032153152542021
-0.0022736784065885,0.00020214375811138,0.00750611163703045,-0.00133799625309469,-0.00300108853258582,0.000541014378864344,2.16325344614895e-05,0.000710636441800039,0.000625905291153387,0.000723345455426568
-0.00347808597080276,-0.00347597146317781,0.00510006316725036,-0.0015670786666762,-0.00190460885735287,-0.0025263542313361,-0.00287063412550812,0.0011126441610478,-0.00253507672463559,-0.0023558526670609
-0.00368971734016543,0.00216882125856439,0.00305198871844931,0.000487163786789314,-0.000689158543443366,-0.00434279807470652,0.00214014109009901,0.00670893846199366,-0.00547317406387429,-0.000971373999374847
0.00299930881930114,0.00486170125795867,0.00571107105810372,0.00879604760618242,0.00253759223640976,0.00166037137168101,0.00289501010546329,0.000191287365324023,-0.000738920531006837,0.00690422569811742
7.58729378803231e-05,-0.00548780646757153,0.00839758487879492,-0.00461073737658015,0.00359113742419219,0.00375136402611661,-0.00228280415744783,0.00245998899299512,0.00436593003017627,0.00573969578366153
-0.00316948209473808,0.00301812749400944,0.001000040242391,-0.00418783773725628,-0.00627983350399903,-0.0104128977307669,0.00236093634492175,0.00516858081789792,-0.00135095998455717,-0.00291695062354214
0.000599933414603859,0.00193808558997746,0.00439701584389281,0.00368630490718824,0.000804257372744747,0.00906686439723341,0.00647991979358311,0.00165715577663127,0.00833622902599413,0.0067266674955036
-0.00845563811192607,-0.0095680806993756,0.000196725479116064,8.9103428231803e-05,-0.00241781707006453,0.00120639500592805,0.00457101791021266,0.000583825566910014,-0.00403967918636468,0.00951900444294815
0.000525108464225777,-0.00416129581159158,0.0099501400037116,0.00270534518524969,0.0110232705489254,0.00132352039792764,-0.00175821027908666,0.00475703160156512,-0.00111399146656884,0.00552197459667469
0.00912440466004312,-0.00526491459962483,-0.00013472400487718,-0.000645728942166653,0.0113988144130615,0.0025212426749628,-0.00220896128847936,0.00030040654797074,0.00424072529924757,-0.00690537623844672
-0.00156861440894087,0.00453810244694399,0.00668156125263331,-0.00204925772782911,0.00873120147438375,0.0083929962467335,-0.00020815872436065,0.0104593348222708,-0.00108534255563818,0.00390652968259552
0.00231129449722596,0.00610378015165775,0.0114002653581481,-0.00073342281140618,0.00571850930479061,0.00604615247759387,0.0073414198622815,0.00269209905418722,0.00270702547748877,0.00596586577105546
-0.0141184422743181,0.00660163424153161,0.00590688748871304,-0.00197160560864793,-0.000645128979382493,0.00223150693750131,-0.00524957834288022,-0.00515085404874184,-0.00477975963384883,0.000534708285953632
-0.00232254710838056,-0.00224793587130729,0.0127616767147284,-0.0108896424695078,0.00184923810298439,0.000779508928514073,-0.00874388192428018,0.000779686748692529,-0.00379214941007765,0.000532906924285802
-0.00587143032877814,-0.00847681727066541,-0.000776757167533846,-0.0014359933292687,-0.00748926898221992,-0.0044750747542405,-0.00791564939901433,-0.00704713409043791,-0.00770048242226621,-0.00656612006586715
0.00172807102954435,-0.0137349318704676,-0.00238211567098632,0.00619870734214811,-0.00998870334547738,0.00242335885843546,-0.00538708885021714,0.000340282195237538,-0.000384063309432982,-0.010186626651522
0.00357564283385336,0.00634973520370498,0.0103128364213477,0.00802359528647421,0.00152205195777104,0.0037120111951203,0.00578600033685026,0.00981347495746954,0.00248155690795636,0.0100178074952675
0.00399337629181589,0.0061936166535156,0.0151296891393526,0.0026762246292132,0.00375312887049966,0.00537390499591979,0.00286058071569314,0.011951414442344,8.33804056102122e-05,0.0013473938457153
-0.00535906910937046,-0.0110015238568913,0.00235200242947655,-0.00168478833670647,-0.00518342447843252,-0.00928705851484158,-0.00742175203620202,-0.00622091451812544,-0.0103011954542303,-0.00776824749353744
0.0106702633632692,0.00601337916016586,0.0153068019445256,0.00607082143620036,0.00454376416329705,0.000653118919525696,-0.00196201096630743,0.00432373967362423,0.00501398602979386,0.00922855338104048
-0.00808272581747912,-0.00696193469357163,-0.00114592704334095,-0.00594479068276935,-0.0120893487886564,-0.00843153966499113,-0.00969632249950294,-0.00124015478521093,-0.010375894642487,-0.00442961128682759
-0.00062943480712876,0.0075912020232798,0.0152658379082046,0.00204584476042253,0.00691264474449523,0.00606088405915944,0.00779022704763548,0.0118640050045916,0.00295121440540323,0.00117104877367834
0.00195990408667702,0.00273593421273198,0.0101468395712986,0.00395763290115971,0.0101337211973407,0.0134646388831169,0.00688984741218738,0.00484297111687753,0.00543467984295306,0.0103087542510528
-0.000263298530894236,-0.0107712235700378,0.000793006927292394,-0.00818626203510068,-0.0084498517596348,-0.0050949427279156,-0.0118067736266941,-0.00731770056402602,-0.0117089147986768,-0.00578967669771614
0.00708993246593856,0.00578011294845187,0.0119688338113978,0.0112179571101403,0.00618749370701037,0.00915835870390596,0.00875509295750606,0.00519956709655005,0.00226301414782213,0.0100716541219679
0.00642863063002491,0.00823876733563497,0.01414042828789,0.00780224899409053,0.00828868583889914,0.00899496235586198,0.00789835687987296,0.00953776410550633,0.00849748361905478,0.0097476685538281
0.00611487029351045,0.0032211271813484,0.0157316816730741,0.00183743705576168,0.00980184327799014,0.0100963936849744,0.00803445532952239,0.0103828968838755,0.00393905876583769,0.0139869744981366
-0.00935538771447103,-0.00859915178857018,-0.00568639088037949,-0.00738124034716517,-0.0135544287326484,-0.00585128375319864,-0.0105375487116677,-0.0158486829245726,-0.0109438567859627,0.000335922129285047
-0.0131767920846726,-0.00799151059072986,-0.000119199088891919,-0.0122037953852751,-0.0119557284309441,-0.00919642402268778,-0.0133610212490274,-0.0103333147435367,-0.0100187489448262,-0.00388233597236208
-0.0114550881676372,-0.00897481773271474,-0.00739310664541867,-0.0107493345516894,-0.012097422627357,-0.0130487731967738,-0.00900716799588757,-0.00788210627978281,-0.0128352403623794,-0.00592167632879614
0.00881649465142696,0.00513658694906975,0.0195221905058154,0.00418859881153157,0.00557991795883126,0.00776538848749929,0.0134218816989239,0.00947345149851742,0.00918602866585323,0.0137592881636077
0.00733060468649506,0.0106313433566606,0.0164394578859932,0.00803608443831729,0.010661112205217,0.0121454041053159,0.011566321240076,0.0142391752195931,0.00962687439135388,0.012873889508876
-0.0156263761212825,-0.0106651812063478,-0.00915294653042463,-0.012116868204063,-0.0123979526647211,-0.0114032806937622,-0.0100299483114648,-0.0092638555628927,-0.0158218453965697,-0.0116908789589378
0.00504643773139268,0.0105461482106106,0.0135150195249093,0.0168468774519239,0.00688045888655488,0.0134557238502158,0.0160085975562881,0.00876152708847664,0.00737619563776437,0.0199699082453813
-0.0113157498056015,-0.0128250787400866,-0.00877242964102632,-0.0107827408477892,-0.0164012396823924,-0.0170085008109218,-0.0154193427856219,-0.0131319672610417,-0.011274135181751,-0.00640668356624585
-0.0124421971420007,-0.0095509902413573,-0.00669799617486924,-0.0159339766831945,-0.0124711522467558,-0.0142102514378754,-0.0171548171725688,-0.0109249224378072,-0.0135022465340871,-0.0115096270905062
0.0132447692795132,0.0106273300274009,0.0192732949407336,0.0146514939452506,0.014239241832861,0.0107842456826247,0.0105080592941448,0.0133027778901329,0.0137790536031441,0.0134116319796337
0.0121527527710452,0.0117495271504558,0.0240383447896888,0.011595091837084,0.0157295565494031,0.0118801068350284,0.01620927154725,0.0149597426285562,0.015064197733752,0.0147389830082575
