-0.00282952355175201,-0.00101938684614196,0.00488227410611307,-0.0014559051876864,-0.000969468342877788,-0.000263191825914948,-0.00135979730190396,0.000279609923729407,-0.000760670562722147,0.000489514372051175
0.000464876507146421,-0.000561674665146316,0.00672691791274194,-0.00120855056640786,0.00298268510737405,0.00260308112067971,0.00285606236706165,0.00219185959550655,0.00235333642271995,0.00291836442861149
-0.00442145173795301,0.000775415139433777,0.00481806109802328,-0.00237119411252877,-0.0038316274983797,0.00173303437558739,-0.00271368606412446,-0.00287607162064016,-0.00292219633488548,-0.000940523888965462
-0.00442145173795301,0.000775415139433777,0.00481806109802328,-0.00237119411252877,-0.0038316274983797,0.00173303437558739,-0.00271368606412446,-0.00287607162064016,-0.00292219633488548,-0.000940523888965462
0.00343060356608353,-0.00129996556213792,0.00397954936693914,0.00209296713094095,-0.000823544746741254,0.00384679800467498,0.00567383918499779,0.00444296822304218,0.000505443702963139,0.00387613903584028
-0.00425808314179831,0.00167710847666928,0.007500594490183,-0.000787620963525574,-0.00554413345769787,0.00208901702807628,0.00144270061177263,0.00123083632926132,0.000299302219693012,0.00296349501148461
0.00311585438085626,-0.00114292089249525,0.00503638424819485,-0.00437395735060801,0.0024323464537799,0.00382713244148231,-0.00269719642599547,0.00347111781007677,0.000225507917942668,0.00710976566186813
-0.0049286840068917,-0.00472926656507657,0.00214099638168065,-0.00468804887939475,-0.00325043468728245,-0.00246311584073214,-0.00284609358498727,-0.00258223949957707,-0.00583756409617862,-0.00286522191010749
-0.00252324566809234,-0.00308523971483557,0.00800364596145971,-0.00386429509195081,-0.000465998096825069,0.00609160799110851,-0.00368843521662604,-0.000560822285830181,0.00106764700261163,0.00241608070841358
-0.0064683059304046,-0.00370707266663409,0.00135009454303687,-0.0049501436847499,-0.00401255193541027,-0.00309251346789475,-0.00455028757670968,-0.00336062946808394,-0.00393606098990967,-0.00218753179025781
-0.00439089902033645,0.00124087671409299,0.00496767108672431,0.00400993541137921,-0.000910138090948102,-0.00339958672286925,0.0108373895930176,-0.00186292406136203,-0.00173075299217826,0.00155522506902765
0.00574283709188571,0.00124714505946651,0.00816501021439823,-0.00392102238376103,-0.00700046543604692,0.00110127343121887,-0.000661047783165092,-0.00659488288340654,-0.00169633088317556,0.000155742339116503
-0.00049794046557609,-0.00582537398402419,-0.00424080617469412,-0.00110711405877785,-0.0109739366765956,-0.00142898356831548,-0.00118760070842699,-0.00288109126208119,-0.00566337817626667,0.00385166184675005
-0.0025855512117404,0.00457398543099569,0.00814243354061814,-0.00715748446625542,0.000644580673719778,0.00153533919778549,0.000540918542852931,0.00934435022629667,0.000142659819490195,0.00167129930069128
-0.00272792011877652,0.00587714795177314,0.00609417809425323,-0.00779353064783218,-0.00647446974803708,-0.00441610635551142,-0.00300438005161885,-0.00142735150885769,0.00171522619678673,-0.00515431739182002
0.000952655647524623,0.0064033641498342,0.00665751549800671,0.00625698159512701,-0.00115189375209582,-0.000588887040519076,-0.00379457610605292,0.0092801532401975,0.00372567652728975,0.0019966325627121
-0.00499627846624772,0.00212174618226849,0.01251941203607,0.00557223351747424,0.00251382586670893,0.00246167984071369,0.00126676929084702,-1.72187172448436e-05,-0.00450884166334797,1.85690459297847e-05
-0.00318989048153123,0.00215498537876163,0.0083427273934847,-0.00691548643212407,-0.00466016402237838,0.00137954566738207,0.00297261464479544,-0.00660972880656515,0.00581975865125204,0.00383384115226978
-0.00112810788649796,-0.00801578245759812,0.00746747753425782,-0.00666016643955629,0.00622406147401426,0.000601083558170664,0.00100269469829404,-0.00597697299742769,0.00750019855130506,-0.00438114006086801
0.00249956259918882,0.00636401086685552,0.00940744138576585,0.00536991191656929,0.00684352156688641,0.000783140630245559,0.00226492595111248,-0.000190744840784179,0.011004580263381,0.00501973198970104
0.00848968210634034,-0.00489971646608844,0.00598017478062754,-0.00396947569385115,0.00854084494357747,0.00571648754870189,-0.00464154684619514,0.00675165217737809,-0.00517627936906838,0.00494965443505337
-0.0100315795684358,-0.00819509491430712,-0.000465097910716606,-0.0129841328023834,-0.00133006336900351,0.00210447692570032,-0.00649021656044467,-0.00643034538996076,-0.00701478896837361,-0.00520539904008753
-0.000699977869312939,0.00701890183231539,0.0134705488290013,0.00246033120901098,0.00232396057358881,0.0104460331988999,0.00723086231374787,0.00573423713538563,0.00203678835033315,0.00809895677497532
-0.00876453267515774,0.000772689476332195,0.0076656736932475,-0.00288166356474194,-0.00120002704721738,-0.0109344340926836,-0.0107478889605562,-0.0122944911477296,-0.00204881975313629,0.00380672453107724
-0.00608768155732444,-0.00466210384559477,0.00426371605065129,-0.0027929614083165,-0.0136024510465624,-0.00541012970130684,-0.00243511717642778,-0.0113007368299599,-0.00138203362083251,-0.0124122042148398
-0.0114981935273757,-0.000814932626612059,0.000527135812781563,-0.0109045347222911,-0.00777892967662793,-0.00396772529931437,-0.00965380795903411,-0.00945503906590368,-0.011747601748276,-0.00434956103768305
-0.0150280685785392,-0.00542663075525643,-0.00157607659716161,-0.0106908882580363,-0.00312620437914192,-0.0106505921319684,-0.00907604188018174,-0.00183214849199205,-0.00830897407861194,-0.00720606794856424
-0.00765402072970104,-0.00948533832782953,-0.0038314496013388,-0.0107000621286857,-0.0100613427285103,-0.00945565569048353,-0.0109450720184827,-0.00150555566594762,-0.00911933051249651,-0.00765303612652571
-0.0105186048970554,-0.0134005133387454,-0.00423451698656854,-0.0111027135517016,-0.0114770285271593,-0.00698260208259508,-0.00701051587384629,-0.00508366262956605,-0.00675819374768426,-0.00489734174242732
0.0098843564425239,0.0100956473332256,0.0170567630454388,-0.000983211727290331,0.00272701017569703,0.00363210570722753,0.0116664482391706,0.0105994715638799,0.0065764293540126,0.00250467861963578
0.00638949638794345,0.00981408249405675,0.00682576892746388,0.00659621265070094,0.0103801738644209,0.016453945224932,0.0124765453308019,0.0136460913422752,0.00432134167494382,0.00450216072207725
0.0103432601817875,0.00896634591421079,0.0162266470205018,0.00489303633708076,0.00771677489275384,0.0128233379189316,0.0108821285472674,0.00729806118061431,0.0066355173353917,0.0140681739042207
-0.00972116585022601,-0.016181596549433,0.000267357711017194,-0.0144818960785887,-0.0134798571930251,-0.0065423229786809,-0.0129481064028832,-0.00801596536589834,-0.00739104513583444,-0.0108828502220445
-0.0132443252436421,-0.0153519811747469,-0.0107057731923813,-0.0129751704124793,-0.0109613021558399,-0.0128912189301986,-0.0120732799207099,-0.00908260167313428,-0.00391314304550889,-0.00970788727850017
0.00944452203320284,0.00918304583017967,0.0163007055872416,0.00881022955017485,0.0111739442512252,0.0125380343956711,0.011548054259704,0.0131180119244929,0.00970998799170243,0.0146743513264533
0.00930492615095397,0.011115062856564,0.0170167238088191,0.0106785445150196,0.0111649813598282,0.011871257876791,0.010774652400802,0.0124140596264354,0.0113737791399838,0.0126239640747572
0.015131276658387,0.0160667010205186,0.018128119646621,0.0102326923764442,0.0156060342391188,0.017168243058893,0.0137771751384897,0.0153748642392886,0.00905986052215663,0.00926818895759268
0.0138076277345977,0.0147295442503714,0.0191294622244878,0.0178406800154474,0.0139021057934516,0.0174715062587524,0.0168991123390935,0.0143112625143473,0.0148589233683679,0.0180788492458449
-0.0176828700895726,-0.0149810277495674,-0.013326071783166,-0.0204138817702535,-0.0168318827267278,-0.0160366028508563,-0.0168692920095678,-0.01780650024911,-0.0160930011161281,-0.0140064707458981
-0.0150858201732027,-0.0177479573277771,-0.0131652903058641,-0.0209577052776395,-0.0137469198164947,-0.0150131973600875,-0.0186635776137665,-0.0160004410151956,-0.0197376190123156,-0.0150985668128956
