-0.00282952355175201,-0.00101938684614196,0.00488227410611307,-0.0014559051876864,-0.000969468342877788,-0.000263191825914948,-0.00135979730190396,0.000279609923729407,-0.000760670562722147,0.000489514372051175
-0.00282952355175201,-0.00101938684614196,0.00488227410611307,-0.0014559051876864,-0.000969468342877788,-0.000263191825914947,-0.00135979730190396,0.000279609923729407,-0.000760670562722148,0.000489514372051175
-0.00282952355175201,-0.00101938684614196,0.00488227410611307,-0.0014559051876864,-0.000969468342877788,-0.000263191825914947,-0.00135979730190396,0.000279609923729407,-0.000760670562722148,0.000489514372051175
-0.00282952355175201,-0.00101938684614196,0.00488227410611307,-0.0014559051876864,-0.000969468342877788,-0.000263191825914947,-0.00135979730190396,0.000279609923729407,-0.000760670562722148,0.000489514372051175
-0.00421858737528026,-0.00226525363481899,0.00249938734367422,-0.00344557934626648,-0.00165624818054664,-0.00174147859725827,-0.00250183942779223,-0.000985236319533065,-0.000210125251720412,-0.000176505730136262
-0.00298770410326492,-0.00670613154480907,0.00422269958079448,-0.00376791585587488,0.00101358155799771,-0.00322782994331574,-0.00458577014397374,0.000576229120889067,-0.00346464949443566,-0.00352057283405982
-0.000758973874538013,0.000411259424469159,0.00299612010461508,0.00521919040176368,-0.00759827222646777,0.00269632209688002,-0.00647562554226858,-0.00154018682075248,0.00299081080531886,-0.000424779047887088
-0.00247158281104626,-0.00330051647722173,-0.000894424944024339,-0.00671609371127752,8.51617467270537e-05,0.00274197471353141,-0.00550042116352304,-0.00557932097884484,-0.00318105996095838,-0.00487250109531271
-0.00791588352381365,-0.00394836242912357,0.00319536504914612,-0.00662482325945804,0.000111927753118157,0.00120245782134801,-0.00470993676824828,-0.00133133781653483,0.00061861655108404,-0.00468524933783366
0.000238546603842975,0.00295423605123002,-0.00019164896226722,-0.000697860204187741,0.00634905537992427,0.00414332982613008,-0.00297941922272956,0.0102372043062727,0.00053613242663233,0.00336333284077619
-0.0105515133122863,0.00421384408165142,-0.00133910789903883,-0.00300764811894431,-0.00514105660867112,-0.00193074007358339,0.00116784417108695,-0.00223029436997316,-0.00107294472659232,-0.00593710296847037
-0.00741382399041423,-0.000879415251334112,-0.000674770658981773,-0.00336726218652268,-0.00983234264481546,-0.00506494825376384,3.01569732569004e-05,-0.000887495535649363,0.000929616302438225,-0.00627256780160235
0.00580699688841687,-0.0050780424102513,0.0020836423339355,-0.0047093234529732,0.00118237773232091,0.000709344230093928,-0.00430431129111427,-0.0110501759762058,0.00277147181529006,-0.000864819679683368
-0.00752413386137679,-0.00674662621205921,0.00618074969157416,-0.00430968053313965,-0.00518090343294822,-0.0042053484714175,-0.00648957789058694,-0.000255923866491934,-0.00426797906892913,-0.0051306224058412
-0.00921025479781484,0.00313256337820741,0.00896632280880369,0.00538042122081927,0.00891252788900622,1.77046986713269e-05,-0.0018840925033709,0.00224271314800276,0.00470603089015762,0.00110936884555688
-0.00536360129002979,3.90237173966681e-05,-0.00659885226058042,-0.00658248079507156,-0.00375125077495367,0.00108239318742711,-0.0142888425798772,0.0030886069817767,-0.00257014060041618,0.00343590196707081
-0.00639695484520181,-0.00608206918633557,0.00159858744975002,-0.00908015209878212,-0.00630122362926928,-0.00370287607179849,-0.00630154749770283,-0.00714080737899448,-0.00529094779048618,-0.00551384980900532
-0.00983384017618525,-0.00493691720826059,-0.00593143244720559,-0.00832808264379461,-0.0065755950803973,-0.00648629762824927,-0.0022322055805343,-0.0022943517396278,-0.00570410224076797,-0.00410742241437356
0.00124790471361005,0.00420382925971496,0.0100720663531401,-0.0103357530162301,-0.00875164188011446,-0.00445742386267347,-0.00249653410725488,0.00676721456647696,-0.00308044354735563,0.00134509003991319
-6.85934417383868e-05,-0.00158203803523706,0.00968845374384728,0.00577719926245869,0.0101693114068573,0.0043503153330113,0.00348885827113307,0.00506965016761571,0.00472673570709468,0.00869146801050813
-0.00734357000269888,-0.00386058594030348,0.00138431167104955,-0.00457903169011597,-0.00758001481408127,-0.0061533774695214,-0.00553129826829044,-0.0123366762416214,-0.00203006963844945,-0.00503161710728049
-0.00965504827932862,-0.00691440927655841,-0.00238681320135212,-0.00189862116217258,-0.00919851744569414,-0.00336621447748591,-0.00393432795870802,-0.00736298578786714,-0.00954360494409335,-0.0020651605096126
0.00414161180646525,-0.00194044859904172,0.0126962969517123,0.00147078778618045,0.0103615381432125,0.008774084436031,0.00230527510171143,0.000617135190301491,0.00161075146400067,0.00783535181903652
-0.00374632140841309,-0.00529354988951435,0.0045124378899644,-0.00919885101095686,-0.00224996911395638,-0.00327806091939505,-0.00883589499016589,-0.00508565096604515,-0.0132061390059832,-0.00277677395759
0.00435047552233982,0.00171830642886393,0.0082049571210525,0.00716262261575185,-0.00183899712454931,0.00705785312685552,0.0124584971652674,0.0108166463879774,0.00436831344292213,0.00108960241908703
-0.0128472736645936,-0.00262426596068181,-0.006359435827396,-0.00658684527089016,-0.006405795650166,-0.00130519541603281,-0.00505497627536482,-0.00761192931382347,-0.003962343550736,-0.0110327505652923
-0.00206810153498536,-0.0072154731860889,0.00445811474767311,-0.00563681324900654,-0.00261032446722008,-0.00142494196517425,-0.0151507464745722,-0.00883225387669742,-0.00992832799928705,0.000395178720673335
0.0123655995682662,0.000792852873278557,0.00686539664979106,-0.000716171800336242,0.00162896331075279,0.0119523663998263,3.67510571514093e-05,0.00662645412638818,0.000896000075161482,0.0137461740235932
-0.00757338657428853,-0.00903124439531473,0.00187782752517328,-0.0116710235628817,-0.00992389736842383,-0.0112794959560275,-0.00788373844908751,-0.00262123505097108,-0.00548194376134182,-0.0075223431771216
0.00607000856174455,0.00358818080407737,0.0158941476853264,-0.00221123661437719,0.00829625153750574,0.00816664723464769,0.00546112667085794,0.0099365819386538,0.00159223317307711,0.0104670693547547
-0.0140272017763809,-0.0079728011005212,0.0009161541802026,-0.00754974956801724,-0.0150873117609968,-0.00777631112882621,-0.0102991012166415,-0.00627918762535531,-0.00481208601807251,-0.00508200798239868
-0.0123436393430223,-0.00952649161517989,0.00453139863244595,-0.00894774438169827,-0.0114599323542985,-0.0121855281236464,-0.00462566528784734,-0.00801245000978019,-0.00689736018961999,-0.0088280523352039
0.0111555721204196,0.00411286509739904,0.0116978713929428,0.0120239516131466,0.0085652851115707,0.00857060295315443,0.0114865009714995,0.00340303295483027,0.00956074071247868,0.00680887505085549
-0.0101728889529454,-0.0121078680734655,-0.00501236403638303,-0.00720619695499345,-0.00172086350734806,-0.00715969494237069,-0.0075912801362228,-0.0115325956752852,-0.00574852920089298,-0.0160618891330965
0.00674367108059447,0.00622678763384652,0.0091780313400042,0.00974949081760739,0.00404363110093683,0.0141668382724072,0.00980619085299851,0.00990741235035114,0.00629047599668007,0.013287323291568
-0.0127163882701176,-0.0109705073371107,0.00158464892435954,-0.00965417854506305,-0.00401711969380845,-0.0109653088092977,-0.0144575231956331,-0.00371583742331063,-0.00449474546504359,-0.011965503764269
0.0068200217803718,0.0111947026821028,0.014599920794631,0.00869216343536645,0.00813848686857023,0.0123551221299492,0.00781044648499627,0.0126312581107256,0.00710764651660731,0.0122207539132131
-0.00945146083425336,-0.0108499552600576,-0.00656562605965488,-0.00761755759173678,-0.0140932838627695,-0.00815089095287584,-0.00927525327670896,-0.00825551561431087,-0.0153528491840853,-0.0121088471012529
-0.0162363736990394,-0.0142830399585782,-0.00951839898008494,-0.0154633656700256,-0.0136740345043058,-0.0137592649210174,-0.0145196257515514,-0.0130030226432922,-0.0122279115754796,-0.0121942920538954
-0.0172155508671465,-0.0128408699654156,-0.00943565185288731,-0.0153434092121519,-0.0158970857789481,-0.0116804505175691,-0.0162251261625221,-0.0114043145367927,-0.016927926130911,-0.0118148187343052
