-0.00174752058435654,-0.00137930613060388,0.000792803328840603,-9.55600251565285e-05,0.000175508794646654,0.000999242203930945,0.00136915678085584,0.00264247362513258,-0.00347696866035547,0.00103169426736834
-0.00063780457666842,0.000582799969252111,0.00426373633607235,-0.00199050223592466,-0.00188602210965534,0.00242546491834691,0.000638889067998282,0.00249965191173575,-0.000299128326438379,0.00213905095481424
-0.00481187953198288,-0.00326760387254559,-0.000978477645527035,-0.00530556802586299,-0.00169478007910386,-0.0029161957373063,-0.00227437332802734,0.00152619238228753,6.88623989546075e-05,0.000417602371091996
-0.00304348114066101,0.00213858912012407,-0.00103863671049954,-0.00320003691284458,-0.00125658345742479,-0.00268767117984436,-0.00481941231157473,-0.00534378815882133,0.00132128906596637,-0.00332685725634634
0.00162226352729218,-0.0002800093041713,-0.00141032180426642,-0.00410897279401729,-0.00744095430330071,-0.00310896019655994,-0.000676953152837874,0.000446899569241984,0.000701723761107704,-0.00333180502316463
0.00135510191326164,-0.000442272595005858,0.00717135682901468,-0.000481337441628156,-0.000796751022880273,0.00497740097481341,-0.00134558396468481,0.00445884779661745,-0.000392563988647272,-0.000362438956883464
-0.00337723517244309,-0.00173258997083708,0.00495932020451728,-0.00418194206588974,-0.00427807540005815,0.0044580648511471,0.000281332434936184,-0.000329900319222694,-0.000640307505711536,0.00490196253668372
-0.00588909568924653,-0.00406763609301032,-0.00146406917276587,-6.6168208253857e-05,-0.0018664615305741,-0.00113397112755875,-0.00692641056308995,-0.00280557844548566,0.0021855911045426,0.00139933023269842
-0.00794359898181137,-0.00356230484837946,0.000641477679862699,0.00105280799144095,-0.00100574444508098,-0.00462449990991633,-0.00325895637964862,-0.00350742739636185,0.000605742877864434,0.000576697973997031
-0.00208395794603168,-0.00330071195857433,-0.00134441044161641,-0.00822974985930127,-0.00227063381972027,-0.00558542573587322,-0.00169237991688246,0.00252940122620872,-0.00596056566559837,-0.00487078633545286
0.00452952868222645,0.0103767281386063,0.0038396841839072,-0.00292133192463982,0.00298644100123605,-4.00287891996511e-05,0.00429745187657889,-0.000404133321790839,0.000353110012928377,0.00525272016660551
0.00382630303409057,0.00444170590013312,0.00609392820391236,0.000945891301931531,0.00404278773064881,0.00536911404349938,0.00711040125294971,0.00685905619825468,0.0051495833474067,0.00272161636962203
-0.00123785757436233,-0.00534219933319342,-0.000974759461572409,-0.0105491152400722,0.000747705428103753,-0.0011815058581936,0.00103976666096129,-0.00265600755549712,-0.00596671788167177,-0.00784666687210875
-0.00255373773042114,-0.00587134846466504,-0.00257156279571611,-0.0103700456607207,-0.00551273981882456,-0.00400998999594566,-0.0047055661308672,-0.00545623875513395,-0.00220538299679739,-0.00186685484933579
0.0075464557252887,0.000377242341542035,0.00186839374024184,-0.0063513059952052,-0.00226076477420799,0.0103743485328309,-0.00385268110992718,0.0058587672972691,0.00446664761092673,-0.00113726517022955
-0.00107114781941469,0.0033104480335005,0.00584075475462082,0.00382963667606105,-0.00971814126065483,0.011813749077844,0.00152266636263119,0.0020262994853267,-0.00182438192910733,-0.00112633180370791
-0.0053181248746028,-0.0117664709124483,-0.00764280581193658,-0.00519100309810639,-0.00463193587188568,-0.00404817796584199,0.00264827797257863,-0.00544831973259258,-0.00298659625783441,0.000778244427190562
0.00430177245687618,0.00398600352479474,0.00546797374993995,-0.00411667529458036,0.00603498490581108,0.0127288860646214,0.00051140769470458,0.000676553246104933,0.00430901486326031,0.0063230398166917
-0.00351015951616026,0.00464362576997764,0.00726963976688699,0.00211853302062878,-0.00989258709928994,0.00466635180847212,0.00728767402999117,-0.00342612412652096,-0.0114250179332579,-0.00156422066572383
-0.000922566410387642,0.0120506268408176,0.00649173033026651,0.00653183800826837,0.000998373447462024,0.00989971945480776,0.00554422087404456,0.0103800385334198,0.000890168193184567,-0.000556428397373892
-0.00164587913383341,-0.00140293879715836,-0.00180718085950626,-0.013098751822584,-0.0111591575539502,-0.00519385631519932,-0.00487924552897616,-0.00170836383710679,-0.00741609942776082,0.00793481207335497
0.00910025680038583,0.00659700076994197,0.0103591369536134,0.00443946396512038,0.00583521873451224,0.00344644382887282,0.00473803174506154,0.00800204743182347,0.00740708891630911,0.00692722545472832
-0.0101463390508328,0.000409135552804521,0.00525025791170271,-0.00908888440371914,-0.0041804735008121,-0.00957751277133153,-0.0129560751648411,-0.00248434526861207,-0.00637302967732315,0.00449386620327124
0.00583170101890153,0.00260774302309935,0.011863863266907,0.00428450891346301,0.00124059860594931,0.00646298690925727,0.00456437653981073,0.0121774781075891,0.00765094054151305,0.00949583965489725
0.00273017573923205,0.0028435942583873,0.00666444968493922,0.00609308707025756,0.00307829306410785,0.0118226597571893,0.00593958338100441,0.0100919960790464,0.0102462502096599,0.00857307230694594
0.00234930800548699,0.00771566805659252,0.0125363267259207,0.003356163653401,0.00104610117422485,0.00666517322943752,0.00858936367811992,0.00891884757865005,0.0106417118953169,0.00697830576679453
-0.00147016445917565,-0.0126810292277079,-0.00477412300348623,-0.0118023749216829,-0.00694565893429396,-0.0116815640754695,-0.00275553708207039,-0.00851189249782082,-0.00246520888869371,-0.00309421838317378
-0.00317837286689233,-0.0103116116596493,-0.00833004725366754,-0.00501122967382082,-0.0148249450917599,-0.00270514179095387,-0.00377920264173393,-0.00583036084632588,-0.014110639496137,-0.00400056708267222
0.00833276992848195,0.00848570045990013,0.0122104069546361,0.00455564740815114,0.00471089594350207,0.0115812006065705,0.00584543469881421,0.00901885305885923,0.00769042401050286,0.00991373771327089
-0.00595013961487342,-0.00393090689907179,-0.0085207967202924,-0.00891732506462088,-0.0106882038188392,-0.014285352858127,-0.00303237665097542,-0.00870267653586595,-0.0114460833710025,-0.0132408257137957
0.00686058964276774,0.00643446542583964,0.0152399358580874,0.00819225444705596,0.00451073070150483,0.0128515389669008,0.00308087570878777,0.00968733288011049,0.0111849460640715,0.0106310922470141
-0.00526253116576781,-0.00961678107797545,-0.0109450917939347,-0.00934216033740824,-0.0148713128852101,-0.0055847741197768,-0.00895370357780891,-0.00695821026819479,-0.0117805728326673,-0.00926600535144551
0.00935661619579298,0.0106432909045673,0.0153076220684065,0.00304955994737344,0.00564060244628054,0.0110007570262143,0.0114304081371509,0.00420290803030137,0.00832080835403824,0.013332801122745
-0.0124912306585845,-0.0125397334764894,-2.65589754247422e-06,-0.00911361524367499,-0.00653730924040384,-0.00615028226345229,-0.0134053982107261,-0.0095300803439442,-0.0150612437367124,-0.00534916619503697
-0.0121302826526577,-0.0100045071916826,-0.00235909469053474,-0.01430752500735,-0.0093276966217561,-0.00679896404878102,-0.0130563434708633,-0.0113845652328611,-0.0101516297842126,-0.00755117021869276
0.0109530060117531,0.00955761522123831,0.0129793892834221,0.00966510777052979,0.00879241753475129,0.0132075540375663,0.0122769232668433,0.0119666186525392,0.014479217498978,0.0130580210131962
-0.015168297547163,-0.013523652345557,-0.00683174217020268,-0.0159730044406097,-0.0160691377747781,-0.00733299752357286,-0.0115097299397838,-0.0121209626939427,-0.0124313698804315,-0.00688909983803624
-0.0140847275292877,-0.0156089926956182,-0.00412738239779031,-0.018028191111356,-0.0116261936486311,-0.0163120535754079,-0.0086981710541467,-0.0160294384359113,-0.0132986773865594,-0.010734063107132
-0.0145448568650154,-0.0155123122653354,-0.0140020338910844,-0.0189496926427356,-0.0158338485892688,-0.0142999071793524,-0.0133753519683289,-0.0146480335560556,-0.0160682318780201,-0.0128390545559061
0.0105388695675971,0.0140201626444781,0.0157236789278476,0.0182195475657005,0.0167669747564,0.0190664099515538,0.0150535584636188,0.0210140867173189,0.0109378839061672,0.0141218568647223
