-0.00137837408216541,-0.00282212005677602,0.00180317829440405,-0.000789847881368001,0.000223907505716068,0.00106073435501036,-0.00096048824720494,0.000820037623308317,-0.0014315808356582,0.00291491389278013
0.00095721956222411,-0.00170940745097945,0.00363515476780632,0.000777130709725662,0.00340088362915855,0.00379710083874807,0.000903681665846964,0.00126465068766375,-0.00139174701336281,0.00252958426917776
0.000563908254776488,-0.00467234054283563,0.000763425935390201,-0.00446325320355478,-0.000797810571689935,-0.00144682672240289,0.000775201076481744,0.000289159223942995,-0.00399116121814536,0.00212153866116702
0.00234490590848989,6.48612718621728e-05,9.27639569601596e-05,-0.00393469975884457,-0.00447693380242835,0.0046820789411955,-0.00323825953560583,-0.000519976565672114,-0.00373530963161922,-0.000978712241238477
-0.00165484153094271,-0.00334162344870026,0.0030407035324248,0.00326435827347923,0.00392957478903921,0.0052735023811269,8.09753176519833e-05,0.00159912645898387,0.00328976648520112,-1.61267295707024e-05
-0.0026070555571033,-0.00379221589012948,-0.000613834891693556,0.00346208412928642,-0.00225705913413086,-0.00369362791107604,0.00259123077408129,0.00505180932233587,0.000207817524986698,0.00274729113463387
-0.00391660300960338,-0.00216146231029922,0.00320885076214689,-0.00315810744671628,-0.00102555900039044,0.00298383974725953,-0.00347076061533857,0.00324498929121865,-0.00507818040274623,-0.00020081030632149
-0.00262733195928943,-0.00322171392323056,-0.000830778440434598,-0.00450806189989875,-0.00286673327242445,-0.00139240431769757,-0.00227240688220232,-0.000893003022711794,-0.0066619202227756,-0.00170642562705273
-0.00620178605801327,-0.00197954822523622,8.51124649386527e-05,0.000746196873757361,-0.00304012786667761,0.00600894903149699,-0.00133487648781677,-0.000631573419623437,0.00182154554952078,0.00422448702825839
0.000240278268631308,-0.00508788032682264,-0.00534267328694816,-0.00200100146407627,-2.59929770086847e-05,0.00430767208029932,0.000366066387844056,0.00231985766747949,0.00329519526555206,-0.0068436026516965
0.00171513665272927,-0.00439598160614338,0.00131542740222367,-0.00801842367119595,0.00410504938469399,-0.00161865593250842,-0.00197010929256711,-0.00513222898096273,-0.000844456695616084,-0.00303462056406959
-0.00596378635827445,-0.00243650336379294,0.00247103507526011,-0.00354750613363897,-0.0019661805862478,0.00427886262606288,-0.00397149873268483,0.00363209769190499,-0.00649590057791461,0.00423789262910233
-0.0029364065717945,-0.00421245282284856,-0.00461017116305662,-0.00161213987251303,-0.00732645367885191,0.000526454886172441,-0.00289260381482118,-0.00195766059566199,-0.00746580378243184,-0.000251577255121244
0.000339275977813876,-0.00109271651639916,0.00415644299503499,-0.00204803398508459,0.00192401950675736,0.007399264035537,0.00401557764316501,0.00814523821657146,-0.00458911094586965,0.00316254287060949
0.00430988742862309,0.00680316373327336,0.00753439277572065,0.00113031674095495,0.00571739774651931,0.00523576371056084,0.00216850820699036,0.00220000111234321,-0.00126009967763399,0.00430867011928376
0.00457742236880628,0.0032828490138278,0.00552581939978833,0.00483735857608785,0.00747727940493585,5.26147916074891e-05,0.00757137808009666,0.00140264367150296,-0.00299587105719794,-0.00225847769596814
0.0024061576721853,-0.00450222354634042,0.00463190678224046,0.00856120681293962,0.00331793236951904,-0.00192226707251607,0.00534882244014775,-0.00744413423938194,0.000286112038958191,0.00132837320380376
0.00204283469360384,-0.00714653596392798,-0.00385618672051146,-0.00699096796941619,-0.00664134432117769,-0.00038836292746604,-0.00239026285102144,-0.00202522504957259,-0.00712193242884882,-0.00134635831345756
-0.00949025766108121,-7.36728229192999e-05,0.00192082811257796,-0.000459078526211117,-0.00673281652461307,-0.00878072019677027,0.00268354966881081,0.00111129702425582,-0.00139714466107526,0.0033308617310981
-0.00751376718002777,0.000637048934546128,0.00281776606755496,-0.00573484153310934,-0.0095273257854439,-0.00461629029521352,0.00312580256098411,0.00130147200449277,-0.00476393328001732,0.00658926692585208
0.00542008944058433,0.000508640393339535,0.000495046121042961,0.0026489830406573,-0.00045119858236718,0.00750084221138853,-0.00417601643508199,0.0134492112719514,0.000856912844645657,0.00103922622153719
0.00595519476133274,0.00323526005495522,0.00784163132415192,0.00256825988356307,0.0010200635591219,0.00791237023890012,0.0041809539781359,0.00814771404876255,0.00560697344020389,-0.00185468351445924
0.00744445281974256,-0.000318415037057612,0.00686273820575543,0.000378187233376802,0.00569262050075387,0.00873946685284832,0.00304136313764849,0.00695173622528374,0.00592095786126488,0.00290096845147148
0.00763683511602847,-0.00118815866387093,0.00738054158008405,0.00741413922035658,0.00178515703496318,0.00618789685005178,0.00019372295795173,0.00910718358098028,0.004038762759749,0.00247836337258811
-0.00410312952901521,0.000677821278490536,-0.00882300332520213,-0.00841379338544209,-0.0047124246344218,0.00231282577247734,-0.00182368291857399,-0.00598552781500315,-0.00678508720444092,-0.00948562790757253
0.00734461507835392,0.00151540141645379,0.000533484938858475,0.00839296311288617,0.0051164314172026,0.00197310522421124,-0.00331798230178034,0.0138546903598274,-0.00352493098055299,-0.00173160394428052
0.00499998613335977,0.00415594639017874,0.00629338774026646,0.00753653802616271,0.00900438902722344,0.0109219707027764,-0.000759488709041865,0.00118620992859999,0.000700383252130272,0.00781638950072906
0.0115066849977918,0.00174137090712572,0.00410458998731628,0.00221079624338854,0.00658076600056392,0.00362842663605749,0.0121363927565058,0.00358613703799192,0.00612178539245883,0.00277799237764329
9.56324532629246e-05,0.00342302557063515,0.00812862481875143,0.00851596568775449,-0.00743724580647778,0.011845276300324,0.00353629136622736,0.00329913463967432,0.00511577227376739,0.00715692763013542
0.00557644309940439,0.00239729663964518,0.0121363601533581,0.008765421948957,0.00932052201648145,0.00627834044961865,0.000925687109205877,0.00527352519669789,0.00415428561560166,0.00567023401285361
0.00798872533109818,-0.00295718303184348,0.00486448781031177,0.0047327164636383,0.00577013103194804,0.00775397184470198,0.00762063879726391,0.00554884289593623,0.000317713553808339,0.013370196526914
-0.00690246746131248,-0.0130654053567614,-0.00850852760354332,-0.00697271038171006,-0.0115588250206782,-0.00695442412914726,-0.00457660103760532,-0.00170822534865421,-0.0051026844158671,-0.00238406864216658
-0.00139201259834323,0.00694880520032399,0.00484798790674797,0.00915504799245831,0.00965540060589759,0.0105970523414663,0.00741412448298842,0.00444536932489237,0.0114917990883201,0.00341228438982143
0.00274428888326606,0.0030183191442519,0.010717532864394,0.00760578347010963,0.0113969216294217,0.0113510319949167,0.00387297867778368,0.00582612836704653,2.85289645987757e-05,0.0102695410348153
0.010693701544597,0.00414193435663379,0.00924355868505055,0.000807047617907018,0.00435719214597719,0.0102354818896943,0.00531647624793301,0.00929465301364005,0.0114993867493071,0.00700281997576539
-0.0138612886370053,-0.00524865592104222,-0.0112557725238875,-0.0125930207596038,-0.0132693888829352,-0.0103816708690911,-0.00296836415616285,-0.00773785328033193,-0.00616197976115157,-0.00912375006938451
0.00891144558700872,0.00726123739609908,0.0131208998375734,0.00828956479382788,0.00984006071195078,0.0110762029115888,0.00924782845066056,0.0109606599138851,0.00817445595479573,0.0124203912318225
-0.0108177896278865,-0.0115749622194444,-0.0121947950408837,-0.0104388073658608,-0.0112709426883868,-0.0139714709512091,-0.0119397895262084,-0.00674399492700962,-0.0154622359004016,-0.0077606470430626
0.0103025043198904,0.00885875834527982,0.0134840566964599,0.0108910305206878,0.0119047859077719,0.0127416127570662,0.0107203901548509,0.0125009160253642,0.0102492975663976,0.014595792294836
0.0125286500269122,0.0119958457869524,0.0100832441141489,0.00857683232049087,0.0137827031580297,0.0119659730569378,0.014408452820479,0.0122681997411877,0.0101730973435515,0.0156855167856724
