-0.00137837408216541,-0.00282212005677602,0.00180317829440405,-0.000789847881368001,0.000223907505716068,0.00106073435501036,-0.00096048824720494,0.000820037623308317,-0.0014315808356582,0.00291491389278013
-0.00633001857498861,-0.00354994414320573,0.0015249143796908,-0.00256375402587624,-0.00185786158548021,0.00200882182828668,-0.000915335327212352,-0.00062385591578668,-0.00476886292064516,0.00371056156756561
-0.00293519657639017,-0.0020352670381028,-0.0082580366339,-0.000546704058373594,0.00260784505327409,-0.00157374441754065,-0.000928751717823211,-0.002779923105541,-0.0021648289168022,-0.00312857912599567
0.00124557248480204,0.00130824106966689,0.00549334003530445,0.0010456957966395,0.00180815135230082,0.00504353553741366,-0.000144479831220469,0.00589317267308771,0.00126458139169577,0.00523904666192009
-0.00108692210465399,-0.00739711307884903,0.00299895094364257,0.0055193655712431,-0.000145754787683089,0.004301489534604,-0.00391491956433358,-0.0024630667163028,-0.00159104410175434,0.0051416879938065
0.00594294265918314,-0.00123717333575648,-0.00426800168838707,-0.00254619603032387,-0.00980149796544996,0.00390669707610506,0.000236973555965541,-0.000713599450970429,-0.00164792152593562,-0.000804274392129377
-0.00325775441151699,0.00136141131496511,-0.000271248350274898,0.000644019755083201,-0.00660114992066092,-0.00314552043486797,0.0090013218718474,-0.00149418712865795,0.000844195404633092,-0.00573034164023837
0.00405356237955955,-0.00602324532826414,-0.00255490708953764,-0.00536030337221616,-0.00300398654263567,0.00503992280772609,0.000634208301013101,-0.00657385295684654,-0.0042379269214793,0.00100106043818233
-0.000638107058851397,-0.000656286182968619,-0.0044213190469261,0.00562619484303339,-0.000580465116603508,-0.00298091637973731,-0.00179399907533698,0.00996311365875669,0.0035705757655344,0.00324565419849159
0.00297122546640193,0.00539355974274671,0.00466722655583625,0.00043664727779813,0.00744338245591032,0.00313397231716457,0.00616169818254132,0.00136926780736843,-0.00353199536194961,0.0044260418784418
-0.010625700545247,-0.0050339364666263,0.00252788430275045,-0.00260471444922521,0.000827527167570356,-0.000272828317798139,-0.00380808748070775,0.00171081637530294,-0.00562534240657929,0.00199334585390846
-0.000268512015823013,-0.00577839781186694,0.00471881593895758,-0.00477861189803575,0.00136128789121219,-0.00651805708612267,0.00702218863122985,-0.00382160636259796,0.0050632533656576,0.00172905683650529
-0.000704198020624735,-0.0112341522898334,0.000270802194434334,-0.00283860177678669,0.000396641661039314,-0.00535969381882866,0.00357492777372924,-0.00499826573683895,-0.00455174195781366,-0.000573647305415161
0.00557917667019667,0.00110424264121641,0.00685806338321952,0.00392788542706629,0.00437195945171385,0.00515663901827465,0.00287390819072055,0.00530019583827091,0.00402191425615194,0.00606022977028939
-0.00127219111548781,-0.00584420411145837,0.00071083529720602,0.00157423284686086,-0.000812618022083638,0.00490247493841038,0.00515620750521211,0.00964264794973199,0.00097908645168533,-0.00701733334974621
-0.00794729166960621,-0.00600630359565579,-0.00308080346691345,-0.00604044713904652,-0.00172931786709229,-0.00747809503265618,-0.00219673711642721,-0.00383239269236913,-0.00238358565763348,-0.00278885936966899
-0.000641212636380866,0.00702447075072168,0.0113054749011669,-0.0014361661033378,0.0022253397061985,0.00392519595529421,-0.00341409130669068,0.001346730326171,0.00196613787790967,0.00547414303622024
-0.00736130700298241,-0.00113245621775442,1.26298861808944e-05,-0.00784267918175703,-0.00147266814787276,0.00149924190384159,-0.00472297755026853,0.00172495897807184,-0.00915488445371635,0.00550802723137417
0.00611052409419292,0.000550544618901603,0.00342241784187169,-0.00328265369393245,0.00167297316988879,-0.000132947555344728,-0.00108255580358774,0.00614916913723326,-0.00496892620955874,0.0116662358022565
0.000744660817681221,0.000383726045357101,0.0011974355710937,0.0114291422259067,-0.00190908424469816,0.00918513216914274,0.00168367217793179,-0.00702403298137048,0.0022130216151209,0.00362619829994676
-0.00420036053592557,-0.0074291422704791,-0.00204321786466061,-0.00701609830454762,-0.00815975454774779,-0.00575602650998613,-0.00353521232513138,-0.00320414696003058,-0.00604589160066763,-0.00653355265768409
0.00166725708645496,0.00215860398631199,0.00574690646060595,-0.00197889212214994,0.00705857069024705,0.00712972744809796,-0.00232654437288157,0.010780052620697,-0.00275446554606743,-0.00782707203858557
-0.0116669187294054,-0.00428332699642681,0.00095148689703129,-0.00550219994888517,-0.00382422692120019,-0.00473515194774085,-0.00715233912039521,-0.00784669894560927,-0.00690885869658509,-0.0015868241441662
-0.00325347382685071,-0.0092885288801761,0.00497475498754678,-0.00563722489515319,-0.011346631717671,-0.000777065944798681,-0.00897496437839688,-0.00571133588224452,-0.0043876228895071,-0.00235696354078746
-0.00413305940886218,-0.00295428515802616,0.00558456164261972,-0.00404146180674348,-0.00401208826255022,-0.00128938262636662,-0.00530242381062346,0.0110540884306855,-0.0144514312898949,0.00118815542709704
-0.00808814704477913,-0.00447464669072855,-0.0113547716733578,-0.00458852926580902,-0.00401057683299277,-0.00773894810144471,-0.00266687089603927,-0.00416063849445211,-0.00357178881073238,-0.0106774785552181
-0.000900061205878843,-0.00529972873123395,-0.00217727639173465,-0.0120693212472294,-0.011208603357091,-0.00607374848591388,-0.00966493253309032,0.00218345753935939,-0.00879133630752697,-0.0063712347622199
-0.00908852302965739,-0.0126306286716837,-0.00522950730250095,-0.0108195630718024,-0.00644601860765244,-0.00487951798753892,-0.00714224904992507,-0.00434224786219139,-0.00749998745215823,0.00101697329786702
0.00666979261632526,-0.000142995620543264,0.00711544353608503,0.00921418663535225,0.00953722894912107,0.00442552511684038,0.0129404561704587,0.0083668186675756,0.00457244530798908,0.00774417715829168
-0.00273032573532429,-0.0108906386089118,-0.00878056373668261,-0.00850911178325561,-0.00323653713497039,-0.00932267343822201,-0.00929293855493989,-0.0114509492378497,-0.00674746310344852,-0.00433756264721452
0.00345154706186021,0.00579066634535598,0.0120059023291417,0.00948077114551817,0.00935804323756741,0.00726714390714746,0.00791690796946913,0.0119200233704321,-0.00114763406549426,0.00752230767205385
-0.0172299139359931,-0.00669880280305148,-0.00118794846571478,-0.0100379679877079,-0.00979794796227701,0.000458614488054929,-0.00934458773972252,-0.00241255669297717,-0.0125198996218039,-9.93604899060616e-06
-0.00941211917106363,-0.0146479129388502,-0.00875006797572821,-0.00952449308203603,-0.00529104439083029,-0.0074653686326128,-0.0108971729902258,-0.0108378774019542,-0.0079673806740567,-0.00573179096203734
0.0093549433299209,0.00810168192152681,0.00854050835443405,0.0096869464197846,0.0132541705257151,0.00558480806634539,0.00986351705484025,0.010578706865682,0.00336514954946677,0.0118170851228417
-0.00989834123020667,-0.0117441109756557,-0.00697992531656677,-0.0126219759308924,-0.0113479622721062,-0.00625990354666214,-0.00784086873299903,-0.0110847400753029,-0.0095167751419393,-0.00780377282213273
0.00493553935304548,0.00411028227671458,0.0131023061364355,0.00830582316223628,0.00173191216109922,0.00685089257551069,0.0133360708255241,0.00955239514153237,0.011919685734703,0.0152168061803088
0.00956699210786031,0.00967942032877879,0.0107731879412407,0.00893072079435165,0.0106163795224198,0.0130003122611153,0.010450268136691,0.0107452013154686,0.00885659762388429,0.0114413334944301
-0.0125193585496681,-0.0149112302300291,-0.0100833148470876,-0.0133347542636529,-0.0116580770653736,-0.0111927109660811,-0.0121531209680214,-0.0109392370282712,-0.0136980309830182,-0.00890998496686132
0.0105787354766732,0.0088791813080308,0.0199107702774485,0.0122543868429225,0.0112007604882843,0.0135846699469694,0.00842876068007406,0.0105184149777824,0.0089601198780308,0.0169045791956676
0.0155059744556463,0.0110529462811305,0.0143820404434214,0.0127021531508737,0.0146529131718859,0.0138583905361751,0.0134689359455377,0.0147426714378836,0.0140850812594112,0.0163895642480457
