-0.00137837408216541,-0.00282212005677602,0.00180317829440405,-0.000789847881368001,0.000223907505716068,0.00106073435501036,-0.00096048824720494,0.000820037623308317,-0.0014315808356582,0.00291491389278013
-0.00395051024397541,-0.00318742179168872,0.00159025544506086,-0.00196793589824729,-0.000788126101012998,-0.000388237220677444,-0.00250845096550251,-0.00134664651892108,-0.00280090030088993,0.00178947938354355
-0.00184714901833674,-0.00443872226262604,0.00259607246768973,-0.0020016921348143,-0.00266872730013069,0.000601284280058099,-0.00296410728000293,-0.000812805753079891,-0.00217059134912043,0.00159694453438824
-0.00184714901833674,-0.00443872226262604,0.00259607246768973,-0.0020016921348143,-0.00266872730013069,0.000601284280058099,-0.00296410728000293,-0.000812805753079891,-0.00217059134912043,0.00159694453438824
0.00140660250089992,-0.00226156471369151,0.00288567999146444,-0.00163220300543055,0.00092027859372198,0.00241928550273626,-3.63016795004775e-05,0.00106645731231397,-0.000960616200273068,0.00644370771207301
0.00124501999669096,-0.000454501383584423,0.00525665786787974,-5.85669404887593e-06,0.000457626399937281,0.00244646808842928,-0.000715797979474396,0.00702103559641229,-0.000212207666506845,0.00271504221316008
0.00124501999669096,-0.000454501383584423,0.00525665786787974,-5.85669404887593e-06,0.000457626399937281,0.00244646808842928,-0.000715797979474396,0.00702103559641229,-0.000212207666506845,0.00271504221316008
-0.0021418967310315,-0.00467653395853269,-0.00117977866726814,-0.0061760700696015,0.000327009126855207,-0.0047695361103734,-8.01634905801922e-05,-0.0035402581773153,-0.00304893207776496,-0.000971897309275001
-0.00204597806236079,-0.00176669316197206,-0.00262897787546274,-0.00684451128285241,-0.0025035698924006,0.0022911656550339,-0.00137499108718424,-0.00446527392950317,-0.00863840563733916,-0.0005180921486689
-0.00514297239255653,-0.000505983883661474,0.00280213302199761,-0.00127115279280676,0.00245184861334266,0.00838265479289848,-0.00436567443089195,-0.00191879603666095,-0.005385283119845,0.00382799815295505
0.00319329184927369,-0.00064822560993978,0.0031036361010442,-0.00691232827680654,-0.00618471477868886,-0.00251285285612042,-0.00407801727433839,-0.00754489948871994,0.00382663379492134,-0.0037705324829757
0.000607673480462154,0.00156195495666014,0.00767678523523866,-0.000623985630386349,0.00229101611580993,0.00505233606359455,0.00351662411682614,0.00977501529797064,1.88449335920956e-05,0.00376683227886226
-0.00187182287533498,-0.00719887110014679,0.000701954030017628,-0.000700627114492141,-0.00126262098167323,-0.00953038149248645,-0.00576545410847575,-0.0041036024026275,-0.00571750794428799,-0.00307858740500388
0.00284934234727384,0.000985593416967571,0.0068520312903954,0.00526516379225974,0.00506710597731775,0.00510013632381232,0.00679971648589841,0.00731656861309061,0.00134396522510519,0.00818807236393075
0.00960088698389117,0.00205061031677968,0.00480351690404714,0.000496011522764751,0.00335167362387682,0.00985601267927838,0.00943135510048016,0.0066064049419057,0.00344114953789749,0.00492756339490096
-0.00415996671650241,-0.00487957580499093,-0.00327355266252965,-0.00402594920574459,-0.00151531988918054,-0.00720989487437115,-0.0105806615508669,-0.00791326853131288,-0.00914877405877013,-0.00750638003423592
0.0031137731118334,0.000326117729921546,0.0118384399935185,-0.00324419991155994,0.00866535120064721,-0.0023394788000986,-0.000186006967826435,0.00947149161449929,0.00947040756225299,0.0049714271775055
-0.0135314712535738,-0.00948875859290662,0.00297324843175409,-0.00406226903996176,-0.0047445294252254,-0.000197780209782702,-0.00996186275036322,-0.000742174182806961,-0.00294407315215719,-0.00477790835902055
0.00581034808420155,0.00554499085905229,0.00939045049475638,0.00430318293278215,0.00973805705693767,0.00644619192292375,0.00743838120843131,0.00580569027677144,0.00480627460154744,0.00611830081153261
-0.00358677463440453,-0.00387630550070096,-0.00835202954414518,0.00063070544840826,-6.90359040799327e-06,-0.0117710623056471,0.00227753103007406,-0.0113628867501012,-0.0114253056425854,-0.00242258938330155
-0.00339807569034205,-0.00933896644204149,-0.00443460911470036,-0.00394598903370461,-0.00680621319830389,-0.0084738833231514,-0.00775058815319855,-0.00432583240002378,-0.0131474730001961,-0.00243565268003598
0.00377163359913513,0.00447095545025293,0.00621989796798068,0.00797728322331123,0.00646449069480039,0.00960500677701757,0.00643284465232937,0.00752273372636515,0.00884297138572637,0.0106752796174385
-0.0056374637411992,-0.0127071553182802,-0.00662029303438006,-0.00278919590780132,-0.00689504391248495,-0.0110811548849791,-0.0114942159939583,-0.00836297383857048,-0.00390678644132037,-0.00311079916281647
-0.0114962149652276,-0.00707866739708028,-0.00646622572051019,-0.00995605457226273,-0.00448585775193687,-0.00629494377312929,-0.00800932969223198,-0.00751865837557499,-0.00905788702222278,-0.00938311864786192
-0.00852589420426494,-0.0120601640137793,-0.000369725389832165,-0.00604946323868827,-0.0115978343726228,-0.00698824337849218,-0.0077339159379386,-0.00133745360615523,-0.0126553616580542,-0.00702345311420058
0.00142353871440449,0.00594706227273181,0.00423585725420702,0.00557804950580902,0.00693079483779478,0.00559509619565552,0.0164954621557705,0.0055466478200355,0.00326952388848995,0.0161186736375804
0.00566886482770469,0.00259924612149495,0.00671391499722671,0.0102771386648499,0.00542972489910755,0.0100163663316962,0.0119795294710863,0.0154369998804675,0.00158938889384244,0.00954270416747103
-0.00494110399098219,-0.0176041993167504,-0.00548187767193856,-0.01078483082526,-0.00344302621118452,-0.0013759297752057,-0.00901099465998119,-0.00733537669408242,-0.0142192676172804,-0.000867930817237682
-0.0067709905859094,-0.0151727351411047,-0.00558843948143758,-0.00746192947373425,-0.00661663165546165,-0.0149645642431402,-0.00297334714987888,-0.00739783638971356,-0.00681007083485326,-0.0123262784627491
0.00972558561885803,0.00713401237456873,0.0141688071048845,0.00957104250238047,0.00890400733706408,0.0121740189172529,0.00860862735719184,0.0107599288841149,0.00940214328807434,0.013169679171583
-0.0101661321362948,-0.0138342993508863,-0.00868705464573033,-0.0132049376426253,-0.0106524560434728,-0.00915344913445851,-0.0116090363166952,-0.0105062773248808,-0.0125333508374678,-0.00512902692512176
0.012423356709927,0.00602620032134905,0.0131100940964643,0.0149194100972915,0.0108957904029424,0.0122344802743136,0.00860991700152925,0.0115944227963167,0.0110739756908834,0.0127678464385583
-0.0181338998212693,-0.0163127312451173,-0.0115843091661651,-0.00596260168058247,-0.014330266856409,-0.00649618923994906,-0.0141409058137947,-0.0124402335227958,-0.00383192845501076,-0.00388396718419368
-0.0183217688900549,-0.00908567655331808,-0.013172251964616,-0.0130640524806793,-0.00688866465580895,-0.0107254729910273,-0.0131904879933487,-0.009836368229427,-0.0126492500833496,-0.0116580679280251
0.00768167094314573,0.013242270134635,0.0137462966333791,0.0147306988804267,0.010641287291653,0.0148360056311013,0.00514353623624429,0.00976501931835096,0.0128801306871443,0.015475502969997
0.0122765798351985,0.00416585842030061,0.0145531196687828,0.0132963116424707,0.0133315655603339,0.00529718032948987,0.0139231443317956,0.0174116160954282,0.0103475024609643,0.0125892450245524
-0.0151889838438619,-0.0180981125201418,-0.0110288230819852,-0.0153579671859971,-0.0160691182097208,-0.0139927932904785,-0.016775114873247,-0.0125244304221102,-0.0188651217072807,-0.0125052747844507
-0.0151889838438619,-0.0180981125201418,-0.0110288230819852,-0.0153579671859971,-0.0160691182097208,-0.0139927932904785,-0.016775114873247,-0.0125244304221102,-0.0188651217072807,-0.0125052747844507
-0.0214249423997744,-0.0170556311493986,-0.0107751065309323,-0.0181959143497114,-0.0158774739778432,-0.0125563396228062,-0.0158858691858244,-0.0162559146657093,-0.0189985013957875,-0.0122889288336156
0.0149682075665647,0.0145573536161344,0.0176038748457773,0.0168837657896723,0.0171509505250751,0.0183078260222597,0.0163429568528844,0.0175936339258651,0.0158804692967874,0.020240746644136
