-0.00137837408216541,-0.00282212005677602,0.00180317829440405,-0.000789847881368001,0.000223907505716068,0.00106073435501036,-0.00096048824720494,0.000820037623308317,-0.0014315808356582,0.00291491389278013
-0.00276917039933391,-0.00385084793088347,-0.000735187184062798,-0.0024078985435563,-0.000645706191732238,-0.0030745802596804,-0.00577057489903593,-0.00354661545400228,-0.00529017744721417,-0.00229573307072789
0.00221598700101807,0.00136143540113814,0.00559681439458021,0.00175666752570707,0.00498098228132687,0.00375346313896705,0.00323894648061319,0.00331286395003988,0.00168734688294462,0.00451660735215637
-0.00874873906832988,-0.00447088204398121,0.00346165397840596,-0.000167760972314589,-0.00515585194311161,-0.0019395693793931,-0.000929056165069999,-0.000330177206848233,-0.00205180969279828,-0.00238638933325407
-0.00119477204086094,-0.00277209480388513,0.00231436594019365,0.00703100185512853,-1.89573015408318e-05,0.00201136026040669,0.00100373759314807,0.00199429746493044,-0.0032089304716115,0.0090152963843305
-0.00396937595608025,-0.00233328807190193,-0.00248539320269493,-0.0035722605604084,0.00363842287978615,0.00241090373742633,-0.00193685148808518,-0.00613387220261938,-0.0062505355786649,-0.0055234020854525
-0.000583373279823208,-0.00359247175086094,0.00296960661877379,0.004431631820182,0.00470444633447182,0.00441286353339116,0.000733042682858317,0.00864821466679813,0.00257820446418561,0.00289402075496844
-0.00350791891168231,-0.00776463768752813,-0.00240855736998801,-0.00178952189458466,-0.00333556820338444,-0.00501021026498437,-0.00622735212058161,-0.00377146810763108,-0.00266918363848929,-9.79426350181676e-05
0.000752552417975238,-0.00225451853079493,-0.00683471448852752,-0.00530238905202444,-0.00208921777185951,0.00047139231201388,-0.00636067883333188,-0.00737462517841347,0.000626759047500697,0.00316635048694494
-0.00134304187669789,-0.0039159674031114,0.00625095076994964,0.00309532885102119,-0.00309993532882832,0.00233725118708394,-0.00105155415188324,0.00688638806459988,0.00759393711995534,0.00278856007829438
-0.00176013540659845,0.00556197206754742,0.0031982025268805,-0.00212460475745532,0.00660714168742284,0.00571022692272378,0.00170006083365555,0.00301941108112589,0.00330182875284851,0.00701941873869315
0.000849046704089133,0.00555287605323559,0.0082626441802556,0.000986664130057459,0.00355570591610972,0.0038473840285371,0.000835578223341549,-0.00042641282615957,-0.00276900874904866,0.00921911643122857
0.00402598793621996,-0.00132121898905099,0.00797263080767199,0.00482131275904357,0.00326770543461221,0.00676895775634862,-0.00156415945831944,0.00367734666114837,0.00796861539882239,0.00359848861512491
-0.00764815736159605,0.00503263432466637,0.00729265575109977,-0.00682614500067964,0.00573332494987013,-0.000381976890163425,0.000371039530334379,-0.000476610230710453,-0.00819788833169243,0.00319421462819051
-0.0051727206546383,-0.0110659000520341,0.00473998176482135,-0.00138609386489189,-0.000841812889827948,0.00102818195129904,-0.00641927263402287,-0.00347744178783067,-0.00735407116957105,-0.00705053668210399
0.00311182443828804,0.00173445793078483,0.00703499605206714,0.00349290490422118,0.00195761435210905,0.00295537949237333,0.00948734415297179,0.00325244963846119,0.000728236624242731,0.0122439386028319
0.000842012620382708,-0.000256339867164861,0.00920446730289777,0.00187461616168974,0.00455366157568489,0.00699868279382475,0.00461344802677792,0.00587141737160528,0.00791518985506815,0.00868791931940524
0.00115828105452898,0.00138958355910341,0.00308778006206614,0.00734175171869279,0.00102264776870245,0.00936501733950177,0.00406170789896139,0.00112097182413843,0.00773692287333911,0.0114248201852829
-0.00724406732887566,-0.0100795471000827,-0.00485332023957973,-0.00935958263205227,-0.00484019426180682,-0.00570869406350178,0.0023539691426315,-0.00562407199614681,-0.00457338163092598,-0.00240886178791514
0.00611459443456028,0.000955017301862834,0.00442668914501714,0.00480577898449976,0.00480935824886798,0.00327767406562393,0.00972254154274131,0.00488768611229822,0.00983407046958159,0.00824925554907207
0.00206825484875451,0.000159002375031287,0.00826188706632996,0.00743657428862943,0.0076357021613022,0.0116493010859045,0.00118558894536829,0.00624239188347086,0.00600600764105241,0.00818229387838851
-0.00910814654668798,-0.00334261979962914,-0.00340607832617694,-0.00585036996381457,-0.00669927895953801,-0.00139171499153586,-0.0127421082660721,-0.00713963859345135,-0.00763502601507623,0.00282324943657572
-0.00620709398836568,-0.00890840318956266,-0.00983465906421727,-0.00217884591707082,-0.00191204994166475,-0.0119528844628899,1.70763440317696e-05,-0.00638878045242066,-0.0110468475804219,-0.000181467776862565
-0.00433626944800178,-0.0111463482635325,-0.00802277058017152,-0.00450994023330522,-0.00714375683703237,-0.0063794064042222,-0.00694074509381969,-0.00800798111019575,-0.0111688115022879,-0.00313134319791321
-0.0130077435524404,-0.00671598869849136,-0.00861222139209808,-0.00345717384339268,-0.002014010925636,-0.00645552252298072,-0.00778238005329431,-0.00162165866583582,-0.0121562500058829,-0.00839753760451938
-0.00724266642462247,-0.00775917849592322,0.00125899228187066,-0.0128569765446224,-0.00836854203466982,-0.00457472953497176,-0.0102165933296051,-0.0102045114383356,-0.00803928220296859,-0.00571973093617079
0.00298836429904206,0.00403002704577443,0.00673302372016018,0.00641387464704701,0.00380010782684193,0.0124060594901134,0.00838877715509683,0.0101808970993319,0.00139944355137977,0.0151731688393973
0.00575298556248913,0.00633506096476725,0.00378249444067551,0.00792856847720868,0.0101954623335231,0.0117820301473141,0.00168941588304921,0.0123660484765585,0.00215704415927091,0.0129006530091046
0.00481054678664252,0.00823891770163904,0.00772349033747331,0.010088945335656,0.0114204749899871,0.00481233696739887,0.0041140290352002,0.0153104715805747,0.0108607580005709,0.00860779011892168
-0.0119917876845805,-0.0109010431741915,-0.0105476198162205,-0.000770894561893965,-0.00838159154979118,-0.00532138746034039,-0.00850190151778681,-0.0167710606674989,-0.0124807905573553,-0.00243804535639334
-0.00767774328349779,-0.0172107420220663,-0.00583604575335387,-0.0138695469505891,-0.00251512883142052,-0.00774497627080495,-0.0142225501361932,-0.00930557998232763,-0.0157151983095236,-0.00547113956718201
-0.00658685513921569,-0.0118057414861657,-0.0119170368961941,-0.00858129298473184,-0.00885757339406932,-0.0152239890967057,-0.0175167849548707,-0.0117342342133209,-0.00674424629257759,-0.00841107044935831
-0.0118896496817142,-0.0161852342660305,-0.00741328596275011,-0.0156014485785767,-0.003617561240256,-0.00949267031485316,-0.0127725859825292,-0.0112204356410768,-0.0175345697167024,-0.00855124916980211
-0.0106385519696961,-0.0132811836866081,-0.00909260365552608,-0.0153970989323375,-0.0145264144897366,-0.0122720701038052,-0.0140652636140219,-0.014908441785956,-0.0103484843736186,-0.011973820148348
-0.015950086758917,-0.0198354563344446,-0.00561792596662197,-0.0143037189710606,-0.0169673751615533,-0.00930042135797491,-0.00984110987393134,-0.0166179885539142,-0.0118075943368608,-0.0134619757188879
0.0156572673041131,0.011160255983252,0.0148493584524758,0.0113990926739486,0.0133338014180466,0.0170043843703946,0.0157814442798878,0.0152592321358572,0.0125507952043698,0.0154672494970907
0.0157196166215965,0.0137019570121466,0.0195320035528945,0.0159366081637564,0.0161099682746403,0.0181633874893818,0.0153700804082437,0.0173359941069618,0.0155312920794583,0.0195883073854318
0.0146976592837404,0.0167560858921797,0.0193207483171418,0.0185164363527796,0.0169786082519347,0.019494380846306,0.0136375348477699,0.0168385393240798,0.0172702857789932,0.0207412192846388
-0.0198296898162639,-0.0220061271417091,-0.0161588332470408,-0.0196199183869328,-0.0194686162052526,-0.0180120403209843,-0.0204138124134762,-0.0173982072526511,-0.0216943621247197,-0.0163411912990855
0.0183409275954498,0.0174136276329294,0.0212495374233409,0.0195929698074023,0.0202334398686458,0.0212302910418853,0.0192372451560899,0.0207528466278369,0.0187704550838148,0.0231238411217083
