-0.00137837408216541,-0.00282212005677602,0.00180317829440405,-0.000789847881368001,0.000223907505716068,0.00106073435501036,-0.00096048824720494,0.000820037623308317,-0.0014315808356582,0.00291491389278013
-0.00504762081099528,-0.000677093996403052,0.00467458101672538,0.00106620762606013,0.0030849170233487,0.000440743700326694,-0.000407837923880836,0.00251202011500123,0.00148070780726289,0.00442464150042261
-0.00503810879474606,-0.00410952903002345,0.00121549107591239,-0.00210163874127404,-3.99680501669015e-05,-0.000259799385602117,-0.0059435731757087,-0.00250254714983157,-0.000903045999927069,-0.00315646010296391
0.00193152407646848,-0.000216243970426654,0.00508151681827191,0.00105588071706088,0.00263745841830054,0.00437978870954588,0.00183798508155304,0.00341448980492473,0.00150482582953298,0.00631473580727608
-0.00359525340335519,0.00447273787757179,-0.00233037763148403,0.00506677363439044,0.00171934529137478,0.00407281549555301,-0.000240092894792622,0.00122306793778393,-0.00239010976503855,0.00523058956338847
-0.000234340218763052,0.00122385336257378,0.00271114167805671,0.000501803254731434,0.00528405728614957,0.0026387120976343,0.00104157101374918,0.00358149867290021,0.00357356731672711,0.00697706311790444
-0.000951518132737412,0.00189021503480468,0.00402473646311286,-0.00442751779118737,0.00438266378621935,0.00113750191033946,0.00546701816558861,-0.000507560647655752,0.000482469468686674,0.00634030560290704
-0.00286229670640996,-0.00572338117595388,-0.00266275357702931,0.00336581412617903,-0.00283412825870408,0.00107621190119228,-0.00765933639723702,-0.00462321053552121,0.00153311932694306,0.0023749858887134
0.00144575633213769,-0.00705403727260832,0.00629826622221357,0.00438554288836687,0.0019481439239283,0.00420801824997977,0.0012539524075482,0.00373666573485426,-0.00127109362437322,0.00320749439991048
0.00374547931826989,-0.00270439532180207,0.0069639045900352,0.00415938352027928,-0.00308441211151324,0.00626618986385627,-0.000878929776612511,0.00331683000058899,-0.00373469774958293,0.00268017475599795
-0.00182570730895917,-0.00420899210186519,-0.00194398023127175,-0.0051989041418707,-0.00651326623486666,0.00188841188098607,-0.00279416852416822,2.96965018596685e-05,-0.00760798416964854,0.00689360942429675
-0.00105697561972272,0.000523169884146322,-0.00360203671819243,-0.00898574907150057,-0.00485730587559872,-0.0050334257759662,0.0043899408331147,0.00244327518470046,-0.00533439372747112,0.00390798922241123
-0.0072190982788489,-0.00444369772584768,-0.00450971986648613,-0.00105975647275519,-0.00707938932707206,0.00134789743816195,-0.00910027745473072,-0.0027938295891969,-0.00410813943269364,-0.00303981164522037
-0.0087950068093349,-0.00179755837527511,-0.00413739159440077,-0.000328321990414927,0.00528405728614957,-0.0056905851256248,-0.00697923371975958,-0.00142962323377599,-0.00387049058811798,0.00624849574849407
-0.00251904137032514,-0.00499191991590097,0.0112866041463061,-0.000279265833195519,0.0029925686397877,0.00513967142588435,0.00624830579899478,0.00531771482142336,0.00337193097228407,0.0011385526521544
-0.00533424753294424,-0.00673343611885006,0.00207475202140063,0.0013059033710831,0.000308540819021578,-0.00662011040014104,0.0107642263732214,0.00536307312661044,0.00173638470282975,-0.00227517188245776
-0.00706291579442539,-0.00815065333442694,-0.00632322349454815,-0.00277712907292164,-0.00194945365564423,-0.00449283823078004,-0.0104627895864333,-0.00195722860610683,-0.000198188299792274,-0.00433122169667913
-0.00268153937269682,-0.00865276798881959,0.00618366726546452,0.00420517831989369,0.00914440417015126,-0.0022219991758907,-0.00121048893299622,0.00628978733365373,-0.00729284695635524,-0.00229391468404436
0.000484339671124572,-0.00678907503756886,0.00527565196226419,-0.00613763046853889,-0.00427898858347332,-0.00185421918046849,0.00823969516882348,0.0110526858933865,-0.00667111317736277,-0.00397043131459977
-0.0076000547499003,-0.0102523101329635,-0.00507260983080352,-0.000891369008632569,-0.00798721220902367,-0.00984579749727414,-0.00630207661567937,-0.00915912999992129,-0.00326520025937679,-0.00254706296356392
0.00348646392195434,-0.00106209033081619,0.00651347233530512,0.00690681729650884,0.00719348299226852,0.00778701924600036,-0.00645545142724166,0.00830047329860755,0.00877826172045306,0.00997568994766773
-0.0112393589664688,-0.0118534870318865,-0.00471952880440753,-0.0065249154123813,-0.00365271458264359,-0.00230421739724934,-0.00793739262712111,-0.00608874066831562,-0.00797559570544991,-0.00207521272938545
0.0020726604632862,0.0093783283105188,0.0131344728521417,0.00241890060600832,0.00445221410428188,0.00534623868469432,0.00672830363213114,0.0080400523565433,0.00373880773106462,0.00890651804162683
-0.00397740224282385,-0.00741477436615458,-0.00686601455562366,-0.011030144628804,-0.00775576783894263,-0.00908244578628632,-0.00749246180482821,-0.00869413216459949,-0.00470332010776142,-0.0042198980032827
-0.00571760932680377,-0.00950720658033117,-0.0082412927721638,-0.00439356735890579,-0.012158708210216,-0.00820161387200401,-0.00396485797245155,-0.00699444018784031,-0.00674668371655671,-0.0044900933859824
-0.0129181622888159,-0.0119056013455405,0.00185266496932711,-0.00701137947752631,-0.00620582123645264,-0.00311502624113815,-0.0113561228812647,-0.000886836157940828,-0.0031640283613745,-0.00385229240651763
0.00900404409550993,-0.00372989749252783,0.00137890702006222,0.00718072355815975,0.00685127654796754,0.00453612237488657,0.0108607628277217,0.0077924264219891,0.0113975139269438,0.00829691546402369
0.00337335089100099,0.00741035897935285,0.00297874188828381,0.00394079688877665,0.00480775915423044,0.0128936862826623,0.0109616002977985,0.00836617298856508,0.00171753923051293,0.0122369014656069
-0.00608628219753836,-0.00455186311490695,-0.00486532015690701,-0.0122645046444525,-0.0114107602882411,-0.00294921260147581,-0.00961449885365692,-0.00240492885548666,-0.011559748322598,-0.00526242139909299
-0.00936955467722023,-0.0103877526592689,0.000568564980741334,-0.0100974469398065,-0.00956628166206842,-0.00245651342647878,-0.012211761720902,-0.00385720390281761,-0.00853886072901914,-0.00725497486298519
-0.00912480806689261,-0.0129049270158307,-0.00217658276803583,-0.00593183796660828,-0.00346795953542021,-0.00763617468478316,-0.0126963973012244,-0.00462437902050937,-0.0117026067425551,-0.00255772418165166
0.00160666334910186,0.00611566284290055,0.0119851971511762,0.00164322546680768,0.0133162876674269,0.00876341665023855,0.00691174239014131,0.00604338971855486,0.0110367125495333,0.0154456795300831
0.0100845398770131,0.00856392689169832,0.00591164206341827,0.0079859441475238,0.00387813473577473,0.012162212882793,0.0105488388052928,0.0108337341834203,0.00210557436220469,0.0147833522194547
0.00819332204736769,0.00488783099594609,0.0119671272511698,0.010374193634481,0.0110592322546411,0.0106265807084368,0.00667319175219065,0.0113555319485581,0.00717476061101358,0.0135796243339091
0.0113204681671984,0.00663945242346618,0.0135360270740251,0.00902093971959656,0.0118091225672776,0.0130499160783147,0.00579052176260728,0.00625097827442869,0.00450002553467809,0.0145258706528454
0.00948184039940131,0.0105103731728065,0.013684624116791,0.0126159754457708,0.00727002178620322,0.0114660036276554,0.00581558014171938,0.0107243355365698,0.0154283475359768,0.0119982184089894
0.0121599462727369,0.0063774106964334,0.0118118034601695,0.00951545518856843,0.00700400214480194,0.0107783007038404,0.00867768619958529,0.0134057447075151,0.0107534390141044,0.0175939487163967
0.0133439200312383,0.00658418482775029,0.0091803388629772,0.015634057276836,0.0160869802172883,0.0127029998555502,0.00806869218202238,0.0163186764997349,0.010842164322486,0.0169496824902784
-0.0147762914712656,-0.0147591568757311,-0.00870549049237817,-0.0112388691518828,-0.0131536086143081,-0.0112366842886038,-0.0192964513130994,-0.0101984384143523,-0.0133254700054679,-0.0115845073915503
-0.0157444701458758,-0.0130393616149611,-0.0130601462948903,-0.0179716157048338,-0.0141947169030613,-0.0107316367747229,-0.014264737495449,-0.0129180281772416,-0.0139097352298138,-0.0104939398711091
