-0.00137837408216541,-0.00282212005677602,0.00180317829440405,-0.000789847881368001,0.000223907505716068,0.00106073435501036,-0.00096048824720494,0.000820037623308317,-0.0014315808356582,0.00291491389278013
0.00111693478639066,-0.00179447806345661,0.00369066236659595,-0.000120372441797202,0.00129314345101147,0.00222392945797412,0.00115334114192986,0.00168580710662,-0.000239798705250635,0.00427251122779442
-0.00300502236136023,-0.00459851841024258,-0.00150728432841131,-0.00018504395557866,-1.46620923958084e-06,0.00181117907278317,0.00210386871310969,-0.00133924818944713,-0.000431002856809489,0.00535842813683471
0.000797226038891928,-0.00216414458467096,-0.00580252172285131,-0.0034678894868415,0.00207880577715212,-5.48739141485446e-05,0.00359551848941153,0.00574538654464398,3.92172110204314e-05,0.00297870423311273
-0.00628373794712953,0.000243408100626388,-0.00252515003931632,0.00197246199304171,-0.000162608648468147,-0.00391537041141806,0.00338689034268401,-0.00226921238517306,0.000103764863639233,0.00648313890243689
0.00198794188005583,-5.78737586516848e-05,0.004875658739607,0.00250420527827479,0.00335777994357112,0.00484457191392415,0.00367678206951647,0.00385673791260925,0.00115020128738229,0.00616995206800339
-0.00777161502254668,-0.00225984997234547,0.00173621500320217,-0.00347042303744139,-0.00106660295869534,0.000559799951693606,0.00431059811425607,-0.000790051541348567,-0.00176280923400835,0.00601414450337881
-0.00297417176304324,-0.00445438140738379,0.00159335771198408,-0.00642025175447024,0.00384705715669732,-0.002242880118193,0.00374750413033121,-0.00425092922324423,-0.00388512997679842,0.00505005782817068
-0.00754161500603374,-0.00797763594015388,-0.00191977990454625,-0.00121314703472928,-0.00251016913464991,0.00015182139600422,0.00175114753165312,-0.000125172809803639,-0.00104652101780007,0.00558985397868926
-0.00411897029945671,-0.00725774704977808,0.00640664036353707,0.00228687025712078,-0.00520654685924789,-0.00225966256306882,0.000464802717834964,0.000558297718746739,0.00477338183724999,0.000506732254640214
0.00451869009788878,-0.00509966454824067,0.00354700075910894,-0.00286332972445788,-0.00715100067579401,0.00406908186498589,-0.0058044385587,4.48350541250725e-05,0.00188751211736341,-0.000400700422543835
-0.0103003359795398,-0.00293602884627191,-0.000682622080904344,-0.00166845827559608,0.00305769359623196,-3.02832677401927e-05,0.00198730030527987,0.00270455086089344,-0.0052898451911181,-0.0039214795496195
0.00365176047621022,-0.00126746510634524,0.00209845155833267,-0.00372627029459207,0.0091892670344275,0.00687701517332873,0.00348964686235109,0.00223204128055933,-0.00102226314626447,-0.000613800225966047
0.00348143454762808,-0.00788090923840429,0.00657334544596318,0.00605462510758945,0.00143148867009234,0.0024264446403305,-0.000243211987317237,0.00209179975760469,-0.00589124750833844,0.00110572699463546
-0.00687149976848115,0.00139055996985468,0.00631287898164606,0.00150130728010378,0.000995445159185641,-0.000910126758758493,0.00960692115766273,0.000311559514048316,-0.00160796612688661,-0.00531519891832378
0.00544391913655801,0.000349869257125475,0.00841439455295753,0.00447877827901096,-0.0034326579342788,0.00117369728593356,-0.00157450494865205,0.00702822823591104,-0.000617260032067413,0.00848986559736442
-0.00860441946384276,-0.00315048595587276,-0.00683874409190771,-0.00219180681517664,-0.00165126151890622,-0.00132883418802768,-0.00899001145221658,-0.000235335701964454,-0.00527002100412108,-0.00609967953402497
0.0086062298720221,-0.00320182709985223,0.00557958678104381,0.00316337712115514,-0.00194217600374197,0.00758807679381079,-0.00949815989133456,-0.0015342398210787,0.00304754904160922,0.00114280742098008
0.00509284640521001,-0.00534051358733799,0.00621789637012185,-0.00870637677772939,0.00101031319884661,0.00418315609955748,-0.00673482950826299,0.00496243183823857,0.00113025198662496,0.00610718641617959
0.000183579970800297,-0.010024619890197,-0.00539747309000091,0.00535539265535878,0.000379486680686879,-0.00391325749252495,0.0108224069412482,-0.00205569878471926,-5.95691400790237e-05,-0.00153289451990875
-0.0098729925610476,-0.000415303775382741,-0.00170972305563287,-0.00961596808273307,0.000474886386441362,-0.000743691612971612,-0.00715258890651826,-0.00218395896776111,-0.00685696031785849,0.00214687228213786
0.00272463666781708,0.00191630315229686,0.00675838535683327,0.00631138623680397,0.00563578912639385,0.00836650966532604,0.00209658658321939,0.00407825378035012,0.00554033184131832,0.00942663706047766
0.00781948215934717,0.00188032594825017,-0.00375321291335502,-0.000150517054908273,0.00116048283156592,0.00492280289194123,0.00373795952895215,0.0064090724528106,0.00720896501500566,0.0114518013202942
0.00251183893990594,0.000875781932971117,0.00930906312350644,0.00135491430818971,0.00216461205159058,0.00869643451431644,0.00761621546159665,0.0122910589762786,0.00154880670373781,0.00517652037459836
0.00684339103936448,0.00208412692492624,0.00474931138689994,0.00456415657880307,0.00442220950988828,0.00995719016565361,0.00436674223611061,0.00886348606166189,0.00192154626082955,0.0103718060245848
-0.0106097316851775,-0.011144328804946,-0.00268062396991609,-0.00506013575214909,-0.00293774793707378,-0.00630551222208702,-0.0018946137189383,-0.00973008535156261,-0.00476413657265291,0.00100109585313129
0.0101736380689805,-0.00387883988850435,0.00884627080646442,0.012571616494765,0.0126147372494237,0.00449037759393293,-0.000201950293509369,0.00128017884731996,-0.00024023727375949,0.00883359505330732
0.000610947206639885,0.0040798085529577,0.00498242947520995,0.00980603717687384,0.00805536598446068,0.00584660111067129,0.00818902892897275,0.00532586328454228,0.0103633359276649,0.0157376000449832
-0.00507915963039045,-0.0102903320930132,-0.00933566570563066,-0.0129043847846482,-0.00216426208571038,0.00252182907953838,-0.00989660642585667,-0.00638299683421012,-0.0122248166487031,0.00237414395939827
-0.00661757230062213,-0.00957820911514857,-0.00263446277540854,-0.00539295383625072,-0.00923946674525128,-0.00832522019692574,-0.0102999021771194,-0.00836461249962769,-0.0138219727633547,-0.00108252180273788
0.00533727416618973,0.00435839201512457,0.0150924562268815,0.00419574424932451,0.00799100364361904,0.00604994818145285,-0.000415841662096372,0.0159465672336092,-0.000916880395041204,0.0104019345904792
0.00256333206709673,0.00457331404032289,0.00905205704940996,0.0108341946138082,0.0128573823148135,0.00837677991128924,0.0143467007547168,0.00993013307861911,0.0109538249307077,0.00697370184464256
-0.00695883272363922,-0.0150327169779062,-0.00926483626321699,-0.00783125444776599,-0.00654226806840628,-0.00743267511633109,-0.010608179984756,-0.0054217602371633,-0.0178966373082926,0.000478872257130483
0.0155033603723478,0.00334474668950546,0.0110597194784011,0.0127812347903754,0.0113714706624126,0.0130208624275305,0.00464451272587316,0.0107636738975665,0.0081707325966798,0.00738883336259336
-0.00973229464916874,-0.0113031690388506,-0.0137865816100849,-0.0101564125816284,-0.0106892001968481,-0.00702366821595734,-0.0135318541265885,-0.0108705767671452,-0.00962013740759612,-0.00860780112532775
0.0108027742490113,0.007623164646267,0.0138329378638173,0.0101034987580896,0.00817169765900336,0.0125106974600656,0.0116743083786353,0.0104007904940836,0.00981765938461015,0.0128515922302911
0.010700482801879,0.00619486009951142,0.0117417593399926,0.00953589423484806,0.0140337009196141,0.0121918812173371,0.00911217350627628,0.0165298037247129,0.00710968530149312,0.0105690410846796
-0.0116162370725894,-0.0147958466753337,-0.00858607345778341,-0.0123155125635111,-0.0142473136625974,-0.00990831386153516,-0.0107447029429654,-0.0120182208275171,-0.0126013519369906,-0.00956741909130962
0.0110589558567938,0.00827396656686682,0.0163816628991635,0.013471823983145,0.0120859342679787,0.0135469859704896,0.00926578043082301,0.0112520224067729,0.00859703855824603,0.0159559268016787
0.0152011479027378,0.0145915753464508,0.0171598355113575,0.0167690094652982,0.0172121251257724,0.016501943470754,0.0176143398352383,0.017587626213959,0.0174275463394216,0.0200004839639903
