-0.00137837408216541,-0.00282212005677602,0.00180317829440405,-0.000789847881368001,0.000223907505716068,0.00106073435501036,-0.00096048824720494,0.000820037623308317,-0.0014315808356582,0.00291491389278013
-0.00568106093629134,-0.00377606931591674,-0.00174301601456712,-0.00201857984631987,-0.00415895481081518,-0.00181455354320272,-0.00407643324249043,0.00093293172647525,-0.00266165721994138,0.00184849716125008
-0.00331244075463796,-0.00353907077931895,0.00316871932175909,-0.00261695971411062,0.00133270888178678,-0.00229101027287788,0.000595606538418688,-0.00228674884104442,-0.00266063921716039,0.00679259308641951
-0.00845545144089928,-0.0045930417477742,0.000382840252600535,-0.00353118922817949,-0.00190243512302187,-0.0017862145497124,-0.000728393909541058,0.00267032722127199,-0.001931030343593,-0.00114757521456697
-0.00528282739858794,-0.0039624765037779,-0.00203401366077572,-0.00509873671240672,-0.00438437745660077,-0.00335154448659213,-0.00374793583927534,-0.00293627692966999,-0.00539333859044139,0.00148770905571234
-0.000639747418618599,-0.00322851916068195,-0.00699638818945726,-0.000214285595671692,-0.00700219150528604,-0.00255582949508424,0.000762211305956428,0.00114582540010435,-0.00204552704258146,0.007185416981937
-0.00346247940567282,-0.00943491423817336,0.00534643568418011,0.00225885882438221,-0.00155035992103214,0.00440837003061444,0.0012683540870384,-0.00290092705473703,0.00339587452101266,0.00545075550660022
0.00620278240153084,-0.00152670409078657,-0.00544003801149082,-0.00128886733700483,-0.00100868251333739,-0.0031260146089561,-0.00218311369280646,-0.00564492623336216,-0.00785823220214213,0.0054453155495249
0.000230324595768891,-0.00373092835771421,0.00578788730138705,-0.00698027240503364,0.00306409714698279,-0.000207661374371838,-0.000691698574911324,-0.00486577899386672,-0.00531831262263467,0.00780548062778578
0.00219677740585717,-0.00138726192772637,0.000805374758755606,-0.00488994057316344,-0.00769511125651829,-0.000132543461819069,0.00476223138444353,-0.00478727566996917,-0.00745095730459638,0.00704225856252162
0.00510708924297046,-0.00104493014295981,0.00230652424495194,0.00830945708051614,-0.000504041410263879,0.00792965914524301,0.000317481937483645,0.000750520863300613,0.00204361239669029,0.00863140791930274
0.00291030676447118,0.00374510982441346,0.00547044279715151,0.00155437371297357,0.00631699837729738,0.00470739710350546,-0.00244865778516717,0.00568260641037402,0.00422057145016911,0.0084593201282739
-0.00754880478836398,0.00135986571711701,0.00138851845980524,-0.00383033124801512,0.000626270494326827,0.00407255667968094,-0.00726800743276853,0.00103631370969007,-0.00867327333231329,0.00676089373017164
-0.00767414214343466,-0.000738629958873438,0.0014190777860249,-0.00570207384721764,-0.00198180946589596,-0.00745515867836613,-0.00957311310629197,-0.00181125730987219,0.00278632510796445,-0.00456189771984725
0.00318928606596059,0.00539063720599568,-0.00127803814751359,0.00201122833481071,0.00490811359672862,0.00610506948274124,-0.00021354019312266,0.0102324890675458,0.00291807718470096,0.00782678402336687
-0.000483626566257586,-0.00355266390101234,0.0125413484739811,-0.000196762147216861,0.00512780222947141,0.00371624391955482,0.000196288183373983,0.000530636072420096,0.00807349873067171,0.00465106118767663
-0.00552575858056064,-0.00755805384307667,-0.00220809406298918,-0.00945218499046077,-0.00774367529262519,-0.000810714792671281,-0.0058370602874648,-0.0047351424884593,-0.00189037568631483,0.000377156577146505
0.00186642186598542,-0.0078217822287706,-0.0056021324005557,-0.0047728777218083,-0.0027291137608701,-0.00936711432479689,-0.00881253085811201,7.74998826446522e-05,0.00516440475387163,0.00296964709173309
0.0020060172552711,0.00802718208406309,0.00818632016674904,0.00349005805442984,-0.000208920582005321,0.00935864112143113,0.00298609971209492,0.00621200937650281,0.00354036808162722,0.00854511452315793
-0.00920108019234393,-0.00844281288998491,-0.00441048743525797,-0.00660171611575994,-0.00465986160748988,-0.0048042356865122,-0.00581575674491866,-0.00430104970313032,-0.0079883625603581,-0.00438640010365469
-0.0130414385700422,-0.00670269348871082,-0.00254038593820362,-0.00848315548601308,-0.000532941600472013,-0.000984795176395754,-0.000203931295218225,-0.00733501873434999,-0.00742735350548098,-0.00110277297820666
-0.0104341680217274,-0.0102755401608847,-0.00422531736921776,0.00126252643149307,-0.0086538759877023,-0.00171491542883411,0.00267684530145087,0.0044933336799137,0.00329407006911082,0.00839025473910661
-0.00567824384440512,-0.0123864789203523,-0.00505491554671463,-0.00541082006960743,-0.00657591856454053,-0.00242565227779623,-0.00643235341765004,-0.00114595605743849,-0.00930188350886217,-0.00307379372654716
0.00510027638044953,-0.00578280237757325,-0.00407477512816471,-0.00959288757107525,-0.00631218599521321,0.00383785391517196,-0.012553105422558,-0.000283300056693724,-0.00832488307391432,0.00233452896735527
-0.0113489855370694,-0.00781744665412475,-0.00169477192900862,-0.00775668068122842,-0.00533457898934769,-0.00843781905664419,-0.00612389649889768,-0.00470648033323034,-0.006245274499458,-0.00199555953024618
0.00248161838782387,0.0096256091822483,0.00217459469356959,0.00889429457632069,0.008157786923088,0.00384195124037467,0.00382439791392567,0.00645830999281775,0.00692608104217704,0.0096174600811131
0.00650789179753256,0.000845006252900026,0.0119788262764575,0.00253356435171308,0.011477680526591,0.00814849280677553,0.00444369923127547,0.00217703868266946,-0.00128716613294073,0.00852851045675268
0.000688517424070344,-0.0119373010041005,0.00181993470185398,-0.00744141542300607,-0.00323173603612448,0.00426855989515528,-0.0111688142722278,0.0018468676520693,-0.0118709320902823,-0.000271473792790126
-0.00813097850220812,-0.0105489901389236,-0.00903735312819892,-0.00439610743290684,-0.00626358765150006,-0.00594504262916561,-0.0108470697269925,-0.00601753201235125,-0.00736059840892097,-0.00804475035287047
-0.000708564699138204,0.00762039802996572,0.0128402589564725,-0.00116137682594305,0.00961231477254638,0.00114267243767126,0.00338547374073986,0.00289443310612347,0.00617394025685665,0.0159827438705363
0.0003202783872668,0.00306538053734555,0.0116477911413306,0.001196236344413,0.00909567937709866,0.0114051247401511,0.0101821854794863,0.00732158630361689,-0.00391672125725404,0.0137398122795156
-0.0102825035021978,-0.00477759302402638,-0.0093072527335865,-0.0109724642318505,-0.0120479724277528,-0.00807138635211827,-0.00999274195450121,-0.00426700401758158,-0.00810962682916448,-0.000230442992502471
-0.0100345226779367,-0.0149694623066341,0.00240514677892492,-0.00837466622782269,-0.00997589303229256,-0.00971441638253873,-0.00218005816579993,0.00242960388387905,-0.0117150257375525,-0.00186087677701665
0.00738504546093474,0.00401762205141874,0.0112159123946497,0.0123815964152713,0.00834030288665709,0.00662358020122826,0.00678830562305957,0.00642233230654316,0.004684657077402,0.0163068611408763
0.00770878635106097,0.00534508617154107,0.0129716291483322,0.0101798348588526,0.00773161247873163,0.00986341600724118,0.0123474021218995,0.00776052180588659,0.00688768383290191,0.0089665550615607
0.00164589007330262,-0.000348502167400487,0.0146181894706511,0.0127675630056676,0.00258510513595681,0.0123665626492172,0.0101445368438971,0.00561423284104324,0.010481381153336,0.00938659353068913
0.00910007162923014,0.00517679414005051,0.00939569571807815,0.00634282806093319,0.0103797272022712,0.0117484270806039,0.00881010683422003,0.0114969218489416,0.00784350545321962,0.0132953389086514
-0.0086536287491773,-0.0171421434785188,-0.00756669687203456,-0.0135632514367098,-0.0085575532013634,-0.00189092368629955,-0.0112313881702096,-0.00481307102616682,-0.0109246920896683,-0.00768446245280379
0.0105289713460724,0.00879409590863358,0.0126511845471684,0.00886443733847594,0.0125989384141413,0.0120950377492426,0.00865008008347919,0.014249995176956,0.00700680671889977,0.0156772358536044
0.0109497727367365,0.00621770079096844,0.0119631100615947,0.0118820884712512,0.0108509313737279,0.0130729368760525,0.0122966020922555,0.0140958614730628,0.0112849462483872,0.0126107522370305
