-0.00137837408216541,-0.00282212005677602,0.00180317829440405,-0.000789847881368001,0.000223907505716068,0.00106073435501036,-0.00096048824720494,0.000820037623308317,-0.0014315808356582,0.00291491389278013
-0.00481633131785587,-0.00458888820844778,0.00184978658367744,0.000600602960706111,-0.00157802531145326,-0.00185187238208394,0.00158722766800627,0.00303541816311376,-0.00226931981391414,-8.41510277771905e-05
0.0056738598654303,0.000375695487295592,0.00218880706746334,0.00175596870762482,0.00226938437477276,0.00162453888244454,0.00497919468993543,-0.000644429363432163,0.00127836207325185,-0.00162174379958707
-0.000945464016300978,-0.00363658580310521,0.00233862209604284,0.000295216655235008,-0.00410901823257284,-0.000786833626249613,0.0038752571188183,-0.005079040149802,-0.00740508951240565,-0.00303218621417745
0.000803266891362149,-0.00120745814703419,0.00433021072914486,-0.00787648347500786,0.00242190402429766,-0.00459334246481188,-0.00257152413019881,0.00130118047071639,-0.00461081532486578,0.00221159410979618
0.00196426559046229,-0.00432263348751508,0.00351563745494497,6.18158846390233e-05,-0.00646724677321717,0.00726861826877566,-0.00293212090018754,0.000824170186632232,-0.0039980606637592,-0.000634321674011262
0.000819775449085862,0.00113830214479895,0.00256436768552413,-0.00619602642122446,0.00469890455836411,0.00556254673829188,0.00424597701690286,0.00576898921885028,0.000110202233304808,0.00277751248231991
-0.00285068706606398,-0.00454960966973453,0.000918151678518206,-0.00143924909129804,0.00365134636976067,0.00306272201108545,0.000652801345857074,-0.000626970080749917,-0.00877784207591184,-0.00533819987786029
-0.00127992718162829,-0.00168354919523945,0.00314171538213205,-0.00289907790676109,-0.000841421242794836,0.00631873216784947,0.0049097108766943,0.00761960020996531,-0.000540189351653932,0.00578305530125722
-0.00875677628242534,0.00346073342778992,-0.00178152153010754,0.0008444613635446,0.00389103778459071,0.00242645374385799,-0.00298150591291647,0.0011309697951266,0.00170554760628703,-0.00838816562185273
0.00341394142211149,-0.00380764136860613,-0.00371476419222948,-0.00516658867020967,-0.00335260557598137,-0.00229021857127409,0.0026906641422467,-0.00228623737716864,-0.00806126438177609,0.00937077213558685
0.00539502115986912,0.00149715391568062,-0.000315099952842195,0.00935760519630667,0.00596922704176175,0.00990065163302652,0.00281009614388885,0.00547592989933278,-0.00159092071634595,0.000861290106656578
0.00397780686745965,-0.0029171146403848,0.00605851646564585,0.00234114185694036,0.00287401616147632,0.00624651053176703,-0.00225198190812712,0.00256430033110446,0.00909808192356154,0.0101801396390535
0.00262776904526355,-0.00600598989162299,0.00445628437017911,-0.00573531263333816,0.00303360628774993,0.00479852688563005,-0.00330875198468425,-0.00671889831576793,-0.0103594582298953,0.00457293348314818
-0.0107954252664732,-0.00263161535496403,-0.00502106790502069,-0.000715421827584922,-0.00656322970032338,-0.00119744146086801,-0.00553337919854457,-0.00692779930092211,-0.00758395694915844,-0.0025284716223373
-0.00692094199959026,-0.00836468797420087,-0.00373938962302081,-0.00633241579879286,-0.00531866041170879,-0.0044818335624145,-0.0065030561646298,-0.00472253029411654,-0.00697414875308306,-0.00262765402464472
-0.00468131039254534,-0.00969966276367102,-0.00345939486998119,-0.010418407671021,-0.000887080162320818,-0.00747006381027286,-0.00352430594267467,-0.0035004699746129,-0.00565333397419837,4.78489430075293e-05
-0.00260961609064506,-0.00837886650896123,-0.0032451583585419,-0.00507770153991832,-0.00405724009713551,0.00075920028865389,-7.40871476533596e-05,-0.00779836550152509,-0.00526981520158509,0.0117409785284179
0.000644962787767321,-0.00715315013080985,0.013901339760714,-0.000396619359302497,0.000298788462531779,0.00359059030763507,0.0023494860226063,-0.00309585349696392,0.000643522545304132,0.0104920851423574
-0.0110633915496949,-0.00176295435235753,0.00154699963737426,0.000511352407432107,-0.00571420615034545,0.00298863968006906,-0.00415920714534813,0.00314406181808815,-0.00478033718407626,0.0128542490024848
-0.0111172955617134,-0.0116981888598854,-0.00563314334616141,-0.0055128383765661,-0.00366176246710224,-0.0050069725883864,-0.000350209813685919,-0.00272652311609816,-0.00574382335691031,-0.00289240151418195
0.000171645724913937,0.00153958933822722,0.00710920418752538,0.0103419371426677,0.00448675393776239,0.00114199326039582,0.00844657422222679,0.0100843003374652,0.00120082719166499,0.0077484422892461
0.00481622673332066,-0.0112918124670085,0.000599377110764634,0.000866302910397238,-0.0095407632845613,0.00319992277626347,0.00633067515828945,0.0013041951477576,0.00159311344275168,0.0111193969566513
-0.00611340580831774,-0.00514474607990264,-0.00243211474194831,-0.00269331653962028,-0.00630053310886638,-0.00684496210672218,-0.00553337919854457,-0.00244417049777326,-0.0155254110266804,0.0030092153565422
0.00472422885236933,-0.00244625095008586,0.00373063096419982,-0.00075149482060854,0.00537576933392892,0.00239612941026332,0.0095585879082929,0.0102268022995195,-0.0031060068851343,0.0134152278717901
-0.00546220106359239,-0.0049481651280663,-0.0031584404493705,-0.00541739752400821,-0.009456988358831,-0.00798341038144697,-0.0108550625222861,-0.00884698342106648,-0.00634893903554611,-0.00163566914599218
-0.00850511022271497,-0.00291217153146782,-0.01075060732258,-0.00769039149450613,-0.00666415348509419,-0.00900580387658093,-0.00249443496864341,-0.00561981912612482,-0.00723576554448453,-0.00408144969916898
-0.00901454817050215,-0.00604747572073232,-0.00386863352045577,-0.00191475331531028,-0.0126697705863202,-0.00694898297528317,-0.00799501774384226,-0.00804149958085231,-0.00407734185485498,-0.00144920674933012
0.00212074689690847,-0.0033981336308256,0.00160256965899473,0.0025142887080369,0.0114965570813284,0.00432443535464341,0.0101837549395208,0.0112323209277699,0.00531559633254234,0.00841444938932091
0.00441053991239192,-0.00719816512001642,0.00723559518886379,0.00419408121771127,0.00597832872115663,0.00821966351418808,0.00451791168780685,0.011681834936093,-0.0023455253329116,0.0117142851351975
-0.00851434872874376,-0.0108536696483222,-0.00635747385265416,-0.00441096598662272,0.00109885198303453,0.00225855759938764,0.0113241249053721,-0.000524790234962828,0.00202378101984046,0.0124866431300589
-0.00706861532055433,-0.00982851003323172,-0.00793222183930259,-0.00739585883084151,-0.0101921761995491,-0.00561461718421704,-0.0116136685259595,-0.00115029921419173,-0.0077282360541009,-0.00189054983442113
0.00100975922887159,0.000542549123322324,0.00835395625706503,0.00233231658999638,0.0097891950806657,0.00803461742743635,0.00829844253315521,0.00615971381907469,0.00161230410575273,0.015998224858536
0.00712241849257556,0.00945796487074274,0.00420124673107125,0.00632333244449824,0.00710113405551861,0.00498037744020098,0.00656098307558214,0.00832641283057728,0.00693610771594702,0.0139667442368017
-0.0110297164401653,-0.00744684728049908,-0.0116670314467457,-0.00491529153755226,-0.0035645601109153,-0.00908966335696723,-0.0109523663426042,-0.00697637972617489,-0.00466589825117872,-0.00687188041121694
0.00404886374343141,0.00951518314890591,0.00318756646933384,0.00960478224560085,0.00444640749120003,0.00852370063445473,0.00931171464160346,0.00734538216824141,-0.00366707949626561,0.0172760911557115
0.0035382995577527,0.0100089554458112,0.00878458767573178,0.009426548929873,0.0129377091187588,0.00505186417183946,0.0119338158044798,0.00456054570592084,-0.00319866307406627,0.0149126546569374
-0.012452126134741,-0.0106252737437702,-0.00799783354541219,-0.00820496782983025,-0.00956368096503466,-0.0102957029953062,-0.00884949102944562,-0.00722741452193911,-0.0120581975762965,-0.00372676306897087
-0.0134344191158725,-0.0153414310434674,-0.00537876004361027,-0.00325584516808957,-0.00494810780616456,-0.0114482704566558,-0.00692951994897625,-0.00738665262532473,-0.0138980124295825,-0.00769853710552962
0.0112401796603928,0.0086306941096884,0.0133395785970024,0.0121829628253752,0.0122946069686138,0.0105903670433479,0.00741342169286447,0.0098684541269096,0.00996184768948426,0.0156979567606409
