0.00188378213942877,-0.0014525850763103,0.00191536466935148,0.000401940767329231,0.000749671558509218,0.000545805098012603,0.00106701333599812,-0.000320640402419191,-0.000171635251996503,-7.40278069195056e-05
0.00150814568436969,-0.00142683915072591,0.00174962931221026,0.000424711194220228,0.000668227596285055,0.00110923974309473,0.00186153520013119,-0.000404922607508786,-0.000360874806653293,0.000255302049212258
-0.00103163072923522,-0.00307199826217532,0.00295303429562622,-0.00040593572046766,-0.00236536079001805,-0.000141462537604591,0.000890748687742788,-0.00240987867126499,-0.00411148079959515,-0.000345352150161272
-0.00182278447957379,-0.00318811030195691,0.00201055456257639,-0.000916577922180264,0.00232714739909839,0.00233888697286176,0.000440068241784339,0.000813885933150367,-0.0047988810670249,-0.000330420173644727
-0.00224531330615027,-0.00352342747728378,0.00134415925208015,-0.000887782203758044,0.00270714270865667,0.00233500519709406,0.000679911896799008,0.000299187510067829,-0.0043601246840654,-0.00108820088178436
-0.00028755359540163,-0.00201478910190511,0.00306669451177445,-0.00433316567818793,0.00132290576500687,-0.00176630405490076,-0.00176600618870188,0.00106060904701235,-0.00302119808026199,0.00256325400128816
-0.00177782747104177,-0.00395237585988981,0.00151658261559573,-0.00128556123840096,-0.00295478746535727,-0.000537871036905547,0.00121102106708325,-0.00265464423342047,-0.00462950377579487,-0.000280363192549746
-0.00287392535353142,-0.00368084841457086,0.00105264419086259,-0.00170188184656553,0.00227491012110973,0.00158485202998582,-0.00101996466884225,0.000401738391014701,-0.00511114952291194,-0.00122040690684249
0.00215464960800824,-0.000645685568134738,0.000845664060379342,0.00376615853478966,0.00229588632538776,0.00538214764652907,-3.94291523550065e-05,0.00252311667155839,-0.00190402437528115,0.00160170458357737
-0.00132915063189685,-0.00225283462600774,0.00247244683826805,-0.00184446289406455,-0.000308756868539384,0.00368973326142991,0.00197461131474468,0.00421981891663682,-0.000985885093656068,0.00434898459701868
0.00116928872685236,-0.00369464816477051,0.00363521133755683,-3.73521290011434e-05,0.00141376242393089,0.00343624300039743,-0.00193230424215293,0.00124178594375887,0.00301807763273443,0.00558670962789543
0.000408034332382547,-0.00344926073199477,-0.00143092230287933,-0.00380969464523041,-0.001677091593701,-0.000842154448491954,0.000389958593554263,-0.00104579184492529,-0.00569668131665038,0.00512470868425503
-0.00157341994297425,-0.000878830036257707,0.00364319212417739,0.00379462989950569,0.00199437973965606,0.00048545538589451,0.00374304298751092,0.00475927200585208,-0.000425794666588129,0.00451046686193501
-0.00608689967431929,-0.00272686770587002,-0.00160894480530832,-0.000752634854476462,-0.00316966109730366,-6.8353552928827e-05,-0.00324693372287475,-0.0030538808388069,-0.00450776889240832,0.000193221135221416
0.00022590141336201,-0.00403975754758886,-0.0014573183780997,-0.00390707476057042,-0.00255829779860305,-0.00110254157820426,0.000643360915669792,-0.00128741745655788,-0.0049086619003155,0.00583242516959197
-0.000680710817643558,-0.00134340096013618,0.00428296699733105,0.00457447460169432,0.00230493821450035,0.000835291369481782,0.00329137681151797,0.00515369028366412,-0.000504897283356625,0.00491916268291807
-0.000167184775061957,-0.00452491849012505,0.00245490993100566,-0.0035456360426949,0.00146572231448955,0.00200240848712474,-0.00252590311332887,-0.0033295338294031,-0.00630201909117042,0.00289112741161382
-9.08514892824014e-05,-0.00442351587194652,-0.00206442810816815,-0.00408685343504427,-0.00267298419438809,-0.0017233772673873,-0.00024354721173456,-0.0018417350361856,-0.00585505776797259,0.00503420785492805
-0.00190785113821985,-0.00518988766832957,-0.00099934864348371,-0.00331088355136455,-0.00123601587235289,0.000742770154510121,-0.000512271248744736,-0.00288205420903993,-0.00266820490256349,0.00755031779777523
-0.000127590662231405,-0.00482466058873856,0.00241237917042041,-0.00345048452163367,0.00123537022731978,0.00286803977813935,-0.00284414661786808,-0.00341846829822249,-0.00623293023341972,0.00293376722543134
0.00183984464313966,0.00223020489224217,0.00264265516378994,0.00215083385975654,0.00354881461043729,0.00253275642753327,0.00256685053855588,0.00350035249217947,0.00237532748599756,0.00756735893931695
0.00029210693377244,-0.00504756077948833,0.00245490993100566,-0.00375037972742548,0.00120235875855783,0.00205687528218294,-0.00213462011594459,-0.00383633847363416,-0.00663460963894705,0.00299005177967046
-0.00074411336098813,-0.00606050782855626,0.00707957391656281,-0.00129126316505164,1.49846154004921e-05,0.00134020885642899,0.000536122436378473,-0.00128772349888934,-0.00115860511707734,0.0058165913901644
0.0031169586981073,0.000446152088707741,0.00185267433003637,0.00539251381672478,0.00420520243299435,0.00658932815327388,0.00203343910759739,0.00425661892057599,-0.000402615616746639,0.0029967371589738
-0.00637115628602191,-0.0026503408596442,0.00137985460282657,-0.000277827131874877,-0.00235176265290147,0.00152683642395217,-0.00224519946408159,0.00203132239444292,-0.00275299610660001,0.00790928365706329
0.000371186407371531,-0.00311012684380081,0.00170287397669939,0.000862220413334451,0.00586023229352226,0.00269258485482688,0.00461163334615794,0.00602617927553912,0.00194200774844207,0.00566468164105052
-0.00410591218446914,-0.00536959508012849,-0.00202979562381086,-0.00409285335610476,-0.00459461388555651,-0.001435907845513,-0.00604951370959891,0.000750698249160616,-0.00439164964425127,0.00153553756079991
0.00167292738510196,-0.00263418550343094,0.00276690462930193,-0.000770671350988271,0.00279983841982249,0.00172843188263684,0.00429904983054398,0.00552341996141392,-0.00226879386039625,0.00816507088228512
-0.000327111534368493,-0.00418483032329761,0.00798017846901158,-0.000371506588484161,0.00100043809029422,0.00334560667783772,0.00094086225642411,-0.00107269410393042,1.52244780453619e-07,0.00749027285639519
-0.00675175989432825,-0.00739873385323766,-0.00263233468774985,-0.00355448318687812,-0.00179538507788312,-0.0023258666673602,-0.00145459763362958,-0.00189317255532888,-0.00418821280754762,-0.000450675127057344
-0.00732951797518558,-0.00340117236382221,0.000566453806633716,-0.00124788289622339,-0.00385378448157013,0.00091605185828427,-0.00366848285553198,0.000873414561442792,-0.00421459416912267,0.00677594628837702
-0.00533084114563747,-0.00467450278805264,-0.00127524155411299,-0.00231311773636052,-0.00694927871360737,-0.00344804938252524,-0.00519510515739477,-0.00443428852564747,-0.00285344662733297,0.000535762876746263
0.000497008490708156,0.00260744143989465,0.00172785573315364,0.00381050978867119,0.00136510173410954,0.00447546459208813,0.00360545797243932,0.00313245118784163,-0.00295247022387298,0.00997880408642946
0.000858985877443925,-0.00265974381035329,0.00199111911810581,0.00116805080209457,0.00628256949704814,0.00292598173045961,0.00538285780477042,0.00658049685516685,0.00247415262488468,0.00621899922067824
0.00114182337731609,0.00274497099090077,0.0032898194393111,0.00409935299499868,0.00242308373522659,0.00432524692765222,0.00362982358033504,0.00393509271424357,-0.00283579919936124,0.00915896319012775
-0.00605695192064253,-0.00644653811045924,-0.00205390629914601,-0.00371836693287909,-0.00427650006024608,-0.00368623078637334,-0.00480996376753196,-0.0029478495664103,-0.0066169697645248,3.75294756068088e-05
0.000137554393782088,-0.00021592283401398,0.0053557260655484,0.000972804383269724,0.00526523283035049,0.00517690125188185,0.00391534051169856,0.00425739236990681,0.000172482757955072,0.00961960395790152
0.000781113260081308,0.00342342697009842,0.0053431556588126,0.00427421817062394,0.00687644435470557,0.00330888939861058,0.00499650208352836,0.0022326243296399,-0.00222145846214481,0.00893781972546593
0.00398065736446051,0.0044265575662388,0.00411084767199309,0.00387537744082056,0.00477115593987278,0.00412919105686111,0.00390888257344404,0.00568186038619824,0.00386089859939985,0.00954946422404638
0.00563228421639776,0.00376258521426685,0.00821097565296599,0.00600238786076372,0.00649682191414824,0.00687425963360998,0.00329799157181398,0.0063736928087033,0.00504117803839183,0.00981580823771979
