-0.000490967142341183,-0.00134717763066477,0.0011412634846768,-4.30371263057367e-05,0.000340855046769907,0.000199991286195935,-0.000206629046348467,-0.000966399137459109,-0.00159348212212264,-0.000240354338338515
-0.000343801732099206,-0.0017391137452945,0.00117847423902491,0.000173182822588245,-0.000492319934593284,0.000387644276636597,-0.000541919697761838,-0.00122214390525767,-0.00128682710472187,0.000266391217840097
-5.56456840729584e-05,-0.00207672850996727,0.00087141858983582,0.000744019348358394,0.000700669342626353,0.000889412519890491,8.94537433050335e-05,-0.000659393034499091,-0.00159868468129311,9.38306034663712e-05
-0.000583503066318491,-0.0016051025685084,0.00178064510310583,-0.000615119804082029,0.00014207861921404,-8.66860384517789e-05,-6.31455033230594e-05,-0.000542656594918251,-0.00172881130543966,0.000967328093780765
-0.000559508705952951,-0.00166817345861211,0.0020195774501941,-0.000440941473853776,-0.000135759525984175,-0.000226047222393045,-0.000513132046178334,-0.000279408124011267,-0.00137363802860989,0.00132063463077608
-0.000635936885349116,-0.00166977847297027,0.00166171307188282,-0.000309961727997378,-4.99253397402966e-05,0.00115355590350358,0.000340454350967119,0.000498412949278084,-0.00121836109038095,0.00165478927776361
7.2025397953806e-05,-0.00128974811798988,0.00231133249155417,-0.000594537229223011,0.000599114054748129,0.000178143356914007,-0.000480446435690241,-0.00136293652359654,-0.00158924152927469,0.00028639136695549
-0.00159446180149704,-0.00196113854497811,0.000832003949362348,0.000183588383490617,0.000919604149489598,0.000365291970530729,-0.000458007306863138,-0.000733227384760967,-0.00191079274190229,8.16419150731963e-05
0.000367409062205956,-0.00148070788307276,0.00160564592728584,0.000700754615039009,0.000756329342577855,0.00162241585975784,-0.000787490128824335,-0.000369294125111919,-0.00048524536558429,0.00177251057406251
-0.000651097227493254,-0.00194082267603385,0.000264410817590406,-0.00112754539159457,-0.00147291467406835,-0.000536593719007277,-0.000382023656003978,-0.00076916034056741,-0.00113641432283432,0.00170247845732102
-0.000275536294896009,-0.00185889359140508,-7.38691539601605e-05,-0.000816749888468159,-0.000704929092336326,0.000694623813698004,-0.000120517184369558,-0.00136325295619664,-0.00164373536964896,0.0018676233560878
-0.00151537409429888,-0.00170411454933353,0.0019675784965078,-0.000328971391212417,-0.000599058143976796,0.000315862995653379,0.00062166025111901,-0.000382396582305187,-0.00179901475196085,0.000418473999170414
-0.000250916044491051,-0.00184737253295838,0.000541013560511769,-0.000620520898838858,-0.00037225576292831,0.000114411952009476,3.62662795792444e-06,-0.000682428165899951,-0.00246310150696188,0.00169069423475357
-0.000906002093739786,-0.00198830390550566,0.00109388435049061,0.000138810387768675,-0.000325235679240739,0.000475600008483798,-0.000528758906345314,-0.000598198741840145,-0.00196900066263752,0.00177797670983652
0.000278831233041457,-0.000469185765283583,0.00188927123873234,0.000950074895167579,0.00196064978470414,0.00186291643946379,0.000361914264485018,0.00040774253690674,-0.000843843517647958,0.000960494173167866
-0.000591607521589198,-0.000972772588145611,0.00186651778045818,-9.5127322385858e-05,0.001541911058963,0.000208006593497607,0.000150207666125207,-0.000272223771848765,-0.00189350333841411,0.00181701224731909
-0.00115090373424049,-0.00119765454598137,0.00134708288520927,0.000135759625161975,0.0013895840080043,0.000929790706391033,-0.000370821076425665,5.42490652357644e-05,-0.00261318134706581,0.000198582850328405
-0.000169036436007989,0.000505500619369977,0.000914003144462084,0.000673793757132339,0.000796682310212167,0.00215209943524423,0.000731648333459095,0.00035051427043057,-0.0012933770501064,0.00229978872180334
-0.00139614404060688,-0.00150304305164667,0.00136746415565725,0.000207137596667124,-0.000619229264449135,0.000809823863498052,-0.000748228095779891,4.85974186011846e-05,-0.000973099150002483,0.00242976156369853
-0.000158481702144331,-0.00142105163691319,0.00143120376036872,-0.000428916684384002,-0.000265523069171651,0.000289258773236797,0.000250933971289278,-0.000522086453445135,-0.00180323770131066,0.00261264824543781
0.000770043989062663,-0.0013928911189758,0.00139697564049061,-0.000313926294168073,-4.34223732336794e-06,0.000810248402610127,0.000778593415934291,9.93880760105505e-05,-0.00235798335678904,0.00198681975536242
-0.000369799589703048,-0.00147980575371254,0.00231573883239837,0.00193223539460063,0.000366285982863923,0.000642926525724846,0.000705685432453007,0.00044420297194689,-0.00110505751616383,0.00122418407965422
-0.000959810969828514,-0.00232606697098382,0.000821492134345064,-3.68379311853839e-07,0.000874505072157379,0.000906341272890938,-0.000549537013233149,0.000132205567514294,-0.00254544357357081,-0.000125793200345018
-0.000855473104653173,-0.00221739120608542,0.000773422994152601,-0.000508508413609893,-0.00110558244714794,0.00120237696356415,0.00069881064430701,-0.000527661064538488,-0.00227678820547409,0.000618497036394761
-0.000148952384411104,-0.000868378404375312,0.00215384962785335,0.00162301240672351,0.000669342624694274,0.000693878761648609,0.000753382265987099,0.00138238937057181,-0.000973700843184496,0.00180948965037839
-0.00179479866161646,-0.00118379869759453,0.00176676688738599,-1.74772847570194e-05,0.000133993589500032,0.000914687291732812,9.434509325921e-05,-1.70605648038489e-05,-0.00139691268832653,0.00235553020273653
-0.00106393564412087,-0.00131696576497315,0.000778837781112598,0.00123068920588948,0.000222731482502102,0.000792892782238062,-0.000200261662673479,7.5977627932379e-05,-0.00239790280822587,0.00216839103408729
-0.000966456174868196,-0.000875584487643848,0.00210965736964586,-2.49997533330586e-05,0.000213468437460439,0.00211515883053287,0.00105588069850458,0.000672376382089101,-0.00132490575173569,0.00166359952446776
-0.00164182914494967,-0.0023562174311106,0.000759417509031572,-0.000151647658761542,-0.000676425862772729,-0.000458334325744132,-0.00119100325243421,-0.000796306024858191,-0.00218262787105329,0.000804087965588147
-0.00113273771729381,-0.00217564921682105,0.00105248992923712,-0.00108853038585734,-0.00073554176770887,-0.000444138120648625,-0.000119969709530776,-0.00159140554634985,-0.00090596583540294,0.00215102057915052
-0.00100324917043991,-0.00346142472532327,0.000276140232486163,-0.000587619036206237,-0.000888460536597179,-0.000288863726647492,-0.00209135274570681,-0.000968105104717204,-0.00093561326997729,0.000674953417846088
7.65521606983638e-05,-0.00262160121050752,0.00250729211228548,0.000120681967346866,0.000816112319447643,0.0012334707542171,0.00121981831590326,-0.000109606147813626,-0.000154511958309474,0.0023307292990226
2.75470179502895e-05,-0.000770258240045867,0.00252013523551223,0.00202617076284019,0.00117390103906989,0.00108442275645078,0.00127963053239672,0.00141809171619527,-0.000614506148690578,0.0021899570843672
0.000968013869224695,-0.000657480759507771,0.00130364606340738,0.00153672681987577,0.00185554202213448,0.00292928718539854,0.000878748173294211,0.000915945580861228,-0.000240281105818075,0.00203647332251998
-0.00230393067443647,-0.00230137359385421,0.000934231223367364,-0.00021192875038573,-0.00176136140250673,5.33803845099744e-05,-0.000940409453044469,-0.000422032363960283,-0.00163753039467015,0.00252697273278066
-0.00260997569954684,-0.0020164405655346,3.63883413986697e-06,0.000109638156692132,-0.00111964434663999,-0.000130125469548184,-0.0016042251703122,-0.00160978569317649,-0.00271518510751348,0.000568115706452901
-0.000937913520011498,-0.00274431372401129,0.000948747701969745,-0.00108380959480663,-0.000197231534540074,0.000488869281800342,-0.00135799090176462,-0.00182868850609121,-0.00315025496302118,0.000589867643180686
-0.00128141336152601,-0.00261198051454884,0.000119710641257714,-0.00129693799927775,-0.0017817647674057,-0.000340772172407746,-0.00103724620859181,-0.00204178620087772,-0.00301353280494217,-0.000699962954254306
0.00103678684994849,-0.000965317938900259,0.00253410551522621,0.0010182821906218,0.00160489899421541,0.00138399632982464,0.00166168789935721,0.00165693063686221,-0.000598578844669084,0.0030261994130239
-0.0011331251298881,-0.00290796550883421,-0.000953753881868563,-0.00148572475005854,-0.00130571782768309,-0.0014316033833517,-0.00149622717652754,-0.00231183744394762,-0.00365364632576742,0.000831967396243372
