-11.0302159881243,-9.1574214293186,2.62307689291015,2.70594208206276,6.77650346309973,-7.38925059207878,1.87098757470739,9.96115055965947,-6.94966954264427,14.0576246048861
-23.8119819459255,-17.5926588776918,3.77852775849871,-24.0421068122523,1.27706775245191,-9.29686438406543,-20.9771341145321,-19.045879053859,-8.97507568212096,29.4826123930585
4.16251327749497,9.75140916842134,-12.8677572354802,-2.27917696555629,26.6705984566812,8.89536338188051,12.2938638787312,48.2690323330585,-4.74455200571896,11.7361960334575
-11.2147806294226,-2.93712892377471,16.0604428251447,-48.6470289589686,-11.3002815578918,-28.6856136167368,-23.5648111740559,17.6313448067005,2.67422987343459,-2.19221328666283
12.5774475264541,30.7680277081217,33.7107818971154,16.6623552925082,29.5956395634858,-4.64203426121982,12.5175660379572,32.7910116707706,26.5582907121399,17.5651970543639
5.47077502578497,-2.29747232527496,-10.5995411993688,8.18934170716948,48.4199746643806,5.57497818606484,35.4860257545861,11.9172259838073,21.6456163498614,45.0436719133768
57.5868052884714,20.7532928563957,-31.0810387911833,-24.2031488270281,-17.4040778603387,11.74047026178,43.0474581629427,27.1067444293913,-18.924254097874,-24.3344259822865
-14.7066085662328,43.4482734204708,-52.2417699383717,26.707860225688,52.6841887112033,-7.71073609964944,15.9813817917378,4.2710490722631,13.7638429508466,56.2670761686959
-44.3052570567444,-66.4917795705299,2.62755710134839,-33.6011884166694,44.2428240820662,-32.1340018440564,6.81070028415088,-39.5061772352026,17.0472978544806,37.9510397263621
82.4205091333474,-9.78268955458673,69.08454858694,-25.6442831431625,28.4021805235594,-36.7096591807801,-11.057207418705,-2.97809410372312,-1.30843577641051,-5.48999444273299
13.5341754007141,-11.2672669447115,7.00289464771846,-0.230871139074914,-81.009176612071,-47.0995206607446,-10.6008656740213,63.412750606622,24.1110938751782,-40.151488203675
41.5555587421887,10.4015925641867,-8.33721199701661,46.1022251063168,-32.0205303008888,-63.7290962866679,55.3048916837026,-11.5631263468028,-39.5775535927937,-43.8882923056537
-80.0302159881243,-43.0968153687125,29.5047973230177,27.1796262925891,21.9848367964331,-16.9333781465364,40.6177906437611,-43.7441676617878,-13.8760764690512,-38.0161081140079
-60.2631223008269,-28.934347089865,-49.7319414573746,-26.10486140886,4.64739032359105,30.5513425376332,69.1045031400244,7.97197955871388,-11.1809937739685,51.7016104156269
39.7138474108737,-8.49346014904709,50.4956873674996,-15.3831815219856,16.421442486781,43.9144490507496,58.8748009633862,83.5642729228701,19.1833568618895,5.43341562696559
-0.391918115783902,58.8425785706814,7.38498165481491,22.7059420820628,28.2050748916712,45.2423283552896,57.0434013678108,13.0861505596595,26.3836637906891,89.7333002805617
-11.0302159881243,-9.1574214293186,2.62307689291015,2.70594208206276,6.77650346309973,-7.38925059207878,1.87098757470739,9.96115055965947,-6.94966954264427,14.0576246048861
-20.5076749535795,-17.535910253971,-2.27115187331225,2.98893632699159,9.04744856427769,-5.0274606219856,12.2089352606086,7.23349541058942,-30.2122521569832,7.53596456782573
-33.8278034758425,-19.1703509991014,26.7016311754225,12.2909810313409,9.43099612507692,-36.5694857150241,20.8786143520649,30.6930981271162,-8.68021537303259,16.0872404432079
1.23632642215992,-78.998665456767,27.0350012242492,45.9168475671596,26.095314637845,71.2205672364264,69.3932475845585,-40.6238078980586,9.567574183913,13.3709490017871
71.3808512055516,-36.4966027158683,-23.583819658814,-4.61716529052507,8.1696923175889,-20.7225839254121,13.5084144752922,25.8395289380379,20.0549387522866,21.1118881707775
-36.5937479037267,-26.0278963260649,4.93397862408727,-50.7901557065674,-4.22236795819591,-11.2044781760521,-43.8252558037716,-48.0529086673775,-11.0004818215976,44.9076001812309
7.26984897873469,-44.9029966958516,4.90952182155403,-58.878252752713,-8.20869932835298,76.9823450826552,-15.689078911039,-22.5827742922845,-15.0362647106124,9.2856352025124
14.084654521483,14.4158385139032,19.2134221423633,61.4124947886155,-2.06736100576473,6.98103765625825,67.8576845694689,6.97591022528121,58.059540141488,-3.46310538351634
19.3552425431143,28.6602397661613,-28.3585913638706,-7.26429601317533,46.5646934502628,25.1799773558398,22.7167401827551,86.5769141064575,-2.53943446879364,9.41476746202891
-100,-29.9533598984205,-53.9090745372623,-3.61264955440927,-73.291599043121,-39.9280861022694,-12.9495233609382,-39.6728756566121,-27.2593869022829,-53.8930847173323
-16.012064365668,-39.6759168773986,-13.3073885041529,1.20371483802011,-60.7997001491067,14.9432583841633,-6.96607653747737,-77.1933377636485,-42.8092306084875,-0.746921766504308
66.5277753983352,-55.9744974563797,42.1106759747924,1.40596807789226,64.5183937031316,-36.3093067187248,89.7753200295814,37.2373909807193,-14.9218382429541,-43.2060849586389
5.79854213609998,-69.6286582190363,-1.11794660385389,-80.3060086156089,36.9219199593565,-50.4034328282338,30.6658270650951,-6.16179167603462,-13.9040540092091,-16.2703936586187
-22.0645145439746,-28.6352247182981,-90.4453174830118,-32.8339170686174,-57.6562558066161,25.7729979777785,-18.3620967144645,-69.2551396156824,-85.0097338831964,2.31455465792866
-14.2937238568953,3.5825051805699,72.9332289056484,39.1689050450257,29.2004452620415,-39.4951528199322,14.1382872060037,77.8850011343721,32.8743549563028,15.5845136641027
36.9966110469937,-67.0637939020942,19.324930234106,8.39940076082137,16.7115288191437,9.15682680216002,16.7721584221273,38.3735792106854,-86.4085991565154,36.9895134042399
-11.3993452707209,3.28316358176918,29.4978087573792,-100,-29.3770665788833,-49.9819766413948,-49.0006099228192,25.3015390537416,12.2981292895135,-18.4420511782117
-40.478009598322,-72.0343051172929,63.3948690271461,6.09048301700692,49.397871183954,30.9732854598026,85.7981373830047,61.3372141512403,-35.1990974602644,44.4634687607302
-37.0631560734468,-41.4366134869373,-46.207211183225,-1.07296701472674,-71.0629168725783,-100,-2.35068923269227,10.1576328179641,-92.430327073223,-14.927567475953
-20.3087008009021,-27.5746107960372,-40.1064035765102,-13.6363273006716,-88.2321597389102,-75.9367162200267,-13.4617965530558,-71.4518219113322,-59.5895161187025,-63.9432650532421
-62.6634205601442,14.2494269349383,12.3358446755274,-88.4255227198487,-64.3165707871411,-22.7760199515367,-31.9093654958185,-55.1133075711746,-34.9366515031077,-89.0360109451208
-0.403649572084223,-4.13307077996795,-87.5221963152986,18.2890226956503,7.48263936573665,-2.63427741834624,88.8117408738276,31.2283898151241,2.8317341242083,-32.7842543293842
15.1770489691406,17.0032510624898,-14.2829426281645,5.31043430701816,11.2443182570015,85.0222030693749,-23.2105656190209,26.5285702089757,15.3085801546298,93.1355872750738
-11.0302159881243,-9.1574214293186,2.62307689291015,2.70594208206276,6.77650346309973,-7.38925059207878,1.87098757470739,9.96115055965947,-6.94966954264427,14.0576246048861
