0.000151097624254468,-0.00045313179151865,-0.000185100043907117,-0.000207135168841432,2.65759297067549e-05,0.00014319632379521,-0.000538991463859382,-0.00049853513395719,-0.000150652345912172,-0.000110344932009116
0.000441447376349625,0.000306668591721171,0.000659595142718645,0.000392860887859688,0.000598222660850085,0.000574953603618593,4.61457271906928e-05,8.48812138198484e-05,4.94872244527743e-05,0.000425139706866161
0.000634513515312358,0.000129386740913658,0.000336000345584258,0.000670863778592771,0.000653396921531209,0.000315095568886378,0.000397340010714863,8.01459904880801e-05,0.000337311163834492,0.000204143403216522
0.000577771374011541,-0.000293292461866911,0.000436673056713012,-0.000299432061054114,-0.000323024417552177,0.000730524589363776,0.000626223964091683,0.000206853826702623,-1.69496344738475e-05,0.000280014546996093
-0.000238260169932634,-0.000811690971872247,-0.000610959102906559,0.00029061751356171,0.000489421259454877,-0.000292014321435261,0.000136109818027741,-7.44596337553187e-05,0.000120863289893734,-0.000607536124061322
0.000379607104104158,0.000310796073116974,0.0005866788066892,7.29036497173266e-05,0.000529772334200719,0.000498837177967922,-0.000176370652889587,-0.000282361881419667,0.000448174447672836,0.000802057890929777
9.636455742115e-05,0.000176248045434432,-0.000235071441326054,0.000591911432373978,0.000698480231834716,4.9367847309962e-05,0.000253628909038207,-0.000926917793375589,-7.40744673841081e-05,0.0005531664587136
-0.000456410880589489,0.000224114807140059,-0.00038824333292755,-9.04125772064934e-05,-4.3506807649911e-05,-0.000362781176296926,-0.000140108664343838,-0.000985418084457063,-0.000485580862769904,-0.000638185062957471
-0.000230269292893675,-0.000302063743512938,-0.000300126210946284,0.00078507077430689,0.000413123114017732,-8.77092095404362e-05,-0.000663567659256365,0.00036319158434435,-0.000783886982198553,0.000250889054496342
0.000402535261229395,0.000414391892203723,0.000279514342821191,0.000986730159366477,0.000485574021222128,0.000349067680839299,-0.000550134130329129,-0.000259487629578637,0.000458224059250074,-0.000227293422141088
0.000494961991886674,0.000229602001170559,0.000838178018387746,0.00063306200718793,0.000727049587968872,0.000830664325338081,-0.000121916327954871,0.000164822608393309,0.000100160484570856,0.000124433346038471
-0.000125278657338752,-0.000722218061384434,9.99013315776688e-05,-0.00057674229169267,-0.000447973016408747,0.000648879044047419,-0.000923123262846523,-0.000383184804216006,0.000321919098394719,-0.000475687583916246
0.000983589447103538,0.000282790979879928,1.16707505844819e-05,0.000478283098637636,0.000544168671739003,0.00110056192007164,-0.000358618235575417,-0.000101714031732467,-1.19037087706604e-05,0.000160214910416832
0.000658333508451002,0.000194529734955477,0.000630440840962979,0.000689538221495965,0.000650480064677451,0.000844392297078066,0.000352842494056428,0.000194069316083374,0.000251734017174228,0.000530734555399096
0.000203669789227336,0.000154067224256425,-0.000364011541334994,0.000808495909550169,6.91279172646408e-05,0.000977583138258176,-0.000793146919829689,-0.000416074821719178,0.000318383284865066,0.000601534009437456
-0.000255959266483128,-0.000615192623723689,-0.000258507267876286,-0.000102706927827092,-0.000440625277715194,-0.000460813819379956,-0.000855413702443568,-0.000486742152564982,-0.00102645906415771,-0.000389785102755408
0.000525227115105012,-0.000320459183672748,-0.00137195320498441,-0.00014582157611611,6.03598331056656e-05,-2.55761596355338e-05,-3.45075888042843e-05,-0.000856915802398716,-0.000305508954161145,0.000206366570581858
-0.000377698423882374,-0.0013230168640938,-0.000437139420928907,3.35730818824326e-06,-0.000555107449661775,0.000749906273477638,-0.000249238589133196,-6.50652537840535e-05,0.000435947381062782,-0.000285413065343553
-2.65397505647178e-05,-0.000998895660925392,0.000828357227476118,0.000609213921503105,0.000409242816610212,0.000140535676967897,-0.000754485217625803,-0.000189319232546436,-0.000643089698424641,-0.000286166590601087
0.0010761024999291,0.000245536556521157,0.000702335921871731,0.000561157978059937,0.000404811460622665,0.000957289587029862,0.000282133255917924,0.000190877235407908,0.000304426206372611,0.000435688518453951
0.000119759999663912,-0.00081244208657134,-7.97677457633249e-05,0.00096150051628359,-0.000966883994470156,8.27371058930368e-05,-0.000123842145232012,0.000264474338587319,-0.000949887082891203,8.02706922436735e-05
0.00107242624471274,0.000287432539892537,0.000291686603423327,0.000161494756525182,0.00108493905974846,0.000599748059649668,0.000104105917291206,0.000458809216568729,0.000493670864360762,0.000826292586268621
0.000826280103220663,0.000467046745980102,0.000823732101827505,0.000979532441876699,0.000641614091988597,0.000621425550323835,0.000226825667260223,0.000595497217138809,5.57803055460787e-05,0.000692454266948383
0.00078537073098219,0.00022278166510281,0.000730577950676374,0.000951660765335194,0.000454747705160185,2.95866373487257e-07,0.00106821099300246,0.000812492318146716,-0.000463511903276314,-6.9133591554901e-05
-0.000467970724631825,-0.000991608339658911,-0.000569783611832466,-0.000433375632584739,-0.000548695995592243,-0.000436982658475352,-0.000934491131716667,-0.000905143271078095,-0.000979928663971971,-0.000692073042033402
0.000848045225326607,-0.000380043846707171,0.000779341343239867,0.00162976294591845,0.00055902651901324,0.00068667907899973,0.000521016411433739,-6.55933871621978e-05,-0.00030496399544486,0.000274920387124958
-0.00113689377887514,-0.00108790987542108,-0.000817893430055314,-0.000598758147211649,-0.000762445721915662,-0.000194616564549134,0.000150361126647908,-0.00111173577875829,-4.53052647680386e-05,-0.000877724991306458
-0.000598179123079186,-0.000743163823483432,7.69832495857524e-05,-0.000838499629444756,-0.00063128794749069,-0.000350990770572531,-0.000811599481677043,-0.00144925918895796,-0.00112286593921587,-0.000385438553950661
-0.000464131441935668,-0.0014581332120575,7.55592844777798e-05,-0.000767420757486506,5.21562673660842e-05,0.000400271234367197,-0.0010689590468628,-8.13628440444802e-06,-0.00115116525867363,-0.000957115788084784
-0.000519720897300793,-0.000600176418061118,-0.000395708916102696,-0.000250114834580712,-0.00110429398298906,-0.00109368660085183,-0.00109613609805187,-0.000743463209780224,-0.00117102954524953,-0.000856959964514203
0.00106350025739311,4.8842502511009e-05,0.00110508977257396,0.00127119522718073,0.000744840389070697,0.00121118524434168,5.86583931008489e-05,0.000759219778327462,0.00029857897143332,0.000747470583392416
-0.000738401235300734,-0.000845180934526367,-0.000869843833642729,0.000360683565036502,-0.00106468460773858,-0.000246957878778652,-0.000750436208048262,-0.00120920543941037,-0.00125545608957854,-0.000720310585572196
0.00102542456408186,0.000475042189344623,0.000916810024656433,0.00169958674393427,0.000509015782438327,0.000852777536051535,0.000897510641391656,0.000355730225367252,0.000892682805117571,0.000752810832808872
0.00093578460759891,0.000356555177847237,0.00108500932904097,0.000907019101469982,0.00128676548053777,0.00142193115460217,0.000343204418359292,3.74240132621994e-05,0.000673888126252095,0.00104702328065437
0.00103242613442174,0.00091832160731265,0.00131161793714708,0.0014979403036521,0.000645453289057119,0.00088100555965301,0.00106989890852294,0.00015685583534654,0.000178741493352487,0.000686050588888893
-0.000468282070250393,-0.000560956821384701,-0.00167350366576171,-0.000379829022705402,-0.000726969308353842,-0.000691779527942358,-0.000515234750919706,-0.00144762314386356,-0.00138049199224083,-0.000680064074938307
0.00150030501107539,0.00102064269243443,0.00102469812630485,0.000756303728832545,0.000784577451192274,0.00106433820945054,0.000786946183808228,0.000587445695036732,0.00109283676155223,0.000663275257030251
-0.000710382127968483,-0.00148916171402833,-0.000637751605477544,-0.000704179706474237,-0.00100444155611269,-0.00109237657787935,-0.00132357737953313,-0.00111780690462529,-0.00120520519127831,-0.00108231325988033
0.0014540966114391,0.000675317025379255,0.00152672713393004,0.00146029903293335,0.00116003718329489,0.00107210216152824,0.000840901359874454,0.0010466718347823,0.000959273548129271,0.00108216547952726
0.00141522805254684,0.000890584234502847,0.00130186056706556,0.00142580085142413,0.00123676737529969,0.00148174508676763,0.000837870739287578,0.000950203196510483,0.000925138606524988,0.00118838291919766
