0.000360436817697861,-0.000194523456910138,0.000137701193221923,-0.000225140455223387,0.000116330988123341,2.88541001075132e-05,-0.00010183831650327,2.6420962555816e-06,-0.000268318027341128,-2.22890342814713e-05
0.000441396302769838,-8.50923579123457e-05,0.000242499543033102,-0.000122598229082496,0.000154290977326898,8.51406674362083e-05,-0.000114709088342804,-3.81828565237832e-05,-0.000209939208248925,3.65692721077259e-05
0.000244167661278854,-0.000101794135684333,0.000207072311992111,-0.000121230878481129,0.000395198554474655,0.000166722470696833,-7.59955263617336e-05,0.000157651967084691,-0.00015648378907507,-7.80136126961512e-05
6.31702809298046e-05,0.000358722585789253,-2.30354533356067e-05,0.000171974144515507,0.000413776914618048,0.000432111763940444,0.000267469288053892,0.000335853558309007,-0.000482635519881355,6.15686212821693e-05
-1.47726679733023e-05,-0.000100932849065858,-0.000296351813241661,-0.000635986720808491,-0.000479818596530837,-0.000534523395904084,-0.000195876532015924,-0.000364894858765065,-0.000262850852189082,-0.000653566218428879
0.000614692385992006,-0.000482453688185004,-0.00017417550629208,-2.33709814466938e-05,0.000475182363463742,4.77157339629586e-05,0.000626248785311645,0.000184653620516828,-6.74575518686028e-05,0.00076455904117588
0.00012341536713115,-0.00067677239631797,0.000794654117748023,7.35406748788767e-06,1.20050359496653e-05,-0.000652584648062366,-0.000182478386148465,7.04337464395256e-06,0.000192087086055751,0.000585397132063434
-0.000119513006978173,0.000109225686884343,1.78515163274599e-05,-0.000192162182969467,0.000259273377852576,-0.000800337138913506,5.60538439265165e-05,-0.000286070192033187,-0.000987080065489746,0.00034314604702601
0.0010550324228284,-7.29432215534462e-05,0.000232428548419803,-0.000270665828456585,0.000631164174794931,5.97576504006503e-05,0.000130352403400493,-0.000701948752003626,1.59028459542906e-05,-5.03411191153029e-06
0.00087855287605757,-0.00024500736752629,1.96087804983326e-05,0.000804688817110306,0.000367270805188971,0.000152447175192551,0.000236952785184038,-0.000474948446901736,0.000185298699070424,0.000491409509605575
-0.000242703079840178,0.000957031207455965,0.000505231982235322,0.000645162437471167,-7.47001380835805e-05,0.000453625414193112,-0.000250647854718734,-0.000309370476104322,0.000666572699568594,3.41392565307739e-05
0.000261495260899261,-0.00015375600014789,-0.000365990777457329,-0.00106847651149941,-0.000241962195167767,-0.000575430639780789,-0.000334668973946453,-0.000589354089772753,-0.000493347239453121,-8.36316263787927e-05
0.000699841567131884,0.000507178039584009,0.00048322880137033,0.000343814708945883,0.000687334335073617,0.000914319223931105,-3.57397020099572e-05,0.00018391854253735,0.000429712821047138,0.000210624246065838
0.000169431049207677,-0.000162440673784323,3.46732355585977e-05,-0.00080860335173352,9.06170763741102e-05,-8.74375854053588e-05,-0.000546448450879801,-0.000682493685171228,-0.000687827006856352,-0.000957367948063854
0.000953710659274576,-0.000788065846166665,0.000226725770754011,0.000516535500493201,3.33763001338052e-05,0.000142679273167325,-0.000180394115050984,-0.000127336147587452,-0.000461700257479287,0.000909205153883817
0.000619556515175929,-0.000753841859572149,-0.000680347143815541,-0.000553711997792623,-0.000378517129928945,-0.000453048261804204,0.00010665329773484,-4.01625306197123e-05,-0.000696720412785187,-0.000691313854945372
0.00114539794624986,-0.000233466241941017,0.000798440658323893,0.000249104344715408,-0.000427828573224028,-1.66931414395131e-05,-0.000577131280594768,0.000281870663308412,0.000249882660035355,0.000787063274601653
0.000704231245025798,0.000169911625670326,0.000933940579005869,0.000258037914795326,0.00120345047607134,0.000795780899752942,0.000244930693494585,0.000210921905985758,-0.000154054125053823,0.000269687429461635
0.000496308819654065,0.000794484112746885,0.000918410701395962,0.000497682124982584,0.00105455378906135,6.71262262080377e-05,0.000642461553547324,-3.31072597452245e-05,5.92568847417679e-05,0.000498583316260215
0.00117402931110075,-0.00105085274562292,-0.00043714948670101,-9.18796157867068e-05,1.55560674516494e-06,-0.000756634899792847,0.000305266225951642,-0.000426161671531779,-5.24354674537064e-05,-0.000589775193605671
-0.000321024328890904,-0.000607431187542583,-0.000329606029676248,-0.000860746924644523,-0.000799061500135304,-0.00093605475141467,-0.000491313207374269,-0.000396279657330901,-0.000624132035446334,-0.000669749567598962
0.00162005639556177,0.000658448599556058,0.00032336707783671,0.000381327154221403,0.000377884789907184,0.000179927615991969,5.78191042895245e-06,-7.6659662621735e-05,0.000696526581746719,0.000794550046869821
4.61455779569455e-05,-0.000183325752722698,-0.000290901934423795,-0.000567490022567757,-0.00117268978227697,-0.000538594778462856,-0.00103228340991412,-0.000932334526373047,-0.000366514171702453,-0.000753571092614669
-0.000419794965874893,-0.00123861506510282,-0.000266753045009468,-0.000284662025519268,-0.000271642480962761,-0.000649395657119375,-0.000521072353934034,-0.000929361320842388,-0.00093106636883796,-0.000685415283618072
0.00130769633015222,0.000356583382343032,0.000675154948821453,-0.000158656657144969,0.000767081758634946,0.000915694284063783,0.000172802860833189,-0.000207917373748838,0.000925819826029225,0.000518035250964585
-0.000314793540402872,-0.000904852685584125,-1.93538395156005e-05,-0.00114696343274599,-0.000339621128843879,-0.000924628638467334,-0.000470131549741079,-0.000626848697153756,-0.00114643394527432,-0.0003433111048603
-4.17310131914853e-05,-0.00116157336191111,-0.000970725810288052,0.00040001516167702,5.33180795359586e-05,-0.00117572515805931,-0.000559071074121454,0.000473880530408826,-0.000886470752850431,-0.000482554140890622
-8.07025128511479e-05,-0.00109659683155843,-0.000772914542928723,-0.000443203647028863,-0.000662732380891095,-0.000529572274674764,-0.000333596298132278,-0.000202374579800849,-0.00129633021728123,-0.000979591391051089
0.000789803422858047,-8.14667759943197e-05,0.00121552367953546,0.000892475389504737,0.000699235550185788,0.000605408271986256,0.00105041843408963,0.000669768752397769,-0.000107084507443677,0.000583030484353288
-0.000806700217004782,-0.000771722412507514,-0.00104199469152513,-0.000164598602756361,-0.000576084670846108,-0.000550615263400893,-0.000751310058067957,-0.000788916379633395,-0.000927289557507269,-0.0010694414573506
0.000141686797735064,-0.000696711893910551,-0.000896157855918312,-0.00117954201183592,-0.000217479143037301,-0.000826091478408787,-0.000884847304403206,-0.00129044776796777,-0.00067497585438241,-0.000609468852619422
0.0015227812466941,0.000353779933383299,0.00143957734745857,0.000861994477026488,0.000686486840376579,0.000211954526787999,0.000237059208404218,0.000952520906318994,0.000370710719589105,0.000803677959498362
-0.00035076953282868,-0.00131464807230433,-0.000354776074060591,-0.000874354047239025,-0.000845560396338841,-0.00111631837179635,-0.00113969268311705,-0.000919887455816127,-0.000998128017497414,-0.000937995097384622
-0.000263363468476633,-0.00100339245694842,-0.00125037997836789,-0.000951281240145395,-0.00120150293674976,-0.00121701359741323,-0.00137618235039587,-0.00119885620524641,-0.00105185563166252,-0.00114123898915774
-0.000700513529265655,-0.00139340801856129,-0.00129044243286957,-0.00132166034677417,-0.000903120762304774,-0.00101658788776807,-0.0011775736454585,-0.00141806986160625,-0.000965624346620423,-0.00116525956297242
0.0014055883214288,0.00104234129040572,0.00159423318328867,0.000860632783203002,0.00133584614376252,0.00148236464826468,0.000997939420420345,0.00111638465501675,0.000818759487308034,0.00117628903738618
-0.000679841482821455,-0.00154854040367844,-0.00138563768298917,-0.00140148307708455,-0.00148504159728226,-0.00153303353383766,-0.00121183175864256,-0.00126522431255425,-0.0013772212309034,-0.00117626549215833
-0.00102038102539907,-0.00158823734104278,-0.00128145773855624,-0.00148340622849974,-0.00126387045376301,-0.00109021061496648,-0.00163404141471906,-0.00135228279531917,-0.00165758472882228,-0.00115670371174569
-0.000860004552779454,-0.00157128744912759,-0.00133012623625309,-0.00110526335172116,-0.00157109893863998,-0.00119953761196212,-0.00161325250889244,-0.00148419032452042,-0.00126174813491697,-0.00152309537883717
-0.000490474311915553,-0.00127462648937646,-0.00108836692162249,-0.00093414548540038,-0.00144704981783324,-0.0011889313331773,-0.00146464187478867,-0.00173826428386203,-0.00189748775541333,-0.00181997676627088
