0.000360436817697861,-0.000194523456910138,0.000137701193221923,-0.000225140455223387,0.000116330988123341,2.88541001075132e-05,-0.00010183831650327,2.6420962555816e-06,-0.000268318027341128,-2.22890342814713e-05
0.000592775946219684,-0.000448430753359806,0.000195921925659258,-2.16437517579172e-07,-0.00013453809888998,-5.65708085044558e-05,-0.000229775512071364,-0.000196180394325761,-0.000441570395955596,-0.000360896543318796
0.000182160187177751,-0.000161475260803137,-6.18029031984719e-05,-0.000387671584170026,6.70983647510552e-05,-9.31627604337971e-06,-4.49266691653363e-05,3.23704056808597e-05,-0.000646606320960775,-0.000811600347252108
0.000831570068179191,-6.33784606447085e-06,0.00038992142969755,-0.000258359335072648,0.0003228318789879,-0.000508723994484582,0.000525222621723081,0.000179116241123641,-4.42875382391422e-05,-5.30588851815433e-05
0.000680898126449146,4.63013290210171e-05,0.000319131498380456,-0.000696444355696649,-0.000243678942381312,-0.000360816880622862,-0.000190170768726479,0.000325021537669495,0.000105431260668639,-0.000589529889628098
0.000934904641522019,0.000345918758412568,7.89391327716336e-05,0.000323544578483279,0.00059130855723547,0.000653329106993306,0.000493404670114215,0.000389191031099069,3.01886140343719e-05,-0.000257284601696484
0.000552729905051273,-2.99187973221068e-06,0.000352553039442252,0.000118241452721012,-0.000354009358395967,0.000983790329652978,-3.51403406292622e-05,0.000753760474784649,0.000494581038635903,-4.62591447092958e-05
0.000398488253748627,0.000159828486509316,-0.000136718124085477,-0.000867590062041839,0.000588965809085723,0.000503235827991322,9.55038498410923e-05,-0.0007406880177696,-0.000588713295445192,-0.000100405583469955
-4.72276249684253e-05,-0.000109704259164411,0.000713874488431074,-0.000835203838090626,-0.000617908005341298,0.000475904869261239,0.00037700981113498,0.000388032002280999,-0.000554569973533186,-0.000535926837878757
0.000516300764816678,-0.000653810578304274,0.000947838978104081,1.91868132331375e-05,0.000199969037388082,-0.000713439633823923,-0.00041120127650297,-0.000400604897119046,-0.000411048764289361,0.000467945204798322
-0.000409002994054038,-0.000576836908331945,-0.000820792409497364,-0.000282899112530705,-0.000377283648600758,1.83899881349508e-05,-0.00049420514377236,-0.000650548429732684,-0.000757833539591651,-0.000592949644811978
-0.000733488790803895,-0.00018916490262261,-0.00081693899348749,-0.000480387132244358,-0.00109283309730723,-0.000246156316533405,-0.000223648283263994,-9.93921485940466e-05,0.00024041838904787,-0.000814202024636442
0.000514400292123042,0.000888534718113915,0.000176226506646854,0.000333542556719159,0.0011100596263835,6.9253590097838e-05,0.00053013324791254,0.000808996318847514,-0.000172789314938749,0.000358586060423349
-0.000437511437406524,-0.000383761471736996,-1.5543610654021e-05,-0.000535085508046447,-0.000752183610288368,-0.000892284886365126,-0.000590654804796791,-0.00085593695184296,-0.000462652773030394,-0.000601833224517852
0.00111421559230039,3.3822650536487e-06,-0.000439598080606556,-0.000672521517903893,-0.00051608795969895,-0.000475753487556887,-0.000971246218756556,-0.000304615447095904,-0.000772938178471196,0.000210013447594086
0.000760709508021633,0.00114135402586914,0.00105438729397435,5.03004474894025e-05,0.000308160446245164,0.000424023466408758,-0.000178372326992604,-0.000461910983935265,-0.000796815058709986,-0.000190991267046
0.000599699153106396,-0.000625271483473032,-0.000124315793908264,-0.000710475924877755,-0.000176040699645472,-0.000631527965083889,-0.00094312852852989,-0.000649116323896939,-0.00088507581356784,-0.000656452650691237
-0.000265274788728068,-0.000703035039957207,-0.000502721293402111,-0.000859761256627801,-0.000564615643048342,-0.000643899508903524,-0.000657257105389572,-0.000621151377507718,-0.000798860468561254,-0.000712017565326461
0.00138320978289523,0.000390614648996787,7.96111580732442e-05,0.000590959614255637,0.000447573182632762,0.00088147504434436,0.000687478931537149,0.000598546571566749,-0.000220068400865193,7.58447245656743e-05
-0.000196470738932967,-0.000990218547499723,-0.000658128750094656,-0.000838120739339665,-0.000492678380847333,-0.000210403670539992,-0.0002758623332969,-0.000364769933882881,-0.00106402447501669,-0.000739531248121432
0.000186598588208182,0.00104449471200312,0.00101145321430359,-0.000772479794327016,0.000160845738938754,5.26249726777489e-05,0.00046743198519722,0.000340928295605908,-0.00111525765305986,-2.82420692912018e-05
-0.000792419687603294,-0.00035984977460981,0.000107738773998307,-0.000986526782797957,4.15177548151774e-07,-0.00107238885158668,-0.000542594735086233,-0.000718266998959795,-0.0014387977358606,-0.000172193867602893
-0.000518687788965601,-0.00127964795684266,-0.000630542233687697,-0.000559815120346795,-0.000452126698748752,-0.000237785533457227,-0.000382154036434202,-0.000922927801363057,-0.00126648370501698,-0.000902734772852382
-5.95203624575698e-05,-0.000328581224107788,-0.000126400773154316,-0.000569739849061532,-7.02960011023638e-05,-0.00093968813902161,-0.000410295893778262,-0.00128043784654013,-0.00141297839857031,-0.00111997440485129
0.000126708788200961,-0.00136580018701079,-0.000571624914585951,-0.00128989438842644,-0.00043661670088737,-0.000639324454480638,-0.000858516872240471,-0.00108056196658346,-0.000665852872867131,-0.000233839191044204
-0.00050766919203935,-0.00101375136544923,-0.000127471454240442,-0.000768831104366775,-0.000409052338274454,-0.00108394918189774,-0.00102281194765852,-0.000432683002884235,-0.00140273461343035,-0.000682412315471814
-9.08112488376334e-05,-0.000585778464315078,-0.00115442628416131,-0.000481501101981966,-0.00112249277556036,-0.000235705294888443,-0.000789649371396459,-0.000345645880918994,-0.00115565209772868,-0.00127478265832055
0.00149803371799537,0.000492418455579646,0.00155165066412433,0.000691938243258662,0.00086730631463802,0.000132302932860406,0.000532230988337798,0.00067096966390251,0.000398361468871729,0.000915281894375189
0.00133769110244971,0.00101232623151668,0.00110056348520911,0.000565163394251937,0.000598109079732223,0.000513666062819239,0.00120249345970326,0.000895110793186034,-0.000101178861647746,0.000880629929242705
0.00175905256330841,0.00018234052188407,0.000685710302624259,0.000720626476130255,0.000860837544561883,0.00101943150641178,0.000764426095120397,0.000855371859485421,5.38821052829224e-05,0.00101366837438704
-0.000426238125297429,-0.00123381496798345,-0.00107773288209721,-0.000596779550001369,-0.000900184716086209,-0.00112918401452752,-0.000944040160183707,-0.000498452394720744,-0.00118194141100201,-0.000702227158221893
0.00106444591704217,0.000343889818909703,0.00108718812595101,0.000822709759773957,0.00145495835472467,0.000234758963331378,0.00112950320697722,0.000254527825050895,0.000789198923368578,0.00127917974387714
0.00126409470412621,0.00113035730188893,0.000987961423906654,0.000632982864237294,0.00131638463019978,0.000723810533359001,0.0010775805269215,0.000619058901391932,0.0010143042704819,0.000454975324808148
0.00152796779819024,0.000757319525094178,0.000983683711723502,0.000609739038193793,0.00122207057419464,0.00129423099761496,0.000861942204810105,0.000794860445775926,0.00059320649128814,0.00130713479354811
-0.000763548780878178,-0.00133568233999804,-0.000844920368790911,-0.00143621334598137,-0.000774265521273731,-0.00082636544082778,-0.00107816840252916,-0.00115930018296979,-0.00134602980243262,-0.000691296199082539
1.07374951491408e-05,-0.00138741544160966,-0.00115113416440197,-0.00123271815735589,-0.00116405235274574,-0.0011636813980693,-0.000933476296640655,-0.000780705637974246,-0.00119595202370879,-0.000916153755563111
-0.000821110494523631,-0.001180146027014,-0.000953821082054177,-0.00127845574321239,-0.000909493270496834,-0.00124000356570023,-0.00112392513244831,-0.00113109583186909,-0.00150956839293077,-0.000992490120007085
0.00166125900915888,0.000903374709242545,0.00108586244199157,0.00106835410418316,0.00147120735284976,0.00121861921260758,0.00096767921236458,0.00122756985019584,0.000983269533084531,0.000958964521562542
0.00141351680645346,0.001108831672976,0.00147354397517349,0.00107066808761026,0.00144003586211868,0.00115060197645073,0.00126587016752729,0.00102249797591233,0.00091705202068831,0.00116753799844608
0.00183224838849312,0.00115531279891628,0.00120267221025337,0.000976116457689895,0.00138855615458494,0.00140549289369273,0.0011215519436316,0.00148891024536936,0.000921679761584351,0.0013263583424304
