0.000219398373254078,2.45614110420737e-05,-1.34054542282725e-05,-5.30506225322446e-05,6.11808950883911e-05,-7.89106622732247e-05,-3.83966901649539e-06,-1.29836850395789e-05,-0.000207195150825447,-0.000137640212340147
0.000259563435918811,0.000116995980361461,4.25999898667971e-05,-6.74625555255124e-05,0.000143371113131276,5.34147418932327e-05,-4.26054399895937e-06,4.93658664604654e-05,-0.00016481248248046,-5.90981507528111e-05
0.000285217379715426,4.8623975315301e-05,8.35435891543175e-05,-0.000120560368291732,0.000116385504405999,-2.1728003014469e-05,7.39244793856532e-05,3.87669143504398e-06,-0.000155359227311421,-4.40000405288438e-05
0.000281714888291727,5.96803128317779e-05,9.26927939264456e-05,-7.93170854817429e-05,0.000134483854428214,4.79872745491181e-05,8.03007489894087e-05,-1.70733046390028e-05,-0.000147805545242323,-7.01901409733422e-05
0.000231030826593686,-1.11252296075645e-05,0.000135144096310465,-0.000111396072043379,0.000147900401524663,-3.35895255919726e-05,7.16449951980967e-05,-4.10503281843393e-05,-0.000172554006433085,-0.000122368935111602
0.000290881392011073,2.06185397928581e-05,9.02046412291594e-05,-0.00010231073028351,0.000120000229639957,-3.57695433738449e-06,5.93786918673919e-05,-3.61132718340103e-05,-0.000149377745227434,-0.000119534656338129
0.000257908718582765,-1.72910247152832e-05,9.38643994269891e-05,-5.01560855985477e-05,9.75404033820512e-05,-2.00942599039343e-05,9.25671388994976e-05,-9.35119434255762e-05,-0.000193996424043595,-0.00013391501754573
0.000211371105347832,-4.95405445408787e-05,0.000155896093079278,-0.000154218259128342,7.0634976687396e-05,-0.000102555361790778,3.19128559762699e-05,-6.7227449511267e-05,-0.000175768676080764,-0.000121762643238593
0.000287606930376342,1.88961557326634e-05,0.000146228807176924,-8.50866995087519e-05,0.000167678794519005,-8.42655902666723e-06,0.000120766241282759,-1.905648066274e-06,-7.07527311115605e-05,-5.85225775347138e-05
0.000218632077525878,-2.79117698022966e-05,0.000124602907461686,-7.60517904807075e-05,0.000115768326783246,-7.88699837060651e-05,9.75531771408254e-05,-8.99328818787521e-05,-0.000132585216018574,-0.000197640868969157
0.000302125315686487,4.21555027787697e-05,9.05839262271363e-05,-4.72224853727944e-05,0.000140791252804352,-1.48504011305257e-05,0.000137969385460975,5.69286636565489e-05,-0.000128013128131093,-4.91784347969946e-05
0.000258032553436949,-4.9793043160993e-05,7.17052936212469e-05,-0.000126921091025491,0.000109601411126015,-4.78966245093075e-05,4.15206746532624e-06,-9.69135229739206e-05,-0.000190823962159538,-0.000137984161301205
0.000282684650848896,-1.69486251237129e-05,1.87221964641038e-05,-0.000106575658913186,7.53567211098202e-05,3.16235492383473e-06,8.64818167787651e-05,-8.8796323832999e-05,-0.000219001067373157,-0.000117669809375906
0.000328628442355816,4.45911868985274e-05,9.09609019743042e-05,-5.09363707030339e-05,0.00017430250371833,4.79989789603133e-05,0.000130360875959325,7.26259487490586e-06,-6.1722171705356e-05,-4.6256521487226e-05
0.000316663799299639,6.41308486390454e-05,0.000139597897141259,-8.32182707455206e-06,0.000158672829615834,-2.20471765164482e-05,0.000110227691675421,3.29146610621065e-05,-9.54335475459513e-05,-7.44595904178907e-05
0.000195277481098306,-3.9903745310049e-05,7.0708052511044e-05,-0.000113709042066184,9.59908350059283e-05,-0.000110170639089762,4.19066055598741e-05,-8.12706447594818e-05,-0.000231632193158417,-0.00020648990307688
0.000334767929928813,4.35351828400624e-05,0.00011026250515002,-4.31699278593733e-05,0.000154721717803028,3.23289912085886e-05,0.000106513847194118,-2.2508514094922e-05,-0.000118141384075539,-7.89101598280601e-05
0.000186500697927411,-9.29378347585655e-05,-4.52335060439264e-06,-0.000186625632778069,5.57741491815816e-05,-0.000104341551169481,2.88294186047432e-05,-9.8631737786121e-05,-0.000245521067579728,-0.000158522473368156
0.000158287748120756,-9.40515476499897e-05,3.77511840359411e-05,-9.10930042849002e-05,5.78423721655167e-05,-0.00015257239231284,2.10860471031919e-05,-0.000156483738480869,-0.000194180511584351,-0.000241805530383319
0.000345277067606038,8.33812561522837e-05,0.000106806962638002,1.04200401457912e-05,0.000146843331736603,8.81369279465111e-05,0.000149154963280763,1.161119674816e-05,-6.81936722420301e-05,-4.13057262224045e-05
0.00020317051361121,-7.10659498378563e-05,-9.76994289793618e-07,-0.000159249345525276,2.63332360052383e-05,-9.97958836016954e-05,-3.89427671727889e-06,-0.000128034644607146,-0.000244888871661857,-0.000203244247252516
0.000341538878563532,4.60003699892945e-05,0.000125492650016659,-5.05950212039095e-05,0.000139396288844811,9.31085684963954e-06,6.42766038778745e-05,-2.80284921084104e-05,-0.000173120333140159,-0.000109974813272161
0.00033484942982899,6.85725438067507e-05,0.00022145904242327,-4.74642288138171e-05,9.53223657697211e-05,9.50478142547015e-05,0.000137877871306489,1.86508732202842e-06,-5.25690170221017e-05,-1.14115082328435e-05
0.000366686025126506,-1.74982148281499e-05,8.73505257060062e-05,-6.68372179842379e-05,0.000140652542947505,4.22462372311948e-06,0.000106372042021484,-1.3656728432194e-05,-0.000126956575692105,-0.000124209526995931
0.000355979091230118,5.49437592617254e-05,0.000133282754734559,-3.93341677224709e-05,0.000181428931783577,4.49860211255663e-05,0.000116575359911894,2.04718223331518e-05,-8.90271051329404e-05,-6.40993674538132e-05
0.000338017385881329,8.07627374618496e-05,6.57397622889489e-05,1.06240517744225e-05,0.000211370926785145,0.000107712153917035,0.000158996537191525,-2.21253832961099e-05,-4.92490662814387e-05,-4.57589903804448e-05
0.000321498023578563,2.55470932001915e-05,0.000104677194766362,-6.52419133269411e-05,0.00024765311833302,-3.72947346159554e-05,0.000132512698710531,-8.91444775443577e-06,-4.1921730212791e-05,-0.000107107394831808
0.00026539567813016,-7.94701252578122e-05,5.09214363772118e-05,-0.000182564678823345,0.000118001940009873,6.22852948553408e-06,1.08307488139833e-05,-0.000107225751162676,-0.000204732577287295,-0.00018390705253296
0.000244679853896175,-8.24774856322302e-05,1.65281377933149e-06,-0.000167796369991446,6.01317470701285e-05,-0.000138661116481171,4.61225707310821e-05,-0.000115974521418711,-0.000224936585868613,-0.000182775555004519
0.000330102585060057,-1.54942122901485e-05,0.000150090548030996,-4.00254706745363e-05,0.000235654098799333,4.67829388846319e-06,0.000113887264964306,2.55622249916619e-05,-0.000114739260226329,-9.97789054622855e-05
0.000351152856705571,9.28487277528069e-05,0.000156704023611552,-1.24607852986268e-05,0.00018110487700666,5.43887255847919e-05,0.000154285116993522,2.02090782935113e-05,-9.96311391089161e-05,-5.26661484874089e-05
0.000340532787336198,0.000107999893690513,0.000129004380270751,4.60150417773191e-05,0.000244483414516442,2.8860746319924e-05,5.18794096018299e-05,-4.33487232438005e-05,-0.000139511066501447,1.14638536530917e-05
0.000187050041553791,-0.00013425447912445,-2.06624872898646e-05,-0.000198437997030822,4.81643388568141e-05,-0.000122469558856887,-2.24662187884496e-05,-0.000152925819468987,-0.000279007273767891,-0.00021861622227729
0.000164549744831968,-0.000167524899814761,-4.38830362666405e-05,-0.000217277688823227,1.16493351291248e-05,-0.000145728729808072,-7.80097010528417e-05,-0.000192257747109329,-0.000250787540326143,-0.000199880232091832
0.000378300496550083,0.000138949048100302,0.000172345214044497,9.68538905862807e-06,0.000204577055819096,0.000127785080175692,0.000124015828351882,5.83505707549101e-05,-5.67850752263247e-05,1.40255511660633e-05
0.000408301634462693,0.000101506808082023,0.000202400868469514,-6.36287192428724e-05,0.000216527035243676,5.28075034383728e-05,0.00013391941738159,4.23246312133379e-05,-5.31459406724257e-05,7.96819910363623e-06
0.000393812456102039,9.53271482078928e-05,0.000193626226536575,1.10097089335126e-05,0.000215003376682247,4.47334479654047e-05,0.000205727533890237,0.000122602901275545,-9.28841309441879e-05,-1.27307472575344e-06
0.000459210257653515,0.000114596053655042,0.000170325812211348,7.52075968836674e-05,0.000230391618228586,7.73611998308763e-05,0.000164095175941487,0.00010174041133597,-1.16342155795164e-05,1.40931100959614e-05
0.000437792467200886,0.000138269672251049,0.000196045129234189,6.05543662644621e-05,0.000281182925912794,0.000133256660820684,0.000190945086101475,7.35443966359536e-05,-3.45643582388891e-05,8.17206895874831e-06
0.000461303982121689,0.000154200052647172,0.000216980020304912,5.24379535684253e-05,0.000317492213075559,0.000100057857230168,0.000173038639243778,0.000107339460722853,3.72964544915009e-05,4.36143722615816e-05
