0.000132791198595423,1.05423764154272e-05,5.85337237047455e-05,-3.26215968352703e-05,3.00608568981682e-05,-2.42493573266781e-05,-5.41757018129344e-05,2.30005141460367e-05,-0.000142986848903748,-0.000111586057015593
0.000207871098528597,4.59201556657455e-05,4.01362286602002e-05,-4.76227855161976e-05,-1.93879073907115e-05,1.90226088007078e-05,-6.77947298556811e-05,-1.14163789153188e-05,-5.89659080943837e-05,-9.22653959554775e-05
0.00016767513215299,3.08065054247585e-05,7.53682185785224e-05,-5.16057616985331e-05,1.21237924057392e-05,-2.81840171574246e-06,-5.20392422186609e-05,5.51812253996851e-05,-0.000125497602063308,-9.43242292876473e-05
0.000200300041889035,5.22679292247858e-05,6.97173754375832e-05,-2.69897810986856e-05,3.15434317930612e-05,5.11236515371652e-06,-1.41079059792685e-05,3.64500864767237e-05,-0.000117854626186349,-6.80195698497298e-05
0.000108344856065047,4.06947243082196e-05,5.18787368112462e-06,-1.93227225921333e-05,1.58554613875843e-05,-3.39737073971817e-05,-1.59795949064468e-05,7.18156547270097e-05,-0.000149950821630671,-0.000182107335741155
0.000195397631335221,4.65736130277638e-05,9.77803710139463e-05,-1.10922783847714e-05,5.95796962391946e-05,1.92403715297273e-05,2.39193234212897e-06,7.81144640693785e-05,-9.85105453346592e-05,-8.36998506531322e-05
0.000126764708448448,3.64930900117294e-06,5.42100052899578e-05,-6.70752278926461e-05,-2.21444832582012e-05,-3.81127204597043e-05,-1.39684760489653e-05,-2.45488105629667e-05,-0.000159346732582247,-0.000165540185632118
0.000152553415477907,1.48249568228326e-06,2.00631885848398e-05,-8.18887052888741e-05,-2.61251560187077e-05,-5.44455531149975e-05,-7.04226783364799e-05,-4.55564946263897e-05,-0.00015595831042325,-0.000125677121646912
0.000214785949720818,9.22994154498589e-05,0.000119644077755232,4.42373361340385e-05,-1.26818484132511e-05,1.17817447204169e-05,-1.39941905203238e-05,6.45996080357746e-05,-5.5984375349204e-05,-0.000100751949152644
0.000206746086593399,9.56544055330217e-05,0.000101203117724839,-5.2228937978644e-05,5.32338167352399e-05,-8.10815052917425e-07,4.55981045465003e-05,3.19945312215697e-05,-0.000118028422099282,-6.73445118018116e-05
0.000140461716964996,-4.17236719170028e-05,-6.77038528899051e-06,-5.63972072240238e-05,7.33778891129433e-05,-0.000108839157731779,-6.25686820676917e-05,2.96595287981837e-06,-0.00018588956266903,-0.0001014625951769
0.000170530156539513,1.84888167403126e-06,8.81247029557278e-05,6.28251734235551e-06,-8.18419149988196e-05,-4.05723912728865e-05,-1.40388690613785e-05,-7.22579531754851e-05,-0.000150942350416143,-0.00014271109397548
0.000221954344175177,9.11784852037704e-05,8.07781675084264e-05,-8.61613456379803e-06,0.000101837986613534,2.71909189693339e-05,-2.96803321481667e-05,5.3864679923644e-05,-9.15465726077355e-05,-8.6561057736452e-05
0.000249711566880751,5.7269990074616e-05,0.000115966119570098,3.07560557928135e-05,1.68736398365355e-05,7.38366863677653e-05,6.64910735912702e-06,4.47885634981197e-05,-6.16801707912489e-05,-6.28885179261315e-05
0.00022157425597689,0.000116393567852876,0.000122282040642207,1.63600251091029e-05,3.83071973889362e-05,3.99909284956493e-05,-3.9687452870892e-05,-7.41677877864221e-06,-7.75536013074112e-05,-9.09782966564022e-05
0.000206619486270558,8.6136709552703e-05,7.84711952100573e-05,-6.01831858959004e-05,-1.78626127042423e-05,1.38406404577757e-05,4.17472454704769e-05,8.3038219962033e-05,-0.000148100449990637,-7.68021523979526e-05
0.000221140450539256,4.04102723387248e-05,0.000116085037670729,-6.78595390263254e-05,-3.93523291062404e-06,1.72590744491405e-05,-6.6875073074686e-05,2.3957392260113e-05,-0.000134299246719666,-8.38818971564024e-05
0.000208324111663143,-1.14034682985203e-06,0.000112401246664962,-1.34252750405949e-05,-6.2396993203522e-06,-2.28372165339863e-05,-8.50768235179215e-05,0.00011283961624225,-6.53795083379755e-05,-0.000135692409824342
0.000200709323706449,3.90366493252464e-05,0.000151883061529563,1.07408589542583e-05,2.6592886012647e-05,3.9061145250615e-05,4.54396577666783e-05,7.55257447726407e-05,-0.000136492126128372,-8.13334842856296e-05
0.000146813226389458,0.000152019203964768,0.000119129539170943,1.01193661369507e-05,5.82246519065923e-05,5.05624648944545e-05,-1.0339830827792e-05,0.000104708069318223,-0.000154337189335119,-2.73989619778528e-05
5.24941819382336e-05,-6.49033621520571e-05,3.72480921339819e-05,-0.000120446458804071,-1.99891416601138e-05,-0.000109983151153365,-0.000114968755617312,-5.09448830294806e-05,-0.000190752819750044,-0.000117637854226888
0.00015252977545418,5.67857220767274e-05,6.48515188561307e-05,-6.26757803164793e-05,2.41934950872488e-05,-8.37250763008662e-05,-0.000111342055637774,1.09656106972897e-05,-0.000148647607520919,-0.000161562870059589
0.000240609531771448,0.000120641485288672,9.83549454321806e-05,-3.88459186885318e-05,6.79995416560855e-05,7.49551292349721e-05,1.86538100864021e-05,5.75747783758842e-05,-1.39037358149002e-05,-7.96946269952731e-05
0.000125103869011463,1.44391447851183e-05,3.53591147927352e-05,-0.000124374933044111,-7.67275939237362e-05,-1.34612175011243e-05,-6.16842940241632e-05,-3.94688829849771e-05,-0.000189354496775599,-0.000162428257059832
0.000153241317603232,-6.27198785228052e-05,-2.39682212621239e-05,-0.000127937409140113,-4.39311496016718e-05,-3.48726196273038e-05,-8.31706916716213e-05,-2.68320411579722e-05,-0.000185124434659298,-0.000148681700816873
0.000131882436994837,-2.51243832485869e-05,1.72888212569368e-05,-8.17240889908135e-05,-8.41708364132737e-05,-7.7943857831639e-05,-4.4731845168741e-05,-0.0001044888090272,-0.000180377727173273,-0.000171931662156175
0.000289863813667745,7.18162287129185e-05,8.12505257069917e-05,-3.91851536321552e-05,7.44151069747742e-05,-3.4368952241853e-06,5.01705735505903e-05,1.84186734373815e-05,-4.78718896681076e-05,-8.4585483527398e-05
0.000123297608533871,-7.1969501482162e-05,2.69348721346924e-05,-8.75565796880142e-05,-3.30677624882302e-06,-6.06994208679585e-05,-4.21723912345426e-05,-9.27803333066757e-05,-0.000185758639439322,-0.000194689410186881
0.000234978166167063,2.43838035785645e-06,-1.24030850345755e-05,-4.67135214175724e-05,1.92944211542953e-05,-4.49509012195208e-05,-0.000107228359385818,-3.46266764894935e-06,-0.000188698032780499,-9.06336188821333e-05
7.89480805094514e-05,-6.94451049285612e-05,-5.7019562706297e-06,-0.000114298238469224,-3.93063020448598e-05,-7.64468141158695e-05,-9.62277042409993e-05,-6.54182824720001e-05,-0.000197251989846704,-0.000185493586144385
0.000251035522937533,0.000116245862046112,0.000116867350989062,2.56879614816328e-05,6.69907962480755e-05,4.83025345876526e-05,4.00991101591339e-05,0.000133792082570239,-6.42516422390905e-05,-4.23989978463998e-05
0.000193452410231176,7.99086631730436e-05,0.00014988891920054,-4.89144747551393e-05,7.22060183901349e-05,-7.20027848429593e-05,4.33403296366606e-05,0.000117769835797836,-0.000160439418189842,-7.8557333481946e-05
0.000258452090322423,4.27693603773194e-05,0.000166285916217985,-3.7316796060752e-05,1.21237924057392e-05,9.17204844499013e-05,-5.98965922648889e-07,8.83685004293703e-05,-8.29263389217805e-05,-9.20379947856023e-05
0.000190353574973661,0.00015072073161831,0.000118423659723816,6.22773607207633e-05,4.42731324931536e-05,4.89273634535496e-05,-8.16715008626552e-07,-1.57373416548953e-05,-0.00018755690505393,-0.000125080226082318
0.000210601509486985,0.000150245482318367,0.000124552344003288,3.73536093112702e-05,0.000146770521328146,0.000110988448098388,8.71455949919594e-05,0.000100915805887789,-3.50804526813661e-05,-2.24999762507549e-05
0.000117230293893829,-1.31509229295502e-05,-3.81219478867346e-05,-0.000134710166292692,-1.91345535706729e-05,-5.00072521452195e-05,-4.96407572745562e-05,-1.15588444182356e-05,-0.000226564627847216,-0.000218679068994054
0.000233820596435949,0.000139673035357327,0.000130877355662581,9.74363752789237e-07,5.62951064744999e-05,0.000111393111795666,-1.1304296403214e-05,5.84316316983914e-05,-0.00011996179763781,-0.000123655916742147
0.000239964623074654,5.06236177342866e-06,2.42482000908999e-05,-5.09794098617248e-05,4.5868434149329e-05,1.57888547332468e-05,9.7497185941295e-06,1.77825815152175e-05,-0.000236506681402043,-0.000147129858821835
0.000100733182493498,-1.69092481209161e-05,-3.30434411762481e-05,-0.000113599393472268,-8.26128823703427e-05,-0.000123520038986415,-9.98063457006186e-05,-7.24535437248573e-05,-0.000267985989172727,-0.000178817370529221
6.63203848543258e-05,-6.16083103263542e-05,-6.70992985401583e-05,-0.000174451460014384,-0.000114218734806861,-0.000115578264982479,-0.000130977901886036,-9.96536102699198e-05,-0.000245185526404016,-0.000209542921804414
