1.35656757555726e-05,3.98339242067965e-05,3.23945066537971e-05,-1.68555901596052e-07,-5.76132224301271e-05,2.5133366528422e-05,5.57775046616816e-05,8.67753491760591e-05,-4.37217386611432e-05,-5.33897859139107e-05
8.36271140398546e-05,6.9953248617028e-05,7.74004852717032e-05,-3.15157845166368e-05,4.49057029886065e-07,1.27063731242702e-05,-3.38220439109379e-06,3.57329653049433e-05,-2.16957065509552e-05,-6.79771384457955e-05
0.000111942488215617,5.55801627536275e-05,7.00665143777972e-05,-1.83052780692659e-05,-6.45047142825e-06,3.32090219137081e-06,2.30682336884956e-05,9.04359855063355e-05,2.65241613895024e-05,-1.90147747415266e-05
6.37998982606439e-05,1.61294395368285e-05,2.72287408824654e-05,-6.16974311809125e-05,-3.75168071478177e-05,-6.02200849083305e-05,-4.67632239600377e-05,2.43949661951634e-05,-9.33904633313234e-05,-9.19394768605251e-05
4.32731298534604e-05,5.74727004770787e-06,5.64126578400196e-05,1.50764892597845e-05,2.56271260238208e-05,5.52338307200993e-05,-8.77825343106817e-05,7.31417543741534e-05,-2.47858640633771e-05,-0.000112054298742351
0.000107630533363759,9.23352060949432e-05,3.6704065761921e-05,4.53183730098749e-05,-3.31561164901988e-05,-6.05722614084727e-06,-4.37177550470459e-05,4.83845899922503e-05,-1.09947603844592e-05,-8.79731276003804e-05
0.000102637834616322,1.73057847718406e-05,-1.24566027171377e-05,-8.2807355574061e-05,1.49524192064657e-05,-7.34342377948048e-05,-2.15222173235975e-05,6.29667749312526e-05,-8.67371572920884e-05,-6.51259772270454e-05
0.000160138636903839,-3.0580239053493e-05,1.98119718571969e-05,-8.31004719718446e-05,-4.26429144702924e-06,-1.46264745491242e-06,-3.18674630730382e-05,2.16589491846453e-05,-1.97511886494484e-05,-7.39611871791709e-05
0.000147440533997444,6.06499377936571e-05,7.08031736816228e-05,-7.34007638157067e-06,2.88681907498831e-05,-6.94360220628826e-06,2.25445394889321e-05,6.94295838353799e-05,-2.64314478300972e-05,-6.44335102910987e-05
1.55857485141037e-05,-3.7747018132591e-05,4.94254277971856e-05,-3.55904945543692e-05,-1.30189892430291e-05,-0.000131063702506892,-3.40021359229466e-06,9.89617015120072e-06,-0.000127962040876404,-6.53586780242744e-05
0.000133147431102291,6.48635656661476e-05,-3.24929214066122e-05,-6.35490694648615e-05,-5.95323047533743e-05,4.49029029605506e-05,-8.14580369667071e-05,6.26628410197571e-05,-4.95925519311773e-05,3.19834335938723e-06
5.8123490086677e-05,-1.02260686675532e-05,4.22056293700578e-05,-9.02590275947216e-05,-6.38164736862099e-05,-3.33576876785543e-05,-5.78667075144529e-05,2.63252626398672e-05,-0.000102212989095606,-0.000112230893988124
9.70625918199141e-05,-2.98230655430202e-05,5.42156300957607e-05,-1.66811822947429e-05,7.79605049145865e-05,-6.88762642279106e-05,-6.6533094896563e-05,0.000103429500089952,-3.75279424343372e-05,-7.13387513860969e-05
0.000116725934935892,6.78819015843708e-05,6.28808321468695e-05,1.31415547644898e-05,8.15693067099894e-05,-1.97965598104304e-05,1.11764370977806e-05,0.000113654438510261,-9.89297373080107e-06,-6.34734141397059e-05
0.000113892938302513,1.29480509494886e-05,-3.68326261638483e-05,-0.000120416726540422,-1.95662096543451e-05,5.55955887015568e-05,-4.92270018442905e-05,9.74829676245232e-05,-6.50038091821861e-05,-4.5497394398771e-05
0.000110928325227383,3.82800174288834e-05,4.28133346899345e-05,4.40535448151036e-06,9.06927038013424e-05,2.36160251776136e-05,2.96024747779443e-05,0.000150609104248181,-1.20164534513734e-05,-5.81544283041079e-05
0.000137935412504088,0.000140997919803409,8.03313583364147e-05,2.7250906236859e-05,-3.13945833743957e-05,-4.01328585918593e-05,2.10255695929317e-05,6.32035272848665e-05,1.00549519130857e-05,2.08232393088584e-05
0.000104909461788949,-5.76946776822269e-06,0.000109268847451707,-6.34045600302688e-05,-2.71456241530121e-05,-2.9210560705267e-05,6.52598478690691e-05,0.000146042090690123,4.60002345710421e-05,-6.04471738571672e-06
0.000128516259945268,9.97533075751714e-05,-8.75726107662187e-06,6.15819412497523e-05,3.97017367862954e-06,5.78001890817627e-06,8.37600691311034e-05,0.000133658672329358,-5.61868095605142e-07,-4.64483624545964e-05
0.000156770267647042,0.000118490719368395,6.9783659661542e-05,8.59916436014088e-06,9.4773899859903e-06,0.000123070325528288,3.0239065785938e-05,7.49571043655263e-06,-5.46376377453322e-06,-1.05941890150009e-05
0.000163743718125796,8.37136196054264e-05,0.000101822816639169,1.48179657568129e-05,4.44397356388757e-05,3.4270782208729e-05,4.27422048215906e-05,9.74938979711576e-05,5.31726597564878e-06,-4.00006015950565e-05
0.000102303093847322,0.000135880225668096,9.29285635022352e-05,5.36152137150347e-05,-5.31765873360745e-06,3.32941382878696e-05,4.26970475285478e-05,0.000135022564770488,-2.53406068912078e-05,-1.97157280327342e-05
0.000203688166917536,3.93036001992936e-05,7.26473976014602e-05,-2.20354888911515e-05,1.64437956344901e-05,-1.98572278595324e-05,2.34084440315879e-05,0.000115010953020093,-3.71054752227024e-05,5.5108211548206e-06
0.000129122629593926,0.000115750240112884,2.2287842124936e-06,-2.78783108456134e-05,-5.15416481504072e-05,-7.10438892848337e-05,-0.000100816990851792,4.52198133934156e-05,-7.23471306698909e-05,-9.83984556489624e-05
6.61797433118163e-05,-4.4523336899368e-05,7.68068898564463e-06,-0.000111940041875278,-8.14336380153943e-05,-8.46888904109107e-05,-5.13435362545779e-05,-3.16885556169636e-05,-9.27864630802224e-05,-0.000146996461609945
3.96341164325289e-05,1.54824345263913e-05,-6.00028747755371e-05,-0.000119858764664665,-3.84796211778508e-05,-6.84683440856755e-05,-0.000113617533942702,3.89970561275918e-05,-8.44473476950549e-05,-0.000138754475533435
0.000149100640414607,0.000142364623241176,1.59685720090007e-05,-1.27625667463819e-05,3.10862147376056e-05,-1.60589510349346e-05,-4.90231467519566e-06,9.99939303302198e-05,-8.06641150278605e-05,-8.8218595691538e-05
0.00015899089513426,0.000107075289452985,0.000102129898392934,-7.49390547680749e-05,1.50693599434194e-05,-3.2573072311576e-05,2.70606223149241e-05,8.67808335168193e-05,-2.0870103663495e-05,-9.30444800101338e-05
1.98264699395151e-06,-7.41536065308846e-05,-9.58585883607301e-05,-3.30340787870181e-05,-3.1581150675058e-05,-0.000149651906638272,-0.000106921214923296,3.44844575759913e-05,-0.000127156343775613,-9.75730545561382e-05
4.51911497943608e-05,-4.15994464094265e-05,-3.14462105214608e-05,-0.000109589460584654,-7.33811934532005e-05,-0.000109192986409372,-7.97048447141515e-05,-3.28198003677037e-05,-0.000128680832033181,-0.000166682894494182
0.000184007682035359,5.22380724075866e-05,9.22594115320075e-05,1.9598524713245e-05,5.12607942999137e-05,5.67540808317714e-05,0.000174842257710477,0.000114780460448063,-2.67301845803524e-05,6.692016345424e-05
-1.84672298466652e-05,-2.33153272702478e-05,-8.54442992289346e-05,-0.000122089994060672,-7.423375094263e-05,-0.000155212638964522,-1.84893150719802e-05,-1.22581180597041e-05,-0.000167259349008511,-0.000159653037822296
3.08162259370686e-05,-7.07825370357926e-05,1.84645079507725e-05,-8.49359275907042e-05,-7.5860326223974e-05,-0.000122300068174488,-0.000103902585720584,-7.78544180079202e-05,-0.000164339015635504,-0.000186885333620531
0.000204296770721628,5.81363973587046e-05,0.000116543507197381,-1.10017506261885e-05,8.9159342372036e-05,9.31764216425655e-05,8.67329446073967e-05,0.000182709820031069,6.91280714741206e-05,6.54757130924431e-06
0.000180108744351006,0.000143222492070556,0.000149593813202418,7.69725572108802e-05,8.48436216102175e-05,1.67747685338818e-05,0.00011292375313969,0.000120732099344286,8.332937483566e-05,6.49757908538635e-05
-1.24669858405817e-05,-9.0111527642683e-05,-4.03461312640129e-05,-0.000133371025805965,-9.13962508355451e-05,-0.000108977737919415,-0.000132577502628223,-4.7751392190746e-05,-0.000180753221851414,-0.000176076145475679
0.000223090460383644,0.000120721537029661,0.000175359505036548,7.47211280880079e-05,7.49863294111061e-05,0.000104189916357919,7.13101695089637e-05,0.000136907847454314,5.04023893327535e-05,2.09119035498986e-05
0.000265051348962785,0.000120716992467663,0.000201048498181548,9.59935830668508e-05,0.000152792835673291,8.19596940515666e-05,8.20813712980406e-05,0.000161467208237961,8.27992872626925e-05,6.692921148046e-05
0.000232015544228164,0.000186587259205133,0.000147105037489898,0.000111130477133885,0.000167153341659953,9.97482389263902e-05,0.00011509441757131,0.000200939709351791,0.000110270133189622,6.77317493763266e-05
0.000245357312557209,0.000150835692889132,0.000189396326524937,9.76309494998089e-05,0.000140316709573567,0.000100575245490236,0.000185797548875093,0.00018474056542912,5.32910726220609e-05,7.86058073631639e-05
