1.84897115676203e-05,3.72504557455674e-05,2.51831616397556e-05,-2.68977259482641e-05,-1.72221761451973e-05,1.67065490739483e-05,-2.31397889465151e-05,2.35314837363029e-05,-4.81906305256952e-05,-1.41833670488092e-05
2.44284592914669e-05,2.26363364749578e-05,4.91645858880992e-05,-4.00903487049101e-05,-3.66254867914312e-05,3.86378276280512e-06,-1.76357182765936e-05,5.60267874733103e-06,-2.22810052999194e-05,-6.78174595531883e-05
6.71081757741262e-05,3.77347982005399e-05,6.21993298386325e-05,1.80399806110794e-05,-1.50785392671798e-06,1.39249478392585e-05,-2.85460802456168e-05,2.88558273676322e-05,-1.03961836125155e-05,-3.63920106191934e-05
6.71081757741262e-05,3.77347982005399e-05,6.21993298386325e-05,1.80399806110794e-05,-1.50785392671798e-06,1.39249478392585e-05,-2.85460802456168e-05,2.88558273676322e-05,-1.03961836125155e-05,-3.63920106191934e-05
4.34999122921325e-05,4.54397328958628e-05,7.15290668495567e-05,-4.7572861530676e-05,-3.69885424925891e-05,2.36242063928323e-05,-1.01082901290154e-05,3.24487696362626e-05,-2.10320581476414e-05,-3.13368155971531e-05
2.69649108301763e-05,1.8172306199931e-05,1.55517124424417e-05,-2.76164613236366e-05,4.40634664665314e-05,3.80805868960595e-05,-4.36014705681747e-05,-9.08726638592333e-06,9.25541462364265e-06,-9.44039224239881e-05
3.4543429468291e-05,1.72781283939261e-05,6.63044879002995e-05,-3.76708396359685e-06,-3.62910131500811e-05,-2.607029442214e-05,-6.161562895781e-05,1.68738738101615e-06,-6.66880989277731e-05,-4.28122831416266e-05
4.27598292245845e-05,6.29397377932535e-05,1.15432932006991e-05,2.74977197091134e-05,-6.5873455504952e-05,-3.90114276433996e-05,-1.43165577797143e-05,-8.4402202744494e-06,-3.91101885097685e-05,-7.92197507131866e-05
6.24202694810419e-05,4.5756041293748e-05,3.43073603706926e-05,-4.19302628118186e-05,-2.09330440954691e-05,-3.65953807627948e-06,-7.71447684428348e-05,3.23234646811963e-05,-4.8869296361189e-05,-5.46414544965011e-05
4.13341321863397e-05,4.69843446136687e-05,6.06916484016375e-05,4.6209297751907e-05,5.87428859680237e-07,8.11722453709737e-05,2.82582288385431e-05,7.4420528497473e-05,-1.43673062890864e-06,-4.2174525393824e-05
0.000107516900401895,4.31161842136637e-05,7.21819632563418e-05,6.76169478764943e-05,6.24861000029567e-06,6.60448697376658e-06,8.35725091736667e-06,3.26926707787717e-05,-3.08859635098294e-05,-1.24198042874194e-05
6.1605889971025e-06,1.25523099861825e-06,4.78628122254618e-05,-5.84899701864325e-05,-7.70672013863128e-05,3.03465081285013e-05,-3.79819972565109e-06,-5.38193618619802e-05,-6.93376638859014e-05,-7.64033324831765e-05
3.35302501295487e-06,-1.3296729019815e-05,0.000101109671661284,-1.16732135584979e-05,-7.93372296174642e-05,1.73019030081193e-05,-1.62336015654922e-05,5.74502883053283e-05,-5.95596254603014e-05,-5.55771418281136e-05
5.11728829655478e-05,-5.17358090285909e-05,-6.51423011486825e-05,-1.08456105804083e-05,-3.15920597944267e-05,-5.54300433988925e-05,4.60027293950027e-05,-2.08670675954999e-05,-0.000102275832120826,-4.13971875523191e-05
6.62619276415091e-05,3.73836770926248e-05,8.01942968113162e-05,-1.64655572910077e-05,-5.03313012609843e-05,-3.71350745538249e-05,-7.86146202607527e-05,-4.9718887859437e-06,4.25534791498558e-06,-7.99963983555844e-05
3.32135776666471e-05,4.91001294095541e-05,8.03453126739311e-05,2.75615850013848e-06,2.10218903484371e-05,-1.219132068527e-05,-5.9792129076771e-05,1.38440431336888e-05,-0.000121525726903988,2.00523818810677e-05
2.42132096266784e-05,0.00010962185497475,5.22039301119633e-05,2.0019011538033e-05,-2.37095360589358e-05,7.1905862124959e-05,3.62398422981693e-05,3.44784826191835e-05,4.08488101963949e-06,-8.73379974910708e-05
7.10089363678313e-05,-5.82517749802755e-05,7.12901780570154e-05,4.60638659290136e-05,-1.2190458334014e-06,2.91924409156957e-05,-8.69530044924337e-05,7.35670446407766e-06,3.03253928884365e-05,-9.29735695468319e-05
0.000100684008835266,-4.81214415746828e-06,0.000118452558868864,8.14479905740681e-05,-3.49850843502848e-05,-2.86216802018001e-05,4.34672676879493e-05,5.70400403363739e-06,4.28418928181162e-05,1.32508140263858e-05
5.62736164242944e-05,3.03894086518793e-05,-5.74533888336089e-05,-7.79179250634207e-05,-2.28466247640792e-05,-3.65953807627948e-06,-9.48932291441932e-05,1.44258572512551e-05,-0.000115316735440166,-8.42222223320983e-05
3.90773767866085e-05,5.22635240956027e-05,3.88045974753544e-05,-5.00082771797895e-05,-0.000129423884338265,-7.29710181147901e-05,-3.31879104067643e-05,1.38339317093632e-05,-1.02672392169771e-05,-0.000120426486388859
9.8003571444436e-05,6.41042446818808e-05,4.46411483039619e-05,8.5476755029688e-05,2.31176891181904e-05,7.3860164835346e-05,6.90234672945492e-05,0.000106216187508583,9.64299486838201e-06,3.54068683100798e-05
-7.64166328521806e-05,-5.85041721822807e-05,-5.24720335520742e-05,-7.86401287885612e-05,-2.40947434361179e-05,-3.85328961829871e-05,-9.10277328020777e-05,-1.85589433157656e-05,-0.000122459848136463,-5.49998979167384e-05
3.11940753790036e-05,1.8401762705443e-05,2.94365626509874e-05,-1.19603473761127e-05,-8.74362139852336e-05,-4.67265375412001e-05,-7.54811768416377e-05,-3.20606737724741e-05,-0.000101341003243475,-0.00014078258012541
-2.82856906298851e-05,7.90897505954201e-06,-3.53396528736787e-05,-3.59176381288119e-05,-4.78783950574021e-05,-3.81033817170564e-06,-0.000127030931365765,-6.08594381762996e-05,-0.00012348404754693,-0.000106804264634257
6.45386306828368e-05,0.00015907182650009,0.000127961668911562,4.19880580301713e-05,3.81041707942471e-05,2.74573046577032e-05,2.67419568965236e-05,5.34226164658905e-05,2.87403667200742e-05,-2.22783166117621e-05
9.09248841359109e-05,0.000147096678399134,0.000109138872073826,3.86895230513605e-05,1.8120121152804e-05,4.50873323945101e-05,6.95342130222181e-05,4.67225213333727e-05,4.83306511825233e-05,-1.37727652698128e-05
3.21953790612142e-05,-8.39392198397602e-05,-4.56813617779567e-05,-7.02643812475513e-05,-6.59465138766379e-05,1.10838160580867e-05,-6.80777712107988e-05,-7.95304187403472e-05,-0.00011571854969744,-0.000132172548264357
0.00011888222648971,9.45192212787229e-05,0.000144575056557692,0.000114278405079841,1.9958228848022e-05,3.58338915929225e-05,-4.1998547145582e-05,5.15714796541336e-05,-4.49692084084938e-05,-9.15613990411678e-06
0.000123379212275538,0.000127904936278104,7.78632550497871e-05,3.88644852861558e-05,6.88300088709706e-05,0.000102278935084172,6.00261090750619e-05,6.9921781706461e-05,6.78344541510489e-05,1.81686352699059e-05
-4.33484096725456e-05,2.66068108508228e-05,-5.63092474906398e-05,-9.56354863861795e-05,-0.000142345678326023,-0.000104297174774177,-0.000110519587788603,3.78474475481334e-06,-0.000100387585848069,-0.000109804703138394
0.000163840044917375,0.000147175816730081,0.000135727135807026,5.94895126245146e-05,8.04867313408641e-05,9.77602373600537e-05,2.42750069934984e-05,0.00013374324011753,5.25504790751443e-05,4.67783209398322e-05
-8.34844477574234e-05,-4.06407692933486e-05,-7.76591691339693e-05,-0.000103276715921265,-0.000104307156942844,-0.00011575071967606,-0.000112686963695548,-7.8593181064291e-05,-0.000166151282554596,-0.000131637467702704
-8.34844477574234e-05,-4.06407692933486e-05,-7.76591691339693e-05,-0.000103276715921265,-0.000104307156942844,-0.00011575071967606,-0.000112686963695548,-7.8593181064291e-05,-0.000166151282554596,-0.000131637467702704
2.40868011174076e-06,1.30419318380018e-06,-6.04909758674047e-05,-0.000135168438671164,-9.48736084559391e-05,-0.000134045564224325,-0.000133868583782159,3.03087604100975e-05,-0.000165814642747553,-0.000144818488958724
0.000122281483855931,0.000112701405162877,0.000145865233687685,8.33287566485694e-05,0.000124411571011798,5.78170342118623e-05,9.03897701125987e-05,0.000159331320420725,6.48286388202706e-05,6.16385096612961e-05
0.000167422968306364,9.06307592247238e-05,0.000187012875076186,0.000147549826403614,0.000103788999810088,8.3643969539178e-05,9.00430518315769e-05,0.000180761452534612,6.13856520227428e-05,5.93838221187617e-05
0.000183645196010686,0.000140707422223576,0.000176942526417159,0.000118994636827151,0.000112249712761509,0.000136673692053689,0.000124467986855594,0.000133243779498368,8.27919992685985e-05,5.50667467861443e-05
0.000172347936487172,0.000141635372662986,0.000218530821550438,0.000147662307850975,0.000120227941777984,0.000147948558513189,0.000119368975389394,0.000170678285776109,8.8509104351767e-05,0.00013014688863551
0.000212110427813826,0.00018733105123867,0.0001635034555027,0.000137021578938393,0.000130885173699224,0.000118668899473662,9.2459561448034e-05,0.000181064129442796,0.000122299844900859,0.000129251693285518
