-11.0302159881243,-9.1574214293186,2.62307689291015,2.70594208206276,6.77650346309973,-7.38925059207878,1.87098757470739,9.96115055965947,-6.94966954264427,14.0576246048861
-24.4356489481704,-0.199864387877206,13.076388559989,-23.9113735535361,34.8114233509087,-5.72811957955496,-38.6169081771156,-18.2778233801256,-4.31286140323699,-5.11462283313561
-6.01885235176069,-8.39984567174285,42.0944030577847,24.7306698497579,24.1947865090767,-4.52821248233194,16.2381474821486,34.4979857819786,3.18452959155486,32.5484080150243
-3.82064166530506,-55.7367418997681,15.4288461312211,-10.8976458001095,-16.8158631877754,43.7010645592101,25.3825866531659,-43.066116782124,-25.0471713357982,7.69668316329945
-7.04737285086942,-38.9651137370109,13.1786324484657,64.5655246247573,25.452974051335,-41.0883101532073,-1.013627809908,35.7944838929928,22.6581735946106,52.7522632995247
-48.5293965651608,-65.9971033698572,-23.2503778280475,-62.7992262840123,-55.2928196999476,-26.0272529653952,5.1252756237412,-9.01988446231734,-45.1707844039568,-3.57258162181256
1.88844429895702,-25.57156284346,65.8098900797233,53.8423057184264,29.9583216449179,47.3116041087759,-40.513627809908,-11.5898698485038,-24.3409738904704,64.6131801604416
-32.7616979514368,14.064318363734,-13.783815390265,-25.5773966270224,-57.0370301495816,19.7541911192892,17.2562239340282,100,-45.7130495273342,-14.9348068567967
-43.2466364870808,-43.640341849739,2.64883444773747,-21.0916910232212,0.623100784549877,-84.0891155912367,-31.7281813145286,-28.1353420577321,-75.0540391313889,-4.53863491724556
-11.0302159881243,-9.1574214293186,2.62307689291015,2.70594208206276,6.77650346309973,-7.38925059207878,1.87098757470739,9.96115055965947,-6.94966954264427,14.0576246048861
3.91716578005526,-16.0093874128604,-2.18135204609658,-7.5963010800134,-11.3395636891538,3.77944428181664,-22.510574726545,32.5079851809144,5.41777436943202,38.001141787382
7.41870051239742,4.9526384092605,-28.2460822011215,-0.40684954487083,-41.9521544773968,-56.7421050717399,-29.8398206820403,-7.30078628416095,-39.3407410836764,15.8643117185884
-21.9561419140502,25.1389273831592,5.20945092835162,-19.6685198978512,-75.2840626988489,-61.6569570336983,11.7365337931948,-35.1250563368922,-70.6299506142297,-56.9512940127282
-47.8422393897488,35.6886134161458,-47.6958042432599,73.1168928372906,30.8353530038561,11.0522397020118,-33.0975713536966,-40.8377683955977,-24.3477050949487,74.09139870001
-25.6008021936968,-17.0749412065825,-52.8472468772341,100,-51.3198713922409,-34.0584975539435,-27.6948799745629,-45.8556770873972,-26.0883916951178,-13.1964906012767
-67.8870524508453,-18.5131702823873,-67.849125635744,-37.2527045344786,2.62440503314804,-58.8707280748475,-80.2856620416609,13.2819993874207,19.578486181142,16.678842797633
-47.0927903332347,-4.1165323259295,-24.2543436749528,-13.3993833309135,28.0740811767067,-45.9152025477584,-23.8381103925428,-74.7079227028934,-100,-32.7699274342524
-45.0504023235281,3.16556362316461,11.1292212861513,-69.2113511510199,30.3563645742108,-54.9675901730009,-43.9978672135847,23.2695148818487,-22.7163589935443,-12.8738520530983
24.5399126336095,18.3893309157204,73.9172670185776,43.9273109183219,-5.50054157417095,16.8690060393713,13.9980618655197,72.9189939356193,12.4216653298928,-20.1876977376764
-33.8460929553171,22.1757083713017,11.0770516777039,37.614494662127,-20.1180861964356,-10.8119965453125,-66.0388900264291,38.7671509107283,-15.3851193900086,-75.0042143385769
-100,-59.7114026408391,32.0941987915665,27.4048658311135,23.7618115002559,17.2162635423421,7.10854893864195,20.2157997931213,-62.7469924082794,-62.2448512257194
-15.442802303253,-10.3208413427385,12.8499999849166,38.4795355484874,-57.6169019253714,-71.5351509017458,3.31279038278714,-39.3626148931382,-65.7958957801748,-27.9183375323664
57.7775755954699,-6.9411011874484,-6.79298413558716,-6.53894579489609,-67.5878255071485,-96.8675426337741,-7.03997210922201,63.2977277766945,-15.2547061183133,58.764386965156
29.7223063233304,1.19911541253612,56.1651447375124,20.6990984801849,14.3044471591706,47.4785013045799,14.3422144978889,35.3361414080281,68.555416155503,65.6680275621593
-41.5302159881243,-74.2660284424404,-82.0486850329501,-32.6037373452637,-46.4697842993171,-51.3160966928379,-35.8432981395783,50.2320865202506,5.04266762210668,-40.3807811922154
48.6319200551091,33.3052104886415,18.8574387324631,40.8564830485615,26.2163785788757,55.2198452721752,80.1394157214972,8.8177456238403,15.7512883689359,100
33.457471167116,-5.48866701588334,53.8999586133403,7.99746202263051,31.8663996189305,41.4572591553136,13.7433755607527,78.928566544229,68.1181973730487,89.96702139339
-61.9580798985464,29.187540986834,15.17057466961,-40.0886803435665,-44.8380798702336,61.4587600724983,29.2047471655002,56.0586305281072,16.6643508455697,29.8706090496836
-37.8410819082165,8.75769265356419,23.5297002270679,-50.5286891891351,62.8463432387177,-4.06698856703113,-79.1048039289387,-46.5167973199106,-1.6760532638297,-24.2868702711573
11.7634908543113,33.5041118572147,97.7365384389134,100,-6.18943000036663,-3.09856438327594,73.4252223120806,9.68951173569964,30.2938840052571,15.2918657584821
-11.0302159881243,-9.1574214293186,2.62307689291015,2.70594208206276,6.77650346309973,-7.38925059207878,1.87098757470739,9.96115055965947,-6.94966954264427,14.0576246048861
-21.8328636729073,-33.3423069292826,-46.5427874178853,5.96498215103425,8.49905752190819,11.4371622921477,-11.2817966741677,-8.03886774360326,-1.70221001075661,11.0284305194326
-14.7575879069856,13.2147526928555,7.30541791442515,80.2059420820628,59.1033432899396,26.413072928727,95.4717833306755,26.5081663254252,59.0121222887128,58.6558913498919
-28.5480491648154,-84.2321575933983,-60.908199427984,-10.6481483987329,16.0266240650221,-60.7424874349993,-28.8261986849045,-13.9472809336005,-57.1999276325274,16.2880715617023
-100,-52.6356822988838,-9.44588862433123,-36.4244927005459,-10.7673561860231,-46.6749648777931,-60.1290124252926,-32.8959922974834,-24.9824564278902,-80.3868198395584
29.0230056240297,59.184918429395,26.5249932223609,43.4658968991572,92.637780492504,34.4563882824669,65.8828307443875,20.4055858524725,42.4825708615974,71.8022868214186
-25.5032161933864,-72.8034000955087,-18.8726851871133,-45.4333734998077,-83.5725453713251,-6.07093308716456,-69.8432530576642,-9.77943994748258,-16.6188408160532,-97.3507508521095
14.3418157113747,-8.82544078918284,26.5593821302049,-6.33861971996141,11.5989729749404,18.2625992293354,30.3728942690468,46.7627117412648,6.11684365962259,9.74552011592583
-5.58595159522167,-69.2625827802545,-82.1639368951406,47.8910176721041,17.1615900163135,-23.7149604061232,-69.4673093116349,13.7816542285409,-18.1787536295143,30.1254451445769
-49.805726192206,-100,-45.7640198812834,-66.0440579179372,-19.0299481498035,-12.2672993725666,-87.6026966358189,-28.9277383292294,-49.054932700539,-42.1923753951139
