1.54721985153414e-05,2.87737452511539e-05,2.39269482248446e-05,-9.6691874038093e-06,-2.24097137071457e-05,2.79985761769748e-05,-1.61394149292832e-05,8.55776402053654e-06,-4.71466442682283e-05,-1.62509108130394e-06
4.65619158350491e-05,1.89900023896629e-05,2.99780920271545e-05,2.66759542473044e-05,-2.39764467641459e-05,3.30721858296831e-05,-2.56403651081191e-05,2.3154610533388e-05,-4.91928874737614e-05,-4.07047682672118e-06
6.23395683653257e-05,-7.63831652329108e-06,-3.47240102771518e-06,-1.55046841420115e-05,4.60759546693954e-05,-1.23628794231979e-05,-6.33897240570794e-05,5.4816611467125e-06,7.74921151002228e-06,-8.14694752876944e-06
2.36338479017597e-05,5.06702121479768e-05,2.2756806189352e-05,-1.97634872941368e-05,-3.31722357340174e-05,-3.73540430943406e-05,-2.93810171388859e-05,-2.30694481362142e-05,1.72711216946271e-05,-5.75256622177837e-05
3.51922392636754e-05,5.27214690538433e-05,2.3036032094819e-05,-5.08947497134983e-05,3.1034724625183e-05,1.41808633825825e-05,-2.94542649289429e-06,1.97551794091435e-05,-4.3748587920886e-05,-3.0583106915849e-05
6.67482255949194e-05,-5.35002369073878e-06,-5.32318944201814e-06,6.66465257541618e-05,2.90317080528976e-05,3.34996020984663e-05,-1.59986856293309e-05,2.58488507768754e-05,1.73694202479653e-05,-1.8452491207763e-05
4.33453777439435e-05,5.00795951546138e-05,-7.0404753167777e-06,-4.26734291669271e-05,-1.98915409135142e-05,-2.50004893478446e-05,-4.97757402343561e-05,-2.9545246766185e-05,-4.93291793784623e-05,-3.23394822422174e-05
2.6725188842623e-05,-2.83094072241917e-05,2.27189438331361e-05,-6.12398269966308e-05,-1.57095467225153e-05,-3.91359834146627e-05,-3.36461269202931e-05,-9.60084082852266e-06,-6.29296758854497e-05,-4.28209877155923e-05
6.61190888426624e-05,-1.38635722416474e-06,7.86012408920155e-05,-1.23988699657074e-06,4.60550973951935e-05,-3.17285834146553e-05,1.03538290797509e-05,2.63991231715133e-05,-4.11905671897758e-05,-6.92358771555641e-06
6.0707862492938e-05,4.70360116938438e-05,6.73779034511548e-05,2.16247394975381e-05,1.828201011375e-05,4.36457394234252e-05,3.54325966570356e-05,5.50885891875232e-05,3.66435086403396e-06,1.89661848447318e-05
-7.60422665392916e-06,-6.11453988788109e-05,1.33354764904504e-05,3.63608347780016e-05,7.72339104391403e-06,9.74092915485725e-05,-1.90604692923061e-05,-5.1281890209592e-06,-7.75597419771264e-05,-2.53886422029016e-05
-1.31325346865738e-05,6.56511544881151e-05,9.81325993527381e-05,-1.07176928255647e-05,5.69017488090344e-05,-2.1241854652498e-05,-3.2002617286877e-05,-6.06509754022223e-05,-2.65901851101423e-05,-2.98601644967781e-05
7.87146590604429e-05,0.000107639270686575,5.71127504035376e-05,1.79128945257315e-06,4.49899072578732e-05,2.30005821734981e-05,2.98620407077429e-05,2.13162289790672e-05,5.10146568424658e-06,4.20838177971658e-05
5.19289715604161e-05,3.31417706865008e-05,-4.51697560096082e-05,-7.08179072768414e-05,4.30469178482417e-05,2.43512654847753e-06,3.08954743247652e-05,-8.5993031903393e-05,-6.85889368158271e-05,3.34330327971572e-05
-3.13207706512866e-05,4.81497849288396e-05,4.77000205646134e-05,4.25628487356372e-05,2.68988771486631e-05,5.63586201838539e-06,-5.8109746160312e-05,0.000104498991151289,-3.72478640146779e-05,5.5914485888081e-05
-6.94727347079668e-05,-3.22932627919502e-05,-3.24349488780457e-05,-7.76218199310257e-06,-8.70634396234492e-05,2.47562151206027e-05,-9.26251671866169e-05,-4.793568597952e-05,5.30577126706531e-06,-3.12458332860383e-05
6.08220055355104e-05,3.27811984408443e-05,-5.10786302314858e-05,-6.87933386054014e-05,-2.11890817010249e-05,4.71291189640665e-05,-3.19829443879488e-05,-2.40299820596007e-05,-0.000130215355256463,-7.9957331912112e-06
0.000103988080712706,9.46390065523594e-05,7.57737457718297e-05,-7.35050960390409e-06,-2.38102172391975e-05,1.98436061228823e-05,4.81614354466617e-05,1.24214553396398e-05,3.4854205796463e-05,7.57932606735864e-05
1.09825743868131e-05,-7.2227868850683e-05,-7.94039575138159e-06,-6.51486061080719e-05,-6.97571573033134e-05,-5.50543660044443e-05,-9.91289731812393e-05,-6.109757932986e-05,-7.53489170619804e-05,-1.37865801642236e-05
3.31715866091391e-05,7.76922191856976e-05,0.000112219795473824,4.48150416073408e-05,3.17034093024943e-05,4.37413628003007e-05,1.71455512151435e-05,0.000100032347243779,-3.36990742516441e-05,3.68737285090689e-05
3.22762158350348e-05,3.08563499703199e-05,-1.24249663449809e-05,5.37615778847064e-05,-8.08546967642028e-05,8.72738123003256e-05,-1.90484138886004e-05,0.000109801838835361,-3.50104767395982e-05,6.81720979895275e-05
0.000100682780359207,0.000106789934448885,2.64789678875313e-05,2.14977572323174e-05,-4.07241699064495e-06,8.35096628003405e-05,1.8629420699016e-05,7.37360772437527e-05,-1.4543249251625e-05,6.04773085090925e-05
-2.98013062571525e-05,8.76518068551747e-05,6.48853835109729e-05,-5.83751805025419e-05,1.60021381797855e-05,-2.32195654436271e-06,1.20091966570121e-05,0.00012231074418759,-7.10087770772172e-05,5.63398848447692e-05
2.22177748458167e-05,9.19316007274888e-05,0.000111250642137098,4.02710139467147e-06,4.07194585409725e-05,7.21084157382851e-05,4.56757081121289e-05,4.75963553317753e-05,2.44684974367009e-06,8.8194646808885e-05
0.000131095559060495,-5.15180793135839e-05,5.02241329147194e-07,1.94656903828234e-05,7.60096130802726e-05,6.34228390485385e-05,-5.99842596149276e-05,5.93633289791053e-05,-6.67418968158253e-05,5.62621416207094e-05
0.000112391712457552,7.77768895943421e-05,8.34432200428989e-05,5.1887329025042e-05,4.89724680550302e-05,9.57435917848071e-05,4.5670327753391e-05,2.94930122310774e-05,1.91977660067128e-05,6.95267664607404e-05
-5.32361727425147e-05,-6.74448522109909e-05,8.53195051229858e-05,-1.42359543169912e-05,-2.34998114905856e-05,-7.80002809304296e-05,-9.18658525262775e-05,8.99120000317743e-06,-6.57532885787113e-05,-0.000117129999362685
6.24844932257746e-05,4.74645301749322e-05,2.89520476637678e-05,6.70419536466141e-05,6.03255465014471e-05,0.000148403325716766,2.57639102003909e-05,8.93795464926264e-05,-2.75896561071215e-05,6.48555171355622e-05
-3.10358142923012e-05,-2.28548150870904e-05,-3.40784770437031e-05,-0.000129654448880361,-7.73615772844362e-05,-6.26350194307356e-05,-7.26281008130248e-05,-5.3332858628754e-05,-0.00011157048656218,-6.70468842040559e-05
-1.23376014175175e-05,-1.8839023730891e-05,-2.38838158596264e-05,-4.3811290633841e-05,-4.58040988069994e-05,5.10897361034536e-06,-0.000148648441085321,-1.75126011662364e-05,-0.000163237702892121,3.27303856487411e-05
5.48784691731144e-05,0.000103349775786719,7.70491865694652e-05,-5.78155916168475e-06,3.32063290962803e-05,0.000104206163481325,7.71622886163667e-05,0.000106929652321092,1.29571132926995e-05,8.62706938895098e-05
-8.45277014847586e-05,-2.48371267857514e-05,-5.65895600307136e-05,-6.31475193608198e-05,-8.26750118242885e-05,-6.39852997910852e-05,-7.26561656989773e-05,-8.70215344913061e-05,-0.000123348972923209,-9.89881410708645e-05
-3.1925784032816e-05,-9.74289492110209e-05,-4.19429938771414e-05,-0.000102755447071743,-8.72876264906494e-05,-6.16899703076836e-05,-0.000151655248970303,-2.16895827554739e-05,-5.52350064140667e-05,-8.7059903205572e-05
9.64285828293165e-05,0.000109102104928901,2.56412190940032e-05,7.3120251879684e-05,8.10807521487173e-05,0.000111616617281649,5.39364738398001e-05,0.000121165641151306,5.30126022644821e-05,4.26371882410089e-05
-5.35303828304563e-05,-8.15330444368549e-05,-3.53765483481655e-05,-8.98088243965217e-05,-0.000123405423721399,-2.08489481515253e-05,-0.000110398334734005,-0.00012171847240846,-0.000133953622457116,-5.38094395380599e-05
-4.52253377864428e-05,-2.8300094607765e-05,-3.04326772328014e-05,-0.000147301364732809,-7.51030050989843e-05,-4.30504794952217e-05,-0.000149378265691321,-0.000103986033852023,-0.00011017099337308,-0.000100454193046539
0.000138949711263779,8.55160755970373e-05,0.000128988307094925,5.78110239336693e-05,8.65333903541388e-05,0.000114037085365441,9.3292721783064e-05,0.000117755081409241,4.9788733507779e-05,0.00011325043494476
0.000123482461886926,0.000119438606149509,0.000105852593903905,3.76681924835803e-05,8.44093551968408e-05,0.000109651351642779,9.7167126818957e-05,0.000105568920670307,8.46509229381796e-05,0.000128520969835919
0.00010018150722982,0.000144471811693941,6.73779034511548e-05,0.000109624651497626,5.67435101137885e-05,0.000133197888677246,0.000126341596657126,0.000128557903473311,9.17595008641221e-05,3.32518848447461e-05
0.000146561815835149,0.000118989902389763,0.000129977992027255,0.000126675854247404,7.60234532359541e-05,0.000133072085829783,7.43595348919809e-05,0.000123154510533488,5.08070125263386e-05,9.59294231733788e-05
