-10.5985464270987,-5.9416130100793,4.63187543395383,2.77476262257542,3.13866788420327,-1.30612178556928,-4.65104117694068,0.284363349778229,-6.91360172807198,9.02671731900694
-3.92756810555481,-7.27296902392274,10.453411464432,3.3427009184506,2.69967759485889,1.10020163739341,0.124806887149445,0.69882355675743,-6.95544237491091,12.5752586544572
-9.19858612926393,-10.0888102588715,4.16183191889174,2.17924758865486,-5.92535742497147,-5.42681020997452,-3.31998298860607,4.16027821801331,-9.32035750827365,6.32209100841139
-9.76586120786403,-6.23384976392638,5.4867754004803,0.400531568090134,4.17111616028949,1.8270465472445,7.48676793145956,6.61185506687849,-0.676914694962799,15.3752555831336
-12.1036753516396,-12.5214386102905,4.60137190946082,-1.71811249970648,-2.01303409165737,1.47393920261173,1.83705041733527,5.55253303298018,-5.33793164411534,11.5763075994983
-12.6030547875392,-10.1777211712544,2.4475369764581,-1.96181135455275,4.02549292357068,-2.81732244931232,-12.6387304140632,-0.986823090899738,-8.65139430272896,5.65614721114869
-0.0837943869229072,-7.37548714107944,8.67655956338372,0.689326142048354,13.8180216917811,2.39068987734408,2.46386199131347,4.82586704382429,-5.38573340994942,13.4758698613798
-11.8155631526185,-18.27297759903,-2.05814973006672,2.70423488684701,-0.210097155435487,-2.02459018509879,1.73767511085564,-0.0562914700367818,-9.1611566690491,4.72182325826639
-3.18850987601275,-10.4504639319225,5.12950177952746,0.39152499989331,-4.49067945468271,-3.22104515306018,3.75652998909317,4.93287355070308,-6.19136952736141,18.8177262447958
-13.1487355952221,-15.2941560978152,-1.37819837453071,5.26203265980182,-3.62621830983755,-7.3436520749034,-5.02900717943141,2.16969247851694,-9.32474984582651,3.25111953503572
-8.06913779509918,-19.0009175257845,7.46096328499469,-0.106366715531998,0.288648984954262,-2.90739151307178,3.34710394631758,0.952906111158475,-8.14014007237508,8.50470988377031
-0.645260280000991,-8.78608246829223,10.9934384241779,6.48732159658363,-1.11286930436106,0.217474909832196,4.54400120314038,4.69995933909169,-7.00063272654068,17.5445795927641
-5.09351207030804,-12.5967965225991,9.06275070127237,5.47421674566128,0.659257767096465,-4.47884541256775,2.85941366074118,7.75656422742384,-4.28441722309751,15.5525892130242
-9.44525720140095,-16.1745008987087,0.905514152193935,-3.63148810184641,-0.280745699180017,-7.63826573824284,-4.53432368843881,1.87034154280143,-10.2968103979905,10.6288791618648
-9.58325317516547,-12.9965347970137,-2.46702130266597,-3.63148810184641,-3.97479176610744,-11.0280962467174,-10.7062839979864,1.78206470664324,-3.77507126755574,11.0140871741915
-10.4216150239442,-17.274498805388,1.07847186061318,-0.536544514299571,-1.73924479359285,-7.58543962949113,-2.52542695145474,0.732019910072646,-9.62007070401702,10.650069064932
-5.72210655305884,-3.45250440861805,9.62719975411599,7.81159064927486,3.33180711537405,2.723235094823,0.415752408388107,5.96808286426178,-5.47632496077565,20.0270484250973
-14.2526358103506,-18.2332697015075,6.5178544049084,-1.15430398200477,-3.07620093278782,-4.30892141169066,-8.40206833018322,1.30595775159253,-1.59984817432501,2.42572338472889
-11.669024360372,-14.65824826875,4.62679354885302,6.89343561306034,-1.54739816392563,-4.00562320786197,-2.25215379033839,-6.58037456705318,-11.308021892798,9.87344353881294
-10.9484369087974,-18.2663089852159,1.40833823292745,-0.643444784704899,-7.24214697222054,-5.53619198093531,-6.51774434361757,-4.88229229469364,-11.1940260137671,4.14522703593743
-6.99869961160881,-7.81422606319808,12.8881461832141,9.12050118686579,1.12909762300722,3.45536175361833,1.73203315545476,1.61662725970846,-12.1878589180825,15.3173587839456
-1.94703875275777,-8.79992253420156,9.55304813179962,7.93803175688687,6.73533147759359,0.889136641695305,5.9491493197317,9.20659618125909,-1.14549443283058,19.1246453361184
-6.14911579556151,-9.36465334807587,8.01405998974019,9.93935119460479,2.62100298218384,-2.85329531898817,2.52387493785571,7.98743366441737,-0.5980162738599,20.3661874232669
-4.59193328444273,-11.1477232339349,13.1426357913636,7.35970294258092,6.14166212084803,2.90285201533152,1.15930991040631,3.44550347756781,-3.9489099636576,18.826824177953
0.413168158259924,-15.5462665018633,13.6038569762851,3.12510347299378,0.632684903518173,7.68589696251089,0.49377765443859,-1.43930187167789,0.689700207555009,17.6314296015385
-9.69644547818301,-14.2589441987007,11.3119304458543,6.44561519471671,1.65279147694198,4.76067050359625,1.16216642107039,1.99806986081971,-10.2270330533863,15.2515400186043
-2.85277918306428,-4.59918413149929,11.8962064155455,12.4983399826126,2.21272038966865,-1.93075349052448,-0.0347939993621895,11.0024612752047,-3.45691691877985,20.0582153657898
-4.64846751332474,-15.4104728655656,2.3954604911398,6.82820736986125,1.81849034485733,5.91660011720022,-0.384973246129936,9.13587451606618,-3.36795099651383,20.9519950812895
-14.6253550325851,-18.6699252775604,-4.72318357665681,-0.422669310442664,0.778569813411378,-3.70137136517804,-9.10805212977974,3.21712283460263,-11.7265506618385,10.1148867865541
-16.3434875781979,-16.4729323422063,-5.70412088465473,-8.8942278318709,-6.38834942182366,-2.16723885620013,-5.43035099091944,4.41577090556931,-13.0210247251342,5.14021597017171
-1.57351179127299,-1.54153605487777,10.6605781217743,6.00933733469835,5.47605735783735,9.63663523580956,10.1063721729224,14.1010009297824,3.20688728352065,18.7936999626387
-10.1022674039754,-22.7261327235984,-2.16440828961471,-1.2130098874577,0.442747443690704,-5.30212466084659,-7.93118406288408,6.08372827280363,-10.5893172009309,11.2042114052904
-4.49048820082702,-3.59619134143026,15.9100414761133,13.2752698666485,3.47036844090915,1.45172086347181,7.26370821663876,12.6257224027006,3.96682834795078,18.4689836637786
4.26524828152649,-8.04952595427533,17.6842085142638,9.76733892878856,4.86997303911139,11.6739328548339,7.97134495254427,6.34814659373668,3.00094828151495,21.1625030478662
-16.0285917818542,-21.9770302076372,1.85108883276257,-2.87705397917092,-6.09683761985251,-6.30877123504479,-11.2118107852417,-6.40344971837374,-14.8897689835269,7.90934247330919
-16.0285917818542,-21.9770302076372,1.85108883276257,-2.87705397917092,-6.09683761985251,-6.30877123504479,-11.2118107852417,-6.40344971837374,-14.8897689835269,7.90934247330919
1.15717765715705,-2.2741406243289,17.5155583570874,10.1634507900479,15.4662166872591,8.58256609174487,4.69048485325114,10.9282363285431,1.32557356436164,20.4189731684833
-11.7076092370896,-24.9315049111293,-7.70861325254143,-1.20750691585303,0.66641661213844,-8.58602296593134,-9.18876237998151,4.57645336431675,-9.91135109923597,16.1892562706942
-3.07085549217849,-9.73529385540387,20.7697544354314,13.1103082694574,11.2264078835599,4.8288920769648,7.51524211379614,7.68279161316103,3.01907497042902,24.5774295048295
-19.1512759958814,-25.5508647536978,-1.64234330516169,-7.70658194286587,-9.68144074585331,-12.3277910288103,-5.57995248172865,-2.21813631711227,-15.5072433081224,4.1129063322929
