-0.945225403678956,-2.60927810283096,6.31626426369886,4.48277320181497,-2.35329654265863,1.35287314406843,-3.93975781894664,3.75471739880727,-2.35812617645476,2.35813862509885
-5.16439669915809,0.71044503098598,-1.04618863541631,3.80823753470101,0.344179861110905,2.67389516415058,-8.16833862033999,1.81755829709574,-0.948001160215627,3.98992241035888
-8.67951698441032,-4.39391741583913,3.59613826288863,1.24151521906999,-0.53732452118556,2.98067128456128,-2.08430406625605,0.632153315658369,-6.72748010831242,6.48979721596636
-6.00041235976074,-6.83056862485479,4.77328255849911,1.57295115372436,1.51771210416466,2.50246599817699,-3.08264663272733,5.14253513237223,-3.43444805461874,8.16327335657954
-6.55899610692142,-2.67715430756953,7.26875871262597,3.23557527719986,1.28878862626142,2.88603022825716,1.98738109778999,1.59201941651369,-2.93223354640882,10.3035188632143
-3.20233958982601,-3.57580658361353,5.4161616674866,2.12863274629828,3.58847388715407,3.6448027584783,1.12073515848781,3.16388469719202,-1.83265968197083,12.127863345118
-10.3190448849269,-7.06891934215325,1.51343321508526,1.65509176775007,-0.465959487787615,-0.183943228227583,-0.670037733308991,-1.6763041510075,-5.04066834107709,8.8283675659167
-7.53691553159888,-5.54643565047856,6.81373791664352,0.802095448136264,4.54408681549442,4.22451091481688,-1.63036422889812,2.91325735258201,-4.64473719259164,8.13953970497613
-6.54577910579821,-4.16623071274259,2.33579566554927,-0.743144004302745,0.360694414286326,0.531787283257921,-0.507120325673665,2.77107347858519,-11.7827620615102,7.964854621001
-9.6463100992442,-6.22294772241759,3.84490121201829,-1.95928524376114,2.44086153334551,3.83572054323296,-6.85924334344282,-1.87606471344808,-7.50760143640125,2.03958282277263
-10.9002868039023,-6.97139232215343,-1.00253484337581,-5.78925581675157,-1.8669340824854,-1.78997985021735,-2.15547451893155,0.475712654181263,-6.872982262616,4.70001954206201
-0.232971903113371,-4.82463806820464,10.8348546554919,0.359918679353561,2.30015543818758,3.29544241805611,-0.230486942079331,8.26190433515027,-5.2721793763132,7.74665883828909
-5.7168838074264,-11.5199373813483,5.50848011663171,-4.0316832857059,0.690001201531137,3.48512869408655,-1.32434646873315,1.92779678170254,-4.69252218416756,8.08623462113817
-5.6228917779505,-10.7993352782577,8.70623607736102,-0.861018824718854,2.48064211833929,-0.00222963198144877,-4.49894964333632,-4.73771368193488,-6.06385319259534,2.73955627073563
-8.75722538279325,-12.0974187228484,0.44610272367094,0.0735467645747567,-0.879442467667939,1.68732339945194,-1.33657078639031,1.96652316346699,-8.24232554204763,5.17543636297722
-8.32126012900568,-9.39136309087565,4.79972250189899,-0.10428055291378,2.39373598524815,-4.50617968325004,-4.03587320817678,1.43020875436616,-7.14564848028495,9.72844059323121
-8.72873497020867,-9.45272640572227,3.04656416785078,3.10174853046989,-0.715121442164773,1.40097908742317,2.51910743596794,2.99030245501525,-5.55484041763882,11.8132713013238
-8.50947883300958,-9.97107845355796,3.65841679152939,-5.1510622030367,2.59827125662897,1.25055252393912,-3.08219680789959,-0.923495935410604,-10.9741378597268,4.97364924827143
-5.73577275193765,-2.48976603384713,11.4608840778354,2.75871463903593,5.78404916252109,6.31606023169112,0.983939731744116,4.12939249954057,0.319324415915476,10.7515105542708
-12.5673934080102,-8.33626064682896,-1.86048360905952,-4.79502241902796,-0.732863179254515,2.42255797743526,-4.81090623282247,-7.72933596254279,-3.94575903198187,6.34544575816929
-0.447980320408051,-0.527528936190025,10.1401824647479,2.69721809186076,0.750285851894315,6.45284470922916,3.318744552741,8.91278162215778,2.07619238817147,13.1928562257093
-3.8088310099024,-1.77575634122882,9.75272747917067,2.62210938588555,6.93850041317334,6.15855997094933,-0.95168505797659,0.586293579090476,-5.31646195803221,14.0712625518041
-7.88223868964041,-11.959398809509,-0.316483405781669,-1.13128790961814,2.77748272616302,-4.32080831057961,-3.70038271326094,2.12635743702341,-12.3557292017544,5.61844727210172
-3.51165260737943,1.55120494758478,9.41715602169129,8.96308506551553,7.23594068321268,6.39051178960814,1.1123409491152,5.2582018744263,2.37407947082852,11.3948654886575
-4.55195839002427,-9.7121167498101,1.8586089657831,-6.13239315710533,-7.01469110663103,-4.14623363178467,-3.03624281161161,-0.111795950806894,-11.8446985488485,8.49066186834249
-8.38519048782975,-9.88287528781033,6.10212029386035,-0.421007140826808,-2.6604079133979,7.76015613147287,3.15144993839934,0.318780329078018,-3.44705111431582,12.9206448943065
-3.24514191544686,-1.27292177153031,10.5112017195101,1.77298448147891,11.0928949125429,5.44197866994931,0.65052208610963,6.39768218520651,-3.79151216377711,11.8012429710264
1.76347185841314,1.98319708952812,12.35598744801,6.10065749179617,9.19741981819903,8.69507329008734,3.87278614775431,5.05917998592653,2.92986038515898,10.2163358598982
0.0560770390170018,-2.2648505673683,14.2823321549411,2.8177114147382,6.93900115775892,9.35699486901239,0.385052508399839,4.74457354638725,-2.09847273170909,12.5286523048706
-3.33319014564815,-5.27952899888831,12.7515852151488,7.50820610122593,1.45827712778601,8.02209997458558,-1.84608536237096,2.81490765128842,1.524788996783,14.2019083910698
-14.9494396309674,-10.8508049499387,-2.13112487677221,-4.42378741226947,-4.10620239658395,-3.09248805041089,-2.10664825845931,-1.48210500350812,-9.9565459270667,7.23198065080511
-3.6511804232204,-5.32040610946064,6.10993654338163,11.9395020829042,-2.53427984906723,2.14449809294729,0.766903260784172,10.5932323289123,0.49728817849392,14.4517860089317
0.2024844133857,-4.24458276232917,13.9397741119028,9.62188976407713,0.944514517249203,10.2686437533874,3.14254160206246,4.05338691396123,1.32317609355719,11.3121234448332
-2.16756658587405,-4.82838037936897,12.0895152879785,6.49208554223569,7.5040703754823,9.80691773055826,-0.135738927996938,9.21058395380528,2.50368776575939,11.1799802626488
-12.9542700770707,-12.6097368582445,0.992351084373647,-4.44524821539986,-4.8278256235962,-3.2716280626702,-7.955170841493,-5.09613662100298,-11.0769307863181,0.658390818082144
-12.4479715811126,-13.2987204764184,3.35830064314117,-6.18201549790852,-1.94940680274149,-0.3350111312295,-7.00682892945341,-8.49263480095204,-10.0402517860563,-0.747183356252183
-9.33737250277157,-15.4489953374113,8.20913741248388,-1.20461535921806,6.70518699376217,4.40084441107766,-1.14905766845634,-0.867546004755251,-10.0604130763789,7.08624429890722
-0.0261894382663894,1.83735351664809,11.7309120031621,7.35931003662684,9.24459988263202,8.20427832268444,7.39414648900571,11.2487621607178,0.776207720460997,13.8910520794565
-14.1992748681279,-13.7034277346256,-2.30089656750445,-4.59691238344693,-7.97135479694691,-3.41716661576941,-7.46687678209497,-8.25917595113635,-11.4286016476618,2.14192822894145
0.793314154288397,-1.27477248886825,15.5591892373639,8.42982879833634,4.59037819520845,9.56890264927341,9.49618740587303,5.65644188691722,0.107408669269951,19.1181018035844
