-3.05481105141853,-0.949416535922491,2.63503781414128,4.14550536825799,-1.00455834077386,2.0133841541095,-6.05404821964332,2.78613784795151,-1.65306366833519,3.17403051772886
-0.309672246901249,0.127810993413365,2.73061967263279,2.03070052185593,-2.33992495310656,-0.501734802018251,-2.73597849263585,0.186502315817018,-9.0619326615131,3.97855165878981
-3.78302261512992,-1.7719037230107,1.08536622136624,1.60586866271088,-8.01651256038937,1.91873194252181,-1.05455425215044,2.57435101424192,-3.95049070366545,4.60089425080088
-7.68075397783029,-0.920663810127258,4.04804670732648,1.93498457007324,-0.188279845064686,7.03809478548318,-1.04868927015444,-0.745873395939059,1.86731356358952,1.3657655194937
-4.24107046763892,-4.07785687665476,6.56500109017119,2.64243432497562,1.09539513641789,2.78869202944265,-2.78506102392238,3.33398737569464,-3.5014316845232,5.24883916503749
-3.28405859081473,-6.70430669054433,7.51125017052994,1.81087718854806,0.0636727878403276,0.675321756043489,-4.21935373114148,-0.491498141563806,-4.21098968452505,2.54884744791724
-0.589098653396164,-3.7169580855178,8.57555945959536,2.42134594058426,-0.0265705522355262,2.32415778106227,-2.08512238051299,6.00831086697877,-3.81515277638398,5.05239873169397
-0.307896707431885,-0.641851500433825,5.70011254954189,1.22413764122097,0.837872519995808,9.3573700892299,-1.81122946178199,4.58083521731122,3.02089690195453,5.82835180772857
-2.72280308172272,-4.26279400930537,1.74063564791148,1.65856937585231,-5.29975759996971,1.77088414523799,-4.10845212033495,2.31047100650719,-8.87706775063195,5.30131382638884
1.42851754341572,-0.51695844924822,6.65513035890531,0.025530158409242,2.41709222380964,1.16348360662831,2.73250590522709,9.52454195649318,-2.65696791820718,6.50665132897176
-6.69659849239577,-7.95399928962468,4.83728245342001,-0.849621148046774,-2.15135167270006,0.508931006419464,-5.47329337420003,-2.36895870107239,-6.19918898125553,0.805477634423334
-4.07573272272385,-4.10729084782709,5.08807165174541,2.49574024492361,-2.0351655865735,0.719584716696096,1.52040045910831,1.26885876844565,-7.8944085966344,8.95429578844702
-0.998922544639932,-1.70692252816081,5.30864269095565,7.44305375974139,4.12761577661196,2.3036832111005,-5.71401038144317,-0.934891893184628,-3.95711635073418,8.76987720988506
-3.91550550163411,-2.93955329652978,7.43214064497204,2.61675752916241,3.27717461762445,4.26514061975763,-3.13192688504961,7.52812538430882,-1.07798852298129,8.33842346727207
-4.69518629068739,-8.74268484830045,2.08819215083071,5.24929180799898,3.44046016819839,5.49446035704626,-0.896556661904349,2.1704283433569,-3.9933419971551,8.04468411836737
-3.57114346799289,-3.74584480533606,5.36531047781188,3.37285073305803,1.91096735550691,6.20985296151487,4.73145020980318,9.6633413695725,1.87315631413098,6.25667233686405
-8.12525456863829,-9.40967805359757,4.59995103770518,-0.940391790484306,-1.10792334416072,-1.8818542384011,-7.76290290610909,2.39101309686547,-5.23055415568614,-0.108108201504405
-10.9701994138729,-2.70323840019697,1.77891988470906,1.50750858139014,2.29181365081524,5.69955112802598,2.18023454117565,6.41561377646672,-4.16656733066023,6.60116026814033
-2.1878603578592,-4.24057453845571,8.08199721307516,2.02883607033604,-5.36549831049714,-0.598830239658909,-9.2616310889099,4.29899494756616,-5.78791104915031,4.43233675465718
-5.75004407980655,-6.21895673234037,3.47269964297187,5.87634478054444,3.09176419275295,1.43884778101278,-1.84120612806395,4.71276900682215,-2.89247169384968,10.9512825093554
-1.88782108346611,-8.55680854304618,11.9930428876168,6.86931081841026,-0.389841951388697,-2.68172987687021,0.969901458113709,-1.0455761557482,-2.33370030723567,-2.84781539882241
-7.59847814048885,-9.6209221089848,0.546716373503494,-1.1813434763086,-3.43042846207938,-4.25190750024559,-5.7646674291716,-2.43038500986816,-8.47482903385437,-1.70666625527778
-7.6069860387469,-7.93422149620554,5.60203529768622,-4.07733369700052,-4.94142503403635,-1.9768104746155,-3.62169100608097,-0.250608200526654,-9.2589364751884,1.83347424680208
-7.0900567619073,-8.42912782043151,4.18283093141031,3.03515420550657,-7.99934375141849,-5.92327205344982,-2.76220623263797,6.00684134378508,-1.97469635904725,2.19378219279169
1.58202173609509,-4.28682996431185,7.96998535888956,4.1937989263085,6.91128690163912,3.09927302792103,1.49493198314423,9.12432587332368,2.42705677206979,7.86768926862116
2.58176444866489,-1.7986399245844,6.30204100184654,8.68275281795709,5.31122501230005,4.25901433078267,-1.24056276630897,6.56071704484068,1.38086880438628,10.9452503934788
-1.78798028706041,-0.745560186583673,9.60039381776305,5.55185740442906,-3.36758437712032,-0.905816379144448,-8.8006290960197,7.59695308062098,-0.00502657536593532,8.99973963555661
-13.3750697165058,-5.94139149145154,-2.43435760981429,0.663930079780113,-3.22368697213922,-0.606011232555768,-7.59590306713311,-2.48813023677031,-6.80498732087772,3.89257282339893
-6.69431274646259,-5.17254762651793,3.83656732725467,7.72009262844037,-0.713529691374858,3.80941718809885,-3.67491191377327,4.17502030627981,-5.3266468964661,11.9507792003109
1.92300292033815,0.802400491582068,12.5607945032471,3.83128244924534,2.7674724685475,5.69847900554147,2.66861049770301,8.4808399327055,-3.61810048029729,7.39830315930053
1.13527361838259,0.590677203644024,10.9741721660089,4.91000802112074,5.06364910467186,9.61778025387972,-1.99141023027159,5.97949002119729,-1.04489351369931,8.19668497002615
3.98947242509318,5.42851457529102,10.6813066877496,6.30248201625011,7.87119974516625,4.43262259437947,0.537921816121175,6.0508586614026,-1.16417837058624,9.37710099020968
-7.97449011051454,-7.66099949783137,6.51351774422609,1.23015709563284,0.118360181029013,0.86610319682493,-9.7591523743884,-3.07948985999031,-10.4012052343465,5.25947015853995
-1.12126097460639,-1.37823581162901,12.579405445731,4.05192771796423,1.36387282772418,7.74777539122853,1.83379291507652,11.3126331295966,-0.175198680162597,8.31320904334225
-12.3684433214127,-9.35420947313342,6.04652364741728,6.03698848560167,-5.7179788039082,2.02344861468801,-1.10749422644244,0.5481604482135,-10.5732904677151,0.661941012079731
2.55639555320612,0.172964030334829,13.0130177086686,11.2996504299836,2.3022131619828,3.44220300891412,1.2913853355668,3.80715525573304,-1.69279890905083,13.6324160457439
-10.0757157111715,-11.8809114873676,1.59741680291591,-1.94101828498749,-8.38401764394425,-3.24902137718093,-10.8294295271667,-4.65169541146009,-8.35317652634381,0.343515571576368
2.01375183271733,3.14617272401574,10.5933726466695,7.28326662903963,5.82639262393592,7.71795458343347,4.88889176756884,10.0517229630022,3.32095371697256,11.4655870200884
1.2729615546949,1.81584076725425,12.7797864843428,13.0360604467966,4.70889576642215,5.61772421287003,1.12597410476682,7.32263987215186,4.76988140909164,8.46380364417977
1.03198543376352,1.40318144063001,13.0465509565727,5.5176559403961,6.77870461948941,9.11433250278101,3.71715283923209,11.4302955103902,-0.0637972895797572,12.3453562492984
