-3.41891683327422,-1.36066012946659,1.86020201775376,2.87568701548443,-4.51053545058162,1.96605804831566,-3.55430123589688,2.68024443109671,-2.80177718600032,3.88746238426487
-4.48340496885311,0.860677450716973,1.55686518132339,5.75689918122457,5.03375094014127,1.20780616937749,-0.915437662029729,3.01825690595487,-0.314147980549179,1.47976636380696
-3.05481105141852,-0.949416535922491,2.63503781414128,4.14550536825799,-1.00455834077386,2.0133841541095,-6.05404821964332,2.78613784795151,-1.65306366833519,3.17403051772886
-3.05481105141852,-0.949416535922491,2.63503781414128,4.14550536825799,-1.00455834077386,2.0133841541095,-6.05404821964332,2.78613784795151,-1.65306366833519,3.17403051772886
-5.56849160985965,-3.13334361187831,-0.481116652796286,-0.199597717956466,-4.56030644490804,0.0142623869335656,-6.06704415612005,0.599839949463498,-3.14109427747642,3.76480542387301
-2.47131606744232,-4.75311253948434,7.31404035087903,5.50740809333412,-0.69720014608128,-0.334172861380353,-2.5420733807648,0.870280846101652,-1.99338198778543,0.163107559453226
-3.31297725970571,-2.34763067062928,4.00017414597658,3.75917805065801,0.453204507366523,4.11161855781219,-0.66129900492007,6.224739608762,0.110046322897893,4.71535142729646
-5.32664459595369,-5.28516932245364,1.59087709382239,1.4820809459747,-2.21749340142662,-1.11926167306804,-5.90935782440746,0.177876419041673,-5.06394635109478,0.73368213122554
-3.87499867105296,-4.84605069211147,2.36161498248599,4.69739858812849,1.21795091371227,3.75392225557788,-3.47530244077383,2.4782830956542,-2.82320283274515,5.60935731804812
-2.02686679802923,-1.32816953204165,3.97184025254846,5.79427956399969,1.56152871791905,2.158533682605,-5.88402930054324,0.925622977383439,-2.80509000953469,5.97195386380696
-2.18964830137682,-8.62849251596773,1.06309069004519,4.07037909310754,1.71930555798532,0.49002988760738,-5.99105549297614,-1.18594755360391,-4.63420349258052,-0.264578294396189
-0.565904065540189,-0.0735080221702114,7.59791615869419,3.98839390875166,0.881457063886821,3.85593157982549,-1.69271886097015,5.6334888903285,-2.63558207431624,5.2861668385147
-0.138736325201068,-5.30327789166155,7.00764519876832,-2.93334346332569,-2.11979189894321,2.75065063319023,-1.30307394048094,5.59265926593902,-4.81408947858374,3.00792680168848
-9.78619154541999,-3.64971400396261,2.14005509835753,-2.19320290172295,-2.47648299263348,-2.00251187697042,-4.97164383250628,0.0863467516191467,-2.81964117710211,2.92963714158217
4.86867142781678,1.81991708257804,5.22581690559763,1.94807563370399,-0.967840201339255,1.33329592991846,-3.53577115720811,8.65533990222234,-1.27186361935814,7.28688697598189
-0.854102382237676,-8.99637945424515,2.94042129118618,1.21823248719423,-5.88878955066032,-2.15027070083748,-4.58566257413848,2.82345621683021,-5.77943968009312,4.29357764322258
-4.35689438475186,-0.690191707547205,1.58613735117831,7.85143485543748,2.49659906663354,-0.170684680349955,-11.8410852566804,0.295536344192106,-2.69986169789184,2.86578984341036
2.46618967525389,0.791651755249835,5.03404722993401,5.99813651328347,6.36982315972678,3.7716521268638,0.588458198729972,5.16342799643846,0.398942799761282,10.8086570636054
-0.0869661243231641,-0.170634018178158,5.73007518184158,4.43864803535172,0.390141938095821,11.3945117370543,1.10768373993251,4.78211934513136,5.00135082733598,6.17529830558586
-8.22830542527435,-0.901504123484021,0.29360027660364,5.03842041352531,-0.983136042809474,-0.608056911088786,-6.29845584986474,0.355321139132462,2.28447603238643,11.8593573180481
-6.2855461970054,-5.10610527261393,0.513729588169237,0.698511731029507,-8.88132463703845,-5.43208460032625,-7.03437516998913,1.41754784828198,-7.62698431413473,1.11267217205885
2.26716066719377,0.529803576975126,7.51718881245802,6.44569368711433,4.78552535152517,9.40855196979635,2.35564345022307,7.41217768055168,1.29083706883929,3.67214160835487
-3.04639566923947,-5.05421913048385,0.0693287191779683,-2.03375908984695,-8.90482135894709,-0.562287541088899,-12.1827734404402,-2.0882840811683,-4.60059684598849,1.88015430741197
-6.02062902992833,-8.25752035854146,-2.06516940498769,2.87419423516223,-6.83236196367368,-2.21424473126387,-8.90744888026751,1.37645664153191,-7.8987361324848,-1.20954374346378
5.11055805298706,1.58944952261805,6.99361295844591,4.83297574223855,6.07233095924485,7.60004436877149,-1.19641751175152,9.36400616305261,1.0209108362845,5.67852725630357
-5.19184527112248,-3.52931924313053,2.39580133624663,5.33530492787515,2.7989103631545,-3.26018715383727,-10.7826686352183,-2.33328429524404,-10.6125453638706,-1.97328058807271
-5.29265322041677,-3.11161997849629,3.18943929512894,4.50676710178488,-7.28290509680857,1.19768970522931,-6.3846500688769,5.63272001164493,-1.59319070948357,11.7215511403128
3.83462912327302,0.657177021678415,4.71040141870385,10.3879659294459,1.17994869341303,5.61402240396604,4.39384805390346,9.7268947811758,2.71421298956456,10.7109909621802
2.82331541786293,-1.05477821981106,11.3923356739054,10.7053006544211,4.76315176971152,5.38568273229177,0.560044329551478,9.53702698904408,0.586204277640416,4.92140427988383
3.3857203906494,4.44659237976091,11.0784909446911,7.75242947690968,9.51318986885376,5.4237050830572,2.45561621840721,10.1904821296148,2.45032433466351,9.15804406302626
-0.962393884528722,2.13666091275899,12.4125194521562,10.5368269894739,3.95166839782202,9.80235388124976,0.160186757527497,6.11712782921438,2.95660649023747,10.3963306747165
2.93679522809285,3.36079208722642,11.5486601337806,9.46044211010561,6.23454499326304,9.07365758026448,2.04882920307833,8.02108957343956,3.88637367520464,9.8022540760761
-8.93261933096653,-9.29652746132137,0.438248367418976,-3.56216876805459,-5.49824613869595,-0.435256324532783,-13.6936373340529,-2.68045978980318,-12.7742935422499,0.798781588134407
-9.63445485240734,-10.1456873107201,-2.20720136313168,-4.52907434557887,-8.3280644465047,-5.64372903241411,-11.8820853000782,-3.41527564253486,-10.5466082223596,-3.69928537528858
-9.49474164915989,-8.22330277125456,-5.12967125661297,-4.72439705494304,-9.48474164694021,-7.05667532395437,-12.2075133561396,-6.32617991811574,-13.1699981649241,-4.23620891174066
1.77876576260107,5.76073661902043,9.403294385357,11.3840000091658,9.02546599650063,9.65612023320716,3.57485588122296,7.85941860224775,5.72051688946358,14.5403537608721
5.72446398698754,6.64867382622425,15.4197216299361,11.9112165431111,7.99215724347516,12.693079772669,5.7023723477166,14.8618854887741,6.89836882575111,13.5561197805356
5.72446398698754,6.64867382622425,15.4197216299361,11.9112165431111,7.99215724347516,12.693079772669,5.7023723477166,14.8618854887741,6.89836882575111,13.5561197805356
7.2919703906494,8.91087809404663,14.4267052304054,13.5268859986488,10.223417141581,12.6781693687715,7.22992177396276,14.2314304054769,8.64644502431868,15.1323087689086
6.8010871911725,8.03938245235376,15.653294385357,12.644080654327,10.6995731393578,13.3763583284453,6.64405230979439,14.9207166791708,6.95406952104253,15.5721933835136
