-1.13906042900939,-0.705991174749244,1.07965754728815,2.1509002371687,-2.37979649248723,0.584724091123414,-1.58199245674267,3.76071276392371,-2.65196900756003,-0.417144588264853
-3.0316697359447,-0.710849344369735,2.08200620009883,1.36533839711593,-0.904346175057999,1.06698783681959,1.04832006239769,3.19345247677479,-3.31989018041724,0.934343178123968
-5.26683549746093,-0.298371894903996,2.65211007585107,0.843048790846972,-2.82446586417486,-0.358173642859924,-1.64890008435364,0.859083929647456,-1.8966699819113,-1.01307084720744
-2.39308112426614,-3.55501611822589,-1.07782590110435,0.00641095787129586,-2.67666223400957,-0.742978681647156,-1.34528811952491,3.38079467627627,-3.31433528027272,-0.643267944362418
0.404022050265801,0.584551679802467,1.47141418952505,-0.172010401361143,-0.273654856216037,-0.869278505857187,1.06749302971763,4.33747994431416,0.672722743573174,5.63068057903778
-2.81259656450361,1.34563581644627,4.57123525601386,-0.390062909708537,2.20230360785757,-2.99902772959497,3.11129769356447,-2.28113218822409,-2.48128029266985,0.524836664760892
-1.87790813912967,-4.17496190042642,0.431156823424159,-2.73977189872142,-2.04658276945832,2.20241025877672,-4.56091247581337,3.45323273770198,-2.30940211604333,-0.486507568282545
-3.8329092485892,-3.90264020473161,-2.59899252046252,1.10752311620537,-2.78577939847014,0.952155014109893,-1.22919982453828,5.30392264046692,-1.45247405806508,0.58158599715928
-3.91980618189999,1.74813969117236,-1.72778989116494,-2.54285174727998,-3.51382694204957,3.71232516741969,-0.689810043493338,4.38225256702871,-1.29441160580116,-3.40642594705727
0.699576954611123,-0.661920357080785,0.195140528194053,3.39544908591317,-1.6962112802358,2.21171144854227,-4.45665778568228,3.19098412255881,-6.22674834607395,-0.230877528191719
-4.79303734197504,-5.96933480727396,-0.191214389735608,2.84246223899046,-3.02993481575452,-0.634022051658926,0.153113515348115,-0.120472616289184,-2.97463690459744,-2.31172862663933
0.891232618748888,1.70254627742483,3.58400040989263,2.52365928497774,-1.54503938502555,-0.663710668791223,-6.33800047099301,4.87535390919731,2.85022350211461,3.92922598383686
-5.90340957153501,-4.15155893774621,-0.31358237396836,5.36436489304543,-0.923010837719834,2.82364453895826,0.788332821629266,1.59561591617944,1.04975858951727,-4.4553601192381
-3.21388781764407,-0.305761710510924,1.8701848088839,2.18296213816889,-6.51313297069415,-1.12509362016287,-5.08192561970102,2.85506318411962,-1.89588542546059,-3.81216744139645
-2.6496802926813,-4.66086594518429,-3.80195785826045,0.127495596490151,-3.69938010359649,1.2459878119028,-7.13715009583564,-0.427350604782615,-2.20797797949485,0.211568766450716
-3.90649841900811,-3.14467271728413,-2.65346831456684,1.4366967456403,-5.2077026823522,-2.99662188479106,-2.36340381742831,1.35015519839655,-4.37382975928439,-4.52177873001246
-5.86530334648836,-5.82316602803974,-3.77256856063574,-1.19480450605458,-0.561229936630763,-4.33106178831513,-0.357666448219447,0.23546661471695,-2.45806127259026,-3.16518959773947
1.47588370613871,1.16141947114564,3.99833162429229,3.71697989746987,1.69888203145556,-0.575855587169809,-2.94082396020937,5.67106147899201,-3.63315756250486,5.57399707423833
-4.09438329180903,3.01036246372194,-2.98222737882627,-2.56364525256718,-4.6260298727928,0.527127474810172,3.04514429170686,7.36134966982699,-1.47829903573528,-2.24133006700926
-4.0213048131937,-5.99561348476768,1.41403301194357,-1.69216267716228,-7.43135232845623,-1.0798611410153,-2.81732711237426,0.378377030139189,-1.81315712978369,-4.94761002205879
-1.38611654321257,5.05877096223886,6.86837991712092,3.62082656862475,0.535749189588581,5.35170290034995,0.434433248979694,4.82733789790142,4.14197736108387,0.850072784228871
0.835494819364493,3.45317985182298,5.0362161187064,3.31277511323398,1.50695112502935,5.26703978037345,-0.496142545741497,5.74023841143185,3.84197011053442,6.93593627007748
-1.42406150709184,-5.37425995664187,-4.99432348234123,-1.83535215125205,-5.8156048445893,0.738890387054775,-8.57564407533111,2.89897324881209,-4.60863762611666,-0.386534881619025
-3.20587788738758,-1.8001818360439,1.55380735864733,4.53444946493943,-4.03896519076666,-5.03583000838454,-2.96088240418086,6.58243604628055,-8.80071858944089,-2.59758038893447
4.64551836530493,1.41610963216468,0.44999084505098,7.05985331535859,2.65925764904307,8.18233707541539,1.44705578121558,7.89987281624881,2.86598601462131,2.78393544044507
6.28182289562981,-4.50376184715957,1.01930613087493,7.65876691854194,-1.0071549896095,0.281905772192113,5.78905675519562,7.55027110160411,1.27723159904543,4.45335730884111
4.43935615171952,0.529116487033474,4.40819743263025,3.76551295426288,3.38180207843515,4.32953846711271,3.24154404754277,11.0942485332815,1.68983662530763,4.08789682201362
-4.49856162600894,-4.7374897326553,-4.24244793557947,-3.255487749034,-6.51805957773344,-5.53998432128921,-7.07014663298192,-0.262841837872973,-7.12194468771771,-3.09637302657568
-7.3160507002395,-7.00156183512184,-2.72043740950235,-1.94948345819485,-0.601090105538507,-4.26904833263197,-6.22417248505513,-1.37582867934069,-7.89609534639248,-5.61297452839151
3.02358554240053,-0.276036492032548,1.63868685061967,5.17093623468616,5.46513541176848,6.34280652444207,7.34507940107813,7.12267662692696,6.32170063217164,4.17847653215854
-5.06402129520631,-5.34713081356639,-3.89900645665991,-6.40384545238511,-7.08045627194995,-4.46321677688525,-3.48204025627704,0.0739163693979625,-7.0759093543468,-5.78730086617312
-8.46863557678271,-3.94840091558161,-6.70634768017347,-1.8204844901866,-2.2902792947277,-4.76793083582482,-4.76807929509097,-1.72305090156291,-11.0155249364103,-5.68581835123534
3.39802832996308,4.08035534107727,5.7237246678893,4.75946894395052,6.33330260865309,8.53887194236943,2.03847790300179,9.45388901351248,-0.89490440535904,7.33509045444293
2.33988616723474,5.3511222767304,3.84894754538578,5.27385701588356,-0.00536538487872251,9.13463466568188,5.07601112027499,8.80137339437307,6.66601585821043,6.41699295303231
-7.29078583985434,-8.02723744215113,-6.16971535222902,-5.26449161462014,-6.61233975308169,-4.32389372502511,-7.40423589137891,-0.708784408241345,-7.53939786321492,-4.12699108686396
5.71683326096434,5.09460991543999,7.06537442755151,9.35294280649255,3.9747945946982,6.68333100164204,3.77857355769956,9.40947290754343,4.61943619243298,7.01203704477987
-7.02862248051207,-8.08765414428836,-5.60762807098176,-4.81318784364008,-8.71168509591905,-6.59915577667929,-8.1090702512653,-4.12312789021608,-11.2218471251133,-5.96781577015992
7.07084691966574,4.78670583812674,6.36541256929623,11.2026251194207,7.29940916419458,5.31317706573251,3.44937059603039,12.7236621227967,3.42302701283878,8.78006314709909
6.59810304903455,5.86165144673776,7.71917353665987,8.62439727426875,7.2765491358072,9.56499516386378,6.48465299750998,13.1801044806475,6.34949102567396,9.76189780202493
8.10765920503419,7.03354640917726,10.7529752311692,10.799115694789,7.20549302237975,9.05499013181199,5.8481246443312,13.1196441298973,5.67958597892453,7.17592846996758
