-18.8071240183557,-10.3762732052597,1.38755770139516,-6.18861405494017,2.5131902492211,-14.2765367662043,21.2922312768502,10.9879716595796,-7.44630266253855,11.8329192841833
-22.6450750229685,-22.4488301966137,4.54121137765847,-13.6400787297959,-3.06677011874221,-19.1336049543175,-1.38328120572096,2.95373114476597,-1.6434802184597,9.85302054110503
-7.19132156414903,-4.91791416736469,14.0052532287847,-4.64714092579572,-2.31643361801177,-8.85106440776408,20.5599664985333,23.064937665344,-0.399115801753872,22.4655084059344
-13.2594037253791,-18.0485273884083,14.2027163934006,-14.8028025682351,-6.35462695705364,-11.460434529836,14.8517130834246,29.7365654975706,-9.99972528544231,31.7933216505046
-34.2660079185828,-1.70197416061687,14.0689732150288,6.86829999580191,14.3185623742406,30.5290361645223,26.0050838042939,9.55098709009687,4.48741155167631,18.9070580842855
-13.508878604585,13.5351440265093,-5.74123591829152,-38.3012451917983,7.70316173010016,23.8924040648669,39.9397241291183,3.45137724559812,5.25592897738117,-8.87258077207098
-7.53783776710219,-16.2295170403786,6.54609467991187,-24.8220786865979,10.5637539837446,-19.768915359937,7.64690541654068,-9.31761487275129,-24.8499087031763,46.7303395095622
-28.0859755858203,-19.5823999365664,-10.637360050913,-44.4093094990267,-23.0324451759505,8.90693558622306,-33.2423516704886,13.2478487918248,2.3316750610434,17.6369033249878
-18.9904855330872,-24.6937969830155,-12.0737252778231,-37.0590966315871,10.7465814638078,-22.4880148136177,52.2324898651354,11.8835975196047,-32.7526795491855,4.20522477402056
-46.6603848879209,-34.661987490974,10.9463812308069,-25.9254561602033,-3.90369174905625,-16.3598700995376,32.314398764535,-33.7826086373165,33.3769092133049,43.0147374660015
24.6454131297285,22.8598636104131,16.4039298210097,-28.3737689077429,-32.9615949083343,-16.5433721000718,26.187672126239,11.8580411136199,-61.1134015160396,41.4631774036033
17.2624203275336,1.46129792207942,2.2171947533211,0.54366097117051,9.09837831560466,-41.9463890130509,-59.2122410332568,-57.565936641886,-46.0612763707133,-1.06652319957023
-20.2849565306709,34.3555130633408,-49.7537178723391,35.3131520780701,11.8276376603926,-6.34436635541646,-76.5406752185814,-19.5862705301443,27.5825506727114,6.31916152781498
-50.1795941440375,-29.7569442444386,-25.419188330772,61.8713458912924,7.01599845290443,-48.5355999725767,25.8347863770244,-0.799632294059919,46.026053760095,-3.48695786500452
-61.2854299624377,-47.5690436484545,-43.8411006794801,7.00987147728858,-23.5744150876511,-34.6980196311102,-12.378710528841,-23.915552128044,-22.2252835770919,-46.4178514037333
-9.26247900793459,0.259827831041925,63.1252182338557,21.0606769288805,41.8093517358259,78.8281860613534,-6.98073387539075,23.8793650655076,22.5186211507236,-1.16308142561496
-29.5785239557645,-40.6444438034639,56.686350783809,67.2509449590679,-22.2948034259678,-23.7020117460096,-23.2918973884107,43.4585272244218,42.3950646113545,-18.219353586989
52.5392568147687,18.9712400097787,61.5439220204834,-48.4808147852195,20.113698423913,38.1398843589275,41.2621006210839,-52.0689659047288,11.5218427661757,-55.0009871353626
-8.26184130766805,-10.9032156472189,6.99938328449138,-23.2439676925076,16.7543979550922,-22.7536522392349,6.32568014070068,13.4811727949451,-9.23351560141311,20.7849023644741
-29.3963793244384,-13.1903770859565,-2.32994270805231,-2.58629337845375,-29.3221274549084,-19.0149060311821,18.5468873555303,15.4530906942701,-14.2485511502328,13.2029010813792
45.282068578318,38.3771017365467,-30.3796601631005,77.1729398361551,-62.7072717324247,-52.8517185224063,-45.2891875648233,-32.9269458291416,-8.66611078400829,-4.52478775814672
-41.7264721163651,-9.78238210726464,-0.662284627391202,3.53731235501955,-52.1944949278911,-38.3041013934909,-5.77656944349924,-12.7223158252431,-33.5938834610468,2.20371181199631
-51.9554198505547,13.006519051839,10.8214046143734,53.8599212702041,54.1179806143956,-7.07011289082541,-8.65600847844824,15.4082765993114,67.752231282515,92.4423062553907
52.9483191080552,-56.8037028727789,-99.4875871901432,4.34890448417735,-16.5727673661483,22.3168698272023,0.0952615798805283,-56.8835721192222,-28.9209249962072,42.7783084847443
-72.3625777646482,-51.2518897863327,-3.49811733811657,-34.853327668744,-29.8412606076115,-43.4321026228145,-85.439730365685,-54.4592811925684,-23.3004919840601,-9.55832449071217
-0.197084478730361,-56.4482709606508,39.9585374998196,-31.3108193890175,18.3925034759997,-38.3927082690416,14.8943334397376,86.6770825690051,29.5536527243822,82.9143187677769
-85.8963962349998,-54.2884138103475,17.4223333804766,-22.2416429155394,-0.884097328034517,42.4987833455003,25.0563670955668,57.6371381216105,75.8921325896856,26.6208127750363
-59.7366042748366,-51.7454690799028,41.6701678833795,40.2362670104142,39.2775989507166,18.6554252670546,40.6878079572635,24.9195626169351,40.6795625155426,-40.0037160536668
-51.6432937048654,-0.619462967686733,32.3958376838957,-13.4256831963319,-77.5306753949917,-13.3981767666189,47.9065415604786,27.8414260130113,-2.16790008210144,62.3267464341743
-18.755915901502,37.9735037002375,-18.4818551210744,-53.358522691089,-1.34807449489191,70.5384603689687,73.5537681175359,-6.57841830374883,19.7453735561755,-38.530063908616
60.2225793986327,11.5181191836855,-35.8983271111825,35.9979563015153,-54.3354191016607,-2.58840114918563,21.8901539983192,-16.9282634700214,-76.5398307908072,43.000704812823
-29.7191297585063,-38.484378318812,-31.1468338401375,-50.8742255706666,4.7387649725234,-22.2223773880006,98.1392995895701,10.2860222442643,-56.2718434969579,-12.374452816433
-24.5145227390108,-29.8945780054451,-32.733743501773,63.6248158603093,-39.5766638453966,-5.40190652169402,-66.928901586395,-13.9112852325133,-95.0545657876764,63.1556948922871
-29.3524067290433,-9.84933076330046,-4.22426788170107,10.8667395826272,-11.72801745665,-5.79942129317358,36.2587824129998,8.49477052421418,-5.659089723664,2.88093620389247
-37.0283087382689,-33.9944447460084,2.08303947082555,-4.03618976708431,-22.8879381925767,-15.5135576694,-9.09224255214261,-7.57371050541314,5.9465551644937,-1.07886128226402
-6.12080182063001,1.06738731248957,21.0111231730781,13.9496858409161,-21.3872651911158,5.05152342370677,34.794252856366,32.648702535743,8.43528399790536,24.1461144473946
60.2193021217787,-29.0092475463543,-88.602376067268,1.11925912952361,17.528028277028,76.122294730462,56.9420985758065,20.998268880105,-3.99614186403937,-31.9178112141009
0.0833392935774384,19.9212292959818,-4.24658643168421,32.8771630691848,6.28257457869534,5.41703089930218,31.150538003372,24.0666998471629,53.3531122310342,4.05602399107718
-60.4698110265465,-68.3613794005979,-30.5039340934839,-4.66174507788879,-68.2802978433919,-89.5491134860902,-61.5996389297413,-47.4662989607266,-33.1658654318241,-9.60940684459636
-40.4989941760019,-93.8688538951338,-12.7686369113642,17.5285194959366,-18.8272530649472,-60.5313529644435,100,-46.4603549954275,-51.8296791814875,12.6800967186051
