1.35293994396984,-0.907457041280506,0.344833514018482,1.3840337104425,-1.70448764534674,-0.672056999159161,-1.97525070417765,2.28422510859768,0.737533963234406,1.36584553669426
-0.602290236745104,-1.91278298468694,0.0346857534423251,0.515028467867467,-1.95050825514444,-1.24705848936628,-1.1485011379544,2.1766645405108,-0.678450856825117,2.07763104146978
0.589695665204448,0.279219131145262,2.39062881821477,0.820027020410945,-0.803986871835995,-0.944486764584579,-1.06243891995789,2.91149146398159,-0.764584409635014,2.06276424959733
0.589695665204448,0.279219131145262,2.39062881821477,0.820027020410945,-0.803986871835995,-0.944486764584579,-1.06243891995789,2.91149146398159,-0.764584409635014,2.06276424959733
0.259837055580682,-2.73622741627245,-0.910988748284495,-0.510210373720759,-1.27648263044729,0.459695177248747,-2.15144189499874,1.54569079003452,-2.54795076489019,-0.608850608765506
-1.06805491170152,-1.20657428509517,3.14215526238001,3.72209766892103,-0.0712373918760481,0.248491601869099,-0.893225474485642,1.86028778250505,-1.70793736778858,0.934772186151573
0.922215033777365,-0.1725682579417,0.529141283684958,1.48732994671727,0.554690507646967,0.556139591900256,-0.992617891276843,5.2738827053566,-0.509008067671942,2.79212122017798
3.48118976792615,-2.26828845487478,-3.03343239680406,-1.5110456148143,-0.0810278262349602,2.33199003059806,3.35239566929124,-1.78889062501935,-3.14746049093085,0.311713828611249
-1.81281590378154,-4.88313180643339,-0.547232258476245,3.12097107907433,1.62014597733913,-1.02622627202371,-2.25998436603896,0.00543427217770098,-3.39100050200291,1.11077842837699
-0.246517500086749,-3.74397422005225,-4.85844900032065,-1.84857399564719,-2.62338293580908,-2.32481400853699,-0.712049146749288,1.53147951813716,-1.69609326275132,1.74575001702496
2.23443250730971,3.28873760818894,3.24345532893602,1.88688335042517,2.27989470711137,1.55551323541542,-0.651254709431575,4.55622830608685,0.720984350976192,3.29631688117627
-4.02278278767244,-1.91943276092197,2.78172845002245,2.46620229404129,-0.642829758525846,-4.41650808738731,-0.61798590155681,4.76430246649459,-1.09990440327866,2.0212202707733
2.80707389158056,-0.280496295948876,1.86532650506569,6.41195904598237,-0.638782693200353,1.25443145567399,3.18661394379437,1.97947083713595,0.383413404775584,4.41909191627506
3.16823480297159,1.0765455143608,3.48032599526572,3.46275580669181,1.38926252459918,1.92589082157946,1.1586493076247,5.30708934363704,1.38120162168521,4.447208070819
1.10867033854858,-4.15672525080874,0.532706670899821,-0.910124220038667,-3.87657930973406,1.96002660593768,-1.95414006128224,6.51351971204094,3.55562837495149,-1.88402307188674
-1.02715902613693,-4.38711119058063,-1.52154588048099,-3.26104631439483,-3.7116618980455,-1.55449385588583,-6.71893567863585,0.66701102924231,-1.58540174600362,-2.69752675826909
2.70941502630312,-0.0227026667334096,6.1141779963094,-3.93611853396077,-1.15310012417505,0.893660306378457,-3.60337624350391,0.437774704550542,-4.90330283406773,3.77399419612139
2.90533970108333,-0.924086069247385,3.79120560908228,4.03524417173379,0.617456763492103,6.72928765373778,2.63324710021657,5.03001134752581,-0.692663195316906,-0.349110349025247
-2.66046417808713,-4.69588264846335,-0.220310740550797,-3.27310183772634,-2.54207158931831,-3.79592188104204,-5.54270647527731,-0.624779982716867,-5.22009143806391,-1.38070400527976
4.60184588077979,-0.708316530867198,5.21968285369483,3.27177141053298,-3.83044206605738,1.4237306346695,-5.47604849809265,3.63229373311029,1.88758115510165,1.2327437918092
-3.97493194278691,-7.43715603823407,-1.67261044862844,-2.15924714998611,-2.97124935510407,-4.4431736850362,-1.94415037885052,0.0550464684282517,-4.05484562150368,1.25293925635706
2.00229059332049,2.08954595572249,1.54100576282231,3.47123222621245,4.50669247887687,1.02862327294968,-1.14880442318591,6.48590578086659,1.70465195162899,6.23597540682413
1.38144507936785,-6.27246044591827,-1.23556540763596,-0.930644459945781,-4.79380523600308,-0.454301142391293,-5.29307392602034,1.33502810156524,-5.81894715376838,0.26123477058696
-2.95329613191963,-5.89953863267347,-2.43496242262419,-1.88856248756039,-3.88562199566982,-2.81544850114631,-6.9636238982839,2.64659073851534,-3.42567236802047,-1.40004375424543
-2.19297387088522,-5.33137803899257,-3.99396975958241,-2.41476163623606,-5.19435676600137,-4.84787884126972,-4.55316750445804,-1.03409460571669,-3.80996588178765,-2.80397892220166
-4.72317328402814,-3.87662502469889,0.811127238713191,-3.29252709214317,-6.62575131429009,-5.74403504239373,-4.91044276796174,-0.799083675164981,-2.00144278935054,-1.18398899715592
1.85539088942525,-2.14567318662182,6.64834993710595,-0.261499944525724,2.80214370311566,5.15434910498024,2.07984247378788,6.83675030810582,0.980874927386434,4.43710896058987
-2.61751638990229,-2.48238881745067,-3.99576655287205,-1.39482638316385,-7.00101330564949,-3.50566944362941,-5.67427839100438,0.110548838031456,-6.12461759331443,0.820823333049169
-1.56771725346913,-6.6262094744672,-2.64776420030834,-1.56711929747107,-7.26548306675727,-2.68354496748415,-5.55096623612108,-0.589484333778965,-4.37549055225906,-3.20074698696159
-6.12622068415301,-5.8893376887888,0.0735154382542884,-1.34283739601404,-4.63302780272306,-7.24757435324858,-2.79182089202368,3.4115143337316,-3.850285437837,2.39540428588142
7.52571452150963,1.54225372309629,1.69698591201213,4.07863197790209,2.0156783367391,0.483802332710068,-0.937013319959731,8.60927877757545,4.09219433632048,4.57829701868369
2.04178511886469,2.11925756329589,4.85814561268929,3.07111201830422,2.52241974810348,4.64464368040434,4.10942292504969,8.52063595210984,3.63962108095721,4.85823692265732
3.26016732469085,0.857882895008101,6.52966531256651,4.64678960638983,5.21333297942043,0.459000864498387,1.87234746576653,7.45894610125176,3.56279561059627,6.1023973061772
3.92345475512874,1.48809640926505,5.89582380126422,5.36798695412213,-2.89849803510088,-0.727171990589515,-3.70086812167044,7.94335335017063,4.96113845402087,5.57163313222017
4.87993515281236,8.43453520681672,4.54215662763732,4.38438584792767,3.54252096973764,1.65697427437646,0.461917832312396,8.08127468827609,1.5326726626645,4.4158869662636
3.72451147094222,0.582677389208058,1.60536157934359,4.03353091243174,1.78292504192747,2.9522087103462,1.6427389223245,9.59238413076591,2.24508750769774,10.171847728837
6.2568328313029,6.06024089521485,6.04150272690834,6.0801192681343,4.03453468875739,1.66043298279463,2.77270935637242,4.71936793493385,6.95375328226098,3.08268897150653
4.06392254629959,2.19751720681333,8.27787711810218,6.83635392390333,-0.696091482468637,1.5198407876618,5.01358215587764,9.19187395158413,-0.442725946412701,3.96870848698987
5.83586919298652,5.80737335904576,8.48194201257787,3.03454559117749,4.60455816919782,4.77522661060747,1.57668075314862,4.63446041277695,3.06406684481571,6.36252509959369
5.89121625676139,4.58072350881955,6.52819224694882,7.00853496137396,4.54299823836206,5.24644800414021,5.34500535555209,8.67017103401729,5.81505563668138,8.57113753497628
