-0.381581075707353,0.302391314912217,-1.74647617347315,1.30878721764188,-1.46692102716866,-1.28285763278,0.34985012859106,1.65738655918828,-0.93440677916474,-2.15768056228634
2.26058737347072,0.084544236540149,1.9125797546421,2.42339475856716,-0.157612560373777,0.626916911210147,-0.408300698276475,3.79565722611736,1.05936779245981,2.90652680375663
-0.239052070321746,-2.98290264654904,-3.51208194049845,-1.43903065990526,-4.02582195211614,-0.284425568907905,-2.73035845502914,0.930291799168976,-2.28616179200645,0.71834158226056
-0.107388654749643,-3.76683325787385,-1.15146534314493,-0.0915427935142819,-4.48498535605201,-1.67780098332166,-3.76310847014937,0.847370387409357,-1.81897829451232,-0.917450725133664
-3.31533368884807,-3.00585505477957,3.08959131856181,-2.03748571579421,-2.0152745352181,-1.11660730484282,-4.45862529278273,1.12642177428581,-2.57486148875551,-0.115114003243304
-4.83059227239961,-1.85493704145857,-3.91282945096513,0.672556065454126,-1.8860873800387,-1.08359972927048,-3.85810333856295,-0.316387688464458,-1.80881397529569,-1.48227018281744
-3.56951474173803,-5.44885018950701,-0.762573752047911,-0.755327406440543,-3.8927079800938,-1.50006206956004,-0.204076771830711,3.1747530257392,0.963080266497484,-0.162308945582872
-0.458018331914736,-5.0880574555082,-1.619558777814,-0.234981567146652,-2.57683425643254,-3.26644177207795,-3.14053724866658,3.79290995024867,-0.559754730233539,-1.53961045247719
4.43932723273974,0.317398340907891,1.02090971301531,2.7313328441723,0.155595345696183,-0.0941273332245465,-1.45613201206869,5.44675194308656,2.41486414977744,2.97207127768897
1.29183062509997,-3.00642664737531,1.20819989798807,0.491529754926115,-2.04930782110379,0.170450250696417,-5.35143197798827,-0.571346937710111,-1.76566197533706,5.56045873929964
2.98767179274102,-0.0821571525932021,0.415427761907469,3.04965924900892,2.43519652588471,-2.09296073863149,4.22276633483995,4.83628252830832,1.32349568535405,3.68184179947636
1.80656424544739,-2.97676163696653,-3.15589364429134,-3.686694357983,-2.57163441466753,-1.07578539003246,0.494322288306604,-2.40004736244718,-6.17618252078176,-0.801053352529119
0.559573265776467,-2.23799667147582,3.31390990467151,0.913236776942221,0.794688769235313,-1.62047858841703,-2.70109070529797,6.73891219706078,-0.199380557704388,5.59187525019877
1.21608708333748,-2.00756736474002,2.78693354558532,3.13868582015187,2.99373890635309,4.84539500959269,-0.306404999158938,6.69268117602029,-1.21383830769121,1.67368186099617
-0.776933943664603,-4.84820275744411,-0.304509636558959,-4.0261747627784,-4.00149000584411,-1.76981034341033,-3.92269096591392,-0.0245193360879892,-4.78979470535214,-2.7450039139891
-3.55356907324091,-3.97712261807129,-0.851203745125977,-2.48771322431687,-3.51668069750539,-6.0166052152052,-2.53099056105562,-0.467916518615606,-5.35540556508065,0.816868995709895
-3.85983899253919,-0.482810889745141,1.16375141590292,-2.69190396045476,3.09554885990169,-0.430377786876221,-5.63884487508677,5.73058676494492,-5.12522701383774,1.53960051185988
-1.55476168844889,-2.40432149921407,-1.37532477597755,2.14119352267487,1.15413591419529,2.66293151726077,0.617497991164643,7.97624560416883,2.4785653120836,5.88010649774106
6.0149446059745,4.72579859197513,2.11788315940855,3.84951694515651,2.68147726693397,2.53307120596904,0.647126918199973,4.27361502902208,4.54362370682415,2.05265872350744
-4.28837976280273,-2.64512128606995,-1.83739703901158,-1.33997207657572,-6.00257534026278,-0.808271881871869,-7.45426741415704,1.59625572218707,-3.60952272163683,-1.24427498851101
2.20391869469578,0.928433808638445,3.22049584782868,1.33575823073354,-4.23136230893824,-1.77448986589899,-3.42618966248503,9.12407001622759,0.333821261667404,2.71643750562161
3.1243873852836,0.673615325493869,6.63806730680679,6.82707878655562,2.35198232370474,-1.39959389858459,1.14538413913521,4.74526500854735,1.16834244529501,4.3159105261114
5.19885235543693,-0.888946865362273,1.53427511466433,4.59207143610556,1.87544698613156,-0.840751125233461,-2.62536287589563,6.10291135068618,4.17804429176485,6.28580279488306
5.53929278932492,3.09690178573057,1.1007237046942,3.57876234170802,5.27697810216641,2.74685586284509,2.77442025166633,3.83300173339844,3.45182150917053,5.96165881114561
-3.10230443330792,-3.47019387712813,-4.55658189063728,-3.8365926051434,-2.96977507872542,-4.72752855555867,-7.22716396340586,-0.12466909031094,-4.78117739307595,-1.97192988646297
6.67481333919359,-3.07626681746315,-0.732322809447985,-1.45575865909568,1.68184687194771,-0.703246720624477,-1.66158894829486,9.53891505423702,1.9661462010595,4.35957266519036
-1.52711159212969,-6.86201784020491,-1.70492130332283,0.903401135986315,-4.98639976694466,-5.34141889950055,-7.17732612973476,2.11480463003077,-3.33487833826787,-2.91797928986433
7.45369489257803,2.07513091492602,4.45545635836301,1.83582928048267,4.63332537649916,4.78523110928191,5.94827004994667,2.99491998904191,1.49409206678606,2.92211301598609
0.741801642375537,-4.82270036095639,-3.4818031937723,-4.26048486193113,-4.85171054323901,-3.38369189128805,-7.79216647310315,-0.655856629632544,-3.68030773486812,-4.55721521711476
-1.97386167783568,-4.30154383470641,-3.57980917468424,-5.42568578915565,-5.01576707938843,-1.38036944461651,-7.27749612180968,-1.97605845967961,-6.25143971889044,-1.98559928348726
-4.27760796353155,-4.22568838262263,-4.8236759077313,-1.27249004104084,-4.51755066496254,-1.38823219300649,-5.60585642104568,-3.21324717888903,-7.07804790700073,-4.28350719804029
-2.42068627620994,-8.509457849145,-2.95372715082212,-2.64686859314244,-4.05042849195696,-6.63002888762504,-5.49520449872182,0.137385802405875,-3.671928314724,-0.147998307897853
3.03440507956158,1.7700089519981,3.15094011280443,5.48126361806412,-3.24725427150862,3.05466940899866,4.0436315288419,5.53131399257056,5.31357752209581,7.39811463339625
5.12819750188915,4.24802412461057,3.88024652495138,6.82656996318604,1.51598363523476,4.40360191673959,2.5250379287679,7.16758846396031,1.1870391003985,4.48364219475625
-1.6791744726152,-6.80531497603397,-3.01165264319982,-2.58318861136659,-7.90098915724101,-6.29666111208005,-5.52665254323187,-0.129082561530848,-4.35672877978944,-5.08969606338307
7.46892070680405,4.47050914882085,6.03345887552122,6.08639842157082,1.03499328339486,6.23589127018451,1.06071639574062,8.06916149962163,6.33840248325921,5.04327894050877
-3.6251451685859,-8.12743036064936,-5.19838728607481,-5.90580685333967,-6.44087519712705,-6.83922199946852,-6.35881564720025,-0.015960389585147,-6.05253297559364,-4.62096189899673
8.71681004458676,0.924880543198081,4.65000062604371,4.13023886019989,7.38767830029248,1.77884146509797,1.97283987877015,6.55849518657114,4.55401094076149,9.9558408784493
9.94804878079877,2.57639192696717,4.79573222302751,7.26425859289908,7.21915457583638,3.69931619694594,0.891825973040187,9.55592757589682,6.2198126635834,5.58202061185375
-7.72125240966494,-10.5825629500137,-7.07414487756139,-6.79786313002822,-8.74812491048181,-8.96787175235409,-8.3699569517705,-5.24062062174345,-8.06891223939105,-5.10086401373075
