-0.123395124921654,1.03171187018095,-1.38812980197898,0.403076892478548,-0.562513648591091,-2.17787620175355,0.662726120700501,1.47984305060294,-0.347052543653235,-1.32787243229317
-1.54166344902406,0.358308857509213,-0.867929415844106,1.47053807199464,-2.4212951962409,-2.55311170292774,2.4496605088084,0.0456507948700513,-1.23395650206469,-1.08809365212035
0.854823444379587,1.1992197448007,-1.55985406446571,2.31243546872276,-0.640914878390177,-0.00301264478535135,0.85134940369959,2.30366612295357,0.699383123565426,-3.37624900571664
0.878787852802536,0.536505596801741,-1.14203431344663,1.56021592119494,1.36128376955629,-0.234548006755772,1.47651257124277,3.74198161580416,3.02822631892031,-0.408075105839985
2.68517016165809,1.84909843453672,-0.616689632036922,3.56895259379524,-0.556617144038989,1.0927877515119,2.14641961700619,2.59589412219437,-0.375517443853945,-1.88809652192902
-3.10873231769159,-1.82680504126086,-3.38021512046724,-1.3058040540688,-0.513879485251225,-2.19009497855249,-1.41971961014347,-0.812684882984943,-2.80787718847207,-0.0373708744649073
-0.526065276188524,-0.612919690554581,-2.47857534525631,1.26549148853947,-3.60214360766419,-0.787156317984772,-2.44198272656287,1.14650516048343,1.30408838788582,-4.35922453112734
-0.71007170402083,-1.29040657382791,-3.7206372439003,-0.783338014361382,-3.64749367363215,-0.632110661947479,-1.0117086055038,-0.918785678740911,-1.94031492477861,-4.01526889354048
1.77315659921628,2.67745629697388,-2.55884074280486,0.149527196738182,1.5373168470195,-3.56308103523424,0.17643080681898,4.76391530019243,2.05740560463111,0.871889755578416
2.72784351002263,-2.65938993444312,0.446580227877562,0.192758151463682,-5.96753966776956,-2.12553224010488,-1.97754345630564,0.177373642841386,-1.05482914563463,0.469681535900927
-1.2790672888397,-2.33435138698938,-3.36370451462266,1.97564225814736,1.68215526274449,-3.25343305609474,3.21301347702234,-2.5558229399312,-3.04282004451819,-0.0251904399560001
1.48952214500777,-0.00500693154073195,0.895521460523723,-2.79645726475169,-2.08849600236488,-1.92651855471697,0.345078332667635,0.245301045095105,0.57719707140849,-6.68401212751742
5.64938188917919,2.32458832501013,1.00055535897352,2.473119575259,0.852344018720136,-0.885350272887331,2.32830484586289,3.07030071382985,2.07693807626127,0.402368574033691
1.83747911550516,-0.941947714822825,-1.34855267738924,3.17676378204867,0.512436192857888,0.355272134222442,0.483841738181894,4.62083115552066,-5.56039576335473,-0.863374746217059
2.12763049223711,2.4314463226435,-4.55187135159757,-1.38531107188844,0.925595123164685,-3.65617390919829,-0.385417515087071,2.76396781612192,0.0417376555739442,-3.89718861686457
1.57791245516008,1.80868781836993,3.58539356046199,3.52727836522052,3.3098433634419,0.793879269789579,1.85698672730178,3.01950833214838,3.89076245802291,-0.95930574036529
6.95938865050441,2.25753851658101,-0.386052924186488,0.89478312771922,1.74810303576334,1.02829419798068,3.79120975704367,1.98512901396549,4.23296878253299,2.24392091614221
0.334161235017438,4.14292333131173,-0.278243330413988,3.36450302448026,2.88689891254138,-4.02127649950399,5.96016655314575,3.18247562007067,-1.12792327885378,0.322097013266343
6.57192508483867,4.43275620141766,0.828539021530619,0.437017851954709,-2.95848923791508,-1.80412563198931,2.53717556787096,1.24482172393532,2.63257253306399,-5.01261176847174
2.10246763506921,5.54972770727951,-0.357785960374899,0.565908440306684,3.42793247123706,3.47807947692916,5.79096440445775,5.15221813540673,-0.127820422529862,-0.881194996897025
2.20179016741193,5.01214145285804,3.88458270251747,4.28288030049577,0.940521519374668,2.89302334091641,4.35939325326753,5.76899288095883,1.21541890871979,-2.30562332231506
0.270320301697492,-1.3773944182933,-5.30397639574216,0.969052956419091,-2.90295859435603,-7.41881429703145,2.29721796699924,-5.68652394939437,-0.301859091987504,-2.80973467707347
-2.67980727828484,1.00239875867528,-3.56332764284769,-4.077366313049,-3.60542114641506,-5.6701655101515,-1.88718624860964,0.397002209778476,-5.68604144253943,-4.77677621461258
4.61077716073684,5.26871802895503,1.41591636006339,5.03909585642582,6.03225823145072,-0.072274555873546,4.02873054839278,2.04574279726738,3.45887327499015,2.54693794101702
4.61750568336563,6.11640770025526,1.65152021492687,3.65432000950224,4.57124548007734,0.582954049564483,4.63085058770507,4.7922592154142,2.96099254814608,3.32207844862175
5.11816321692357,6.38106446767209,3.1424984466997,3.39675848764704,4.67949683176293,2.66514876931002,3.77518668561336,3.90811167210753,3.51848030238454,2.0710153029476
-2.71990472722952,-1.52307718924386,-3.59286052524903,0.878870036789801,-5.84482821948136,-7.32052905667344,-1.77905998742881,-2.9596836799331,-6.02297928554962,-3.20627520945863
-1.85695445223925,-0.117332830157952,-2.40956644593524,-1.58586287071747,-5.79772367844181,-8.49034510848569,-2.94157236349259,-1.5423157055451,-3.90620197886387,-6.08540501690486
3.66106574067272,3.57823053618851,1.20547113048394,5.93557525627603,5.74440963941721,3.8676869412984,6.57941561848046,6.72489248217863,3.32973344871804,4.88985301359106
-4.36844755169785,-3.42263323267242,-5.65171239364712,-4.88622171102321,-4.4348297759914,-6.77840523275057,-3.95603300687995,-2.51324736475955,-5.25809061361478,-5.854273024994
-4.86833858397907,-5.21062083997987,-6.88916075022824,-4.18691051558667,-4.38584266722532,-5.98167444353738,-4.27061386553884,-2.00514482097745,-2.7189001178613,-6.15520154262159
-3.06195627512351,-3.89802800224489,-6.36381606881853,-2.17817384298637,-6.3037435808206,-4.65433868526971,-3.60070681977542,-3.15123231458724,-6.12264388063555,-7.63522295871063
2.70812268377084,6.61158630242684,2.39109664724287,6.41012422375537,6.91111124809722,4.1759825670293,7.18830804542019,6.40542364127582,2.71906956085681,3.95288009141138
5.62373131185996,6.77883830696256,4.35899663480263,6.15020332926016,5.18461278819052,3.56925023502806,6.40985255748211,7.22696948738455,5.40007389312837,4.41925400448844
4.05649062357495,7.42379067579525,4.84715873708769,5.05147053730696,6.04026266977416,4.21489055856782,6.78184827286837,6.74864214562384,5.61930601425175,4.5176207467463
-5.87052156170326,-4.71541456660066,-7.13525623876059,-5.34404954430306,-6.3096400853727,-7.92500263853516,-5.08440031608111,-4.26728338617867,-6.09417898043484,-7.07499886907477
7.12580532186537,8.0716196408908,5.8425404799161,6.60803116254001,7.05942309757181,4.71584764081264,7.53821986668327,8.98100550880367,6.23616225994844,5.63997984856921
-6.17124329386044,-6.05709614084037,-8.27728281683368,-6.67641388538833,-7.72160021826306,-8.55695410466256,-5.30801391178773,-4.81234152571355,-7.94969605119189,-8.45927350916337
-6.30290627168912,-5.33193452373598,-8.37282672265225,-7.12787225584831,-7.78723296951088,-8.90302231198598,-5.04878531890122,-5.39630004165766,-7.71253519178636,-8.33453954903936
7.24532776544054,9.26410619632604,7.41983227942677,8.19371518689449,8.57475311137611,6.57061858235497,9.6197846148278,10.2886171796418,7.40191332416034,7.23695234100087
