-0.123395124921654,1.03171187018095,-1.38812980197898,0.403076892478548,-0.562513648591091,-2.17787620175355,0.662726120700501,1.47984305060294,-0.347052543653235,-1.32787243229317
1.0352988155773,-0.173556624800836,-2.99146846745984,-0.817345649725163,-0.489456388664958,-1.41035249921264,-1.3615488075394,0.160919301143018,1.03386721034897,-0.316769146505232
1.28088751836822,1.44040515235883,-1.00240971700795,1.98601474313689,-0.55956539631504,-0.542544225120825,1.40457286885335,2.03786858639865,-0.36128499375359,-1.60798447711109
-0.324730200555089,0.209396089813187,-1.93335257361764,0.834284190509011,-2.08232862812764,-1.48251625986916,-0.889628302931184,1.31317410554318,0.478517922116293,-2.84354848171025
2.76299338212877,1.67815009759554,-0.193787221502729,1.43809823386877,0.144915185064523,-1.53161323732044,1.4955154832817,2.27507188221639,0.864942766304017,-0.462751929129738
2.04885373671429,-0.744302320226725,-0.210414466569548,1.11290490157681,1.11772710148765,1.00883338190869,1.71148812563284,3.14336320590717,0.973627058675339,-1.47933288798212
1.00211768365773,1.73157909641222,-2.97000057678827,-0.491117089704945,0.181540737286797,-2.91702505547592,0.138654302806715,2.12190543336243,-0.152657444039646,-2.61253052457887
0.940236823027046,-2.36223658902306,-2.93223842665661,-0.686193406142193,-1.36162117454741,-3.64769505306056,0.254067502587114,-0.599826590975987,1.4913404525324,-0.235138741609115
0.392533620027663,0.0543728023832442,-0.111668516946397,-0.890140764692428,0.706699310312883,1.7443777318639,2.88249264549924,4.25087161405275,0.70516929822391,1.52219588581872
-2.11672712966631,2.65945900365927,-1.68383126268274,1.9497241012405,0.950978641650298,-1.9996841910995,1.52167092921419,2.68000708331311,-1.24905642646315,0.0340947386500163
-1.95438946732865,1.2242464889013,-2.15003172888321,3.09094399246039,0.178431031158024,-4.00094681736213,0.429013586556851,-0.0499956466896152,0.41819524078852,0.744322011377289
2.79112786098338,3.37948129725539,2.93811348698676,2.24834483028207,-0.0352861899355612,-0.876744164573243,0.319682346636246,2.09787450901674,0.581884391642482,-0.132686737857566
1.03919752124514,3.0219266615195,1.24822645026925,2.34297859648716,0.189003935391789,0.357573569581429,2.51105968698402,3.62441796578088,0.434183182533279,-1.81674787730411
0.073462588387919,-0.172841274056175,-3.34605309886057,0.68606492444882,-1.73273612147356,-4.7983452493925,1.47997204384987,-2.10334044939572,-0.32445581782037,-2.06880355468332
5.56358782891412,-0.646726732665841,1.71453989826398,2.69026201957877,1.91545462524213,1.29797110374611,0.706227695833796,3.10133561944944,1.57178642808334,0.952968433867763
2.19692261871014,2.37058728965036,-1.71470872292778,1.22721399734924,3.11621109482467,1.47080870829487,4.30805970586253,3.45807604755029,1.29640246066979,-1.57801856307994
-1.02612240610698,0.10068558918937,-2.93785522023888,1.72041880646293,3.98348048073637,0.747548834279319,1.25017617638519,-0.178141459815648,-2.91871251786194,-4.83908084323921
-3.06550713503575,0.738817050823682,-1.24780882485947,-3.43486656429811,-3.85916668476628,-4.09881786212815,-0.464584898991458,-2.56414818891827,-1.93724546777874,-0.830278051035434
2.15546071231124,3.24874359287865,-2.84079319135867,3.71413742903818,-2.33063902379011,-4.60044455719233,-1.21919769644137,-0.25991154158573,-0.877942830033423,-1.8918701514633
1.2923637794246,3.8216490863039,0.501483422631944,3.40660055811696,3.17429879975306,0.999053182637873,3.92551708306035,3.94263334593938,1.18600850860179,1.31250382955911
1.2923637794246,3.8216490863039,0.501483422631944,3.40660055811696,3.17429879975306,0.999053182637873,3.92551708306035,3.94263334593938,1.18600850860179,1.31250382955911
-2.49586685445036,-2.08945448489946,-4.13864527610361,-1.89191681155406,-2.4741781579082,-4.07977532264547,-1.80394387241917,-0.262650885187257,-1.53297633075727,-3.74153698745738
3.49946733288844,-3.39490185045641,-4.72338553017081,1.22464889251245,-3.56954870470424,-1.47884093222615,-1.39290044861249,2.65107455601319,-0.425592156090661,1.94366518316973
-2.01950723954143,3.95635686906883,3.76198415196878,3.25208516575707,1.36401830703182,0.633047993607653,1.49267722133807,5.19946979970635,-0.979475919146037,-2.12698069472084
3.52554435065325,1.38557445760499,0.691415295593921,5.46320677816946,1.99591610276244,-0.198579220929215,3.20193953116827,2.45198497009879,1.06238203936861,4.44103442193375
-1.8451582103211,-0.388742675273591,-3.09267525652443,-3.32561628933963,-2.45645304253049,-3.33350023873352,-0.228539476447449,-2.63457701209299,-4.43796163456233,-4.38731299173373
2.55170446051723,1.89391675874989,-1.68700937444223,2.91797381938596,3.33810639385245,0.207974944524079,4.30532096947338,5.51266789670554,4.84045550361876,1.64883311178477
1.23301731937122,2.26222366100876,-2.24125511906259,4.14456294816423,3.28840552757506,-0.480163431210681,6.3869968372383,2.02889095556296,5.21878143273395,0.270768637830052
3.50120509847186,4.55166575553588,2.22720533896856,3.50555402750928,3.24845472449036,1.26898571952955,4.10047299369188,5.23042427970331,2.9445548581476,2.15605370813802
5.17566393287604,5.5495094941135,0.449428667862354,2.88256389311751,0.37904062906747,-0.373478369970798,5.83060677213861,4.46105689633387,4.42541709146383,-0.759189033152046
2.69130687284692,2.26012032262787,1.4006287938411,4.97216962358177,4.95943329927027,-1.38730477575564,5.66690983106224,4.86485214182638,4.48251002007519,1.51970088037981
-3.98909494353851,-3.75162995236045,-2.26439324527518,-2.34602080059169,-3.76463169514327,-6.20456029140698,-3.4943117357506,-2.29669363670406,-5.2371448390645,-2.67425870203081
-6.40293926914754,-3.3755459455172,-4.57770493358687,-3.66275961733051,-4.78137810662652,-3.94895147842112,0.988011496572634,-0.57415147298543,-2.68444391679836,-4.21600443258109
4.44649506563045,2.30946322890867,4.02699199927649,6.27816557393611,3.98014245779179,-1.19738863838996,6.14427581386021,6.18132188221639,2.25640844348398,1.49037307087026
-5.12042312607259,-3.65934114877854,-3.67461845700212,-4.2557161822628,-0.623891314135423,-7.02006234242277,0.600971403139495,-2.81071721739141,-6.31141356681298,-4.00725243925938
6.23426747174817,6.17525363720732,2.44726560766737,4.25874201586417,3.1459682005229,1.82488001730342,5.35714203881382,5.69046598899606,4.63182795390481,0.47534885622224
-6.36983379659912,-6.57510041791381,-8.11591800337634,-3.31237135700861,-3.72140653928293,-5.40956255668802,-2.19134056663404,-2.6300751276115,-4.43995307494332,-4.7296792799475
-6.59795228608538,-1.82677381255886,-5.11793246144941,-5.2854035781035,-3.44564140926094,-5.3198915590029,-2.32847162490791,-1.42579306616921,-7.80257157863401,-8.46120259877345
6.59126935056247,5.26386450635183,4.79141942054208,7.886912786098,6.27884700411978,4.55224702178629,8.59093069243947,9.22647610442717,6.55773342055658,5.79544904526294
-7.2978819031248,-6.07936476735814,-8.06599064304129,-6.13318176261331,-6.22001474873934,-7.8658037719712,-6.06031492653967,-5.34823909800918,-7.25928304788084,-6.36443983519722
