0.455951845327825,0.429077622690059,-2.18979913471941,-0.207134378623308,-0.525985018628024,-1.79411435048309,-0.349411343419449,0.820381175872979,0.343407333347865,-0.822320789399198
0.134569247553005,0.543042336282099,-0.749899159462688,-0.24353193610694,0.0720928308608961,-0.216749234944826,1.77260938309987,2.86535733232784,0.179058377285338,0.0971617267627751
-0.183754189254861,0.414852166358848,-1.62336315081062,0.685739889134905,-0.737761879861434,-1.20350891152399,-2.37207373580294,-0.114793631608279,-1.15911401129214,-0.412082527973142
0.578746196723283,1.23605851126989,-1.19526975949346,1.19454581780772,-0.561039522453066,-1.36021021343719,1.03364949477692,1.7588558185008,-0.354168768703413,-1.46792845470213
0.578746196723283,1.23605851126989,-1.19526975949346,1.19454581780772,-0.561039522453066,-1.36021021343719,1.03364949477692,1.7588558185008,-0.354168768703413,-1.46792845470213
-1.16274095264124,2.59969281967226,-0.104133681890199,-0.929307444147753,1.25303024116723,-0.943771583397033,1.73271877088732,3.15482054478423,1.09891989270529,-0.387934539957058
-1.07145118223154,2.49403436962489,1.1869271749949,1.82758102911781,0.400752329220367,-0.772414104072948,1.07770167101929,3.33965642515465,-0.663264231399636,-1.727426563507
-1.30963098968601,-0.528871307359251,-2.76338753904129,-0.744419959537756,-1.51834590324965,-3.12882576219951,-0.570608875859333,0.608596082707841,-0.940014437205253,-2.53470470987527
0.61499121303354,1.85694016321566,1.63452632872959,-0.372574229501564,-0.834135652290768,0.133510870502006,0.559933339575668,3.61390377970916,-1.99765636724719,-5.0058102640072
-3.2631671970346,-1.17191703766812,-2.98291736778292,-1.62984136242598,-2.67194587760881,-3.06341384008733,0.825368808636568,0.452845788808755,-1.5157482302258,-2.77193843243713
-2.12764275527468,1.26434030001693,-2.51310438423295,0.107085916308988,-0.46820559118424,-2.39519000072959,-1.30986398217724,-2.37169385095302,-4.07490403999763,-3.05075546241572
2.36885004253388,3.56330411375844,0.336761933300316,1.91513689412991,1.28592557111094,-0.463661156411112,0.838748489916843,4.63764945966338,2.87472145327647,0.297673948854607
-0.160724413804927,0.14454326641689,-3.37520101262205,-1.16616837124691,-2.90072527380675,-1.77728242229877,-0.926688288732931,1.76659764602057,-2.34986266991492,-5.38021514037094
3.97106107964248,0.701052903853562,1.33282867782665,0.25752484325943,-6.47845533149834,-1.21221870272147,0.261080744090651,1.41803339618835,-0.540031844232076,-1.01385948124772
2.43068538842797,3.21487737844312,-2.39487186551934,-1.99523574925086,5.14075620261124,2.62899022546315,-0.402873581040571,0.981422625991666,0.540341589290824,2.06835994940651
-0.0946118574626915,4.59118264274459,-1.89624841245538,4.11041508817749,0.558030290366135,-0.842371519223176,2.23435588349649,3.89397030944798,0.642920270523306,2.81673846687596
-4.59827857711916,0.154160089820263,-2.60710281757288,1.03254425793195,-3.43269742838492,-4.28093783293999,-0.891626593844456,-0.881077981196352,-1.41294737302773,-3.08484256620745
4.38853611499075,2.11447088111703,0.463134697989706,0.91646112699467,4.72560267067339,-0.0655058803015893,3.82394339173304,2.80319677402235,2.77280302117052,0.883136674485232
0.882420657701115,2.05157137825068,0.490123498933502,5.65018316767211,0.171740155123876,0.41388795332804,2.77715976211516,4.14224022435711,4.01536930869983,-0.793771151331343
-2.39352064008744,-2.62607319238399,-2.42010869484076,-2.71544204846649,-2.58905441928695,-5.21050703769139,-0.297171811459564,1.05957884115609,-4.6586444941254,-2.63980168435794
-2.89631287793533,-3.06592005977457,-3.5273797961252,-1.00318699365294,-2.06314563168211,-3.12862071772748,-4.00258947242495,0.0619764356691492,-4.90475065997806,-2.17827472021712
0.205515891164834,3.58586165103348,-3.70094563531453,4.65532899556776,1.36999992952174,0.663139660858364,0.890908077381796,-1.2245622911893,0.0676944507182733,-6.7497994414576
2.92200475299197,5.5775929753705,-0.889646232962444,5.46176461743334,2.73500707637222,2.63537565049086,0.82287849689964,2.98106634240611,1.31417213991817,2.71510670336601
-4.80992612613845,-0.72370109155216,-4.48384197105828,-1.61444294623722,-3.55729420410101,-1.56828345521829,0.0566099246743343,0.314233025563396,-4.93178008788777,-5.28012749162027
-3.71063851402323,-2.52382644858859,-4.72706022251013,-2.86505243506738,-3.39126419866522,-5.02183998686237,-2.69879440291958,-1.93419802370312,-3.80316779576704,-3.84615613374519
3.56699013983951,5.10024933594817,3.37721836393874,5.24210873862742,0.914796273854693,3.09442595997076,3.40852611851617,2.65773212308882,4.64370806007847,0.860305796816638
5.51575675171136,6.41051149766847,2.61045695308356,3.71294953729629,2.86455653126028,1.14994995868808,3.09357458840988,3.06536222038217,0.366084760538881,3.62744651263521
-2.18572685599375,-3.14564131072208,-3.89926713989883,-1.02846279940148,-2.08395447304731,-6.5689371119449,-2.77253027904947,-2.04035716957789,-4.14148089331382,-5.96800091483655
6.48449953170868,1.88841549751865,1.00220688667839,5.42476803206457,5.02216707517671,1.951277546846,3.12744748792036,3.15687516476109,4.13857334639299,2.00427144267645
-5.56762667036514,-1.84121231588888,-2.68838617911853,-1.70850688242988,-4.06181108535667,-6.17458203503735,-4.21366914046088,1.59140528190673,-5.21217968570025,-2.05138322884405
5.36600899007488,2.32847381367874,0.383459976902555,4.8437927356385,5.69494219996353,2.7862651069315,5.33370958437588,5.55274400984537,3.35635841855974,1.03085426870131
-2.47125367397433,-3.90503902874201,-4.58208950240505,-1.98966616797652,-5.58433512518618,-6.17136068433536,-4.5275762917574,-0.710232994960646,-2.94389812938805,-5.22516848740488
4.27790462848456,3.72362149002802,-0.254962909817251,5.41167251335107,2.07941694141534,2.63101681506841,7.26067381215792,6.94253424737041,0.611698800656811,-0.942220267860201
-1.42946065028934,-4.52760369731104,-4.5654304831506,-2.37677740614306,-4.14387956668027,-7.57391256418385,-2.52991856393628,-3.12073746344133,-3.89380661519373,-5.27341460227271
6.034942991678,3.79291282681432,0.866340590718799,6.19519330324716,4.31796887329714,0.68443146468858,6.36757824284746,3.01928479686772,3.394409357636,3.55005689188445
2.55176836496205,6.43256366623724,2.1263287996741,3.4418353038632,6.65465030521495,1.05795029069068,3.60761905070492,7.55368368838583,5.61748799683669,1.09680992776078
5.01461026574493,6.88724452379308,1.73807370446216,6.69942849694455,2.68565064253443,3.48874118120257,3.02835537538639,6.05852170115816,3.6286518790508,4.03278831917476
-5.03349320083842,-3.19129704984746,-6.0613007177634,-3.71313880279213,-4.3120849525089,-6.20738903764773,-3.32385592620946,-2.90673932981873,-5.19849954561561,-5.62566182945692
-5.23333288153348,-2.08292422961592,-5.56631599622179,-7.12281128288738,-4.47598764128557,-5.99607489161418,-2.77755728105789,-4.51057224200958,-9.54873888338505,-9.42834394171111
7.30688251486499,8.4096663409483,6.03751529658468,7.5722929880838,6.96094806603952,5.16353228697789,7.99957708528608,8.97311119324301,6.91672868533707,6.03206816601232
