0.919285203524391,0.714444898347257,-1.14428967723444,1.342583066863,-0.645727944801299,-1.01494694916902,-0.227649860755324,1.12274724675415,0.0466007850509222,-0.211003950695593
-0.280857973485454,-0.0318030223387296,-0.846198913510144,-1.65607208621964,0.537902087102201,-2.54715986200124,0.343198511356441,1.09834634650316,0.746431760200842,-1.65743283672853
0.697160526386679,-0.676707398197778,-2.20214764522807,-1.04741075729646,0.225454106452392,-0.902805171152686,-3.11353621787071,0.359980617477639,-0.686275474899549,-1.51401766390192
1.94868206229589,1.98279287788169,-1.99266050033924,-0.158585643333018,-1.884978602486,-0.294427183476329,-2.3771792073058,0.95584215273086,-0.750693880785262,0.404471499451719
2.93216765118945,1.08165993947534,0.871839355023621,2.18591140269509,1.60314761741759,0.0921383970467655,1.76068523998699,1.34013855110197,0.223821957073607,0.497880737395144
-0.99266397475622,-0.951034197388523,-3.83381521082991,-1.09433245796518,-1.03727788861384,-2.11408386413682,-0.823222839214587,-0.792257849413294,-2.49874717569211,-2.22772093238389
0.403173349717527,-2.70929773304507,-2.40843746267597,-2.29937372015572,-0.700369370715094,-0.763759611147043,2.73101846966411,0.958262352007524,1.95600833938897,2.56890979876638
0.646599296737574,1.37142368219137,-4.06471402392348,-0.0675756901285856,-1.09710193301514,1.05222904194604,-2.38700323327321,0.822461829178414,-0.834201450700899,-3.61668959579587
-2.07315209681869,0.258144848758818,-1.29558231419416,-0.942659177933344,-1.8716409907945,-0.262740549210157,0.865913678761362,-0.355612216294919,-5.49501002877366,-1.55778234637415
-1.02813331013131,2.67218566905048,-0.0385487712593657,-1.62437507134714,-0.776525178172722,-2.92720462740687,-3.52560053989996,2.95806262311117,-0.674084781224353,2.25174965911069
0.352808349619776,4.76607216640171,-1.81669712931859,0.336660860844508,-2.07689873718727,-2.67646693824728,2.29003707483851,-0.262129640937101,1.10364897438731,1.70221393108665
2.45442452439086,1.30609705559451,-3.20932179472998,2.01303651713838,0.782365523060187,-2.45890851788698,-3.10148568542579,2.18334908534219,1.43511268892808,1.58676066671212
1.15245607225117,1.74107353164157,-0.209211121188146,3.53835196770103,0.603548566913703,3.1094233042335,2.29994385790539,1.8101061297272,3.61209424683139,0.177027037133782
2.33491161683229,2.9539157089594,-0.177986090924962,2.28189501962226,1.58707792819192,0.863731545003873,3.55999379219631,3.62749562963208,-0.440554925636176,0.883838159762484
1.91229230928946,5.68566898874755,-1.46018702106913,-2.95342368970277,0.108723513565708,-0.379396145549079,-0.595185833583637,1.06038542234015,-0.355014350223605,-1.2015500006165
4.4845852298333,2.01847519166469,1.16614567490503,-0.522717132223239,0.477277367428409,0.328294242869274,2.48898800932426,2.17276077114448,3.747129035936,2.02881103623439
0.506370580165077,0.671635518230725,-4.16121263508013,1.05964787609371,-4.01562706032644,2.37727888601512,-2.35261215532077,-2.38190568186192,-0.272250044983196,-2.14829018652988
-0.0910747396862588,-0.96519817256633,-3.4539692343702,0.0295177996784162,-2.33986581116416,-1.19154161607223,-4.97295235110472,2.06769484398801,0.757753425904488,-3.09063506592543
3.67959358258632,5.33761563748854,-3.30714803279677,0.990159544095823,3.04829442614263,0.879637085934265,2.24632402931555,2.40392006659581,0.983538797607082,1.5347902843266
3.66410383720411,0.665730168477249,0.195870372765624,-0.0144880976645165,1.08523999579382,1.3555911039808,2.74576229633908,0.580369709302303,-3.82853316958119,-6.79173638436607
4.6162476473851,3.19362965312809,1.88029774251427,2.75090763186959,4.26229220019044,-0.535900905606843,2.07592952098783,1.630419298205,3.12989797273601,3.48622168273396
3.06982283793299,2.649928769315,1.87990387115265,2.68666908836838,3.28313888729134,2.95330701908495,4.82611358010489,4.57896844491083,1.08718351137767,1.4996509857658
-2.47977006989876,-4.42385630663701,-4.31051787504042,-1.44565846737213,-0.950621162364812,-3.3465979375261,-4.43226212576278,-0.937757610182724,-3.61882679454764,-2.75471245298381
1.28592811079628,-1.9584671389945,-3.74517743304115,-5.40591162582662,-3.43359808305928,-2.70889650350597,-3.13252459114941,-2.19795107347584,-4.05007684084163,-1.92074576086074
-3.40096964960925,-2.2662071484863,-3.25066716427039,-2.06484471018199,-5.03070042871687,-3.38053206111107,-4.9449719302922,-0.991292249373027,-2.44214569584514,-2.15329996897803
-2.7184176659664,-2.76991498356993,-3.69274879127471,-1.64053759845169,-2.91351707909815,-2.59275086611771,-2.91306130283507,-4.49669667262842,-4.19006604335944,-3.58224391821358
-2.37364898136146,-2.3327066410904,-4.75714966281533,-2.29753141025809,-3.560780558846,-4.31492537186834,-3.94323831444929,-2.51736723036694,-3.14985796891134,-3.34214079830334
-2.33039437713741,-1.78489500572337,-5.12851805313878,-2.93392599504501,-5.21472328424966,-5.20571389259568,-3.37122704443918,-1.42912492195367,0.0633377177360845,-3.41646053806945
2.8223223567908,6.39329427821141,4.84025386866955,2.98259571418881,1.42179919582352,3.98387826236768,2.92636940368578,2.66714605296334,2.21549056299382,2.53654981916708
-0.39681481809037,3.39089416444268,0.280905064756754,6.4125626356858,-1.06566213432942,5.59489515298656,2.83504875016829,5.45319978401993,0.207245650756315,2.79728894952975
4.83309508797103,5.25483071967639,2.30516666996457,3.87372933849024,2.93287643387823,1.72236004122486,3.85091116432862,4.96487155380603,3.46924037223677,3.44161937068184
-0.92727357562344,-4.82581444161393,-6.84605730624225,-2.5106792636603,-5.13163969515403,-8.64630355324518,-4.92101866023278,-1.41953704834451,-3.88786206126634,-3.11079998415687
5.13996070519134,6.3495014474993,2.38217775956147,5.97813157876204,4.14724177867835,3.73111505754868,4.28373241916075,5.75302701247779,4.18560161349861,4.63098706820172
4.83342198885385,4.53783723725882,3.48732154003366,4.73617922045612,3.8232328136115,5.43429372436586,5.31847425030686,5.12901184292298,5.01173111579044,5.74681695346994
-4.30158069630865,-3.48620303521658,-9.45572365549115,-4.73802093454952,-6.72576879321859,-5.28137912432028,-9.02970900226403,-5.00656218362158,-3.90849394683083,-4.80512114780917
-3.14306526099821,-6.89276588282503,-7.76021891677278,-4.97696956059492,-5.76435196842415,-6.63826596507808,-5.90824607074167,-7.68981083461217,-4.02050111528961,-6.56023734621361
-7.09742150856941,-3.63951243132875,-6.70513789976633,-6.62824889619635,-6.13013238429333,-7.255006114407,-8.16415534933537,-4.218509286016,-5.45499374726262,-6.65191165440897
-7.15540225980763,-6.51039658360367,-7.6987749843611,-3.61496239213614,-7.69351072870246,-7.54315146395691,-5.12592974862709,-7.84834405766152,-5.52750665455322,-8.22576010988325
-6.82219575850356,-6.7271165789786,-8.95198387767243,-4.18904052226409,-7.79882788366561,-8.3613997308427,-7.83829346368504,-5.79345191173113,-6.50727953285464,-7.19765399484914
-9.77205053956704,-9.65725287648977,-11.7565673779772,-9.54180015841131,-10.6752247486389,-11.3352118387989,-11.1120414394365,-9.41454250546388,-10.4434522217702,-10.2170409208586
