0.889774443564773,1.72879359268365,-1.01283544174201,0.60720435315555,0.185168648023589,-0.124742117851889,1.03617315021387,0.0238913107580676,0.970132031366265,-0.181837317707852
-0.0381465642011296,1.34031950316312,-0.0323528711457035,1.60926169762203,1.91281920087089,-0.301737769819619,1.66396324702888,1.05967778484675,-0.35556496000062,-1.12092135961643
-1.6092203200358,0.0375782067840142,-2.6610374323703,-0.2961329836528,-0.386929136091594,-0.860321925454409,-1.69720558869165,-0.810396583514367,-1.34956892800979,-0.228311051176578
-0.351606207147341,-1.63042841451647,-1.33384623151242,0.0557737983670625,-0.307491385027147,-0.359653324931813,-1.73647832890712,1.18402675805319,-2.12507486699561,-1.96794083399624
-0.686472634506743,1.160333473009,0.157559065698186,-1.86221175194656,1.05958887636124,1.18428891837442,3.11793321553293,1.61651992653174,-0.410390504654364,-0.435774955175853
1.72791526865474,0.546886919799861,-3.05583799268716,-1.55530660219502,-0.65586351260001,-2.02914124970953,0.0362284719264618,-0.861849284350517,0.200825284189195,-0.702974062888564
0.204555002152459,0.262227193044839,-1.9739700898118,-2.57090696629516,1.30180805082019,1.53543382304602,2.64069085258548,-2.47898445760413,0.268088788810272,1.55549519096692
2.26497219668911,2.81446061594499,0.400383205469519,1.84605394202267,1.73057493374627,0.816227667087963,1.91592772004676,1.85923915102363,1.78173933995235,1.03918621585708
-1.42832958938148,3.78210518284229,-1.28219591805792,2.90642521475349,-0.190781728047902,-0.197981955062416,1.04427297210417,-1.63225418499771,2.0559394837843,1.54786515205298
0.75580888079719,2.14977619177502,-2.86783579643137,-1.99549487886192,2.17401423834277,3.17138301709765,-0.842096742396185,1.71370165636654,1.0335437123891,0.577919996489023
-3.26129364986528,0.246810240745683,-4.72049577836734,-0.359411494351111,-0.760691207672974,-1.50090513322088,-2.09231124010551,0.99686584339884,1.35418153690143,0.829721007742027
2.70643135156212,2.21976773741319,-2.58975684746674,0.648313215485351,2.17488777732597,2.58653350780227,2.47290187485736,1.33587256974745,2.9458605840012,0.60100383385228
0.258544560809336,1.641985703022,-3.18316106858316,0.656358942332503,-1.28783719262608,2.83402025551291,-0.236434234524687,-1.21255226323439,4.03673083489843,3.36020346490715
0.935422630631881,2.78966411699006,1.21126540259851,1.40667955745423,0.435858840917891,1.98818891709766,4.17989146066862,-0.13080197249599,1.51116740817301,4.46282589546514
2.14589450578432,0.880410974493927,1.77898080362319,-1.33378552969874,-1.54096622607121,-5.63628159805611,0.911297796661808,-0.493255749357918,2.88063468551766,-1.67273384306994
-1.12254842790715,-3.69396769322768,-3.52004650764091,-2.1077773839019,-3.33675858791598,-2.19578548121477,-0.434335867380371,-0.739494100093969,-2.67133512344367,-3.74633192485408
3.25986660261763,2.20074488570562,1.13843190023544,2.7543894290982,1.6949133513385,2.58337240521487,3.85299377264468,2.73493177362312,3.23430820102284,1.81688522442394
-2.08886838874272,-2.61086434509146,-0.805507045753867,-4.60538684834122,-0.416840184541198,-3.11525167766299,-1.32960803762592,-1.75999655586422,-0.536519840338784,-4.93465253790237
-1.23297047402127,-0.898088196225086,0.109183154650619,-3.54246167827319,-1.8940636467034,-4.27503266322795,-1.22940429000575,-3.46577631904385,-3.77996007357494,-3.16856148609704
0.660119559758054,0.857335942035759,-4.04814694823484,-1.48431864918473,-1.92462467253029,-1.8891482261101,-3.85885441581653,-2.54933920410529,-4.68832398606535,-2.38900929768871
4.53200122104721,2.77636866668378,1.95520474723669,2.41957799453772,0.334034758861814,3.06761484907494,2.73029865613834,1.12724100273018,2.62206230428352,4.5225551182461
1.75340151372817,3.92518210251928,-1.24274131419403,1.36462843467754,4.03809320326207,3.47507592283137,5.35788324960061,2.9693337793456,1.06491989922747,-0.440499067042822
3.83096577201389,2.99887566385941,1.48776244831953,2.80833003097208,0.678716291549354,0.538085752772924,6.19098369214288,3.18451910826264,2.39950567524677,0.63829755581758
-0.00470138860932945,1.95041962795722,3.89970837374727,-0.873338473435704,3.10435148996058,1.35421903745232,5.13467980517078,5.16534411331881,3.35466797119136,0.756085295692602
-1.30132289011174,-2.57304473130651,-5.41970943128955,-3.24171214736985,-3.17913650452737,-1.97750041014408,-2.50488731073276,-2.4521203028224,-2.99544192962418,-3.77004803667077
5.00812960758616,1.80032439440735,0.98176312568771,0.746819026923442,4.11744479502836,3.02906423952704,4.37450125986527,4.03384794808542,1.47671453159751,2.23933244323803
-0.120120322522866,-2.12007493415525,-5.27936201402335,-2.39863978356,-1.4870697380576,-5.4821205547568,-2.52930921537377,-2.20786951812184,-0.100279902539785,-4.15367379703428
4.57620750742974,3.45288997559633,2.76680294008926,0.891719000397058,5.64484680640243,3.35965961882532,2.58112013004726,2.73687327186467,0.531707252515782,1.85797003881388
-2.2288407338202,0.161214052836947,-5.95094038329535,-4.62045790755165,-4.05661754925599,-4.17798530165842,-0.203341240195305,-3.87371964755876,-1.83010174579418,-3.29656212718751
3.32013444412909,3.33101188227094,0.104702214020692,2.16221091864038,2.93611117166155,4.35613058429067,1.08117250601891,4.97142712700412,5.9576429779816,3.41404174852997
3.02941549940215,3.75552557767933,3.84493087522555,6.14972384280872,1.75445976819846,1.32003521042972,5.02788136943381,5.2301761225274,1.39036120499377,1.10680413727384
4.43318895581504,5.29113228120573,2.00960354260164,2.41778229902713,5.95059778830193,4.92540866642747,2.96148967335037,2.26905149358806,2.28353861561884,3.88995005994191
2.50327277408369,6.11143432921754,2.07311279533444,5.72498970852643,4.12181273797112,3.22270915725019,2.76417995950831,1.71796870157673,4.92815070651837,3.12896672463052
-2.40715254353438,-2.35923068394977,-6.76367173566734,-3.43331943757587,-5.34390921515523,-2.402128623717,-3.80209982017281,-3.24773506685557,-2.42385486974786,-5.92648638929012
-3.67155111898505,-3.84373301568825,-7.03815492883645,-4.81952914580645,-4.46184801201191,-3.70838554474158,-4.63929750016538,-4.85472555629142,-3.86850970531394,-5.25942763922514
-3.30889583272695,-5.15700399149247,-5.87960211006176,-4.50982908686753,-4.57921568734641,-6.36943200107446,-3.51047091082118,-5.70641179217432,-4.18191255560101,-5.70646882809018
-4.67243558853033,-3.21633769421109,-6.86103161476025,-6.12024139759935,-6.97434493294044,-5.10508060467915,-4.01309794051018,-6.56938245236161,-5.42362357645391,-6.28590069491128
5.73851628155053,7.41414057543252,4.00243829405708,5.9613815569121,5.5662315876092,6.20190917346258,4.55840820266685,5.57465945105676,8.21299735563659,2.3486342329118
-6.71126113636233,-5.06446260954252,-7.76307824869683,-5.39817379997933,-5.48896995241812,-5.96236274178094,-6.79924640501818,-5.9124373998409,-6.45160974433632,-5.33035186750311
-5.13504144502157,-5.26077540141978,-8.40115735800802,-7.36113376903776,-6.95677143298889,-5.66938110503131,-5.99680289811916,-7.89798505704157,-5.55510589979544,-5.89905579435211
