0.889774443564773,1.72879359268365,-1.01283544174201,0.60720435315555,0.185168648023589,-0.124742117851889,1.03617315021387,0.0238913107580676,0.970132031366265,-0.181837317707852
0.312088614966725,-0.567898249730401,1.31862217892811,-2.15795977530612,-2.9246216401539,0.0881652000323738,1.41861696888163,1.24859667203596,1.52336632503333,-0.737051725977765
1.82882925031668,1.64841393768914,-2.678687278807,-1.50234749487093,0.0869739072347828,0.268288411298431,1.86404847532581,0.810085088698705,1.4257004465089,2.07260456382477
-0.513596489033295,-2.36996688888942,1.29496858060075,-0.788340169067938,3.3220295146891,-0.819398298592428,-1.54124666581619,-1.03002789369894,-1.69980587348246,-1.97032997129294
2.36037010778933,2.36383462827153,0.237463503288759,1.70776719206382,0.431942469786471,0.206671817460517,3.61357842117838,1.60420520951035,1.68481885330652,0.228230119054864
-1.19379878751037,-0.0152906242560187,-2.61888658092896,1.12600627989969,1.40555657347849,-1.46965651862297,-1.74010042406077,-0.659080540988228,2.06354873518513,3.40513964958769
-0.0855978550393539,2.44532172245338,-0.680702590173694,1.23674026881134,0.508503836681385,2.98643541531068,1.23450454141051,3.0078948834274,2.56491990751733,-0.292826272426107
-0.788940911982911,1.29334135817283,-0.521522829783736,-3.02531868891462,2.60877879846102,-2.02392587311499,-0.357155154143732,-2.55416843910367,2.70483131081168,-3.28784102907022
1.0059474634966,2.06875975107479,1.4665410191601,3.61151330097209,1.65652826237704,-0.458804764740964,2.9747154328606,2.67250163563508,2.79698543488161,-0.80667721387356
3.79441975745074,1.06985129646542,-1.54407189478461,-0.8944698785075,-0.599896820863795,0.562402982476775,-1.00304861174014,-2.39808227998997,3.44774855392006,3.19712787930041
0.834651989170318,0.851172558859772,-4.38548019739033,-2.94552719848028,-2.40913157611844,-0.87862208611046,-2.70865374957387,-0.321061031735413,-2.8328185230949,-1.73582771542755
4.76545384207728,-0.605856420348177,-1.56612981388397,0.124674788371359,0.952449462062656,2.82167631924172,2.61079573118775,3.81708672864363,1.16911677556248,-0.275503741486217
1.54993063253998,1.43343471528864,-1.3936016369907,0.544771850277641,1.44384045177704,0.126805221069208,3.29060550543605,4.0237733948211,1.88365750563457,4.74313376420901
1.19290786860176,-3.44131058307238,-2.81732075204588,-2.82129153620088,1.02164964747218,-3.00595785462034,-3.14836376770902,-2.67949639325618,0.31467594416312,-2.34813073774624
1.21890482778344,3.62789159035477,-0.0777962349605672,1.16341375832351,1.97391825295128,4.02843586027436,0.982620040595176,2.29167240976472,3.3946970302803,4.11443559885217
-1.28648957778533,-1.68776559841844,-3.85832466988687,-3.1213166034104,-2.01253168481233,-1.50040921479641,-1.90605135806749,-0.508938016444202,-4.2288982795485,-4.82905362839076
-0.942667985827913,-1.88519037988809,-3.11343081556291,-4.85262841094275,-1.88398954735338,-4.56401354145568,-3.27932141119799,-1.85084383546154,-0.217255147832907,-2.27408692719024
3.46070504331439,4.5231554520682,0.698396778537122,3.64750460417318,0.804239812176399,1.0577338005766,2.08426115359128,1.1691401054052,3.84523759221465,3.79616406723931
-1.48989487257871,-0.359382846016008,-4.41869805254775,-1.53726962011385,0.804614647809898,-4.85424458484039,-2.08427523572206,-2.99356898755113,-3.80794280176574,-2.84725109975129
-2.94860939481907,-0.435708571818515,-4.9154984353141,-2.60675340625675,-3.4879259341619,-5.08171929705129,0.691820533133984,-4.23437765339325,-0.472869411635177,-0.611667534772113
-2.1226335007284,-1.76599090436806,-4.70699639987502,-3.3769647079411,-3.38580139248265,-2.8970616114416,-2.48031487395264,-3.93704687314175,-2.29248693421459,-3.04044655602998
3.77577732956766,4.16051824663052,0.327094469616469,3.52095726690846,1.79703196201456,2.15613113076329,2.93011254415327,2.77871224739719,5.17888624012047,1.83836470249417
-1.72188142825676,-2.04241502636404,-0.90917124374794,-5.10709435559594,-1.76696241938546,-4.79460007236061,-2.90153838034514,-2.86167303722612,-2.63219675348911,-4.07339644295663
3.52841936780869,4.38307765860275,-0.324174002925076,-0.264315045788924,5.46486845573292,5.17090743054319,2.09065861858189,2.10759960915788,1.11662207757098,2.81682173594876
-5.12964437482361,-1.05931604276811,-5.03558963570935,-2.8373561970294,-3.70838385153761,-1.05369924948704,-4.69852058724325,-3.81456250930093,-2.38559020941091,-1.10294174897645
4.24565504853316,3.19281528109807,1.34686358647986,-0.627503699395502,3.68875682857048,3.05502592551379,4.670555776376,5.05611308035882,1.74614642318,4.11038578275007
-4.52099878744604,-3.4799525510398,-6.14949389288296,-1.4994801939744,-3.65476464682806,-3.41953590966802,-3.89507241194919,-2.01487394817407,-0.521344899367837,-1.89828037720513
-3.59828434632635,-2.3349747701433,-2.19866189494072,-6.1143175850414,-4.93677240737726,-2.32145593254981,-3.37044407168797,-3.52621317545047,-1.20769532898768,-3.60317700721995
-1.41892474323085,-3.18003001876151,-6.20298336371468,-1.70379852328303,-2.22923337329983,-5.52293405580706,-2.12397850089951,-5.27669328838607,-0.0242107583599465,-3.2390748105085
-2.70180120561778,-3.52312586127364,-4.72234438563076,-0.426086681814451,-4.69079099813141,-3.91529230357734,-1.0388578235064,0.215458645905242,-4.99666333700659,-6.02636461556288
-1.77967510398121,-1.72253754646988,-4.35382819648171,-5.10447192395643,-4.18630408037054,-4.59554603164485,-3.53305357768619,-2.38699039868318,-3.55231476493285,-4.74912480540698
4.65716450049961,4.22620517613272,3.1651847901032,3.83949770424166,3.41611695562362,1.90973388044951,2.58888178902087,2.49430662954402,6.20753172410687,5.8353645198066
4.45095807791608,4.60946967430114,4.14133380675711,3.05141380291221,4.93466928224625,3.43050815274761,4.90378760679903,4.18245242795197,5.26731114601879,2.49226012269994
-4.11470349048769,-4.63984932822395,-6.33942891864715,-5.59035385544052,-5.24888955213168,-5.56797729815592,-3.73948539898729,-1.52330256016912,-2.95497865041581,-5.03046268765903
4.69078211226954,5.93369095023888,3.21356861344889,5.20604073525643,4.94962480647105,4.5579730288519,4.71998883126616,4.6572524141269,4.86078660218329,4.84543086606284
6.22018078129549,4.75212495969951,1.03812806015219,6.27229316864479,5.71327739581339,3.09321133976876,4.74942651887008,6.82666354788542,4.24088828167471,2.28064235363541
-4.50334032764643,-4.05499465764081,-6.54390781628196,-6.03235635707486,-4.30701670108316,-4.34515919790798,-3.21207304910538,-6.27805162392808,-4.43139464041678,-4.36367611387552
3.8647454473548,6.03830696721972,2.18383944045037,5.17440147990727,4.76274377068036,4.23768142496867,4.52243600555923,5.5608836275835,6.2126618346389,5.37444689552214
6.13648642019282,5.09756136015236,4.12106405242016,4.87159454233541,6.70184030759295,6.48210969860424,3.25642749921355,6.72744597574468,8.37944348138021,3.75719524904582
6.37209302915152,7.87749289810652,3.92271667253703,6.0364214444216,7.16213597614788,6.72567195299479,8.24753325041229,6.54711759555688,6.06803101580192,4.73933685812971
