0.889774443564773,1.72879359268365,-1.01283544174201,0.60720435315555,0.185168648023589,-0.124742117851889,1.03617315021387,0.0238913107580676,0.970132031366265,-0.181837317707852
-0.416053492345994,-0.156810716840197,-0.961003342744977,-2.2499450012202,-0.790896885680934,-2.45967109510625,-0.932682615065633,-1.41889086323403,-0.831032361061421,-2.12761688033224
0.530392619395686,0.637495388043805,-1.17613218019458,1.15707389750617,-1.10328902348262,1.32030695866276,3.5557512830207,0.540616955939637,2.48583756004045,-1.89186428839773
1.85179715650921,3.90694873029108,-1.62750739202054,1.49283036954425,-1.86213660767547,-1.24630964194775,1.13024549290452,0.142058097212077,1.17708290560425,0.359079683095981
-0.48680059462618,-2.45839688788603,-2.06298523217407,-3.07802768901655,-0.740120279386644,0.110091931748262,-2.37817466770132,-2.40302582182619,0.68056944770267,-2.20454490982108
3.29760040302481,1.25051166644771,-1.87839271793583,2.12616072487553,1.9428830813165,3.00046491757145,2.07428563274552,-1.10225064888334,2.01908152358409,-0.22125022978907
0.158738414053615,-3.30042061582444,-3.27916100321692,-0.335077620291451,-3.80176958846471,1.20198808513318,0.878425869507942,2.20969089307348,0.268213333541572,-1.45239615835849
-0.757924262957464,1.78689338762555,-3.62130979567091,-1.66941738369346,-2.66644320547949,-1.61800903257474,0.930410503913017,-3.11714793322235,-2.32403411994274,-0.561708437970188
1.90582213843421,3.12372976357772,-0.715766747144884,1.20163403318751,3.29489164791674,-2.36128822314101,0.934282290579242,2.73738338382569,2.6054848587027,-0.461912629782204
4.56926162305195,-2.03635792246787,-0.262835441742014,1.06529402177153,1.21442396717252,-3.45807545118522,0.813531640779911,-0.95436955880715,0.398703459937694,-2.46907136026104
-1.28014746194762,0.276766327899189,-3.70321853936636,-3.03512300939452,-0.685495450099686,-3.18078663020952,1.86035902479466,0.719484526702626,-2.85881951721387,1.00157845580872
0.833776328805436,1.0989474953489,-3.79358296796608,1.27021162152151,-4.10847037307461,-1.90192521126922,0.819476411161834,-1.90348429191837,-1.07716367305802,-2.32327140784297
-1.44566036432589,-0.582526973698183,-4.21198250501796,-3.93611951568904,-2.63474226379828,0.451846871211234,-0.621038187204171,-1.63633578679743,1.02856837697713,-2.39878022450721
4.43117166455784,2.77119248519779,0.307144125328275,2.55492823946325,1.40340914774788,0.834650013763886,1.31232574388401,1.17219745875095,3.97573732109803,-0.223317361060382
-3.4466875183533,-0.746082940768274,-2.14440392870425,-1.77537771107529,-2.44115506749373,-3.80616724678855,-2.48228235980709,0.219577324730346,0.413415844866465,-2.95944452184281
-1.02246921655064,-4.23452910390715,-2.34200799264835,-0.0236871130707637,-2.25031796592372,-2.85146649498401,0.597003028610675,-0.667402737230168,-3.1903087238801,-3.16949584622647
0.360030762904928,-1.32189936615929,-2.42141687110634,-4.30584419764227,-0.838167471074686,-5.4028273428602,0.925957632356046,1.81302825684299,-1.50127012807338,-1.9440944640512
2.79027827791716,3.83124227146127,1.10036658585344,2.90662254420599,2.56739672724732,2.21661545550001,2.87808099074002,2.34057186244248,2.91545931677478,2.33179677417749
1.22871830755877,3.92560230526223,-2.78349203887717,3.89298455805797,1.93094946530132,-1.36832846521987,4.71377762487057,0.872487971172281,1.47168133848792,-1.65653796754509
2.37725994545978,3.88355027995168,0.585501999354179,2.89080291653141,2.47395620935197,2.05646965355839,2.77930457788655,2.79238746917079,3.59139693300258,2.59630478890714
-1.01966297388638,1.80284791106206,-3.33856125276213,-3.27136105812771,-5.44361891784537,-3.24431737271477,-0.799362427048105,0.48950308761639,-1.90097039904136,-2.67838428736387
5.19893767223279,0.349930124629275,-0.211788392224017,2.63989368682283,-1.1534131671791,4.47791233540331,-0.152966358289936,4.13050960995479,2.4372714622879,1.67609137516487
-3.70731146026242,-2.58398194881044,-4.08349203887717,-1.64064117293618,-1.0558957308462,-3.55264300651382,-1.92312713703419,-2.81847019347009,1.05022539979061,-4.13062090215434
3.19321705795917,3.83689946752142,1.22162837098801,2.28742399804035,2.93907597347021,2.76504934212006,3.91205005055425,1.87291984341499,3.26936869547474,2.72724328420832
3.19321705795917,3.83689946752142,1.22162837098801,2.28742399804035,2.93907597347021,2.76504934212006,3.91205005055425,1.87291984341499,3.26936869547474,2.72724328420832
3.5554769838112,3.68855577958473,2.32680641207131,1.97462228892471,2.24138461504596,0.199102845438068,4.62739505954775,4.10846621361924,3.19796869039492,2.17213442552561
3.66918141652013,5.24752330316963,-0.668685022403624,3.62022581445287,-0.762371917203147,1.63075283095199,-1.08137328184869,2.44296844574429,5.03780168301812,2.68723805136752
1.63126271259718,2.90561531879194,0.152358580253361,3.80197572240619,2.41287678382077,6.72457414393851,2.55485114085907,1.87206757454711,4.68241453082328,2.43504914057216
4.58394650765401,4.8431892831598,4.03899665725502,2.7500549987798,4.20910311431907,2.54032890489375,4.06731738493437,3.58110913676597,4.16896763893858,2.87238311966776
4.73542485016696,4.27438178696107,1.39209059727165,4.45170291493626,3.97796763736188,2.17616191317052,4.45609732465718,2.373599011186,5.47296063650316,3.28954393589182
-1.16917127576335,-1.897166134295,-5.01044705654353,-1.94069116432945,-3.03058895283169,-6.79274448344189,-2.40134233664626,-3.39884354018686,-3.91802755758207,-5.60410096663537
4.27540809360793,2.23900889082825,1.50511479396697,4.71884524457374,1.60995909535486,3.71531726589437,4.40476863816979,6.54764187659911,4.11920246080811,6.41108300585927
5.86221321636754,6.28998307577171,2.30084218043383,3.83083857733763,3.88801853595258,4.49831789801883,4.16375970032,4.85141513951133,4.06865675413568,4.0411674834323
-3.64069815305928,-3.3113962348136,-6.84576136027451,-5.44757157085769,-4.86392872237081,-4.92822685327673,-3.54988918723016,-4.58301180027161,-3.80208376106242,-4.05461637694154
5.1452487265832,4.67834259151921,0.0546841616487095,5.02324009022229,5.21747448497019,5.8154832348476,4.47093505694299,4.67630037877991,4.21945156786032,6.46629914057216
3.69936918700806,6.33124227146127,3.37309385858071,4.06046869805214,5.06739672724732,5.45985869874325,4.54474765740668,6.25361534070335,5.35135675267221,5.66513010751082
4.8479878280272,5.85675148421381,3.18413898866451,5.86660531652762,5.79536261075104,4.20280068176257,4.64803636307655,4.68240538488492,6.5168403832757,6.61165116593992
6.35930184694072,6.6886037651864,3.15423863972549,4.55242842914231,5.13607127762919,5.07177314672327,6.45011081276984,5.41698819972839,6.19791623893758,5.94538362305846
8.10854904100156,6.89899586155744,4.56621773777652,5.20445464325311,6.92182576164452,3.44075635008887,7.37555845523163,8.19271928978686,4.95845133299108,3.64940251796378
7.33277588656622,7.94465591965709,4.65712951393723,7.06408081003201,5.99110030501908,6.0156945064557,6.98314284718357,6.40130177907763,8.07450913574337,5.82826369239316
