439.901092618867,92.4321046812079,460.528498554597,436.644611195823,468.270315714074,471.656108614327,198.977670585343,394.511836956719,210.551183867681,458.741258140834
439.901092618867,92.4321046812079,460.528498554597,436.644611195823,468.270315714074,471.656108614327,198.977670585343,394.511836956719,210.551183867681,458.741258140834
415.519623038323,279.029931461009,460.528498554597,418.011725568332,422.849061947605,471.656108614327,-58.5942720133629,431.248097406185,128.23179001853,204.240919469316
415.519623038323,279.029931461009,460.528498554597,418.011725568332,422.849061947605,471.656108614327,-58.5942720133629,431.248097406185,128.231790018531,204.240919469316
469.950546309433,-10.2355605626219,-67.7435230623302,207.937990778005,402.755339315658,431.774000253109,312.352375406166,415.204636427077,93.746106327835,32.9420576418458
7.07490385725379,133.24370103977,146.364419820922,500,424.956413895684,381.090136464014,419.008353322176,205.182123331574,-178.971405509762,230.798519633862
239.097002161191,63.7032371061621,440.036695275908,238.316189491176,329.295880040591,473.685112696016,270.840688419783,382.116032507743,62.9614192034055,448.964441729337
470.692830717764,145.27718918127,421.056997109194,468.864424461948,436.540631428149,443.312217228654,22.2218264090678,362.496194812371,239.83421816917,417.482516281669
341.503461276871,145.033343652504,411.917387443486,245.509986563896,438.615244386395,403.474290432509,-57.8570812018146,346.703496593217,-50.6085130568943,251.945634259621
470.692830717764,145.27718918127,421.056997109194,468.864424461948,436.540631428149,443.312217228654,22.2218264090678,362.496194812371,239.83421816917,417.482516281669
459.1505201004,500,368.968032925114,291.986748183086,500,460.491834292158,82.2944339497005,353.437503327223,-316.53443898282,447.316004629991
-23.5488518427567,-333.230978730938,289.989627884202,338.338983039157,184.886373198583,417.160030500684,-338.586544283702,500,400.439900789736,127.273536198218
-489.731457248609,-500,-276.547664980171,-500,-304.956391136445,-349.38433256662,-500,-369.991250560726,-318.751515304912,-500
130.485612953447,355.415082232175,156.829107263297,423.271728098181,349.394898116777,196.673211799412,8.37296720291852,351.647424515568,-7.24861644622493,175.352028140858
184.827601365492,-264.214281741709,50.0783244470948,-98.7846173816345,-237.211897360786,235.659571263681,-387.989018759859,66.0284569563267,-120.481971662939,229.878841412667
149.913765446115,-152.919993018661,413.736415641193,158.744302815607,60.2221143787763,23.6339961131372,-208.147071897766,75.1695920032532,-26.6837706639878,160.200512989343
-312.248972487103,-285.769093695305,-291.55953602512,140.765793702749,44.0278914716501,-153.473817638173,-463.831158863901,-147.271330707027,-73.9101531028834,371.788745372381
388.259820190545,128.111745881414,321.235077546795,446.865207040385,444.943810325742,485.828054307163,322.805061327852,447.255918478359,296.645459456838,441.198487957454
500,62.0958540359326,500,500,406.072307232181,439.674882847839,137.671408812767,442.208402036612,481.984632911344,185.949177349955
-1.60138606903615,186.823596724929,-14.8999479951702,239.57137048478,437.260157857037,333.819181298322,-257.774863461041,180.328322161983,-238.451169931387,299.089401878232
384.976201143161,153.391076714953,30.8022855032625,-28.7808271572841,306.787163821345,451.056622254395,113.355788442618,373.830223536358,-62.284941438023,91.2355060354332
-312.43130534364,-455.940462130074,-351.893666801966,-82.4788552793915,-345.168179431705,-364.369900415325,-500,-298.426012049178,-312.036275249535,-296.581990339769
160.72400048587,-24.8995284779141,91.7737973082133,225.511556414613,468.270315714074,187.435273270918,-136.908081940824,320.813775675951,34.1979550052247,443.217316800952
-94.1128491384192,-235.510928010309,-118.814788446243,-15.5677877690262,-320.732980943199,-261.811452115202,-500,-297.793445581908,-280.493533665755,-187.745016678563
-92.9318015666811,-330.031499677911,-172.05872057821,-87.2899103880382,-117.08111506652,-19.696024220558,-251.064303141599,-69.3747127161342,-175.583516306003,-244.383741859166
241.279716685466,134.156265239238,413.326521967122,468.322305597912,314.640179727258,105.914913914978,299.194813785118,447.255918478359,202.326784528114,363.353534775522
241.279716685466,134.156265239238,413.326521967122,468.322305597912,314.640179727258,105.914913914978,299.194813785118,447.255918478359,202.326784528114,363.353534775522
312.324626303252,-88.9175193133208,410.803871705739,500,432.956637386609,500,-67.6913484971822,198.081115647254,365.806876034277,25.7203253619518
290.53819916517,-257.363381306422,-53.4735404036776,303.139112774084,-52.5494405175304,192.894331410388,-234.652556773108,17.3457198366012,206.039996828812,396.853145352086
188.695843179569,-201.177193445831,237.459414498562,218.63549783364,219.519789187618,6.62855161856425,397.317838795413,-7.07331924121758,-173.146314395101,398.733236319871
125.868969662189,-51.2716413703093,307.4529931813,-71.2751903617811,412.706586428466,211.133996113137,8.25077756459979,-195.150605041082,81.7708377906206,361.180905146206
417.037374676991,199.292745609174,432.524420638048,226.776471495203,323.182527388796,378.418268492164,180.20206435329,354.465317002198,432.298040559174,369.447791184027
150.209309750757,-171.283671857326,259.053184727542,342.658857201189,245.549665683254,81.3371850540273,-108.974537443743,174.481166424201,-144.72440806616,94.0559436056258
73.8545733382994,-149.583627631587,392.731888385105,2.95073074949238,439.390117181516,150.227537185755,-171.321519227899,423.262988239908,323.042109084585,360.386352851036
-79.4675011205757,447.881755435316,389.671605455063,328.212415488022,500,325.611883611948,-99.1427821228104,77.2559184783593,223.260761983831,361.659767837852
243.105829934875,197.6345826238,363.306276332375,54.3753619319686,408.960173058716,335.29247225069,-314.691832988973,298.895156229715,-311.768209981469,45.1500103784071
223.695056618711,373.605205920331,500,473.337604251013,500,500,96.7924442312665,478.741020574682,216.905972925756,500
72.6112529692599,-0.171012992212923,172.961483672926,320.331608586362,-15.8648421429629,66.329700579702,-99.9557081050613,118.497457908316,-109.409864035665,187.062936312407
38.2929117035158,34.9743695311164,419.54489199722,39.9877677865294,190.321444367108,475.714116777706,342.703706254223,369.720228058768,-84.6283454608698,439.187625317839
253.334309750757,132.239363373026,173.781866898085,128.7699683123,138.882999016588,191.91410813095,40.0153615461558,353.87510581814,-240.629580479953,-16.0332425705169
