427.745951016287,63.1425827550541,429.557299205941,428.702318826489,413.000657275913,417.840591219329,203.972324897723,421.611506352721,206.838924833272,421.880856774349
421.750745510474,57.9767047984921,414.720969930881,426.822096856488,427.903974700514,417.222476028469,192.892942563604,414.963119182782,215.397864838429,424.250637709922
421.267255152377,62.4211217555249,421.359467286952,428.433798047016,409.518448784086,416.711011208628,191.505164254725,412.918876911364,194.162529227948,419.319057823034
427.84351216036,63.4120926447539,416.111383287095,434.25104937522,413.703231507899,423.323205616673,190.523290277518,426.329292320507,202.568969704844,414.951238080025
420.701659876904,52.9186212757556,433.145025986664,426.602737058582,411.48671289773,424.847781199337,201.79066985038,414.288556860358,186.996534023182,422.829293237097
429.534450919573,65.499939489515,430.857947530113,434.944214713683,415.305485821123,420.696980596383,207.793774293335,424.526019768507,214.003799069218,437.176200680177
428.032913406644,77.30475721475,432.321482713857,424.023445640005,416.100175887731,435.427338568082,190.051439655961,424.636182699796,198.05685072866,423.54841753953
427.9991968045,71.4729091030794,435.429205168322,436.574636015194,423.114981187201,428.093531142295,187.874631413864,423.249489298594,198.628597470501,424.312320978423
429.507401437705,79.9763104636236,426.294962040177,435.053029198396,412.751460779038,430.029573416347,194.967015150985,413.452862314467,203.236619656648,431.221334583865
433.33894972255,61.5182699885376,428.686291070706,434.596144819175,415.668671632683,434.442476194078,192.555553364523,424.704186698288,215.653942460965,423.393879861399
411.425655875891,77.0137907600324,430.332368260262,429.554684183922,415.438829563492,421.590338649082,191.110316109164,430.512874098552,218.577471394559,415.132452106831
426.291505734937,69.8610897067902,427.227705906752,442.870737787614,422.313696191114,432.615913931095,210.939015244598,431.826859702874,212.489102097808,424.50883645224
429.991335791453,69.8176700272191,428.437000305605,438.366418964003,419.366374745079,423.660468163158,195.116145525281,434.535109359522,216.722017383321,430.461149554672
420.322887020509,66.3312202776924,421.193096390768,431.633202808921,404.485185478764,428.529921465039,188.954143846562,411.02057360177,198.460444046049,435.349901978878
428.031324416446,74.9769253269534,429.583151497479,442.074671062889,413.982734498372,433.808275646318,197.204252400622,425.392616407162,210.045084173003,426.396583955438
439.587634077906,74.0020098699201,436.99064360912,426.113791480351,424.11136928937,426.073672013329,209.875646980168,418.681980896639,207.335853757663,437.54064991839
417.559120625968,67.5531721534805,401.367204365527,438.080385361814,418.067147162138,410.791877295871,193.624794036916,431.33730514102,202.408768064379,411.143464970781
412.295321924128,69.376338926152,413.443957757721,433.352617669355,409.463901713564,418.96698161396,181.696962818433,403.159324705372,193.035757673497,422.798100603072
430.383536790902,56.8301329377942,427.948504499216,441.451510204713,410.939227219505,408.004578165692,188.931374441416,434.832693681051,209.794816774441,417.3467084633
431.208851530404,81.1557334283089,434.215656572563,440.01573383624,427.014663208289,435.817460833204,207.846426200947,414.930480296399,202.992224414033,440.107017374463
437.43482873488,72.1837634938098,437.485423945335,423.329804066844,418.232903607029,432.380101384004,202.543476330046,427.439783445161,224.534447547615,440.750779433278
423.994989992872,60.7860422245859,402.718526144238,423.090335089506,400.618256138441,417.536168579636,185.5629728172,407.196639259282,188.219479908926,409.563307045542
420.915062792181,43.1945514450615,408.021063156741,427.4315197831,404.182458350265,431.772335320688,195.376587644152,394.888536517349,209.453075705712,412.892732386283
409.242321684169,47.6237651186215,402.470510271222,420.858192232363,402.542517222185,415.596557265024,188.772589997406,414.722149463364,199.942919284676,399.538823114038
410.087830342178,60.0300580127193,404.950669001381,418.378033502204,408.5521326068,414.086752414702,184.94293313466,408.119705854341,193.983804869679,393.488325992113
419.321194168608,46.5064570510914,412.575618978578,411.232839099398,400.254314182315,422.62301638876,179.77553875506,406.724072733374,182.01008155689,410.822576325316
421.801352898767,46.5603735452253,412.873238026197,407.51260100416,412.919450769865,405.308700725388,181.297454339475,408.052729195959,180.873717920527,402.959345805836
409.400559247974,48.3992097662125,419.250789046605,417.242454484014,394.369573922575,423.073954339698,184.558702020366,400.129105200906,183.316298488107,404.891007893748
448.570552976686,78.9400429553129,428.760192810905,439.459382708553,421.356292732389,442.96606275953,193.920029407952,444.358138474353,215.961826847701,419.415523794311
404.526183723806,51.4881771491109,414.539030779016,418.761178999397,404.900222183101,414.925296922914,184.808735683296,400.518083260571,173.701219704139,404.969568027116
440.856886855941,81.6557855418052,435.493238285643,449.644022723789,430.266294507228,440.838803193563,215.647860272421,436.676497159132,215.215790470163,426.549938758434
441.138105133965,89.7595701636185,441.812691054364,434.653725458905,415.441605095287,443.380968704818,203.352317755122,431.228157769249,228.785389672904,428.469825384992
411.921701670756,49.8477498275195,399.981874649279,413.836731057122,400.504389745324,407.0377827854,179.121886246447,404.788742057091,185.107817048236,396.78803399653
401.065581161207,48.7263104636236,412.034049341764,418.209094043689,403.397719282439,410.880048527027,175.539105098075,391.055121166726,184.693740122389,405.711130502233
440.668115723419,87.4167866540998,438.69575569097,450.894043023281,433.159624044344,446.428990325968,209.021247955218,428.829846441451,220.484996280025,439.193273359376
453.289485333705,78.8610444776679,447.477638530532,444.937216836191,441.224365021647,439.723810443705,203.581656578126,427.168287667824,221.787449699414,436.170620280416
412.000726933434,39.2624926776133,398.802794617442,412.131630167161,403.851444741927,414.634722011324,167.66744889793,404.496529771881,184.403942460965,392.789412464685
445.691029576151,90.268890211671,439.115149105134,451.331840098284,442.006488065604,458.83105332867,222.162784198059,440.544158442896,226.165895834973,440.551469749192
456.564558813613,94.4906069703766,444.624731792136,458.479588199979,445.147246888181,451.680639928257,223.764743389304,449.431599199948,229.750674191093,441.430891139387
397.682142128453,36.5820906300144,395.789247353497,398.576990166375,383.880587601966,396.784678050422,168.467355571877,382.548042708832,177.061829733639,392.08727905741
