427.745951016287,63.1425827550541,429.557299205941,428.702318826489,413.000657275913,417.840591219329,203.972324897723,421.611506352721,206.838924833272,421.880856774349
431.724105634939,71.0502835672827,435.423361872744,432.687237162678,418.546458015115,419.801084549469,203.782219599952,422.534622133166,207.976549516277,425.460975706599
423.93059353274,59.2906779137387,434.451865050539,420.595473695087,403.521297225317,420.909670066747,201.889568141258,421.194437235303,202.753914501206,417.037526521356
426.652076823415,68.8602183520075,435.423361872744,434.949680601592,412.757210497926,419.829942246394,199.517443611692,418.637902154852,209.108581276349,427.397044251664
431.08763045759,67.1783438496782,425.782276525474,438.946262286385,411.082415951296,420.817428869193,214.113346541507,423.879893942925,207.383151948873,420.554874756197
429.798952051806,59.1509749394793,436.903029333029,434.670678812733,416.262805879052,426.719170481635,200.364805455937,425.846986938002,202.714445985729,436.244411783304
426.993983825253,59.5087925157619,421.16881100927,438.613715009725,418.618815244127,412.260490321671,192.509067855183,417.811209352675,219.349352396644,428.707232827744
434.951026560849,79.3586199794413,436.835339707356,427.473604046568,409.542038804493,429.779194383146,198.552937438853,423.321364687152,204.710080260089,423.266297125227
428.325056621395,74.7464617382508,427.016432524918,430.156320167988,407.075392316108,425.490539818756,199.454312298561,400.942508780111,208.761359054127,426.355377584997
432.235068102424,80.9461169006161,441.285555234938,420.942956116926,414.198631928158,416.236022160877,206.595916917959,429.77668562523,206.713923253651,424.925226631984
416.70466306433,59.2406672476366,415.616383581843,418.763965682261,405.150599432161,401.509504961311,194.387788093278,406.868448409914,197.507751267385,420.274693145205
428.055971714705,69.6954853756046,425.01411881044,439.372573789875,408.249157276637,432.012668334895,199.540147595834,433.491550153243,216.867285297769,423.773495158824
427.93700378915,77.5198445804053,442.884404733079,427.539918139531,413.243519447539,431.685532135712,215.147143898834,425.052461926661,209.264331167873,424.478002711833
422.266111911134,62.7838294631186,423.270584094966,414.550375046036,401.447686688402,409.866174130452,188.846711904375,403.260918027868,195.52162475461,420.626210918331
421.803470714304,64.3836169006161,430.215028539411,421.323600799042,403.114359249683,401.240478488863,193.365552933285,403.553140651685,198.967540507268,424.788932695846
425.44196436507,56.4604737925927,414.533069977314,427.101767425022,409.701356286518,406.69632895138,184.652742543801,416.618916286188,189.560517336994,408.278595442182
433.172390738954,79.840573876955,436.945748661208,442.127060920356,412.033039908351,424.118406476462,201.927470632961,429.595721137187,206.587412825494,428.707232827744
426.652076823415,65.2143850186741,443.404650452991,430.956625046036,411.99963474035,426.46574471553,190.89341260394,411.632362891249,211.191914609683,437.722068689592
416.604946450501,49.1430960270263,410.922235286757,426.276194259174,399.829637443503,413.83558265023,181.969903880161,422.850053251835,204.610228385509,415.184140936353
438.781365097928,64.0206095275789,437.127223690244,441.383013301309,424.161016098828,425.042279351554,199.717874673365,422.966933258399,213.846010709092,436.44532806584
432.205864132021,70.4548489979683,447.282560289205,433.508418691064,418.358914774954,422.0384606466,213.13641420701,416.722332247604,223.357317481817,427.95947903367
422.650698084488,55.6835607706161,422.460322743962,414.320591310924,389.942181903874,417.375514469024,183.542760862523,427.171485545828,195.873037637448,416.932000167765
426.9350403675,59.1184854948835,435.454895573093,410.601175473557,396.834331660108,413.403771786444,196.705313508474,407.891341000285,193.804282901254,404.760863866905
414.851748129693,67.4061343148661,425.061117861447,426.23910351888,396.894292732012,399.415317248198,196.461304352363,426.103043270315,182.551780446366,423.029226755314
437.232087908245,63.0317453479062,435.899435008053,437.138002708579,394.345063525331,423.041477237851,196.343484914081,403.502481299094,195.713086712586,420.767671183518
448.595724271881,68.0327622771011,444.034463632468,435.424341310111,419.470025886065,412.255668219284,198.029992850589,431.78729640531,213.741932866432,433.89455655305
413.914207034167,53.5913873279391,414.224736842934,414.623602187863,400.843811962692,400.984345598375,186.637501130879,399.819743566986,190.45606861554,408.985001797939
435.561824933185,82.544536440846,437.159472983855,443.847951448392,422.117886586543,426.290155587721,215.994863278113,436.156417004961,215.552307092034,438.901835921653
411.704611074571,51.5231506129633,415.71283208103,410.021411095909,393.721304840185,406.587648598038,189.807790985951,404.451439995557,189.396233344222,405.203997563215
428.735410156748,86.976160380993,443.37790732729,444.269856040188,415.072025312741,426.774386690839,205.690283117865,426.57441009136,228.114429229566,440.251654180742
410.890772301606,50.2169502339494,414.590028539411,411.853903829345,397.713124681781,398.967751216136,182.948886266618,401.701288799833,187.143216182944,404.627642373266
445.164207034167,78.9537061685188,443.490609858807,441.922452762576,427.286119655,438.290547148762,221.057790985951,433.748314995557,220.403985282207,437.00224317725
442.140772301606,87.4193311863304,448.903754029607,446.274193684417,428.29823106476,435.917436750727,221.639362457095,425.659622133166,214.386805926533,441.333991579615
405.848238072079,50.5102425347158,417.20140589032,412.407244095023,389.162596068864,395.885666924555,186.428696830972,395.210977986242,192.749115585339,402.736183291863
451.839048163675,89.2126767296759,454.912609184572,446.200750676191,430.040710888678,426.141664259614,207.948886266618,424.689794546959,218.752411585242,427.986228231851
449.236182929625,84.0711169006161,454.520584094966,440.700057675498,428.070267538924,427.092751216136,215.777169094901,437.686137284681,223.601549516277,432.813916883069
416.167254782012,44.2631409797717,402.730583083434,404.382924986085,400.097797413226,391.999530420647,181.070158358976,403.337451739585,174.117768729791,411.226005466798
412.271532939194,38.8188426038006,413.638457434779,420.477224952666,383.844999061627,402.926211056949,178.253915711776,396.426531838225,182.660172965657,409.22323060856
407.781276014055,34.6635188890366,401.485874423673,405.250849863368,382.412973617049,398.699059865518,176.775096590897,393.009575478259,184.059070100259,397.87187780413
452.557438968273,91.8836169006161,456.256695206077,453.520570496011,439.379791348448,440.634417882802,224.615552933285,443.3679554665,228.80988284961,446.294309039932
