427.745951016287,63.1425827550541,429.557299205941,428.702318826489,413.000657275913,417.840591219329,203.972324897723,421.611506352721,206.838924833272,421.880856774349
418.500984559216,61.5937896324039,429.372150479334,425.761893674393,412.677839877185,411.37598989716,202.430510020557,421.318109049212,202.027628567136,428.563989635143
424.312809804924,71.334866615153,427.815524822106,435.237190427129,419.974031657229,420.288182293966,208.623506074392,423.129090977269,213.989039419307,427.956886270169
431.273657284337,59.9673882044316,426.825179385627,437.894143014243,412.044279921867,418.656416688965,207.255039745984,419.318827034022,198.49601620647,424.332818422895
427.262069097022,65.4799186196095,435.296731592662,428.228712989559,429.416663398675,424.056222633393,209.452680727358,413.768450091222,212.750920990632,431.88888489788
432.092804105295,73.1309018336481,437.55046637523,430.244077479471,414.067427739261,426.168665447176,204.240836402466,423.025439687847,210.074293877768,424.636931612677
424.255912461585,64.2323929351392,415.638753287046,434.819475730758,406.218374435663,418.45816119517,187.060831490023,420.320108541365,200.275268652245,424.513360099371
421.1211259921,55.8224762070897,424.332777230668,423.937212239971,405.084320884514,402.986781707493,206.258685438501,412.083094034519,203.52787322366,416.803284787127
437.67107420429,72.9369095677079,438.409285110886,426.883152108701,416.969836065807,419.896903645947,202.741279322261,423.01588648642,203.273197727948,431.768321949907
431.653887974736,72.84355959795,433.358386094898,436.275135137441,417.559271931228,422.065373403525,209.983594087918,428.883961678841,211.195615962653,430.391346348001
433.243683413263,65.8984934383827,436.523544588782,433.269327916364,409.192216611071,417.50046850514,201.051272893609,419.039588342026,212.718298082139,431.915901642941
434.57214294827,68.2964611703305,426.813771754237,441.263361226027,421.686437334556,427.428492095029,209.658971985891,430.315580377197,209.856808014349,429.551782601908
431.412622867194,73.6168866550346,434.94016982957,440.445830529716,420.351986685418,419.743046921249,204.288024764211,425.019502900095,210.801118503696,432.650560140139
411.185300020938,67.9707044988876,434.884966109452,428.150354495868,410.310921136997,402.044344009499,208.881170796731,419.360434753181,194.223097622109,415.268552364903
433.764338312714,50.1636257671985,419.1192547622,433.423844198889,406.29502435375,427.189226630861,191.32761326197,415.479835214467,207.255032685301,421.452010174072
427.746677811185,75.6454406329676,420.487933743569,427.439914849372,405.542203179056,417.710293894544,184.9679950375,412.251656529975,214.855128185584,416.353158529359
420.548086064113,59.0136680081888,428.187065992207,416.170132356921,404.123628842317,403.241754276567,187.778018378288,420.058315192475,207.906449193145,414.974483523204
421.274768970397,65.2018632471539,436.905069177752,423.37386778371,417.820612751118,406.526390467762,205.121784263555,425.208196616985,181.206196125034,413.074401506448
439.996114892503,71.6125873956118,430.430460416519,423.947955991686,405.161410905109,423.439916593349,196.179755126679,412.656744162469,199.026602572262,407.694595593052
430.681013429008,51.6616978577819,415.530919185339,423.23629062116,407.78068642441,408.415923248072,191.249634644624,408.752599685867,203.455415429584,409.441078896428
423.618628489602,47.9186930779931,434.545962805424,415.92574318954,399.839565639759,408.920242186408,193.330359113045,412.279866958565,199.320510338611,421.274081370223
438.804452347203,77.2046236452961,437.970533462989,439.289659950506,417.436859109052,421.316465643499,199.542666847065,428.608058607396,208.587386194038,432.00469494959
447.80025782098,57.6090407616465,436.356359649356,432.751667019653,420.755695321559,419.976371423684,205.456976124693,419.610921672716,215.094533886884,429.048308214401
435.275514619174,66.7769881367633,439.115583976433,443.640312322523,413.064358120846,416.315826615082,212.613508839919,431.803873667208,210.588550351198,426.58727316979
426.999487648342,64.2435935797229,427.146084070021,438.336363980848,395.860686340851,416.906767470545,184.926221366222,416.03243269484,190.287041797787,423.938034123466
439.544784445084,55.090726895795,442.38271780127,419.91390870368,422.867463667657,436.528338964465,192.734862106065,406.669086554396,201.580181226079,432.977221415609
442.819597974663,68.074339885051,438.926714214435,445.634718936638,412.049005140403,435.936901997185,213.358088560631,425.705002841685,203.858650401028,425.119170371243
410.080404776148,56.4614779021503,410.857295823436,409.226442783694,389.074725375017,414.321050590232,187.653110122798,419.382730609931,192.124400437048,415.962902300258
412.055700377688,54.9437800225634,415.582605898,419.858705953024,389.451607235368,398.943036878392,188.670873934717,418.118064526853,188.083782391885,409.664801701864
414.353482704881,51.1130034462811,428.447655831075,409.600373462286,401.965900607326,404.143760933557,188.716918376652,398.439983920087,182.992891523888,412.402586675081
411.844870220997,54.6670424606979,401.81224881883,409.347752813745,400.057868275156,403.785745336983,189.097147446794,407.767969884923,191.637424092486,402.732790542274
437.783286156281,70.4686484829143,437.216228390241,439.765216240995,436.946309598298,423.737119399308,217.340967554139,433.068953905452,226.198704557651,438.406241615397
416.149277934496,44.2470217100986,403.596057420821,410.355614132027,389.627957277064,405.077067651033,183.640269280971,405.443589719633,196.082703331153,416.413405827167
413.434189992135,42.8985079648906,407.843073031473,415.204244257819,400.700359246468,399.559599581912,175.004890889122,408.306956589917,201.592345204431,399.716087993486
410.983988678298,45.204579789679,407.525209077245,414.825966753442,392.641042676513,396.003376190978,183.329241110705,408.094198680051,194.454854595866,406.010585506992
449.448231059862,74.5198557426777,450.82477893061,436.695558625882,433.804847126692,440.180624214906,206.22776945747,431.931093083797,214.474699176141,434.328381676293
404.912414691257,59.1405775432246,423.310274915992,417.140132660288,389.147766690885,389.147434753244,192.411488637899,407.787486014456,183.790853098955,411.741849233457
442.836605758187,76.8039964158336,440.900924271142,448.150413567625,427.076304384502,436.499243959573,213.632271413736,442.891936827071,226.385733634184,439.193655880145
416.697847620268,41.1493541875021,404.792129452195,412.709792463099,392.945569573119,400.229731953388,181.875160948185,405.728449126282,184.723673512045,399.494322438447
447.185280362422,80.017482497507,460.21769633489,453.508138876126,434.007959402643,441.567549872314,224.624517427901,436.284637301919,227.77236833486,446.315614615692
