427.745951016287,63.1425827550541,429.557299205941,428.702318826489,413.000657275913,417.840591219329,203.972324897723,421.611506352721,206.838924833272,421.880856774349
429.213482222648,57.402140306418,422.54410919564,425.969304723825,410.390671850162,413.128257233701,197.610979771174,415.182053019294,205.147170131428,415.660967835389
425.519331618123,62.2817398155533,427.606139255278,429.979534161809,416.947856401834,424.025856187166,202.739974438431,420.840502555161,204.794073508216,404.125324477716
418.913177896218,59.8020303286022,420.207297514688,418.964380805092,401.037691325465,416.080820904781,195.812717510261,420.497118481326,199.48166263516,418.921879537304
425.682289752945,55.5306379165236,432.051631005682,422.314031008015,406.420111457836,413.380416702869,198.651342005384,416.945686655643,203.079717585941,421.577469072286
419.795410618642,58.904812607876,415.684774012385,419.025035820117,406.529262775535,410.813168278156,196.534736172258,414.689738118822,199.238174462879,412.306823658312
424.421044359084,69.2377726349018,421.041777576968,424.95231819747,415.657795769825,410.536701263496,187.10236270518,421.450134022187,192.410945176965,418.322440783747
430.764211166981,59.3724914868257,434.290548240632,418.569559084862,409.161922787664,420.266630564652,206.282691966804,411.582940158879,209.281204718517,429.180778486589
427.372719332315,63.6930881673885,428.351691637981,433.519341403669,404.430671808382,417.373679344937,194.449273131973,418.82196952378,198.562983315529,422.909445448908
421.049716860584,57.1277931006676,429.002477518508,419.151346144387,407.48327894162,410.992176076443,196.344621637188,410.025745136404,194.91590817858,417.141721724715
427.109899207693,70.5358320460105,428.835425210978,422.759159190034,403.314558356431,424.077622184269,202.187945196964,429.376899902091,211.395501750676,431.532220016497
438.924841858827,56.944507689934,431.119460833063,432.91401352843,423.243950884141,419.734143319915,201.631898725238,425.205133110663,208.842816404362,424.599074592014
435.282774495475,65.6084613200526,434.242006710188,437.168518881563,412.524831208158,426.888746608257,208.665206729177,423.658254597203,205.34878761715,423.500013572796
435.282774495475,65.6084613200526,434.242006710188,437.168518881563,412.524831208158,426.888746608257,208.665206729177,423.658254597203,205.34878761715,423.500013572796
433.975315851757,59.8240830057582,441.687879548172,428.54342264712,424.4420126895,417.187372416512,203.764067651885,420.521546815732,205.161809817924,432.811924231947
424.33860167019,64.9597854459087,427.505840498291,423.229124030071,404.016114255757,408.881487605731,197.477798471736,410.635687438444,194.076735250315,408.197001536574
412.95051882098,60.7602323262307,415.11838086666,417.184237842622,409.258242124617,411.620061052591,196.087308394058,411.046325591552,209.203702496703,401.309109118813
406.458700227826,55.8207656915999,429.131147329601,412.51956116927,401.037691325465,422.402760214163,191.684332234334,425.571279293192,204.483380676814,414.841033243343
442.415877564813,73.3118629478944,428.552305278252,434.682578746278,401.387225167194,417.757890368238,209.027945792332,414.356818056469,198.257608905023,417.826165980196
443.495648144158,60.4759107982213,427.776058968922,443.045807456065,429.264701185796,428.497109692717,205.295406000682,421.702172244331,220.720940623231,420.93028867848
420.725347832217,64.3969591438874,415.154987781835,412.663935223295,401.456177056581,404.631032594864,183.200437312105,409.380469962956,192.394122016584,406.591004872225
421.383815842585,64.4355235155307,433.460723502354,445.320665867833,403.502717463936,400.826089075487,210.206805097749,424.835163158636,211.61906113401,430.217260666223
409.63942803345,59.1393541054577,425.65540173289,419.237175482159,402.854379248483,405.264886498439,185.855936273168,399.535566437956,190.727882061913,415.816128929362
446.556434984059,80.0342871004053,434.775300576257,431.842161368735,411.238066014584,434.574680135847,206.28567736938,430.615574783048,218.602966209999,422.315327388117
417.349806640249,53.7428897209379,406.443406619528,407.819421819843,401.762544153872,407.273456296933,187.36507813183,402.80158853842,204.670616566807,407.464246523913
410.002416648877,41.5375184132398,417.231419456721,411.625042428743,405.472639063277,398.374158873045,189.262467324301,407.94965186211,201.824175005154,412.964677930298
417.201045817899,49.3517890183618,411.615147447006,407.888301830864,400.632670288882,406.980716250094,190.585218647052,400.622087531805,198.50117987888,407.743680204986
442.986142653796,64.9597854459087,436.714954471749,437.349005418109,405.225285759569,408.668529310788,203.340731076472,433.496094339352,219.677650136227,430.547067721281
416.603141743455,56.6431846294295,404.536160859823,416.000319345003,402.458360903573,406.608138008664,192.218399960993,403.960351223822,189.943574150465,400.757838178161
419.782918200297,58.8982182013929,413.791058614127,413.422890900284,396.395632060847,416.699522506591,185.219482635152,403.288312231454,198.379029640836,397.783889420534
446.963018382446,75.9158364414532,440.593088403655,442.470194537751,428.681889400561,437.03369652929,205.060532701612,427.825500881258,222.02739857609,419.027409620671
441.244339375108,83.7076054668365,437.995692176667,443.958200820408,424.2098549413,420.091709399366,216.831168234941,429.439930447123,227.397440581627,431.505350006443
414.790971216786,45.116658041364,413.750203431499,416.676715602875,392.03302792947,406.396943329569,188.173403450489,403.166451318515,184.856984338461,403.008210294108
417.767186545429,52.6073585248193,417.356089878684,426.067776575055,387.923385833883,398.663772003526,176.192939301868,412.845193567496,192.63114552433,405.696330694809
411.018929539042,44.4679821672202,413.844638312498,415.679512295817,392.540704419691,396.586405638517,187.801113590133,406.215886731276,188.221934313546,403.742261693381
449.705285501336,77.8939435851065,443.035912474328,446.461108002513,430.88247512885,433.620060512389,218.102783049862,435.673856297983,225.638973410116,436.152771114077
413.379229675706,46.8857817966444,409.502076532541,405.833334130399,388.589230811823,400.148450627651,179.584236733513,396.642321978906,182.440960424078,394.295922905012
405.190486474256,35.0388346378351,411.559827726994,401.822227729326,385.928308179148,392.88861342418,178.159538726696,396.453883376954,182.587914307253,401.085665793598
454.137171009374,79.6084581041131,456.461811782294,444.799917043773,438.425863750474,447.676268370586,218.845396780583,434.632099732247,224.701356308364,447.920842373668
455.774577774163,86.1002645987411,454.733809988876,457.660322160252,433.016634486847,447.380549886946,229.157010007866,444.150057875892,225.840590895838,443.991816851485
