427.745951016287,63.1425827550541,429.557299205941,428.702318826489,413.000657275913,417.840591219329,203.972324897723,421.611506352721,206.838924833272,421.880856774349
422.351783842924,51.3363374165997,414.152299932449,423.893072867235,409.887412024472,419.092390602091,196.917980004578,420.764219377366,198.803024928153,411.063732815295
426.638699948726,59.6641535471296,420.928177247113,426.612478234551,408.929546815566,413.026163737477,193.382317342137,419.37063285887,197.81014805498,410.179554891126
435.754959064985,67.1901524524389,429.746519398788,432.168033790106,417.610102371121,420.962671673985,205.140106877704,428.331206335572,212.691100435933,421.517423371851
431.340576361128,67.0343020863386,430.830768289489,435.475359925956,407.62892186481,420.643055773446,206.495333028611,417.612457438022,202.611539569642,425.338966310608
425.380302251156,62.1731810582337,426.622174396385,425.2192356156,405.533510896726,413.72899492119,206.534337998119,409.829931312991,195.775661662708,412.214839688108
416.561086798022,61.0802333630073,428.427476661366,420.964166982218,404.27384291197,408.683987529481,194.884714050239,408.463029671599,195.351455859202,420.91737656805
433.203938656821,75.2339104961969,422.302564724819,420.23696717154,416.419626180645,416.03964983367,220.188799462628,415.364762448076,218.250341676289,430.666453354214
431.773476794028,79.217537953785,430.179866903293,440.389748520901,410.695120095514,422.672276552667,199.125718516139,416.991811656086,207.976031045245,421.569125040767
432.007544557327,82.827262459826,429.026426825533,436.317418000493,421.289256943513,434.080147809362,196.668443615718,422.01380351649,201.16748358239,430.524435149058
434.833041476401,75.2858057093825,435.698900351169,432.498721620794,418.408865247179,423.718403596384,198.25492386393,428.552768455479,219.825674695744,427.540666002237
413.616592041055,54.0762255785397,433.130513031069,431.799963976551,400.54536086717,420.108572183616,194.638808756441,411.684303552102,198.591035648381,411.618182142805
411.972121043642,54.6498876574736,427.876330276886,416.039569109515,402.394402705522,404.676083844158,199.606379069523,422.267602005583,202.16697879617,404.64017345747
435.622878181242,67.6939899767639,442.486433577465,429.312961045298,418.966338787262,430.68744703294,215.951474087587,425.963259937787,213.43532509124,431.460482699392
439.413235484757,68.9571779594921,433.577388477944,439.582493100544,410.772813776208,431.110948652094,205.601841750125,428.675807799978,213.518717049156,424.450587832354
419.979864105733,42.7749622487136,423.969845031478,425.012283616541,408.810772009488,413.780916756845,191.360179355069,415.195637417278,190.872056786963,405.525371711089
420.959101804817,47.4562921450132,424.713047946937,423.927169436189,405.954749403123,402.586103931597,199.469842973603,414.331094069075,191.100409311234,407.200284100287
431.647669407869,44.1033810893758,419.375375348574,411.97967516774,396.717795438998,418.190009141089,200.958166005708,408.041534409942,202.384906911483,416.777577006306
424.439976330635,58.4093745517918,442.291188572957,445.170963883403,428.681087871391,425.108995387607,209.011721997531,433.120294837549,215.362144980057,422.950021184973
425.301929018133,50.6944328052928,412.51574997447,431.603892639855,390.622119143721,414.604408430451,199.550888584166,411.222895963715,195.710228320505,416.771145242787
448.590565256071,64.6314622836943,425.603101961991,421.463667481718,406.316784471041,426.352165911945,215.172412462937,428.628974837544,213.311788993992,439.321834310743
413.043196134659,55.9628282065216,412.033892466887,414.164563762815,402.513045972162,409.691771718271,189.153401354941,398.80994132826,200.650615720409,401.567728059045
415.756336827858,56.8319575009383,420.465906068216,422.19805761266,392.496868776125,405.93976906915,189.160747722824,409.876923511963,185.416012552723,407.305518422476
443.772236484818,73.8521533235256,447.709933021699,429.58419211641,417.348857288878,416.049516524408,205.308380135956,440.509481183638,218.46610698467,429.759278630779
407.970464264208,44.3567777706213,413.281974015863,413.077459181717,404.69280039399,404.460001638828,185.032685996991,411.237562749737,183.139305998656,405.465246650964
441.261211281763,72.445557497594,442.404842363563,437.499979297515,419.871407511551,430.864315994706,225.473938963738,418.19602419806,211.870798828901,442.345769031696
409.80761887914,49.4202129415834,418.195050357511,415.392273996532,398.987315965102,406.979527967878,189.213332962191,405.011709749691,185.421245415099,399.212240397958
415.913689223715,47.348882611169,409.905249557518,412.326763948837,397.768832529851,401.121401832715,185.298837036434,408.489936494303,192.849830594663,401.676153530581
401.013000914809,46.6434438871373,416.422679750411,415.537493217936,404.467392438704,404.468307443083,181.16020407603,413.527366759971,191.4931065629,398.630697983857
444.055417863781,81.393914390974,439.456485966237,431.722258097452,424.395130674387,437.894745906906,216.379423044948,440.569811778381,220.313053401445,434.987819560062
452.678395106068,80.7657581333077,437.440073010709,436.677413299486,422.786085807974,429.046151979688,220.77262251022,436.763746018112,220.039718895662,424.90495724719
445.014218324244,73.5032837655702,443.827420576464,444.5688274409,423.021357782377,433.96212432861,216.811442078451,432.74037741141,223.320352136613,430.020824732395
402.267936339458,41.9246221126592,416.721127455016,409.160080264338,394.345102020562,405.959119804613,182.371052237796,413.228801300116,187.707366122272,408.193421254139
439.966913775277,77.3865643245107,448.092379659602,443.971205295379,424.257344078267,434.220436677041,219.11940792779,428.766799975369,221.977159904261,443.737268413677
445.378169186533,66.721378710035,452.020550254439,437.516242357823,432.553547549909,439.205580551074,224.315930981456,427.672986381556,216.686154613256,436.090112329021
450.184973494999,72.4811577434442,443.549141897063,449.272576756718,422.216111441416,427.965472794433,208.939498974968,443.859156646131,229.081714652634,422.201605090516
439.808491022869,83.3179605311692,445.343480554114,442.32599959405,427.704600858857,444.58230821041,217.958479624004,441.193697696385,223.034018606819,432.265386538722
448.719478205974,90.2157720570058,445.654167306436,442.326763948836,427.431414911732,431.987498698812,216.551425028152,436.63312432499,228.209085407699,441.561349285342
453.026950743907,89.7499422168583,447.318975350093,442.475944541568,431.292430573509,444.317654850618,214.238986442028,435.146046550948,221.77292393516,436.447011597868
452.906172809229,77.7873973315316,452.744783717982,449.772570103492,426.112269277916,444.645035596115,228.88291615268,441.952068320476,225.060643872934,445.547418276147
