422.777324859982,63.0818968669773,419.508767351743,413.261282337736,416.729390038142,415.953039470701,199.31516259474,416.130029144291,202.575525939961,417.804416907363
428.031996732925,72.8813424235316,414.539240283673,415.781838203749,421.175485030151,417.151070399946,202.844477114004,419.757661381161,196.302551560806,420.991504907869
422.476262534112,62.2997098795591,418.265748693968,414.879987707002,414.029833865522,414.571289524216,195.793137660014,412.970155809728,195.150003544731,418.309415696907
430.313775690774,66.9634768921165,419.372598563371,415.073713177194,414.002900015059,414.502347051697,196.255963846102,415.401537916176,196.565613796548,419.144669153129
423.102352561284,68.9741550841834,432.451129220856,425.903185461204,425.53010686096,431.47960689855,196.552726796155,426.771502031111,207.526390158362,417.729537809925
422.296977097227,78.9024187871845,429.134653107719,411.266355045963,418.030929398654,420.403872608283,200.11487230047,426.138175119588,209.24194094953,421.336635099195
424.035142735486,69.9965105912717,419.71192774281,420.159238877563,408.40565211723,421.774511315591,197.091642877411,424.18891357066,217.75885852922,416.298240100001
421.024712466184,63.5670861808595,420.579770243807,409.192010538828,407.580184215085,414.951309903812,199.584762037535,412.862370273919,204.661788277774,415.37289464118
430.72268759097,75.8974748339394,429.861359779581,414.33491053415,422.6523654336,427.984374395684,205.215961307073,416.413963047618,211.519317461434,424.702526653143
420.296014170658,70.2884569785162,415.593295209062,416.756970099368,426.250588172141,430.03423286066,197.073110766654,414.243629199548,208.959041596374,434.98470736378
431.689213310632,68.6610330347754,428.337843689727,425.426391885387,422.935686282825,431.82026192586,207.243519339404,427.106429487986,205.936594981836,433.417558190546
432.755178287095,74.5723744413189,416.254324030555,416.367643748115,409.642594432417,426.794470152344,198.024524331773,420.889058654891,213.233197983159,421.001315032084
411.883783876344,58.0482980583047,422.755786343229,420.738522107419,415.117782107359,417.219942914828,184.526597352646,423.572175960584,205.626144867405,418.683196336273
435.357941923425,66.2143702827692,432.769565487861,424.80365182914,418.433826819133,419.931955104454,206.803120044043,422.512140542552,210.285565534728,432.940458953905
425.659773831907,78.7334516633804,430.403221848677,419.241933105633,430.368069337209,418.413034650812,209.022853623336,429.192341167163,212.044188431638,428.029344495872
420.689227251809,56.8208068608913,423.080088288403,409.421036686936,413.651100942321,404.827216828062,202.839642740533,419.869349033728,198.609313138968,413.21928763967
437.542554217519,64.3085487706801,421.247618922975,430.673617609608,415.65400147962,432.787805832335,213.64588328917,417.74114817614,203.957989451953,422.820172116061
439.401380198226,79.0499908870274,427.230703637462,422.104649296118,424.499083221166,419.803449681044,204.508491182599,426.044520887404,211.500894247925,422.838340662609
439.050732159115,58.5951577750022,426.894657942667,416.121242364456,420.460845237987,424.290990108629,206.768551907662,419.122167757953,207.917752790919,435.172149875242
432.349399100444,72.0121460629231,427.69475968041,410.0858575214,412.974668901608,407.283628166864,199.887326456974,417.946067178263,194.879314770488,419.462735310889
433.001819784457,79.2150735769154,421.807468201448,430.960390348703,413.956755958917,427.133820149302,206.780684978031,421.760551312153,209.424986621237,432.276907692278
430.826123739835,76.1158268873221,427.424483678583,425.503869622341,422.932423685717,429.099671312507,199.363544004274,431.314359627404,221.292520500432,419.968983206404
421.090962127315,58.8434634527067,411.923743068438,408.015875796987,401.094668255343,414.820815324861,192.023871071294,419.73210893396,198.353032059941,419.212358280311
419.775146855897,55.4440316990841,419.648645032058,413.971227256257,405.548069658567,413.359608923222,194.171377408981,413.160995504385,184.963290113742,412.922811412249
425.401595581179,67.1359025657565,441.59686892477,424.797652120748,423.560800713701,424.582661457059,214.577653167061,430.311265920352,217.182548599381,437.303587596278
445.223126835812,76.0717350461762,435.463004191271,418.607781596759,432.238693060012,422.921745345365,206.212817480353,430.875026672108,211.408701158719,425.916400253843
411.191776471685,61.8307736564508,407.200625771847,405.05223913222,415.901275309419,412.40352112399,192.510587361899,406.395170347528,197.342475187117,404.208089173972
438.087859154258,80.2146158625945,437.246265622519,428.972022090565,425.578581858352,438.021534373524,208.250822910817,431.727484130479,212.382541606853,425.936450050831
412.383778682086,54.7021781759607,409.106719870153,399.703815635441,409.770019252654,402.193714988712,209.306570011772,417.607967765255,191.872958282952,424.486352673712
444.577315417585,76.4752727529935,432.744883416232,429.02738627157,433.837265568576,430.681630960519,214.822721565664,434.076318693362,215.81532628409,430.537176966226
435.738745708405,67.5902827911291,435.044706074897,436.205624979102,430.252138844769,429.507556803033,216.159479513144,428.173095428382,223.412258172076,437.767165801922
413.009518112145,61.4241991649477,409.587843862959,405.471539451989,398.107073335755,406.789162339917,188.7859575445,406.702617150721,201.956947428366,410.554563496365
433.497933845746,73.3132975125107,439.928064208494,429.491227619999,435.94094157275,428.927330323164,218.454485234639,427.367415473126,227.157174916402,434.966975711655
417.096399387051,52.6203109209324,412.070583161779,394.570219180815,413.662783562033,402.923129919575,186.196767367191,405.832043884201,182.948489982139,409.635686599087
420.48263990544,53.4200146906883,407.922216883982,398.317057061015,404.460915282234,402.190108686762,184.111619640689,400.232228853738,192.075268039924,414.706536719257
441.133262587838,88.8055466591395,432.250057603417,429.420050153979,434.911871590935,433.680210223331,215.72803208424,436.062570174796,221.586173164462,439.595386596265
406.862105698581,53.6251783042642,406.07321264647,397.84072925553,400.15058334505,405.410984180704,192.158095857034,402.560717919374,187.267494417615,401.813103107957
419.500467439683,48.463780918739,394.237204781218,401.255938815931,392.443109693203,403.889588925926,178.64114245358,407.344657443892,182.596089906414,409.657666313851
411.229806225125,47.8795074264676,400.288629097722,395.989743711545,394.91893054941,395.418377586048,177.171994380453,396.317568450528,177.481644330899,400.06069968748
401.036512866627,43.7560525760045,395.363414976293,389.79837836403,388.72530860578,395.268998168857,173.918251383409,395.209552530231,184.748749183232,393.874575977864
