422.777324859982,63.0818968669773,419.508767351743,413.261282337736,416.729390038142,415.953039470701,199.31516259474,416.130029144291,202.575525939961,417.804416907363
430.43259200712,71.6482563647859,428.377516487131,421.116652214151,421.153985948247,426.987286922113,203.782992752779,423.928756637385,207.479033773407,421.870433479097
418.506952617014,74.7872399103554,424.126822253791,423.293210099006,408.411566398471,421.373958405874,200.397007766253,420.313942431084,210.010021296195,421.691583126712
427.563361980213,67.5470214649502,423.601763516077,411.673569929568,414.852029469875,411.618333818783,199.601244525857,417.038048161277,198.727420355225,418.633576109126
432.639872221576,77.1501696702361,431.699918313113,421.850773901081,421.574722427204,417.361951902589,203.672316565054,420.215922306512,202.003927130936,420.3883513274
422.089931280414,71.5183001477317,421.410016338221,416.222808726848,420.351977372671,411.955458916136,217.372517295942,422.913485882239,210.24507544479,427.063945396598
430.818930087546,67.3349063360612,417.830170053338,412.502282407474,413.8589083265,412.641300171692,201.433935001828,409.261282824527,203.963966435329,413.659794799943
414.541808974456,79.1451182185793,420.605871172625,415.797705030088,415.778461364952,415.957310093447,200.715387901218,412.938250130273,197.866029396372,409.942634525284
435.708248176844,73.4085676057295,424.554639048474,413.47948815827,411.279453389167,429.065378576233,200.30773575695,422.363693152601,205.083643375413,425.137175472625
413.905248269631,61.6157627094763,423.553245805702,401.862135385257,422.582951247897,421.199529118311,208.53627969978,420.05478784483,194.039551931285,419.735940904724
431.979531049275,63.1299885670861,415.850144218622,406.787144883165,413.809883965341,409.343730110302,193.648372720168,415.313542644861,209.878101067535,426.254726013884
426.169923086774,69.287398205327,411.291157455471,411.195436562234,412.45887235525,405.147374222823,194.689155723394,428.817129295197,209.870097122902,428.249862815196
414.896361077644,57.594886549998,414.066947274046,402.137265079119,417.374879187872,408.08036936989,201.865255930701,414.393709227825,195.555206525599,420.659234467843
420.674565107212,55.0981513750023,407.699585081221,407.26644649883,410.9724436279,409.63866790524,193.578226816689,416.314818847751,200.12251333389,417.464904724063
431.152067613531,56.7314467628474,425.303373473579,407.703474089599,417.484753828315,411.695434389164,197.343307354568,411.424722740375,191.464929658125,408.6749291682
438.963270933791,62.1486207363464,415.030318112174,416.924855593461,415.797914840862,412.322667146567,212.597642375168,403.348709173733,201.644037257403,426.924228520342
415.372203465848,51.2666841514348,407.068361371566,416.65480445665,411.896890792584,412.482468138798,196.935429240319,421.166784002559,202.63862903626,437.559526204679
439.030911626432,61.9105684873706,430.416719862213,429.712160992684,427.162938705886,431.208489290774,212.511554220898,423.65226925002,210.573343910895,434.204332774018
412.866991133813,54.3873263078424,414.591663006142,413.871023706056,398.289935191315,424.565249076103,201.351335014835,414.055100046877,192.916419058474,425.709933974488
435.31129586451,77.6085744952532,430.785671562054,416.408418414416,423.220598884956,429.475476675926,208.410264962785,434.399159272388,213.781810409615,432.934751124587
436.484438491723,76.3958866283491,433.05019749569,422.056582216416,422.871754979218,428.594901552026,208.960417857262,431.340831993442,210.657894776696,437.851919754939
415.003413321269,63.2857305640184,417.717166640704,401.390151737614,411.939492720515,417.30169499453,187.731337659234,409.402164821916,207.725269011443,408.470033390217
435.173954606601,80.2916409168262,427.860422514111,427.908609998136,423.459956115413,435.595238216649,206.204489442952,432.859947000022,218.310862341205,426.586735274465
425.048076712927,53.8160335943215,421.02283274879,407.030797323912,405.482881150267,415.085879201128,182.175527541932,420.731763763838,203.669560410279,410.145441315625
415.045887641408,57.9247744072369,407.769613881773,400.776605579297,405.533466645379,413.234962448067,194.708523917868,410.739046109524,202.802846599067,412.809832212851
418.192908872911,61.4819787602666,419.959330341201,407.658189255652,408.467270498293,419.126976992226,180.991815420719,417.166250329904,198.09369687987,402.439331635831
426.971505919607,61.3627295663726,415.184255098568,398.56168181768,404.65389427174,410.47049176185,190.13154755616,413.0083898763,194.518666146471,413.372633348184
444.511542107062,63.205951563414,435.827975273468,418.373922283756,431.85269339564,423.610850515343,220.087311796656,425.660992849653,212.707612735505,434.905791808811
440.515834948482,83.2486535721147,428.233875352353,436.315381797765,425.864958520415,423.038645121007,206.414927153389,425.532905511489,224.488712269055,430.367366845275
409.912599494303,53.5811461012125,407.478537841732,405.499371680113,409.416966762955,407.83814237878,187.771978135832,409.163056183987,189.034559542003,410.725395235873
448.450504379358,62.4854311418066,436.013655606207,419.282630578828,421.937363627369,436.355781023431,204.013108222452,433.535189360213,210.376058557359,441.057047960067
445.794980890501,73.3213096901358,432.197924768417,421.097233830597,426.170875213822,431.345359346343,215.936763763129,418.978912303936,220.786654905456,444.20578094751
415.582138177658,53.144398533111,419.2832173494,397.781089190923,400.769805695106,402.639497307148,190.415594624939,404.368522693546,201.328144067635,414.079714948251
440.873537433042,79.902074099236,434.655649149485,429.577973006755,427.851423086136,434.326321337175,214.608910772411,436.870462978519,219.403672939345,437.447781533231
443.529367797984,90.0129858323225,428.86984309959,429.139240220902,434.939598266839,437.928512958905,211.440092637296,435.565996629241,220.993505523691,438.169598721511
414.042729352234,55.4386902608521,407.917681235046,407.087442703725,398.089518324232,409.468366791721,180.788564452065,400.04386365192,184.867131049862,403.663997749447
407.862330360514,50.6594679377558,404.527231575769,400.443182040645,400.891512922535,403.58696145221,180.399959360113,404.782800446454,192.994629280803,399.94730611749
446.828966261613,90.0878791613403,439.597511715989,441.050230282614,434.282466937923,440.482823749396,221.98731772578,437.884684167616,224.939650219993,443.980056239214
452.616714078177,88.7179787493793,445.066219323382,440.083728244047,444.222721742753,442.256729155004,226.008336019596,444.04256785822,228.13482005142,443.110190876189
400.997468184122,38.9117099545609,396.850281317367,384.976356819882,396.256692860694,390.498690755745,173.816571041572,392.041642574852,173.822614021656,394.780657813831
