439.901092618867,92.4321046812079,460.528498554597,436.644611195823,468.270315714074,471.656108614327,198.977670585343,394.511836956719,210.551183867681,458.741258140834
455.296961668315,118.854646931239,440.792747831896,452.754517828886,452.405473571112,457.48416292149,110.599748497206,378.504015884545,225.192701018425,438.111887211252
439.901092618867,92.4321046812079,460.528498554597,436.644611195823,468.270315714074,471.656108614327,198.977670585343,394.511836956719,210.551183867681,458.741258140834
339.499047390029,78.067670893685,450.282596915253,337.4804003435,398.783097877333,472.670610655172,234.909179502563,388.313934732231,136.756301535543,453.852849935086
339.499047390029,78.067670893685,450.282596915253,337.4804003435,398.783097877333,472.670610655172,234.909179502563,388.313934732231,136.756301535543,453.852849935086
82.8537721158851,51.1180131249177,455.264249277299,392.415629313607,418.917766552689,452.49472097383,268.491071952748,318.313687619779,1.42683697858499,68.6563433561315
-103.900577066476,-482.809622865359,-66.9076663853486,-102.962675877611,-123.89485827468,-14.1719456928366,-296.093546546589,-107.591847370989,-294.830216869413,-120.852719347812
439.901092618867,92.4321046812079,460.528498554597,436.644611195823,468.270315714074,471.656108614327,198.977670585343,394.511836956719,210.551183867681,458.741258140834
439.901092618867,92.4321046812079,460.528498554597,436.644611195823,468.270315714074,471.656108614327,198.977670585343,394.511836956719,210.551183867681,458.741258140834
415.519623038323,279.029931461009,460.528498554597,418.011725568332,422.849061947605,471.656108614327,-58.5942720133629,431.248097406185,128.23179001853,204.240919469316
256.877832978583,-28.5757614751896,426.630193469851,219.797670972658,453.830216447795,310.941822900041,13.8280756787224,408.887412598313,266.796646476133,409.563805495935
104.525472946891,319.154977692138,397.226942472711,208.804872446634,226.142776249815,496.720686309135,33.6993616084612,368.743736035813,92.1176971969983,396.101021347911
63.271816440901,-91.7552249800004,126.70601809572,138.994314133191,184.835683825377,202.078944970823,-150.511164707328,192.001738000044,-116.751721944971,71.4215466023728
268.625151007771,-237.606052111397,409.481372336576,500,416.753069408151,48.6098000207065,-481.185316432751,391.039852827558,167.298054351231,500
-49.5800230064309,202.480267267428,328.09033623382,273.950375092137,403.489996566715,450.113768592878,266.155501959338,212.59330248066,-170.3281131779,465.857115556904
500,63.6411309067396,500,500,432.708731430611,84.841372910316,65.8586969901949,430.855177834754,358.620073539192,406.82534015735
327.917604751705,-154.238194293931,397.378047900366,350.525696215413,167.771808391987,74.0633484248105,-112.760213213256,21.4404106935272,-120.917173391152,239.147280652188
96.0994229335236,-360.587400643137,217.178060928833,500,407.718044951127,168.067111546221,150.087009008967,398.787737955965,349.109177069981,500
174.120067541486,26.7442634064238,144.302965864524,477.801832932956,226.142776249815,363.66746502062,149.488835292672,471.918339210416,128.002864661113,211.685436932327
-87.5842859433042,-241.932329106315,0.282596915252725,198.591511454611,65.4497645439995,7.15336927586117,10.7712484680805,162.507483119328,-259.795422602388,37.1861832684189
-326.515354473907,-500,-355.765111011806,-325.322649596107,-324.405399676223,-274.019957803116,-500,-337.431437879708,-482.516166219161,-392.821241859166
393.082730217479,-106.881473490935,477.310400011008,500,500,200.394062091054,20.2255638570618,373.928770908347,150.242973108118,443.314296140188
415.519623038323,279.029931461009,460.528498554597,418.011725568332,422.849061947605,471.656108614327,-58.5942720133629,431.248097406185,128.231790018531,204.240919469316
-48.3241679384033,-117.850322665149,-108.465055854598,-3.14414552139189,251.593693657308,263.401910561126,-338.343721298462,30.1088739470734,-290.932717760444,121.356810371631
61.7212696122514,-221.932329106315,-23.401613611063,212.4804003435,382.910082004317,89.3372773218382,-215.090820497437,50.0786406145838,57.8089331144905,-32.2582611760255
56.9105857208328,-62.3445029809407,224.089623882123,362.220887434163,140.918756443758,344.959188666496,-106.322302616548,161.277374705244,444.928949630249,274.672350782588
500,24.2131313325007,242.210739743363,305.946431680274,500,-14.6883552873157,-263.163130285565,386.059897746796,-95.2593706882601,431.443555693026
228.876122297541,77.6063323719411,157.255802501571,410.402616807536,418.093533825573,500,298.762601046811,182.253416637613,147.349644466963,368.296379181567
-207.70224675182,-500,-207.247057131746,-316.483006429306,-266.907489890552,-327.454560309753,-434.021906535664,-297.195531698696,-500,-262.946696836459
469.950546309433,296.216052340604,480.264249277299,424.673693829736,484.135157857037,485.828054307163,294.806861426433,399.39476870086,321.426836978585,479.370629070417
469.950546309433,296.216052340604,480.264249277299,424.673693829736,484.135157857037,485.828054307163,294.806861426433,399.39476870086,321.426836978585,479.370629070417
164.895825334966,84.2499655461662,242.674555902267,-158.92270112014,246.125706879503,174.407304786576,-91.9397053082355,-19.6362356640568,-13.7786645946067,341.057731914513
-207.70224675182,-500,-207.247057131746,-316.483006429306,-266.907489890552,-327.454560309753,-434.021906535664,-297.195531698696,-500,-262.946696836459
469.950546309433,275.820618086227,471.904994605603,468.322305597912,484.135157857037,288.855600552592,141.984823116321,411.807558787135,355.27559193384,445.618443605626
306.761245304615,-500,120.473230235128,443.937386990913,-144.367281221449,96.7206863091352,-500,151.963690684339,-102.22440806616,289.81017601557
143.970250804078,134.053890178442,-74.3821690427529,261.374503218867,370.498794220674,206.814712193983,-301.224412848757,-100.163260892512,-330.769405335347,-37.3559839992026
469.950546309433,-10.2355605626219,-67.7435230623302,207.937990778005,402.755339315658,431.774000253109,312.352375406166,415.204636427077,93.746106327835,32.9420576418458
237.376887126949,427.123617146203,500,500,500,454.944551110599,500,414.43031347748,285.020658409729,500
368.723773428345,178.751479008432,500,435.134973548383,500,413.370814382717,22.5614440525383,500,462.054234773285,313.903868540587
500,500,500,412.702776463648,500,500,390.636052267522,404.277700445001,432.302490089489,500
