420.309010032603,69.8180463559225,426.668820916739,423.154763337636,422.390295299844,423.088833398029,206.949673327846,421.224743599645,208.283229555902,414.583147647344
428.146689170295,68.687034597084,422.944359209663,424.565471808509,426.672468914794,422.116098584348,206.075288009541,421.347603953358,207.545827526609,408.128016690122
423.933761522425,61.3170589401707,418.730250808122,411.474723664105,423.225413440912,422.965160669331,214.33713967149,413.468193486292,198.580923355275,418.38581607148
410.983272944351,62.2170139881455,412.692607038997,412.711069456902,413.290702375882,417.620428064872,205.660628416582,416.076953039496,203.281152662423,412.435746005407
417.367047201172,59.49900326674,419.484488847434,413.66271982788,421.265533408942,422.884210716042,200.657553450016,411.212421090121,213.654906072798,410.449504793905
423.766063995406,76.2815480888988,423.389412341935,421.275033389838,420.310486606649,422.493604232144,212.459468086699,429.919022794438,215.40916957752,423.039669447492
427.718624510123,71.6133405608649,425.265420624398,422.709003594148,427.419076055592,419.085285666074,200.332105392833,432.732670484607,210.905001115319,412.02451723658
427.43181988925,69.5251572024479,420.260996061183,427.994571549084,425.515061507386,410.287649255899,200.83069504565,415.373888302223,199.997041627308,408.493513766145
423.378825502916,66.4192914875937,429.930721266534,420.373171276524,410.327540378211,427.992221880742,195.772750135808,415.606382324588,205.444540773953,409.663900488082
415.060348323199,61.8246774882742,418.625635128892,429.611434276871,431.672697065299,422.884250377862,205.499535334468,426.70965811892,189.92512858563,415.271494657565
420.426600257622,64.1613848924394,428.886007867383,421.254314911358,411.767904071367,415.390726049337,198.395389298307,408.511485957301,208.311742253376,409.32072166184
425.756543551783,79.3801495920607,423.106154489582,426.160540433255,429.505954490524,423.640914062475,214.142701743062,422.815636167068,213.750307815486,419.121967148761
423.754945648117,66.3096572197066,418.912815704435,430.680259532492,425.664238462119,415.662675464258,211.975856122091,429.908427708147,201.862895917752,405.298798583126
418.747189678156,71.2420286632721,425.039427900064,420.935119297559,421.940020127946,432.992572958551,203.07681912879,434.124900843107,219.355943334781,425.632767906225
426.99038352383,70.585401666878,423.402747378767,426.067855155384,435.50941730293,422.235490782052,218.61268897167,418.527137141727,214.06959261753,428.624891125369
434.375871698241,74.8730737744167,437.772629491802,420.151997066417,430.13739065903,419.293755928657,211.316732663467,422.921217047484,208.83521497234,418.861015689028
429.623060628654,76.657142847043,434.498823754928,426.757850926742,429.299785627931,425.092649140337,208.445430305057,426.205269608598,217.14477694451,423.424876154302
412.304517101853,64.4665205479969,409.927607977702,412.556195347428,412.411050118541,411.317280905509,209.353429712411,415.869937080448,193.860891853273,408.563162730308
426.841638071112,72.6162872173573,431.956144176232,429.332235497395,430.524792668202,431.917634383612,210.287183079645,423.395656957568,218.144243895469,417.47377043886
413.809941542308,53.0853833288371,423.629229508948,409.551834089178,408.28006324649,413.485675237099,198.46115215505,419.497421533471,197.147193097827,408.671403264797
431.845403017008,57.2372957261795,424.645255166613,421.269313802898,420.543673170519,411.487893844939,206.622922671559,416.767996743306,196.82195282087,399.207315655162
427.684372089946,89.0433715231458,428.974147967086,424.814980067359,430.185826087582,417.837019019334,210.361758785202,421.718025258839,211.92733048787,423.118760687514
428.524489187971,77.3092331902212,433.089072925663,438.886901291773,424.932059998848,422.002123777345,212.965598682884,427.098644254343,210.857385628998,419.144023201146
430.365039415618,73.0449044492419,433.497757472278,432.399168247401,432.788401188522,432.15829134092,208.240183612642,434.024556060163,203.629359882454,413.901648473477
427.074106680446,84.5127736037931,437.990413381287,427.85246940942,429.229446440677,428.04768768826,207.882553590566,418.880641690815,214.494971850306,412.437705872323
430.895873279785,84.2657549293517,428.883577107264,437.128359804549,426.264832164953,425.848277623498,213.097873815159,434.774582846834,210.145134916747,425.085381225838
412.253180630016,57.453179928319,416.372615966202,413.461236767421,400.934266456636,412.630157330139,184.624976382429,413.62776547551,199.104525557894,407.52709600615
416.147697073276,58.8130800322323,405.873709414003,415.523421532945,405.894461794583,409.567413425968,195.488746831032,412.039323868691,189.774764546377,403.021068851448
444.60759452009,78.6076695177189,427.775277084059,434.123416850325,428.096970339295,426.525269660186,217.77119444229,428.11398571974,214.368439612379,421.773240861662
408.323119552593,54.0977686988388,413.437625657714,410.813716978877,412.006274149683,413.399115865094,191.768664561127,404.877138439049,199.625725376951,398.955251920342
409.744514328247,62.3202264620322,407.79989108142,406.853932599141,410.992053012118,402.709522409504,191.244718296289,409.115553988661,192.370518823887,403.920010659934
425.985660036239,79.0805697441665,431.843281679871,447.218578228101,429.35125191804,434.405110318262,213.514295527877,438.665027913749,207.552542324155,417.67797381843
431.887542953243,76.5360465644466,446.693202572921,430.62883213986,430.887652002854,429.320350492064,217.103127463692,437.94768998374,215.68749810872,429.236237144662
434.998604561411,77.5178162180097,442.544344941267,428.650020781832,439.554927854345,428.761938504036,215.902112547532,436.395401047325,219.25014117674,425.088706127245
437.635940461365,88.2603624854955,434.279079992494,440.951116683257,436.385177900032,424.659112282166,229.473129937914,430.047739965926,217.839500202764,425.200174431063
435.987374732496,91.2757079347696,436.62551202968,432.88067595504,431.10535725301,432.878109784386,228.380596385235,434.766551386707,225.898462221827,426.458392781692
439.598053040599,77.381941472961,444.717657124313,431.063702620654,433.195136937375,441.28523558098,223.694565025509,441.017721299159,220.984048076225,428.354813456097
438.339979271748,84.345223607263,439.096210784583,441.488223015061,434.312181560725,447.955693218359,224.210814997863,432.930580953055,218.667314940928,435.269192877732
446.665207688814,87.2055531156025,441.462877728181,443.083990327027,445.190987433312,440.634617102867,224.59380652806,439.866122471877,226.064346045128,426.64653520864
400.948716857164,46.3688774503538,400.083131466558,398.633012905727,399.243985204164,398.5086389302,187.322778371414,393.186006537439,186.291814839752,396.217483717962
