420.309010032603,69.8180463559225,426.668820916739,423.154763337636,422.390295299844,423.088833398029,206.949673327846,421.224743599645,208.283229555902,414.583147647344
416.895337532147,66.2303987018126,421.157779896668,420.814517229139,423.837363642444,426.273853968192,197.862812020943,418.029650601245,204.389948570641,409.633575858664
420.954702905381,71.7640185975148,424.218150942897,418.180940780315,424.390338647974,427.309726501593,201.250154514512,422.916488022249,204.374181138168,408.197613398546
420.954702905381,71.7640185975148,424.218150942897,418.180940780315,424.390338647974,427.309726501593,201.250154514512,422.916488022249,204.374181138168,408.197613398546
417.809393162613,64.6239274313312,419.326537178495,415.131811342439,414.693216463621,417.352725413972,209.166932073971,418.660018721722,207.605721563692,408.454720645587
410.085973839722,73.6579188863947,422.53821240726,413.696776794274,417.885542926763,418.413706602614,200.816729647631,425.244668017963,204.502523381408,408.30939732493
411.611761293726,60.2975310228715,419.033846288242,415.966146852803,415.655152549328,414.230520341989,205.442002435928,416.782194922286,197.148832270687,407.958461897079
406.480452418849,69.048408501843,424.105840732661,416.58129086595,422.826443304215,422.762096165604,203.225998636422,422.436690239825,204.283305900111,406.538167403106
420.093050784547,75.0960865966873,422.259611309784,423.777850286093,424.492944225611,424.027723014402,207.250719666922,420.064455563925,210.679492336291,403.300696721423
415.132605509625,58.0114679277113,431.092374983124,432.693689636721,417.053613949954,419.217133745209,210.648157339065,427.267515575721,213.179846499435,425.734894433535
424.802281418279,79.4342920074586,431.981413390913,420.052377782134,416.657940628972,421.818946408676,204.531097456087,427.631852511074,215.707967929359,414.260978856684
411.209383633099,52.9157999424331,413.886893082144,421.291725765801,418.463168831809,415.053181851739,201.978391469112,421.949877186236,210.882919465328,405.406374311084
413.882984178487,72.7634075914242,425.215526689727,424.413452139466,410.31394772693,416.486663127368,207.639411219047,417.233298582546,210.048177038775,403.329744187342
425.69863115994,78.1095908929207,434.814522279965,424.37564635302,422.98460259621,425.682996296715,211.743815280285,426.080981695593,205.009925421516,408.062595274328
425.69863115994,78.1095908929207,434.814522279965,424.37564635302,422.98460259621,425.682996296715,211.743815280285,426.080981695593,205.009925421516,408.062595274328
416.088227980149,65.3585162870764,427.153762601609,431.528384797877,415.551776554114,427.573815232826,204.829903053521,416.171178432944,223.954684406754,419.964549967591
417.416593884357,64.0275062745941,429.883440390303,424.867259956792,412.726227062916,416.860852729441,199.746286542619,408.479838381959,193.708897362889,405.440600385674
423.253299021066,77.8585162870764,432.304373570634,430.9351912699,425.841898037489,429.957491815588,212.365309139652,425.999076983668,215.331993463896,420.596501433719
423.253299021066,77.8585162870764,432.304373570634,430.9351912699,425.841898037489,429.957491815588,212.365309139652,425.999076983668,215.331993463896,420.596501433719
429.315906918759,73.8953058950425,436.295445628887,427.238911794808,427.054447769883,436.367697516085,206.795851053997,423.369386572974,210.961796421435,417.530068383175
417.038657754279,77.9173727551085,411.250788372976,428.696069153907,414.48847969026,425.446412881211,202.032757451182,408.647345082792,205.790985837485,405.787235890559
415.385675696398,64.1815719247249,418.255912752437,420.982257433111,413.751190512793,431.431263301803,182.052535341101,425.344541542871,212.456567435122,414.37968948466
428.156894324884,77.4127034273763,427.768371175082,433.885255863191,424.364989923799,439.057712617607,206.752463852894,422.127759463714,213.53566247073,413.878299378115
433.803550092534,70.0731742837186,430.474550083004,430.938131892396,439.444944467416,438.767607091631,212.959430378431,429.675613334164,211.801015764317,424.214699930774
408.592197435529,62.7240873413638,420.092136247905,405.663002077624,411.295557622377,412.549655461385,183.370058397754,411.442035317977,198.07681725751,404.561112090548
425.051304262773,82.4240133596207,434.656132517591,436.628775930081,421.19172588097,437.605407389558,205.222141592991,429.655939817981,223.571557042298,419.111634620902
429.376320572792,82.0354993519876,436.048728830937,427.729852856102,435.258620409869,429.94851196446,220.65506503709,430.801601007043,218.899744386201,430.383956590179
407.512252606775,48.2190742312146,407.36515395171,407.523609823772,406.71228751571,407.806805040145,192.273422525013,405.37571745759,197.764478685718,401.468126043914
405.989572388179,55.6391459297038,409.640394865806,403.363752397857,406.597181534835,410.607331936192,193.046884205569,404.937155903334,193.288057739919,399.987447404326
430.144161760159,76.8687654949212,432.551733314228,427.276795876118,441.398859643149,443.642285047871,215.691811741801,430.817073087599,224.260474757217,424.691004716579
428.076423982744,84.6764381182014,447.76155775285,441.477712259556,431.100349323525,430.990185357158,209.779426103659,429.711729976458,217.017323162998,424.031625297057
436.373258366535,82.2872341694511,433.671380619195,435.477823885386,439.761883940832,427.782153956192,216.647731081605,443.451840597476,217.555905223319,428.258678437153
425.399510276378,83.6365108835905,436.059476991409,432.236035006552,429.003741412791,443.468808174817,219.858478408468,434.699060665239,225.975518357437,418.103389433311
440.120948258949,71.9962481442581,431.304077347155,440.461686240109,441.132577370783,429.83970750783,225.674690640955,433.246397502183,226.834246127578,426.087226749971
435.522781738335,88.2069928496005,434.622648860316,443.345006353903,431.934139383644,438.203750998927,220.230752789347,427.898445017644,226.369614211368,421.27792380738
432.997105533861,88.0831467135892,434.677821843027,440.315804505213,432.595137643651,438.915909994839,217.372368762765,442.644499702706,228.224182195944,417.922761124492
435.011279561133,84.3463407307981,439.273721925654,438.930459258125,441.95330567143,444.389795997178,215.978754049928,436.14559263023,222.505890599627,427.74951788765
435.011279561133,84.3463407307981,439.273721925654,438.930459258125,441.95330567143,444.389795997178,215.978754049928,436.14559263023,222.505890599627,427.74951788765
442.22145644615,91.8710299876748,445.872278923777,439.595636455828,442.829065592806,446.839215994163,229.27876826354,441.169039961305,229.51994179789,436.219331462297
442.22145644615,91.8710299876748,445.872278923777,439.595636455828,442.829065592806,446.839215994163,229.27876826354,441.169039961305,229.51994179789,436.219331462297
