420.309010032603,69.8180463559225,426.668820916739,423.154763337636,422.390295299844,423.088833398029,206.949673327846,421.224743599645,208.283229555902,414.583147647344
419.99607348761,55.1361323692824,424.990705723315,422.731578737812,413.825877972712,418.675137130472,202.514188527935,416.674235976867,210.999781621252,416.046602004072
420.623466141705,76.1883387081066,425.060074370551,421.19037868796,426.971635762806,423.20610020957,199.425315065974,421.745662574737,208.1422308212,410.712958748431
423.814739810539,68.7612541892681,426.486608216133,413.204552818767,418.814256672006,410.68680356563,207.875730912372,415.984075266808,207.561915353663,411.700136917787
417.837778530034,77.8919115905836,428.989256995378,421.77399123243,423.756907984682,421.129382382237,206.504713238163,421.04605601177,210.825331768768,412.077577668287
412.198085376682,62.6541989210264,416.332803174372,418.355771325201,416.007866425236,418.949713129468,199.14604852303,411.259974164036,199.374065482207,409.452453510957
411.17365254678,64.2968888704644,421.921965952448,419.412793504133,415.023884489867,415.181259498252,208.842120387782,413.266844651542,200.579226687819,407.500822181697
421.176524925813,72.5840848630378,430.322346513928,426.834371668901,418.012160344936,425.290575952225,211.397211807478,424.550460674317,215.762835720209,414.579723630759
432.035713533725,73.9719339858856,428.507357511244,426.644988712108,427.596419931945,424.597094833324,204.775112378905,421.468745784123,214.197251201063,423.765190262274
415.794100635104,70.1258841088455,430.303469307293,420.712879144653,418.047471078616,421.891090640029,203.879759845305,409.112732509929,210.944792209018,409.256006392037
423.419652467701,69.3551550465019,432.810863912101,426.313075117329,427.117836813563,423.812127595271,216.028479733287,420.295517589773,215.129167834925,420.013005702255
424.187206426744,72.5788816744839,432.617721249205,425.734906754702,424.371348147174,431.580424067611,209.98399230582,421.99034445669,215.413017978269,421.565445483933
414.010003138557,64.3123700876887,425.149671000663,419.742863887047,417.34053216049,428.303440919159,194.246002009669,412.262174500189,205.604620589894,405.473215500273
416.954978151075,57.9223281800045,414.86499063104,426.280293654716,417.125635522241,414.763093682721,204.477993679127,415.299766872282,211.990389666188,403.744420242264
418.168454492945,73.2173168792485,430.153484642938,429.812814749101,416.003476650812,418.929760349388,199.935303777279,433.955128766929,214.285294349051,415.17570670484
411.818762908477,61.8191405874552,418.502015544661,417.250319531657,412.101994860302,409.248698208219,200.758913935138,406.819964220417,207.340849904606,408.957858901473
412.315654213583,80.9553853987383,439.660389120411,419.520216159182,421.81875655045,422.082634879759,207.149458563759,416.950489399033,214.245095826829,425.296556896607
405.219078117303,54.8535884091371,416.137949350807,419.631357484503,416.282355812848,410.88454758343,206.964587694003,408.48219826297,206.897587493259,406.396417575112
412.9838087771,71.7491778329276,430.328984974528,412.586575348938,416.610366479128,418.433714085733,204.854911071584,409.401909471194,197.604094395631,399.848098425498
426.701409888957,73.6729594955957,433.086556491976,427.641411749745,420.945165257531,445.726485022182,203.073644969941,422.71109634506,212.49498956501,424.94550668083
402.435554000985,57.238253490117,421.887210419396,410.376870327331,415.866043041359,405.51016169243,213.866876676876,415.991929797559,209.338942213098,412.560977665696
427.715173061496,82.5531731318792,432.860228684574,413.831462688769,427.893608114991,424.585141073441,218.802129022993,418.624855556691,217.826083675501,425.891047505257
418.901608317268,87.0732114477283,433.421881108853,417.902832839995,420.401752501867,427.860404184181,218.869759920299,416.392450637506,215.006494447552,416.510201781762
426.128229196434,77.8980306106541,434.611229448387,423.764851593157,426.268926362976,436.395349095302,221.577009217986,411.392406427141,215.70774032624,425.035556932768
422.88740503096,80.5988346097467,444.195721831827,430.268526556815,421.319215270628,418.781857713331,215.327030909546,416.486876883814,216.097459988169,427.792228273956
406.244761617868,69.2539774207346,420.590600780372,407.061451621747,419.324283871207,407.678660934451,195.73976896258,404.835316396775,200.187033896427,402.104173412968
432.36434478854,81.685726493617,434.353188670295,433.733462871487,429.724107728073,431.30986867649,216.04864909911,434.998517268723,222.833037556837,424.048132515419
419.449641844025,89.8719767621382,439.856335467123,435.474829401353,429.259475849686,430.349240538266,220.380753941216,432.866386981037,214.916984796591,420.260883723933
428.400627481294,81.301622447103,431.522185060221,432.972199519104,434.592211373177,437.546508728442,218.043607755781,436.614296800561,225.718948790044,426.37636513111
404.469615742675,58.1234471944597,410.245805453674,404.191086548462,409.58952493432,408.615751754542,196.918284103861,398.405687508774,194.129633278285,401.899502673808
430.392880185609,74.4452497222629,446.99379945507,439.315712549179,435.534994062593,432.117711838941,218.382648520826,432.941533442922,218.679162061883,424.098373548776
427.073566314588,80.401159521793,436.647379534182,428.610122395875,430.703668309282,435.24880264428,223.424852520874,432.467455997631,229.051861404347,436.636367469749
426.317581181899,92.9359691878327,441.991621061572,427.027471663216,434.83846826837,435.561181821459,217.756759064677,429.911304238721,224.615717899579,423.443280523351
400.10911052175,56.2067456650625,401.557389462788,407.520467936706,409.042314246918,408.157237027093,195.698451990327,406.311928642018,188.538762093712,397.859436598791
398.244723471909,61.2280986598626,403.947495850975,410.690707942965,402.940057274406,407.659123910049,188.006510259841,402.886132567253,194.155833221857,401.070422254445
436.953163873552,89.8872234509107,445.28236157342,439.610947457755,439.018280000396,434.379976139279,214.155873824385,424.386357491001,218.233778777754,428.76845966833
438.12402940465,83.0259435037744,439.555514048622,440.781075967828,432.409861057157,437.330574107641,223.693518546875,429.114454643262,224.666486147419,428.398847866957
409.242963753464,50.7337663570197,413.950529946625,403.191788295796,406.271768209371,399.550665165887,189.595264422377,407.479943012128,193.900104907618,390.669586388184
435.568274983935,95.6224080444843,446.719753449278,439.504487686331,441.487404438583,438.859878836138,224.235209692064,438.776552465671,228.555828222668,429.808074122188
446.292236739067,92.1366109703146,447.723895599408,448.113676808837,444.305040085484,448.222251435429,231.709991174544,446.573737526541,234.636044288046,434.473863319731
