420.309010032603,69.8180463559225,426.668820916739,423.154763337636,422.390295299844,423.088833398029,206.949673327846,421.224743599645,208.283229555902,414.583147647344
414.12600972002,70.169900489039,434.220034924893,428.604657469862,423.821455063031,424.482361942685,207.279812352587,422.939312788868,203.243919248091,414.991255540377
426.994160957955,75.2044788167263,421.089138863873,426.692867340145,424.331753008752,421.701612196591,202.970010222776,418.203971392984,201.787798628471,407.111171183412
412.174510844448,67.6631548844621,420.026942866106,420.215177128936,427.501655744191,426.526318656267,198.97257179458,414.466222376883,203.751098933975,408.019883266301
417.178585352897,65.9121318166576,436.100848750834,417.096363603662,420.563331107746,424.140419119359,207.700956217052,415.111047565516,204.271914916582,412.361326882507
416.407707682267,72.3013290201972,426.764474980706,415.710617019659,416.388661821828,430.022626890961,209.405669872334,415.579283963943,199.29169950247,408.535630644271
414.857704058036,76.419900489039,436.687235667956,421.81985542644,426.183510996516,422.263124888889,206.060470100636,418.720571028598,200.510910752339,414.792842841964
414.145756467477,58.8953369764201,423.601607057593,418.437018345512,415.833520581302,413.653995784431,194.67671705924,408.003092983495,207.351202257374,411.364865303713
413.320577840574,55.7112159115464,422.762168718155,432.758908031338,425.025101038661,410.481278110617,203.357272614796,425.589430581427,215.285441756019,414.817243920303
406.986118381115,55.1481750635494,420.477947683934,421.361988152276,411.46524101141,417.672771504596,201.480395737919,411.099665433137,209.329858303126,411.941385219856
426.361848603798,65.1366174132505,430.056555086222,426.077847771113,410.350916030578,425.459019897062,212.692833315195,408.737263827618,211.175024197804,411.853255377815
413.182807091101,76.56558468139,437.574115046059,424.300798776406,422.410845707014,425.791094397823,194.057283476097,422.059255735805,208.768838440636,413.795303870649
422.440080407657,74.5846373879427,419.174823743461,422.000264296067,435.521913505582,420.016000274574,193.462653345177,419.525183298759,219.648655961078,416.802496330967
420.343460700799,69.3072749603448,430.21562138003,413.780747407445,418.719293400982,436.518477188137,192.365306638703,411.918104018882,211.187125452531,413.106849916592
421.775537907898,75.3422278532241,421.767594617812,422.511135542269,432.810316151096,418.697957049805,207.224053814813,420.878694949347,197.205554122208,399.158700766006
416.742838206632,64.5200086685137,420.461872611607,417.671278906792,412.338617631996,407.064917872397,201.303908771714,424.813842133289,199.231148074731,398.748926598049
426.032511508804,82.9204190251653,427.89995573394,424.341321639696,429.984850768466,426.777874691543,215.241817720258,421.514427943951,197.096029636085,408.660389955195
410.639325159321,62.8931451710882,433.631726462713,432.61441429666,421.163516873479,429.905532721097,195.631578170351,420.130950506089,217.785612197975,411.69803289317
412.832835199671,71.5642591205706,432.887516082714,433.513936067431,438.130377320626,420.858855094093,208.719021373222,429.627742290544,209.17610570787,416.653629561906
423.246798704295,55.2902743435797,423.550576764628,426.04751529874,427.981990391062,421.642047670158,194.013838271361,425.46926007234,218.166503010714,400.839919170473
412.477166229718,58.1844127112977,408.206611896839,415.021875060634,413.581583573022,408.875524627112,197.328118723496,407.849714044127,194.920118569479,408.518915204345
427.879598202143,78.7700462572498,432.20901885991,431.119893166687,423.416006391286,433.652585258399,212.713139356086,424.752935927091,217.580237622535,411.591581027429
427.523482668479,68.1598452488649,429.833005867117,437.710367781905,429.694407678076,430.173967791322,214.080311830482,435.063934189073,218.629348301145,420.827117543088
419.595221785274,81.0256725317242,436.852445230172,426.582614947987,429.195310124249,436.568956925807,213.547051472034,418.003333572747,216.699012418685,424.755499800305
405.139842757665,57.980292658598,409.712718168704,411.958052967091,413.056676196595,412.207236525172,190.230578847858,405.683592308731,204.360645008052,405.317453595924
412.307615799565,53.8591761789127,422.552647726176,409.611726066021,406.403520595699,423.495560902353,191.756934030668,400.692967588878,199.545305536835,406.057423451664
426.890891575361,72.2698225731279,435.878392771879,435.18234633941,434.861405032574,431.883162451098,213.879158136681,434.606058731197,218.804713059844,417.336684365155
406.640240942362,71.3522429747162,419.825201640429,417.114508989206,417.540298469237,413.073030109568,195.881359464237,399.629490980154,191.201770839126,399.993369569425
406.604357285789,56.3956921725771,418.222637537865,410.22216088592,413.600109869957,412.082616246285,195.347065282402,404.568430933299,192.509529207976,400.328537873343
425.520277540274,78.1854604332102,439.236941052302,434.549755246293,434.758065085484,430.72575504369,204.935555443079,430.846660234957,227.446688368486,428.45124185068
432.890693516538,82.0598260794647,447.861097665107,429.139078430886,431.734497075491,431.476945732827,215.202483965946,427.74138927913,213.681840863242,415.557899570096
433.308959885586,81.6678524859205,446.770668267726,434.59932527237,417.467940839807,428.800344852971,220.085858192926,426.780563120918,219.605857704857,420.153966803526
405.761931704688,51.2135832372672,409.251014481735,411.349093339298,403.035079849833,410.835449125135,197.736323577731,404.309552153293,192.862689937974,401.236209081842
421.340750791303,70.5740861390194,434.936851031726,441.459361340682,436.928203974373,435.76874446168,208.397595195441,436.270165234013,228.746545918343,426.917230630484
435.60134142691,69.6597637928227,429.746770654574,443.440844181049,429.0767465165,440.97171746895,224.155405703335,426.567386911128,221.384515334799,429.137994796128
434.445506583915,72.1359479096319,433.475820683285,438.837519265224,421.432675206383,444.730951770637,228.600521108596,431.483465196772,221.412072654023,432.801865647499
409.772126055791,49.4812430816316,411.171663277383,407.109948475153,406.814652341943,411.710292644881,191.330483903258,399.514382263784,186.695702971614,395.019451029099
433.136204178715,91.7977279742293,445.011420336263,433.801735815318,446.045931525814,431.739992870874,217.083662018999,429.481018345886,226.293611287512,427.615839617167
400.002807547646,49.3393904091269,409.092936194845,403.241071257866,398.351929283618,406.47040026506,182.986315578677,398.389211413903,188.241212469655,390.403858463601
440.48415392691,85.9358054594894,443.973236703957,446.07131556152,437.757302072055,445.557671347357,232.458545799954,439.031774375516,227.584912160196,435.958431304064
