439.901092618867,92.4321046812079,460.528498554597,436.644611195823,468.270315714074,471.656108614327,198.977670585343,394.511836956719,210.551183867681,458.741258140834
455.296961668315,118.854646931239,440.792747831896,452.754517828886,452.405473571112,457.48416292149,110.599748497206,378.504015884545,225.192701018425,438.111887211252
439.901092618867,92.4321046812079,460.528498554597,436.644611195823,468.270315714074,471.656108614327,198.977670585343,394.511836956719,210.551183867681,458.741258140834
416.491911418173,-7.22468440486381,468.919449282803,468.322305597912,484.135157857037,336.02508535269,109.601617221203,384.220303932533,180.397078487899,451.027777140511
416.491911418173,-7.22468440486381,468.919449282803,468.322305597912,484.135157857037,336.02508535269,109.601617221203,384.220303932533,180.397078487899,451.027777140511
416.491911418173,-7.22468440486381,468.919449282803,468.322305597912,484.135157857037,336.02508535269,109.601617221203,384.220303932533,180.397078487899,451.027777140511
440.083819859621,397.026781213609,298.336322650659,500,440.217888300707,500,4.43218442384875,367.174288032103,236.187185562463,398.192637070816
339.499047390029,78.067670893685,450.282596915253,337.4804003435,398.783097877333,472.670610655172,234.909179502563,388.313934732231,136.756301535543,453.852849935086
339.499047390029,78.067670893685,450.282596915253,337.4804003435,398.783097877333,472.670610655172,234.909179502563,388.313934732231,136.756301535543,453.852849935086
82.8537721158851,51.1180131249177,455.264249277299,392.415629313607,418.917766552689,452.49472097383,268.491071952748,318.313687619779,1.42683697858499,68.6563433561315
-103.900577066476,-482.809622865359,-66.9076663853486,-102.962675877611,-123.89485827468,-14.1719456928366,-296.093546546589,-107.591847370989,-294.830216869413,-120.852719347812
500,451.948888328146,488.708852821908,372.408259915259,189.330452950441,347.952404910623,138.442076359897,377.476917072519,-135.972497731224,227.731690308835
-270.120628568859,-326.994823277685,-273.96827865,161.19467728166,-124.916480162794,-132.470990412274,-436.349692023226,-249.228106086566,-340.190766946382,12.2712564784551
439.901092618867,92.4321046812079,460.528498554597,436.644611195823,468.270315714074,471.656108614327,198.977670585343,394.511836956719,210.551183867681,458.741258140834
307.010580080176,59.5881840438159,302.41573220956,457.22322206439,347.206545981945,417.661786817473,174.233252939008,433.215088083567,169.277024264397,335.21334753658
439.901092618867,92.4321046812079,460.528498554597,436.644611195823,468.270315714074,471.656108614327,198.977670585343,394.511836956719,210.551183867681,458.741258140834
415.519623038323,279.029931461009,460.528498554597,418.011725568332,422.849061947605,471.656108614327,-58.5942720133629,431.248097406185,128.23179001853,204.240919469316
256.877832978583,-28.5757614751896,426.630193469851,219.797670972658,453.830216447795,310.941822900041,13.8280756787224,408.887412598313,266.796646476133,409.563805495935
379.843152912749,477.876361383717,500,435.428375906442,475.439989285953,500,500,500,411.093271310179,500
-8.05212297800807,-286.288573751015,84.5722144015915,-136.927393220237,16.8600401290369,118.192617732973,24.2292982363894,171.366802895166,-145.311774539767,-223.73439250292
104.525472946891,319.154977692138,397.226942472711,208.804872446634,226.142776249815,496.720686309135,33.6993616084612,368.743736035813,92.1176971969983,396.101021347911
-323.841596662219,-500,-269.594452265075,-182.381938674783,-233.139959870963,-260.595261054906,-395.125540473288,-221.490339961977,-500,-252.036279295373
-323.841596662219,-500,-269.594452265075,-182.381938674783,-233.139959870963,-260.595261054906,-395.125540473288,-221.490339961977,-500,-252.036279295373
57.0105800801763,-329.300704845073,52.4157322095604,82.2232220643898,-32.7934540180553,334.32845348414,-261.664182958428,-8.64537703271191,-91.5925409529943,263.784776108009
63.271816440901,-91.7552249800004,126.70601809572,138.994314133191,184.835683825377,202.078944970823,-150.511164707328,192.001738000044,-116.751721944971,71.4215466023728
268.625151007771,-237.606052111397,409.481372336576,500,416.753069408151,48.6098000207065,-481.185316432751,391.039852827558,167.298054351231,500
-49.5800230064309,202.480267267428,328.09033623382,273.950375092137,403.489996566715,450.113768592878,266.155501959338,212.59330248066,-170.3281131779,465.857115556904
500,63.6411309067396,500,500,432.708731430611,84.841372910316,65.8586969901949,430.855177834754,358.620073539192,406.82534015735
327.917604751705,-154.238194293931,397.378047900366,350.525696215413,167.771808391987,74.0633484248105,-112.760213213256,21.4404106935272,-120.917173391152,239.147280652188
229.769792149403,-141.283947659396,71.9895369086503,430.660980799858,500,236.749109888364,303.192538996375,73.9947449930508,270.994253010306,491.293341474168
248.40583916985,15.0438008501336,342.30906121836,399.432749314993,304.594536078916,408.307648640412,46.3276839843978,277.894605830982,327.740066748965,366.706804461711
464.878074904193,-207.985512101309,-69.4592677904396,500,487.47152294047,222.00961290443,344.63998505682,466.548421416901,24.4052293926021,64.8982563259669
96.0994229335236,-360.587400643137,217.178060928833,500,407.718044951127,168.067111546221,150.087009008967,398.787737955965,349.109177069981,500
174.120067541486,26.7442634064238,144.302965864524,477.801832932956,226.142776249815,363.66746502062,149.488835292672,471.918339210416,128.002864661113,211.685436932327
205.935311262972,108.961224796167,215.573626946402,81.407751421333,176.993780024498,160.205646466596,-48.1518888009728,500,500,258.245754943988
-87.5842859433042,-241.932329106315,0.282596915252725,198.591511454611,65.4497645439995,7.15336927586117,10.7712484680805,162.507483119328,-259.795422602388,37.1861832684189
-326.515354473907,-500,-355.765111011806,-325.322649596107,-324.405399676223,-274.019957803116,-500,-337.431437879708,-482.516166219161,-392.821241859166
393.082730217479,-106.881473490935,477.310400011008,500,500,200.394062091054,20.2255638570618,373.928770908347,150.242973108118,443.314296140188
415.519623038323,279.029931461009,460.528498554597,418.011725568332,422.849061947605,471.656108614327,-58.5942720133629,431.248097406185,128.231790018531,204.240919469316
-48.3241679384033,-117.850322665149,-108.465055854598,-3.14414552139189,251.593693657308,263.401910561126,-338.343721298462,30.1088739470734,-290.932717760444,121.356810371631
