419.956492999138,66.0555750992156,423.80267718603,421.999620483607,419.962858056577,420.869230131978,205.790231598209,422.863148630093,202.221865213533,412.806534517143
420.836910034766,64.0985415258251,425.371359886872,426.261642739427,419.75505310966,413.421011428993,215.375559796723,420.93911230774,203.22493949697,412.180476954466
429.365612810534,72.6990913702935,426.663781857186,427.132610872986,424.944951984602,421.183204713384,212.162519641688,427.008411748606,207.166224453283,416.830346676598
413.048627295833,61.6582812901165,419.826064707414,421.588498712388,415.136217683696,418.718625701939,203.862294220854,421.442536178712,202.071984306511,405.872011979696
416.868136594918,70.5026263605768,423.481133557153,419.993581937175,421.444696382477,423.085809214414,205.605339562489,432.211800058815,198.356629618652,408.73850036703
419.454049593809,69.1969878643639,421.940571814952,415.045624179079,413.907245567182,422.912620415751,201.564525655888,416.580961416232,197.737216067629,406.540579701528
419.777096195355,69.8819655006428,426.151975638588,428.394306334893,418.539121494949,429.683537982641,212.08597843138,430.579963079297,208.650931674933,419.458968501436
417.461441353482,58.8315085922824,424.329487638085,420.786387526977,425.000204378808,424.53181670092,206.489798740707,419.535335775677,194.142421903833,405.782703909031
417.356271406109,58.0183910543996,418.853806475628,423.468197960509,423.733705721974,408.139085006699,203.98959583402,415.37710393294,211.371526845655,408.323793607679
425.521955129816,67.0540358010825,414.672215792557,411.962032596687,410.617168175055,417.227856464827,207.135761454994,414.633700410722,199.90728180542,407.639137299376
416.834774792847,74.5230941968341,421.024113079538,415.487270426691,423.415433696086,421.556027097832,217.57982608367,431.50691284077,202.909742583992,410.998073976761
418.489773648655,72.9176013636525,435.253349982189,423.224940508757,429.054586533071,430.439558124438,208.587676142796,422.62630861032,211.435756794981,415.348212662085
414.798347340626,65.3722031916445,422.816495329424,425.112934802614,424.432556356465,426.584758425051,212.390559328066,434.427300721649,215.658940828251,413.463105097105
428.134605149364,70.6482262544568,431.462732479771,429.074261949977,426.242771882971,427.580116859563,209.638688335314,431.598123887628,212.357099108564,418.150486822271
430.680885150242,77.8018531873378,434.359217387453,424.199155853547,422.356074263806,419.676861753167,209.878330470782,428.784120424145,199.372229267659,420.553737629989
429.937788446009,74.5149859796103,429.717727473232,429.172270152518,427.925814368183,428.0497005251,213.765381313518,426.498226275886,210.719332029423,421.264184843536
430.847020184798,76.5577573708735,434.521260426084,423.601708710047,417.207332845042,416.985474193359,213.052177031229,423.242622448436,207.757162188195,412.435485268316
421.694172262997,65.6557880106413,426.373211079586,414.98705839411,424.479964039142,411.968971530701,198.763816925788,411.825083283134,206.403645266159,399.287890107216
422.103903394978,71.8102685885529,436.270424787464,429.074261949977,429.956693784499,428.813669491142,208.942806645025,431.131374243246,201.23989637952,410.47504822578
411.616035502001,63.4196063718657,429.089291197831,418.120955983544,409.469600374515,422.819136217985,211.661881393433,411.139202979671,195.958574557644,404.323007154551
418.42997807071,55.0790169078285,419.262337330481,420.634911437488,407.830711004397,411.829330614052,208.376679617552,411.728585991951,191.783291899716,403.473046613909
424.845092255023,70.435359199984,424.885012971196,433.176517791779,410.547066927989,412.952495686864,214.196428604773,419.270538699807,201.397454116853,399.179223821634
423.953156837833,77.9787029156007,432.879629797755,434.61346497811,431.191285076434,433.776598688098,206.135899834136,434.434417413011,200.412550671283,422.533067429848
406.047499475805,55.2735815262688,420.544103481966,408.245461636423,415.118785451303,418.757554366769,204.340157376254,427.696836178526,190.132945408126,404.759298329678
429.415274719853,75.4642767867454,434.24214926111,433.023947727618,428.271530031323,430.227312739964,217.172864978222,432.838387475126,213.288199617212,421.634247404068
427.565378934288,67.587377251503,427.058269468518,438.821451351867,432.232367084252,414.136114403821,224.710552684348,429.162796518266,216.872755846354,416.292319059729
423.91700877537,82.7506666741266,426.051034872943,429.27158463623,431.813689517488,434.73602851266,216.858802166367,441.183091924843,205.334301070008,412.850342472293
406.294828324242,60.9804656957568,417.42157677045,407.0350492418,410.058056706364,417.603353074063,192.646806867114,417.722451687887,186.499224477893,399.966570542468
399.083880523241,49.9623748573679,412.150626110923,417.202533800108,410.650571750682,416.573316777454,195.638610010327,420.308234908295,198.782510622301,399.997951829321
427.526622390651,80.3896531064581,444.123268540385,430.586729305398,425.660110390919,432.419163217663,216.26405888273,433.359966370058,215.215289392496,413.38815358892
407.920385416058,54.7506171426807,416.331192780481,408.208658777524,402.25373508252,409.431867955542,199.412895901576,409.51573766892,190.110506486441,399.994527103674
409.393656535599,59.0054799318822,406.735302086576,412.953630291336,414.652471553665,408.637980540648,195.922185327932,406.129469028077,199.879001850371,391.304342806764
406.090125271542,53.8084009073413,413.658301549519,413.364814501862,402.689560500197,411.760123677647,194.063861970014,409.107009862923,190.32386400576,396.414775137591
399.54713735698,51.8379032215466,410.912339175117,412.223452846966,408.950746074634,409.153009829414,189.692458137454,409.606059256493,190.503160988596,399.99098313522
433.397107485669,79.269148334528,430.126584898749,443.508883790935,435.973104852636,440.780701064915,204.432968001151,434.685616579239,219.972724213527,416.35358064936
399.505673402977,50.5295898244174,403.954369187069,401.791718119025,408.245858856589,402.477313234987,192.962351621164,408.452667361609,187.533497245906,399.136130306683
404.389541613714,47.6511731047725,408.923991465819,409.814274318374,403.307684688607,396.97364300794,198.928191375671,404.491743886687,186.777571075917,395.733108533414
400.420768173866,54.0552579395241,407.033765136101,403.546213516122,404.997327961424,406.638440793361,189.157971141437,415.764431637762,181.909261197599,392.291131945977
433.315505015971,86.9499947816294,439.928501978206,436.440950358227,437.89206480353,439.533177635467,222.052707983542,448.659168479867,214.803998039705,425.185868788082
442.515113149597,90.6084114043767,448.487788256551,445.791531683431,446.586744182486,438.928245392176,232.491015997336,443.918933444322,225.51402908046,435.066972267501
