439.901092618867,92.4321046812079,460.528498554597,436.644611195823,468.270315714074,471.656108614327,198.977670585343,394.511836956719,210.551183867681,458.741258140834
455.296961668315,118.854646931239,440.792747831896,452.754517828886,452.405473571112,457.48416292149,110.599748497206,378.504015884545,225.192701018425,438.111887211252
439.901092618867,92.4321046812079,460.528498554597,436.644611195823,468.270315714074,471.656108614327,198.977670585343,394.511836956719,210.551183867681,458.741258140834
-59.6173108452052,-500,-336.351158673421,-45.9455868164027,-7.43482207844434,-341.837997272921,-303.956287885149,-20.6321086454864,-311.391074732826,-113.314177243936
416.491911418173,-7.22468440486381,468.919449282803,468.322305597912,484.135157857037,336.02508535269,109.601617221203,384.220303932533,180.397078487899,451.027777140511
416.491911418173,-7.22468440486381,468.919449282803,468.322305597912,484.135157857037,336.02508535269,109.601617221203,384.220303932533,180.397078487899,451.027777140511
98.215451734137,-75.1410067886393,105.366464276428,265.479435833521,-172.358187509478,439.952413939599,223.673466221484,69.4514485854851,-293.363487907205,402.696387785116
416.491911418173,-7.22468440486381,468.919449282803,468.322305597912,484.135157857037,336.02508535269,109.601617221203,384.220303932533,180.397078487899,451.027777140511
440.083819859621,397.026781213609,298.336322650659,500,440.217888300707,500,4.43218442384875,367.174288032103,236.187185562463,398.192637070816
409.872122765808,285.154233032463,480.264249277299,436.036493551133,471.855152500013,485.828054307163,349.488835292672,447.255918478359,310.82222758893,479.370629070417
409.872122765808,285.154233032463,480.264249277299,436.036493551133,471.855152500013,485.828054307163,349.488835292672,447.255918478359,310.82222758893,479.370629070417
-198.380508431932,-500,-297.390119712382,27.1313362605204,42.0934798083481,-169.46957622029,-500,-311.926751502629,-160.853440324224,38.8363603904725
500,190.950553343884,347.550356478094,246.012455141639,500,401.48174022283,343.746341553724,416.272653259276,443.333990378242,500
272.213282782879,205.793541186673,428.877720513654,322.724741821229,347.206545981945,484.188397461731,116.338516096902,381.627786496266,151.33444053234,427.421139744373
452.38958376153,-57.7767037100505,195.534615382079,468.322305597912,477.870919327272,346.832860759378,271.808827821082,430.53012918681,117.478206630141,261.819757233401
60.6748212444175,-252.53979214666,116.377720513654,52.4544715509585,32.3917311671299,211.461124734458,90.6974904558767,-72.0759172074382,-301.046511848613,363.318575641809
339.499047390029,78.067670893685,450.282596915253,337.4804003435,398.783097877333,472.670610655172,234.909179502563,388.313934732231,136.756301535543,453.852849935086
110.661326925693,-180.261567868237,101.497724899147,74.8586089877931,-31.6283704655411,-131.546225061644,-250.465481106375,-50.3940134073911,-333.233953872629,-299.16323384771
6.30561004728971,-500,-4.53297685523904,86.5907957199798,27.8215881779659,-15.6816974324108,-149.094343107238,-9.64309765647536,-220.481983823735,-301.409415339174
500,-233.353654920642,484.327593237557,-2.47084527465523,447.43030759871,435.305206219301,51.66327976117,472.212509241283,120.882830229273,496.679683791088
491.88270477639,500,500,343.44390095854,251.266917205896,404.931368147319,407.393247057378,77.1260483484891,500,386.513486213274
339.499047390029,78.067670893685,450.282596915253,337.4804003435,398.783097877333,472.670610655172,234.909179502563,388.313934732231,136.756301535543,453.852849935086
82.8537721158851,51.1180131249177,455.264249277299,392.415629313607,418.917766552689,452.49472097383,268.491071952748,318.313687619779,1.42683697858499,68.6563433561315
-103.900577066476,-482.809622865359,-66.9076663853486,-102.962675877611,-123.89485827468,-14.1719456928366,-296.093546546589,-107.591847370989,-294.830216869413,-120.852719347812
24.7358307612845,-474.247570530432,-161.46827865,136.750232837216,35.6076803613667,53.5755212156333,-265.335199269603,40.435355451896,-500,195.454439661638
-154.530638495106,-367.386888835867,-41.4377387600009,158.23181472942,89.7874001437779,-273.124546980524,-115.854107357765,356.014294596662,53.1365545006853,49.7810608513019
103.438306381736,-29.0733248552786,-130.625165917266,-5.28398561135464,297.981571198297,86.8675267925749,-156.322302616548,-103.29493665955,-286.433602371978,171.861063388553
500,451.948888328146,488.708852821908,372.408259915259,189.330452950441,347.952404910623,138.442076359897,377.476917072519,-135.972497731224,227.731690308835
422.212440286016,-255.635799511248,114.775966234192,492.282851412035,344.133183559329,229.214634306026,-110.573934943972,-157.728882839035,-200.676789018541,152.594913665155
-270.120628568859,-326.994823277685,-273.96827865,161.19467728166,-124.916480162794,-132.470990412274,-436.349692023226,-249.228106086566,-340.190766946382,12.2712564784551
439.901092618867,92.4321046812079,460.528498554597,436.644611195823,468.270315714074,471.656108614327,198.977670585343,394.511836956719,210.551183867681,458.741258140834
307.010580080176,59.5881840438159,302.41573220956,457.22322206439,347.206545981945,417.661786817473,174.233252939008,433.215088083567,169.277024264397,335.21334753658
439.901092618867,92.4321046812079,460.528498554597,436.644611195823,468.270315714074,471.656108614327,198.977670585343,394.511836956719,210.551183867681,458.741258140834
158.256029996923,-9.50315395369688,500,391.115603332331,500,500,-230.755078296798,373.70322139385,407.53848245118,337.168475745717
187.34185065726,-21.9633822060263,184.809703822753,4.03659131219746,279.060952143771,256.509610327539,-117.581816212231,-45.6498259375969,144.585628703436,40.6264364039941
415.519623038323,279.029931461009,460.528498554597,418.011725568332,422.849061947605,471.656108614327,-58.5942720133629,431.248097406185,128.23179001853,204.240919469316
256.877832978583,-28.5757614751896,426.630193469851,219.797670972658,453.830216447795,310.941822900041,13.8280756787224,408.887412598313,266.796646476133,409.563805495935
379.843152912749,477.876361383717,500,435.428375906442,475.439989285953,500,500,500,411.093271310179,500
-8.05212297800807,-286.288573751015,84.5722144015915,-136.927393220237,16.8600401290369,118.192617732973,24.2292982363894,171.366802895166,-145.311774539767,-223.73439250292
104.525472946891,319.154977692138,397.226942472711,208.804872446634,226.142776249815,496.720686309135,33.6993616084612,368.743736035813,92.1176971969983,396.101021347911
