419.956492999138,66.0555750992156,423.80267718603,421.999620483607,419.962858056577,420.869230131978,205.790231598209,422.863148630093,202.221865213533,412.806534517143
427.668190289305,68.2898399467129,424.06154103043,421.555348910332,427.102017328398,423.045496755882,212.084679540895,416.782380544652,205.385156210532,420.147717238462
426.631323929858,67.805968978971,424.647424680829,421.705154163503,425.309902633057,421.87999559038,212.236482197441,421.860540841029,209.098584567622,415.474163229045
420.803072133864,65.5680974229176,422.937081452629,417.320951409735,414.735629820484,424.209841670226,203.770485828219,420.973073067818,200.449528354227,406.867713719691
420.121862337515,64.2650558442377,418.837462258332,416.941614441854,423.189415389886,417.78314917431,202.510352327515,415.00291279257,191.102609973403,413.361467191487
426.138920964476,74.7596390794104,433.984140746444,425.013759110462,411.569584435597,425.66486503997,214.368398780128,422.596179166064,204.074429056306,425.815064306433
420.735303090763,54.1433662401219,416.827599536695,409.640459858275,414.159592954124,424.997711448731,199.166604972948,420.243095314759,198.794027444186,406.98990335801
413.430490337289,56.3594255448229,414.246533473855,418.593941920303,420.490215665631,416.293009170089,202.620170772386,417.635616922384,190.018118197641,408.004937641409
423.310640817904,57.322098011229,418.336064232021,419.401006698065,421.277644568541,414.711536809018,197.968492122999,406.537960195868,195.657724352568,407.409647100013
430.977242738387,72.9078605610327,431.459489939827,429.95460149284,424.112853592449,427.109950683956,215.451974832802,429.566639289375,207.549853075854,418.272658055786
414.153439556883,71.9016675232728,420.625147093909,423.070789828649,409.788435242516,417.460992900816,201.787562656239,411.984453219284,199.875231227693,403.396531501145
417.309119781287,66.1647149924571,412.985079182194,423.026881392374,415.745180110551,417.08763567262,198.576621672145,414.77086410772,191.40720513026,400.66948711491
423.460083256381,81.1040751860379,428.287478824099,428.189891643848,422.190951488196,416.975635042813,221.673178748405,423.937745491428,205.838004651566,413.819843456315
432.600427942077,62.6233920538943,437.450902450461,433.986592824445,420.399127861311,424.189010817586,214.550244685564,423.520361084981,205.650130106766,414.052035612445
406.351070686354,55.301069561703,421.449492858978,426.174028958814,422.873612266661,416.798186035524,197.730555511427,408.819799376728,190.754521826147,409.427712773862
434.072812439638,84.3891802721517,434.477547124597,419.939894117365,426.372657285489,430.130453087893,200.656085861634,420.463957380184,200.276656710377,416.835460988711
410.805693460976,59.6366806087453,417.790148555897,409.157428822045,412.72375331617,415.532095332987,194.814644083444,414.213955785244,194.180071606301,403.446132836099
409.839861162284,63.9913907737575,413.436055413094,416.728617522502,414.474142242389,412.906034716826,200.405074176976,413.581626706204,190.185308747073,401.239225849005
414.89223770011,69.3069353582079,422.209846503795,422.9277102423,406.283516792227,421.925835353962,195.767437047731,415.855207062855,201.135175474509,395.626266994374
430.958388740794,76.9181571600741,436.62232094432,428.61127399038,425.172062458055,436.191408490503,214.523174000262,428.499954788248,207.822800243628,410.985764508985
422.427423637318,78.0362139803999,429.500468150894,437.131622152463,431.018628199464,424.778656036452,212.021423488434,437.515029411719,211.616868009886,408.456501926689
421.037366170026,70.7434157253263,436.619218482328,436.184935604219,416.145213861246,426.486254597886,209.417425041313,438.491709223616,220.154988726846,413.243003223935
429.857130381471,75.8704851080032,433.287977676221,428.657323240255,426.733052538181,424.030533224789,223.162600823872,431.418485882845,221.19535876117,422.805541528165
429.857130381471,69.1066973868794,438.046928402914,434.249957030886,430.686246719079,430.18889099605,217.454698516227,427.422276102431,220.885185063899,422.570937422593
407.218550091158,57.6750254164463,415.604110116062,412.532483102246,408.802627926461,414.491211266939,193.420221167836,407.787144422388,194.733445425331,400.921299021288
435.387084298522,73.8543560757451,434.465096490086,431.873457108804,435.448151480983,433.707952579628,223.70601624762,426.022871746336,209.523032784939,420.143093619537
416.983038178007,59.4011145007164,417.560737366607,411.776596571025,404.124424387547,412.98964531679,193.689840666929,409.77235622194,193.281069572865,396.24615589121
427.537235147525,75.6633845081482,430.567162216045,437.403658575477,435.833927009211,436.450698791423,212.649095344022,435.165167891078,216.557233755806,416.091008794475
429.662124420406,82.7765453336345,432.66128582784,436.793767049715,429.324402121937,430.371292844223,226.278964252282,438.604389453342,206.26546514981,416.347567865293
412.759116778325,58.698951190833,418.288907892141,410.173161567641,394.313855547483,413.339572605565,193.173749026351,416.612210205913,189.52156883088,399.682377368731
410.502291671794,51.6769367209064,408.518392422765,405.576121905438,409.180870374993,405.750963332316,196.107449939377,405.731508582965,192.969552309557,399.34513097098
410.628424919801,50.5250845840674,412.349620758683,415.480447038718,405.331636512668,402.824786294999,196.130588136951,405.651420551605,186.296919543428,400.833882805107
436.932104391929,81.6971296809821,439.066113710693,433.449983667799,430.864662078548,440.338873928291,219.899518086283,437.102105325883,216.578560612292,422.996745977756
406.08892342785,57.1167212867136,407.891700574384,409.444538438215,404.656470433132,408.724433761031,194.414290766838,407.858421711407,187.497136704062,394.551578327368
433.281931386917,80.7218165722379,437.336208682977,434.813014045556,433.746910134005,443.272879886491,228.453306170432,437.59276123379,213.946349370023,421.634055894777
438.346987943979,89.3747858028427,440.149765090513,441.702602954344,436.914534949261,440.98249827716,226.672355282967,440.116486227536,219.755201220191,426.809642843497
404.6740398758,49.4390651648531,406.808049194564,401.19191915167,398.606597562419,408.080809412162,187.641453570154,404.844040809754,184.320496096163,390.738681461627
442.760356187923,83.9350012370355,440.776456938894,437.834186421567,441.438934891122,438.009027848445,228.365514455506,437.989573099094,225.227616825686,431.603195487109
443.545861005686,89.5543818564161,445.18276491663,443.453567040948,443.033322646224,443.720908560326,229.718328308319,444.313191341316,227.003185007504,432.722765572197
444.010347448372,89.1826635574609,451.662807552198,446.844203991483,444.131714806521,445.243848773373,229.602335866683,447.718180017567,225.480682830781,433.611368213057
