419.956492999138,66.0555750992156,423.80267718603,421.999620483607,419.962858056577,420.869230131978,205.790231598209,422.863148630093,202.221865213533,412.806534517143
416.502402479444,67.9517604592752,413.805012813532,418.307347474707,418.802370865646,424.484104176316,202.590741075877,420.703693948898,201.501819628607,406.76230435583
418.975089165875,66.928028534845,426.530949563968,428.084716823548,422.726330911521,422.512881329221,207.580893661156,424.263919073884,204.137503657853,407.088767278775
419.931357757676,62.8576748081458,424.459704850842,415.003249434796,417.937830627686,420.663186444108,201.885404205356,420.155468596881,191.824746001582,409.43066627835
424.275120675584,65.9815123081929,416.458041161566,415.256422273449,421.001438947066,415.604235847075,210.90639279704,430.248143556092,198.106185639937,407.506915444612
413.606680197865,67.1474012879806,415.306754409944,419.318856477316,417.892417926948,413.354247582749,203.601874086498,421.20539465438,204.988181879825,403.965711682328
413.27084717131,61.4429222432871,421.657359547698,418.81372327803,415.486120931748,412.546712230341,213.029790232938,418.554281862231,202.786788724795,406.182667796835
421.788688238266,67.0567798808818,427.377262073396,428.381222509202,435.236324110161,415.816869697831,215.957109594604,425.69409214786,209.796149916125,416.660604439681
422.248582822398,70.3838881434191,423.624998490059,415.941929800194,425.005771669255,421.082044020223,208.218634981187,427.196076900063,192.058466266137,402.427395797676
428.288159457508,72.0917177242325,425.390004889048,418.694780554447,427.41675448003,414.441718022718,219.391228566019,430.799847795052,211.64913355499,426.119875796735
415.976480222759,52.914352391196,417.802419079061,416.634624289682,407.607509496016,417.697639064119,203.209622643109,417.309787643352,191.976952596041,410.863070954608
421.722572575356,68.6938526380547,423.215434884778,435.905113474951,430.455965124422,429.236644725881,215.801623178075,431.150910397338,205.623523843644,413.668575974298
421.302645048503,58.945060109578,416.277159042878,410.348182279729,422.08183477169,422.956183302322,199.008430781398,418.255035136313,191.162318868567,402.469301850922
414.694542316677,57.5821877199633,417.669141814112,426.561913671444,411.525071096613,410.117584574005,204.265153106086,422.421795671221,205.579452611215,401.577882423653
421.336561749087,68.3514146246281,424.638363056256,421.437189058391,419.289488229344,419.688586331576,203.511924812994,414.294912033057,191.948783470821,396.633634250548
428.108126033385,72.5586242365155,436.268861314409,432.479691003979,419.260666966137,425.804584025021,205.357588901725,424.556683043979,216.101597267098,408.869006214815
430.70656749006,78.3733829086991,420.114446717636,433.950454168124,412.446500430407,419.257033657949,218.701970927479,415.539763988749,206.860518903964,414.723908936509
415.468515094785,61.6535091474224,436.333356916315,427.79869166649,430.268440920424,422.621599131871,210.437235324729,435.863192216561,208.315936635731,408.856161795397
424.290440881626,70.3760102858204,427.865150120513,430.670352203811,426.553083502507,425.387132599505,223.443417645761,433.925446001584,214.877983184106,422.014792231408
409.89042383121,63.424587531404,403.925411333429,411.875925614757,411.348125783316,410.167638210824,199.69510566866,419.481664291629,205.931762031059,406.579989555747
431.31809998511,74.3159708672825,434.101789997998,434.765674786804,428.672888310263,427.87264923913,216.986050893221,430.28292561649,210.285033404122,422.845849686766
433.515607978312,65.2868439838749,426.830527436398,424.350199684891,423.241259158136,432.369669438283,224.62583888839,435.317579813233,218.73851698465,419.716596981108
423.627839295033,80.5017680492246,431.605386297696,437.645851597771,427.461918868396,437.423173768611,214.338992113897,427.371998359295,211.193744702996,412.458158997517
429.204778831049,82.9019739442743,431.548296315185,435.196251948666,429.923367241496,426.288946549218,222.928263440758,430.782631281115,209.924174304017,418.027967926058
408.881170664663,51.5554952174065,414.899161768831,412.099147731606,409.298911362187,409.503419538373,195.596824031577,409.117071340621,195.527884113075,401.663094944227
408.266856192115,55.1206176680742,408.8659903517,419.064286963575,410.021450451697,415.807192850304,186.501445045581,411.346357333654,195.802451967953,402.031086070444
408.783667684131,58.390419190784,412.206340481294,413.37105274102,408.617989063616,409.594620462459,200.008956899605,414.708128016077,188.218024156031,398.551410165577
414.931487856746,54.5693671168236,410.296270686646,419.573795669805,403.896303197518,413.384712230149,197.573706117842,414.551485538782,193.220543136044,395.402298191656
426.861158156846,73.6339702745496,437.893618029416,428.859545308259,425.813438532093,433.727184622353,226.495646980271,437.087766858591,215.925885941468,425.648372992649
429.872513873784,76.5531060782693,430.314576331465,436.891628644042,439.407747176604,427.884671829154,222.7585002943,439.717848549666,213.173275304643,418.172996351629
435.796564112315,77.1429747269299,436.992577960639,429.812658775455,425.683557123413,440.994706775628,222.41160476002,432.549683577303,215.706093412341,418.764281381196
411.349792068219,60.2405110082722,416.281412774706,412.079980769214,396.149345813019,415.323774588145,188.88041240301,405.429071359395,192.957964108454,401.509607458089
439.329888613381,73.876923788835,435.577408253529,437.505651796646,435.340578028853,437.255139363263,220.849349284102,430.625168506613,217.658531243723,425.200755200637
412.024264130338,51.8550379613431,401.279582423445,402.668038646119,413.39925633586,408.453841875892,195.606960426912,409.323853805468,186.318405817576,403.467007460818
426.624380564974,77.7477860105616,445.063980979895,440.680049247069,421.427855122204,433.293126980316,220.275265409803,440.780550443019,215.841032429247,422.342002024981
434.440278636923,85.0685482413856,443.969271538777,435.852326054676,433.906024678977,434.447141810724,226.790382739367,436.912929851162,218.839307304389,426.504427228518
436.522570610223,84.425136437912,446.23658885982,445.117919069554,434.079676984552,439.703383390573,223.629469345402,446.703069952495,227.214067995831,429.05040989618
437.217599343869,88.0715355654488,442.677213694103,445.591262343676,441.516384153662,438.849584109856,224.931468568963,446.214730046547,222.945007637351,426.657159247557
437.217599343869,88.0715355654488,442.677213694103,445.591262343676,441.516384153662,438.849584109856,224.931468568963,446.214730046547,222.945007637351,426.657159247557
445.522323848866,84.9035016127206,447.544359323588,437.490652008413,447.376160456075,445.439989336125,223.178739872797,436.893228426394,214.652556073439,435.507699128964
