419.956492999138,66.0555750992156,423.80267718603,421.999620483607,419.962858056577,420.869230131978,205.790231598209,422.863148630093,202.221865213533,412.806534517143
422.831302741704,61.7231298470697,418.863129001279,417.526654696191,422.23593417263,415.538012598394,204.315202331599,428.12984222816,198.143012384802,414.682151470609
414.697002694019,68.2245652527392,421.586878579434,419.514345624458,416.325070039176,417.840447365416,203.490014519603,420.078372437969,198.351760330487,409.790158196752
412.630324723034,67.1539723768138,424.513220086171,419.154193785423,414.053344451704,417.148100953571,210.358087706191,423.074453506734,205.234182054938,414.516376602409
422.254198855952,66.7884714744575,422.524559201053,425.548598175098,423.189520566684,428.254973639094,208.288353897211,432.473618652359,202.650411574901,414.977413660238
417.182295833634,64.2503143320714,412.661792888786,422.152793494212,412.685975323404,417.992558801946,205.16458328343,425.21957207699,197.859247034842,411.273572481396
417.182295833634,64.2503143320714,412.661792888786,422.152793494212,412.685975323404,417.992558801946,205.16458328343,425.21957207699,197.859247034842,411.273572481396
416.643883304189,70.0124763666241,426.47346239441,435.556748807351,421.350791109564,422.402295696159,208.559524253969,424.891545834236,203.880890148754,416.407092333091
420.744414401808,73.4656553994897,425.026343988239,427.104889974925,417.277995520403,427.012355122229,212.474740485461,431.084661746146,202.28257794055,418.175902431553
412.451011186788,60.9715958634795,419.266963442628,424.457969673056,416.726299803608,414.226195067228,200.060459151131,422.926137029204,196.543363943303,410.042911440608
417.292163086554,62.8548623356338,425.67253495247,417.157950976067,424.148666922813,414.689116519109,209.195055731305,419.518835675732,200.87719113183,406.00037394924
415.587454343367,65.6273102439996,422.43539712889,416.979042111122,415.563230175287,415.287048287405,204.700007882904,426.814630264678,199.859955603151,406.353842609243
413.460362251159,63.5725871579226,421.634311346538,430.937713780888,411.036949399183,415.748274423228,208.799313333254,421.987566486494,197.99165352276,415.192996417226
427.855613950292,72.7204774597627,420.622387487561,422.394385867935,426.359033580331,429.089626518885,216.09043127476,428.683907315477,203.214836667628,417.700725207079
420.198898317565,58.1562820594563,428.51990851842,418.064304179575,413.529738805684,412.429944452533,207.637436600032,424.548523930482,192.988982294254,414.205450313612
424.213121456518,70.3207061942417,431.640459953268,425.367521695428,431.061913773644,427.154176573776,210.819970422699,428.646737471504,210.220155810843,420.30860053343
413.696100061827,68.9246737695593,418.638765371887,410.618548938595,414.488448705699,423.73667378051,210.297265721971,411.649864090017,210.344085242543,410.440776283935
412.887924262857,62.3573913636122,423.242313538433,416.98218597088,412.674657313381,415.104593241417,212.551042023561,426.581314907231,199.931914074434,406.23539190496
425.802853642814,73.4438240417597,425.530710005946,430.528084854971,430.050584031521,424.757992086329,206.252119549656,430.872833200297,206.036962131262,409.073656943208
421.510419884795,80.2239032202996,431.298310321943,431.06613615199,425.014245808789,429.790132900007,206.110559592979,426.36768061407,208.28224692433,419.336429535477
427.50390921676,74.8221626842493,431.703549512119,429.156101782601,428.643765097393,426.773795988925,216.281016371006,422.831356651606,207.891501721651,416.342280885954
407.204066515782,70.9916182431866,421.34377265362,420.723405272371,420.921974125441,407.772433015783,210.850371988086,429.074431858839,193.96865174451,418.612602586458
411.938671491059,65.6523522884271,426.315381924536,409.973734376877,425.023456787012,427.829177036728,201.849040488389,419.205673879139,193.091545695331,405.37598145591
423.289705567719,72.7027819421129,434.97006645191,428.65087700273,424.600569401306,431.701189701547,215.484558761794,429.659410250864,202.39324299954,417.849006712621
412.352949663057,69.0302835844925,418.071380837113,423.659532190125,420.601759582988,417.47619857684,200.535820420406,409.322414248548,196.435080886041,400.423201616646
417.489124159656,72.5555217628998,436.217738732615,416.135869042064,421.054842853775,429.058379199072,217.23090116668,434.446431258262,206.706745062664,419.561325829934
418.912556597239,71.8548412619973,430.206347927492,415.458711386549,420.940906111455,414.017602365842,206.173891631277,417.57709776157,189.378497221503,400.50817974052
431.178544276808,72.6162317668145,435.456694185113,426.552430403843,423.646443605118,427.184748943986,223.479106178877,426.141408823121,213.898770294248,415.26343109991
407.224224554808,61.2266084781768,409.903324390496,412.244979244191,410.43979383194,415.25807698625,196.179857317572,411.383094089568,188.756300990485,408.465845617065
425.359855430352,65.7699724379336,443.16279711216,428.938121466198,427.500869950814,428.131321588672,210.890913921084,438.780041155149,212.902387617833,423.397616126791
406.668098639422,58.4411969788049,414.750674040194,411.890941774639,408.46343481905,407.358267071915,192.054908744875,412.60981897885,190.761215980021,401.323781805848
409.035017879463,56.9979774932964,419.16198774658,399.475249787105,408.190348857206,406.245039860033,197.676634840162,413.795174757948,197.248685832321,403.150035833738
410.764936053414,52.2985930719116,414.183985469956,410.20266895945,410.909193732308,406.465945320023,194.534711233156,410.993980447507,186.583205448225,401.71932378753
436.694539937338,81.178069390741,435.148346056958,436.735687827374,437.75380180103,432.50761198669,219.86664694245,432.220395541846,203.878802932502,419.539030286482
412.280188620469,54.9240723629117,411.971619118367,403.552808173267,406.750347714785,410.131526732394,197.738267192013,415.703955525635,185.039516578281,398.122471471525
432.897213448308,76.7250330454271,442.560492091999,433.721854533146,432.490275661641,431.956636734742,224.469089873263,440.095811338844,212.677306374514,426.04510225894
403.091463006895,48.7358276356501,403.401662719666,405.332964751917,401.748697239068,400.568345255172,187.979129578553,404.05078362575,180.637832958548,392.266023024319
441.127649741361,87.399129762012,440.291185753026,443.868870143206,442.035124264091,440.224639456365,229.403844925936,439.461766894599,217.147087000262,432.365818746388
396.727740746537,45.2483254232279,403.543693002376,408.734699232804,401.003029363357,398.502924626976,184.337188710879,407.202866588952,180.820093503052,394.319641000356
440.054633630449,86.6208786361729,442.752213796862,440.6426633871,441.775952859516,441.856097359681,230.012175756506,448.133415770885,229.632360324294,432.806711604334
