419.956492999138,66.0555750992156,423.80267718603,421.999620483607,419.962858056577,420.869230131978,205.790231598209,422.863148630093,202.221865213533,412.806534517143
429.423214526276,68.1056555141351,429.810639020301,420.362508357892,417.668168751585,418.384568858076,207.323929749016,420.774718384954,206.838759820675,417.679595819003
425.114552931016,74.0986946988056,421.905005295055,415.566392899865,421.879330158408,426.276240501151,208.120181598501,421.650976320288,204.568190895907,414.697457539789
422.879673320976,69.7496995704877,424.666693595988,426.263852669289,425.006721044049,422.813611109153,206.021175573932,426.867990915195,204.129413672398,410.940095730176
421.623099283428,69.3791785206643,429.38637181897,425.325248743169,422.281713728941,426.285209916762,210.637395180002,426.261279440479,202.307554106536,415.327770614882
421.401960133488,65.1607693389589,432.283046348397,419.846844510642,417.814024618141,410.056699020274,206.624565359039,423.820352744466,201.125913979435,424.96543365444
413.590358776973,63.6410917886962,416.853000788263,417.122299863899,415.201325944258,418.063653559114,200.98504445789,417.123121359831,195.489083102009,410.636190067104
422.658174214745,65.9127737685746,433.482737149095,425.468870974903,423.731864003696,424.500275860325,208.340572759646,430.821594892621,207.562126415683,418.102075321967
425.777381192943,69.1597229744525,431.067194964356,429.494001864385,428.131338394443,427.181101239514,206.089195553613,424.7410645388,206.713141391485,412.47126248567
407.553426958791,58.6979099705144,417.80936968818,426.19968081628,418.6572082972,417.787536095497,198.220621380967,420.692550251208,201.980351484362,410.942562616123
424.734223165794,61.7234621743717,437.102713508433,425.438706882239,427.756485215817,422.256686116735,207.334417456616,427.358053225955,204.239568944419,418.575560170452
426.882140763121,73.5308001086637,425.018738349074,425.439314335075,424.550258416065,428.186592425531,217.4058162923,422.810050259897,203.174292484592,409.52187921152
411.020618604128,62.1103273950517,420.675493753986,415.31492959985,414.912794356925,414.300269751287,201.101257664559,409.548450336367,193.703143025453,411.475893791016
409.61745403997,75.0666260314837,423.567552282556,412.81638757517,417.833810574948,425.520269836941,206.607626239378,416.61703837326,203.407497150421,404.658913710432
423.172165393663,62.3138688917325,417.06232387539,412.185003990247,411.282478243652,411.544727346166,205.026008599992,417.060215603813,197.244183467592,403.000333627474
415.555901487472,55.3429208273981,432.474672632966,411.368261218805,417.103076124908,411.395437150648,198.357933870758,419.753886559288,192.538087954145,412.298503893396
414.461143840106,61.601483810115,414.037510471039,413.70789134707,421.131722502906,413.466868977236,201.841889146664,415.800200938263,202.554809911865,399.485213675579
427.638196048249,72.270707973849,413.075214899246,428.69669258157,421.784514822851,425.038003470264,213.649478419461,429.945642430347,206.138219867573,403.946048111128
417.10466843704,63.5980653234636,435.79197570776,420.556651315195,429.692312706025,421.217766898261,206.334884195388,417.471355681561,193.668610504126,401.219244383733
420.734375738455,75.9267975682833,437.19887181897,425.117607547155,416.275220222448,431.023346490836,212.295558445308,415.415448853794,198.027091921663,407.49294918631
423.472241202288,70.0186102710428,436.76569015399,432.999736133104,426.573120821299,430.497649424088,213.867655234607,414.563308675332,206.640784850081,407.312609613137
421.278850840465,70.6229524208801,424.694435973448,406.761722940822,410.355069259766,408.766778559114,202.306370402061,412.282485977771,190.91732384275,407.227099158013
425.194488135791,75.0764041159422,428.572943595988,437.352562346708,432.108993771322,424.115694442487,207.69528271679,436.16858615329,214.025247005731,418.264314480176
426.525506654309,72.1535457243338,435.662063966358,438.051133371043,428.794599831928,432.709444442487,215.054378698932,428.170074248528,210.639830339065,417.405612971555
431.970582411885,79.7657252115133,426.898836453131,436.833705610465,430.631721044049,430.965785022197,213.833675573932,431.275042197246,213.057985100969,422.10081001589
436.158013399235,79.13119858446,434.185089364265,433.28935894977,426.417224243041,430.130268127505,213.90752213304,432.535017655869,206.629964828702,422.636017142132
428.561491502794,83.4807601765483,431.990912345988,428.319773721921,430.215054377382,430.626111109153,211.880550573932,432.448348058052,218.109676830293,414.145223935304
432.070849791564,84.3981370704877,432.479193595988,435.541196419289,428.044915488493,433.751111109153,213.833675573932,429.472157581862,208.147270815255,422.453253624912
409.003137800654,57.8047212695789,416.04460647836,409.042232985798,416.345616438188,422.990507932179,199.132136043299,416.639880004616,184.329499572079,399.557359681442
429.435599283428,77.7926400591258,433.943663485637,432.0654448216,429.226158173386,437.834122960241,216.31921336182,434.896147861531,205.835779912988,427.682421777672
434.281700348003,77.1510153599614,427.596381095988,432.729369910668,432.819221044049,430.965785022197,219.242329420086,440.69010629981,215.124784042768,418.515853305933
432.071368603255,75.8377263671938,435.99408447262,433.255665744877,434.306905458046,420.321468421546,216.688457107889,443.978956542594,218.885889364658,418.536153946519
426.168239050662,77.8272391597576,437.787562719504,439.181687841608,434.507782701914,435.051903738215,220.341842964015,435.268823712991,213.419669705295,420.845787581865
403.097808579397,53.6805484310577,414.385207959323,403.442744762836,404.883850455176,409.338804665525,195.885566382444,413.029789944177,188.839305138099,400.558930173538
407.254673320976,54.1246995704877,409.041693595988,410.638852669289,409.381721044049,407.188611109153,190.396175573932,411.242990915195,188.504413672398,395.315095730176
397.95527975746,52.8985966712011,406.948224919825,405.736512877989,404.817416091009,398.69583157388,192.695301793148,410.343790244466,182.470258479021,400.0845685518
434.31590814238,76.3382268676943,440.569112158113,434.015107452595,441.286072124713,440.810338164434,227.060686435978,442.822500950489,222.931423113741,430.931623060738
400.322582245098,50.2289636938213,409.434029555283,400.361677430242,406.868157421794,408.724203584353,188.194636043299,405.409411254616,182.031705454432,393.466257986527
436.358456441966,88.7647391597576,443.175493753986,442.157878317799,438.113551932683,440.954681515992,221.575395595594,440.240414622082,220.877056068932,431.69648202631
436.358456441966,88.7647391597576,443.175493753986,442.157878317799,438.113551932683,440.954681515992,221.575395595594,440.240414622082,220.877056068932,431.69648202631
