419.956492999138,66.0555750992156,423.80267718603,421.999620483607,419.962858056577,420.869230131978,205.790231598209,422.863148630093,202.221865213533,412.806534517143
419.281447416215,62.1140040919182,417.853547803262,426.442384594348,416.630186769098,420.160518054718,198.1070041953,429.106407665107,203.495065897476,418.659823967437
417.42824437437,63.2116140532985,419.674611516512,417.568689112656,415.908245949179,415.855033080541,202.90954591548,419.105092220821,197.785042665924,409.292183608821
417.42824437437,63.2116140532985,419.674611516512,417.568689112656,415.908245949179,415.855033080541,202.90954591548,419.105092220821,197.785042665924,409.292183608821
417.42824437437,63.2116140532985,419.674611516512,417.568689112656,415.908245949179,415.855033080541,202.90954591548,419.105092220821,197.785042665924,409.292183608821
417.42824437437,63.2116140532985,419.674611516512,417.568689112656,415.908245949179,415.855033080541,202.90954591548,419.105092220821,197.785042665924,409.292183608821
417.42824437437,63.2116140532985,419.674611516512,417.568689112656,415.908245949179,415.855033080541,202.90954591548,419.105092220821,197.785042665924,409.292183608821
426.832633089104,69.3541201958046,420.756862598763,425.775759819727,426.694070294326,419.222036447544,206.794549800484,432.573105688834,201.031795912677,419.248893565531
416.535580474119,61.6266785081487,418.650937254581,416.070466438409,414.347309715278,417.448244435048,200.691399694446,418.297669075798,195.713572285504,409.227054363096
423.164790855958,71.0691451312897,427.82743073936,431.033617542441,423.3576038535,424.465125397339,211.40294630896,431.609974227023,207.984045841773,417.802555228109
417.427779607885,60.9449551669186,419.870863160933,415.608155871686,414.415309189454,413.453698212302,204.591437728036,417.614238625158,196.780445153581,407.418685618441
425.862994583125,64.3230520475442,427.673490929366,423.087593524042,429.452920572702,423.419578807561,211.636743763305,424.080369647256,217.741309187507,422.897608849585
424.18105101856,70.8584421528656,432.848169536865,426.941355637679,426.490500469628,425.107191940287,212.495116148341,429.726090592269,208.008280980785,417.145490467806
411.782848103974,66.7958434439795,421.968918908271,418.470565014532,422.710502751436,409.529540391412,210.485303491238,425.461762370595,194.341516495125,411.649085965723
416.044110300733,54.0047413905581,423.380324609373,409.691339984428,419.028359126039,421.393120081034,199.50559716941,422.176403222242,192.932956476311,411.652218874811
423.016246589767,81.7101463383286,429.521793724046,423.765192931218,427.217632713529,428.794129726343,212.455134861148,424.074728723863,203.609531467258,418.96805639361
418.738661945493,55.7991726806429,422.161217360606,413.007309357394,412.561777626716,414.158941145744,206.224673610073,419.9811707593,194.042449290852,407.02764087336
424.267611320061,67.342534607805,431.443633363045,425.374008525972,421.554382869765,421.661753558491,212.617185372148,436.082493909486,210.758173160583,411.295530627534
424.392161504641,75.1427454244022,436.163072314288,428.975414772856,412.592053614266,425.064399747533,206.690230223225,421.728544328444,213.805804134094,430.713576004983
432.920376566675,81.4473745485877,432.814015964713,427.18736900584,423.905622553588,419.782373716406,200.283902756133,430.31879645892,206.024570959418,418.272252522185
427.772813743228,73.4202475477687,430.171358667804,434.614566268239,422.654235220146,428.052268258129,209.802504156268,435.302879707375,206.247054369287,410.443932032087
417.906086665854,70.124666269247,432.201209120621,433.992805188247,423.85681899573,427.983137330855,211.382617470913,444.362154628171,202.475344877755,418.865483025072
406.906358852484,57.5999417749595,412.098853940755,414.147379239733,411.362791403725,412.735603490523,192.011087648601,412.75123102825,193.095287976169,407.074888708599
431.687095625634,76.7781936596639,433.802452406096,431.221981589924,429.498824866793,432.599759586563,215.842914845961,433.449184227313,210.865087437019,424.378569514611
432.579759525885,78.3631292048136,434.826126668027,432.720204264171,431.059761100694,431.006548232056,218.061061066995,434.256607372336,212.936557817439,424.443698760336
412.79861474474,59.3266101682946,411.467540809441,408.098992142959,407.490737531671,408.062825288333,190.866033871968,410.266708382437,187.557769938651,404.80284578615
412.79861474474,54.9471512433811,407.5533993953,408.189179733147,412.718453285702,412.358529584037,193.385736391671,411.974967443637,186.290789792361,400.958850275488
435.430128651979,77.6735249414047,438.706271856969,433.825003550452,433.081454695927,437.622470866848,215.514667414816,433.665005585761,210.80451323936,425.114113326178
413.248051290225,59.3775570477963,416.62410991418,408.361779060092,403.75313186061,403.086872056003,200.424771061369,409.028380039299,187.256635629772,401.94730514706
409.428293056586,52.2305415772941,416.401596572533,409.86343722592,407.498517846927,410.704449686093,188.008444673702,413.53582889929,183.080625668204,398.005910119225
426.440794131962,75.3115693737139,429.991932903862,440.331138203598,433.568407542565,435.688469954017,224.258777346609,439.488762105811,219.692034822489,422.432184857739
414.515378453917,57.6584245398947,412.68215855853,404.233345226287,400.114068209309,408.188985175788,199.113116866163,416.403729681859,186.199830213622,396.069159626254
411.746426192552,61.7453383934744,410.204914546815,413.640518517819,403.281983322917,401.932019157527,189.862407868342,415.970295982576,185.230930111811,398.331513073683
433.747777168275,83.3698354202863,436.696577109082,432.356705549228,433.159908742459,441.877744622503,217.072706962129,441.130390643403,209.628923334244,424.606350179447
432.006458857826,85.8200184070784,441.335490143088,436.903399860394,440.212509618467,433.47490315192,215.914192450683,436.629239345374,213.91025336859,425.3100611758
409.332724126785,55.763381337892,408.501283949822,412.508805820338,409.008291407225,401.866410370555,184.467960177908,407.872413602282,186.38675050973,399.503475635449
440.077548127275,78.8363912222079,445.119455044155,438.018085702478,439.689516150832,438.499669445648,226.967718381531,437.889085601591,221.59798514134,428.371132145448
440.077548127275,78.8363912222079,445.119455044155,438.018085702478,439.689516150832,438.499669445648,226.967718381531,437.889085601591,221.59798514134,428.371132145448
402.27626445637,45.7934400154034,404.719348009418,400.456640720171,399.263794037939,398.302183060787,189.439922576521,402.462723473643,181.628930002066,392.267170466925
439.332566170075,86.0099573043808,447.99968468838,442.092870789195,441.642015621143,440.258707091802,227.646631299856,444.877605743784,223.1597961323,432.297005619321
