420.278830673975,67.1906113896697,422.363681546496,424.088060795332,420.922890097325,424.458123057715,202.629683073716,423.373091090501,204.164936493466,415.724450443742
413.964014447649,67.5928458768587,418.237581147207,421.596530293285,421.610308920816,420.455368947422,197.404879014071,421.829746415154,200.555040292272,414.813862402542
427.789850349697,63.0992259235911,421.929774923913,422.578519152392,424.970602112033,423.970742789727,202.653291597349,424.99535566291,208.464168383197,414.364376833927
423.977315230914,63.652526126968,425.564759867439,428.538256671493,424.928217617263,427.955911104188,205.214619985818,423.991482241134,205.250570011751,418.592838720853
417.083091136648,64.5021627427437,419.710616678633,425.471977860605,412.890763425266,423.428689926004,198.676919649636,415.041585389027,201.354794420337,420.713109682724
421.165878284325,70.9345075752819,427.327921997119,424.963242082304,419.977643105925,425.11519682858,205.114548928516,426.373584842672,197.469092071848,424.318325489375
419.17389450897,66.6231596701474,420.290178240637,420.999854675354,418.996545126624,427.532495345066,195.507526476495,421.73494982797,202.358536156781,410.940610337295
424.620422925736,65.8837987602649,427.675659012237,432.35228074053,425.403905554799,426.282616699889,203.0273784811,424.359606578722,207.635855410423,416.167401262623
420.661089125849,72.5913638450799,426.107211322991,421.414384097559,431.304406857885,429.644505263377,201.983714973056,425.155079897415,200.441465542044,423.780356984725
409.281785189149,62.0052131705819,417.099690471408,423.653764388102,416.228269555043,423.065292799056,203.327969956298,414.565823896994,198.683763620171,413.821589655682
418.084499849897,62.9121397591897,421.086949337676,435.14770184026,425.215090967741,426.568261188438,201.605078240683,428.827982840346,205.841819519043,420.306063244812
426.304683605303,56.2637408612871,430.099401556408,425.160708157615,417.012043658519,428.04188506636,201.68354653949,424.940025500245,210.341885213433,418.739966781116
418.329424970446,63.8429877612103,417.537647111143,411.957424029641,418.398168483315,418.778219476068,198.795940334011,419.575395884391,196.315154000478,408.539127054229
421.852713084644,66.5617928900553,432.244191157803,423.801655947735,426.037423958179,420.53060339564,207.588622260277,431.426912359957,210.244647873601,415.336786664194
428.658508742335,63.6171024886693,427.653942837046,418.338812700244,420.843286059777,421.509434150899,210.246278911886,426.768652987054,207.6373878954,408.406047123735
415.480987043864,62.9419302033275,417.675241008362,416.451068172,419.314189738445,413.55274865184,201.603513005198,417.336612569844,199.937854772138,405.667349635951
421.483065375466,61.6893984902905,414.415788596367,411.693411318001,416.336750463372,415.110042582016,200.867969690076,421.951083550841,203.601983159921,405.251929230501
415.564933680211,75.6579593535554,422.984378840722,423.163544918111,423.061638691956,432.759957538916,212.168674710265,430.917453347578,208.828646728395,419.516540908023
432.315666320132,67.6693701696155,428.953188176419,431.18494277569,426.578878939655,420.151215637857,211.026716043529,427.728663580275,208.043849774365,414.865374884458
423.66908031275,75.5586821929395,430.951000265978,426.765774886317,426.574307780384,429.81698524608,210.32764492455,430.696547774593,208.474950379813,421.073456657642
414.113794869551,77.4275393273713,415.704007503655,429.499408958875,417.103986617884,427.498325223522,193.033073794808,426.68730776989,195.202037057913,414.040389171442
429.062352817878,71.5666200879485,432.248577462274,429.897114673076,429.609716981086,430.700426996937,211.086749268964,431.250245723414,210.220676302357,422.115946008837
416.972949213943,65.9639958677462,417.338762451778,412.429136359459,415.676777747786,412.875438042229,188.259997275107,412.589724545279,198.510734612819,408.342367795454
420.464699365867,52.4369867005026,421.296854799467,410.330540865032,412.671695038052,418.731656373121,202.709235911038,427.194192607509,194.690048056783,406.113166656434
409.544786527439,61.4343884076287,416.826706480667,412.641481101007,412.450013995074,415.692691460769,196.203351139239,416.572253989282,194.350656594502,406.949162872331
420.268689120905,83.7392747697817,428.360537206723,419.578604658162,418.976380302433,427.765443485968,212.724562579976,432.688861178526,210.323175253475,415.586053895034
424.998852789558,57.7335968699942,419.486047903915,411.321719376282,411.184927271178,419.994804597823,194.505578205992,415.659352682839,199.539477255116,401.379138999045
407.910745682516,65.7897445425637,409.443209545032,416.164109606627,418.52061965528,411.980792676236,193.285293326688,411.404672430758,198.671801120897,406.612659559459
437.693902560879,74.7121750244198,435.291805235096,429.344013268335,426.086395116446,425.40146177174,212.504244244912,431.196075846681,212.414314282496,416.551364258749
400.984933671958,60.758510174289,407.086822895646,417.476944605903,419.437340646153,413.110736179061,193.058942464744,417.996009530569,192.988454335856,411.732198303929
435.30523522954,65.9967193243366,430.079268242898,428.826639869606,429.25977540847,428.98858400293,217.860558554801,438.375925187547,208.792116360134,423.530427070315
426.92127978232,71.3592612449826,427.942882958,434.403029633179,434.001042702148,435.150692980498,217.876996174444,434.515511927034,209.23045600136,431.544747851484
425.497152132261,82.4114406516971,433.994628254826,426.412908151986,427.597544040853,443.030498058253,213.205573387711,429.871365822249,205.452957979845,427.289183192122
435.692960941294,72.2473472854146,434.081151482069,422.844169569562,434.203278233329,431.809706174334,209.861101548246,441.083081496398,211.70809959323,414.275783593338
428.633895688052,78.025479557295,428.982010991542,427.827240789132,431.966878721619,442.133009132409,213.985800430571,439.720623335537,219.407364177381,426.956929822894
426.986309212219,77.1960932411376,439.114949695982,433.153648899132,430.988879222082,436.032762427896,220.291093633164,436.646320891166,215.932307913186,422.554390085952
431.88123642353,78.7252190640488,434.973239488259,430.687502365189,432.045094739752,441.191846578952,216.037884393465,434.736342015532,217.707286009201,424.102942189735
435.986230062231,78.6357138094009,436.290173702633,437.634544324272,433.291239956276,434.150197256589,212.667914342869,435.664542120308,213.790401233441,429.763769318516
399.839720662338,53.4685520915479,404.113287361896,407.472236507974,407.486015135506,406.331075162112,183.28058522876,407.705452629843,186.430746506961,400.689568617231
404.304538731269,49.7803684288581,404.667923071518,405.539383480655,401.669437987348,406.104782828135,185.126429316959,406.047589446248,182.085233095753,395.490297085544
