420.278830673975,67.1906113896697,422.363681546496,424.088060795332,420.922890097325,424.458123057715,202.629683073716,423.373091090501,204.164936493466,415.724450443742
420.41454816404,65.3657746473163,427.306129504385,423.481351779148,419.544289390225,418.215979147176,196.100386862232,418.208464079034,201.048143476563,413.812945928026
421.973955493362,71.3746467913046,426.657340906237,425.426917840825,423.748598938855,427.137554151897,206.478663999133,427.034819432547,206.319943436639,418.398953550692
422.638841731767,62.4621041298319,420.924864725205,417.704890085807,416.053908684251,422.226463827769,198.567630639854,419.51622188667,201.852206874291,408.551794721393
416.915186375212,64.9312352145572,423.411422734912,418.208831095722,415.444653219807,420.0052859587,197.742894271077,418.147497149911,198.944770888792,410.193329572634
421.410158359088,59.029709766012,424.605178769726,417.93133365664,413.80858621218,419.776528460534,203.432620117627,420.515727848784,198.033060428199,411.117451659498
426.305999853496,67.6293284392447,429.15339192999,426.410063908241,427.015112387952,426.708403090724,208.284442490305,425.508195104262,206.184337082513,426.201700117483
418.696066119649,60.5717390550297,424.822336635318,414.543777374133,423.531116932741,420.780101049534,195.943849926186,414.184345066029,204.778236836838,411.252745456052
430.604289067306,76.0187450967281,428.882821601856,421.787986568597,417.767495858503,418.613283289229,204.880336148248,421.418753990732,202.093326643764,418.040609187854
413.036263971401,65.0544220722035,422.142894678307,417.864255783781,413.605028402026,416.603846286729,201.797016059058,424.481193283415,197.711752062953,410.738075103297
428.986366617427,70.9513932070447,428.827743390796,426.716037031834,423.504642606885,424.929792414727,207.566963659314,427.284583468591,208.289625387981,416.137907351246
414.236845000139,66.951835463914,417.35670756642,413.430649139193,420.346870268823,417.828944648128,199.027249831259,419.337885297963,190.697726598427,422.110473653277
423.230980657415,71.3586525497942,425.54151957593,426.510572858915,424.782685159616,420.670708801711,207.44692140444,429.360995428724,212.963324859566,413.492776265104
423.679412957247,70.3212760047877,429.644723109934,424.698781352449,418.936905222666,432.991581155957,209.741630745246,421.127578793519,208.995170830968,415.767455834925
420.168545739137,55.3914675051643,417.319249468199,416.79479076639,418.955050043291,410.916877061117,204.019210794578,421.42001150591,203.373431835538,408.553339630392
413.765980870971,68.154112811704,408.71621271868,429.481762402506,417.379176461472,424.908133182887,200.064164374913,417.802905422705,200.330405400136,413.188109124517
411.478573152909,60.7982796810783,422.160648081056,416.308595399945,411.919008309511,413.787497817038,197.450057971859,414.421887378607,203.277587845584,413.386177710057
411.011475249189,64.8007339478749,422.386130668466,430.938077462934,427.904834472862,424.996616308102,202.100356351116,432.622752557726,208.091012196103,420.579516481262
418.386409017257,67.3398362247012,419.984630615099,422.540513193388,415.07767631475,416.346771191256,195.6027522569,413.640923757515,197.170711530303,407.0086938681
411.121044359552,64.1100206773953,415.054996011268,423.671299863297,420.237362983798,413.761417180255,198.452981816147,427.034819432547,197.291050980781,408.836438609262
428.397447202906,70.2574752190994,431.862370901714,424.566176164586,426.428111187271,427.154346644257,209.691931402489,431.357131068562,208.070534626032,416.414656131915
431.387269766982,67.1153346988972,429.454041329511,423.994183646227,422.712549475238,432.009807663612,213.216166622383,428.001678721251,209.354395875703,419.453910493613
416.637820281307,64.0315202006525,431.532234883137,421.586256326724,411.376326439304,420.541070569342,199.580359036758,418.635481439316,191.552581406126,404.486153089223
412.37803114414,81.1878672786824,426.456698851662,424.166787863923,421.985380883502,434.077891887622,205.364228239485,436.150195532619,204.516964602043,419.999664059615
424.674906228021,72.455027085168,428.489290100179,434.415681885769,433.580059613012,435.163236334883,217.714619055313,430.424978285705,213.342415346752,419.62025301332
404.60429417432,67.5132408833218,409.150365540473,424.981484061591,412.180762985603,423.817463552891,188.366307598893,417.181554354188,188.617773462785,410.38803778512
413.007912415869,62.2557824532542,411.538908309616,416.653462140798,412.681856394466,409.796289716146,184.356726632129,408.405309758646,199.52558473763,405.649343746769
436.128709171211,76.0730331305501,426.594764449472,437.58500365817,432.230850598625,431.855231145538,208.346571863512,438.319008081047,211.722370662005,424.424126147246
412.252304676829,53.3850469594179,411.613491041233,413.591557965286,409.705940698265,408.259725527561,192.783255738398,411.505933515163,192.059449313691,401.249968843875
412.252304676829,53.3850469594179,411.613491041233,413.591557965286,409.705940698265,408.259725527561,192.783255738398,411.505933515163,192.059449313691,401.249968843875
435.380492776304,74.2804972368683,437.542172366911,425.988715593634,433.963103535382,435.745745525583,219.31975549191,430.676101163716,217.4590368113,425.278109707537
433.388143082617,76.9149270569785,437.655035477182,429.546213883336,436.034093801378,439.517477274517,217.391924036509,430.716503272467,215.800997771597,431.725882297671
427.61289631964,73.7282111871535,438.320417083709,432.111860279608,438.550079942019,439.783710207161,217.063009355098,437.295349185658,214.68403685107,433.666701876345
433.757994557678,80.6203186075385,439.288411859636,438.490274829012,426.996250868609,437.947508708735,221.010950151193,431.907671371945,215.592678974467,429.126935870341
403.151368951538,58.2641315382958,404.988900704851,412.748791056879,404.96849453738,411.933280320393,183.786434614037,410.985255609971,185.638542955465,400.837475987367
403.151368951538,58.2641315382958,404.988900704851,412.748791056879,404.96849453738,411.933280320393,183.786434614037,410.985255609971,185.638542955465,400.837475987367
435.304175078335,78.8054339096215,426.965533067761,440.572112811211,441.506910219961,440.608210957741,218.446223519211,439.087872045597,214.546341323421,432.352150484305
406.326821199696,45.7688552248615,407.785324352757,403.164357009957,402.752348747464,407.549945895193,188.624515672152,411.23869802878,185.382548454899,396.873864729864
404.580946123734,52.5323598084832,405.806278178912,404.213654757171,404.254890102331,404.621836729747,181.399896354187,403.936463997665,187.292891732918,397.988465299374
441.836976771982,80.6386091772279,440.266418714922,440.502294152694,439.136276573122,440.768297350547,224.290064634483,444.919451959249,220.523470247024,433.672382577253
