420.278830673975,67.1906113896697,422.363681546496,424.088060795332,420.922890097325,424.458123057715,202.629683073716,423.373091090501,204.164936493466,415.724450443742
418.109478622273,63.2922143150523,420.962071390675,419.215119130651,415.242155357947,424.71166883774,200.418397718473,422.152964730626,199.988950893607,415.212007134114
423.582454591059,68.5031833444361,423.940062954681,420.481466869258,420.851549953774,428.513256692333,201.64239212046,428.107238781893,202.707801028659,421.567001367477
423.382235473841,69.7204134629445,415.178107070605,426.073916081883,421.690395635605,419.88382191163,205.838265702257,422.616035024573,198.938449781403,414.459369457368
424.053776921009,67.8976876050261,425.192003644998,426.734843983688,425.765116684507,423.847176654373,207.553003950284,427.242970962862,207.101958597603,420.618148749456
420.0936056064,64.2842778071158,428.16371748121,425.857631207945,422.78183789763,428.679922805994,206.049028349104,424.853582014577,209.248210152867,423.364181047158
422.84598598108,70.7729486684653,424.795644752532,420.672872175199,420.2804291275,422.51792850321,198.167214704203,421.286970503666,202.336450186471,410.095543163541
423.648621644901,70.5480381941369,426.594864124781,427.688614303752,422.441230290146,427.83046947047,207.224999843085,425.506736160862,207.021872113716,419.075071800392
414.207454591059,64.2593561839423,419.61907530036,411.691030863632,418.346996219712,423.171376350453,194.697947676015,426.230361905016,200.971689917548,418.563998364474
413.194233349394,66.5850161175373,415.535826287657,421.598034295382,417.021618015006,427.562608216083,200.968447671713,413.209713174963,200.72582479117,413.95502230059
422.376320220038,62.4206219262591,430.234461922174,419.362124807592,417.283501033945,417.441194317281,207.244933455365,420.411894897447,204.912811613558,408.689868671458
414.840376415621,58.6305761596687,417.972478736278,417.280960406122,424.529501769529,426.431081857689,203.691054901487,428.033205833169,202.399340350086,411.472757399047
424.095460488239,59.6765754418917,412.986811758926,429.470494519907,417.443297845893,422.958268652212,209.075617332135,427.734180667551,206.181551972546,416.591539219023
427.583618846819,66.1636553523617,414.842240131548,417.714159895315,420.875025533165,426.657181801547,193.043169150668,427.186627909526,209.481769842073,421.898972629421
422.602942674561,64.8947784176164,428.16371748121,429.83603416333,421.607896098688,431.024800150871,209.677656977733,426.173432566884,208.431216688814,418.452747874855
421.096336447841,67.9462104164168,427.134910896848,426.807711723243,420.129740890694,431.745144621216,196.289053966488,421.12602870369,194.844917971797,423.613091144954
428.27208024829,71.499285022123,425.091200519804,427.356881582758,424.832102447894,426.780226757362,205.418397718473,428.898996476658,209.71117311583,428.652867349168
419.755795954103,69.217933181993,421.625248139866,422.594993439306,414.177167237725,434.923513102589,204.260484812082,430.772783114104,199.787977796335,421.155478733732
428.327315357646,73.6556911051187,425.758401600759,429.432666989654,427.69669308212,427.045960539286,201.728642686384,424.303609696019,211.128969105075,415.815161913704
427.349795021099,74.1720055937612,421.121695774384,422.899303093867,427.57984648654,432.057623774554,207.29855850899,430.921401730483,206.04191690933,420.461288709007
417.93992092359,57.3293001638399,419.056974949732,412.797865892334,416.322556397362,420.943090609515,193.368055440466,424.616420339319,198.570680126635,411.509710015464
416.922400827731,69.6128788726513,422.297471158121,425.288868548868,419.675408810835,429.901451033033,201.292912838889,422.198931600395,208.18929764962,404.151575250117
414.989077926667,66.4406838901115,417.125449091799,432.846747203894,428.324999960426,423.532950560759,194.863563321304,421.167408979173,203.609415389869,409.81715931244
419.901593317614,66.995918018756,432.435501342366,421.455262499826,422.186599802392,436.819930946002,210.580999344489,425.459843037505,205.544506449163,415.212007134114
426.846921457881,67.3932808462865,426.590614985993,428.492852570395,431.944925851619,436.587423115674,202.808835269267,428.095523904606,206.356857700461,416.526103523822
432.834866950543,62.6535761065817,425.243119741859,422.411072032093,425.157123011185,433.744131711062,211.65261494638,427.04644526932,215.897416348162,415.516002513721
421.131474198902,67.4066921163659,421.414810429428,411.725428221915,411.592290694515,420.5166236957,188.873574916159,419.77390544856,192.787166108024,409.414223589699
413.479848992644,53.3207043435424,414.017626946231,416.843845417914,413.184542189223,416.453410579482,198.103582903658,413.605956183618,191.976130380787,410.251689673797
414.756988200817,56.0905682245173,420.427883356487,417.308801047862,407.66639778219,416.504598130669,197.987842162918,412.708520286182,194.844917971797,406.097423800781
412.076979313468,64.5075649592564,405.596837496097,410.812130663516,415.784612343961,413.26791584602,194.186612350881,417.662785384323,198.394462716651,407.371454306069
433.566722543394,75.9880526944869,433.072302157466,431.313611116222,427.739210607598,433.204969327194,208.724066538443,429.281141746392,220.086094151439,419.385374035974
412.032772702661,59.3723243573828,417.782006954161,409.67148615242,416.530624970492,412.608083701717,188.833513440357,414.014569190736,188.516452749059,398.628901007439
404.909163024871,63.6479234859231,416.253692925847,413.222210790101,408.691820256687,416.410993754627,192.558392165235,411.119547545714,189.35820359081,398.285763752537
433.096921457881,75.4740889270945,432.438568202368,431.469043046586,433.929052835746,439.994131711062,215.896442106874,434.709280518362,216.844386045132,426.248325746044
429.3375318748,80.9581338536504,430.354087810975,438.923419520574,431.574690421762,438.524771122956,214.088524577126,438.494547979101,213.784261634282,431.627312001344
410.342326306173,53.1125452428318,405.123842841391,413.83533409067,405.942398715799,403.26380900019,187.155703412042,409.936341197533,192.066136662208,404.082112346209
404.220589733384,49.4033254261634,407.073182501786,405.326230241762,401.353266469058,410.822779948851,186.529508829584,408.264075841737,186.100062004719,401.323118245225
399.755153820792,50.3462114709114,404.501042719856,409.434812561446,403.39043519296,404.064960161529,185.1976511909,401.10797719946,184.664422303998,395.081396057639
402.183811334874,46.299663104624,403.264142379897,403.192462395703,400.49817582945,405.473915096836,184.40417484853,403.658108885836,184.590172226672,395.784686343857
401.436355693855,47.0851982346746,403.866224772948,403.335460525293,401.427066257459,404.260049841997,183.523116043557,404.496971972663,184.269206914255,395.024872753433
