420.278830673975,67.1906113896697,422.363681546496,424.088060795332,420.922890097325,424.458123057715,202.629683073716,423.373091090501,204.164936493466,415.724450443742
421.243539510981,66.8110130643645,418.004794933912,421.134687774556,419.232748768425,422.434090652796,197.341220933255,420.840279247734,199.454623586382,413.567009680349
425.145655723601,65.9243206891541,420.416327619576,427.056692882831,419.567288475213,425.308886376788,197.698155927839,416.848103555641,203.456903311656,417.538682541347
426.836575076394,68.8882609579227,422.467469360769,428.728185499499,423.411936502724,428.993112173935,201.454675620558,421.545979665826,202.280564140583,417.176903725552
428.398884166325,63.4677954354326,415.461042390159,416.925187597314,425.405987294605,423.476960630976,196.38629350774,416.194387505068,206.620705557803,420.131519865286
414.561615992924,60.0970521667139,418.542822578979,421.173240444554,419.66568275647,422.124980305803,195.210919376802,416.836403527678,198.846498206517,413.014399563048
419.899605438892,74.7996269692433,424.652027452014,419.739641882173,427.471156225265,423.109386630597,204.673719888308,429.806783181247,201.201765674375,414.61132586104
427.457563582148,72.043875440084,425.013092758536,428.432077884446,426.657756193432,424.989674603729,206.146518200091,428.689572811313,207.085881217639,421.315671275165
426.227026222956,73.2889121249047,424.920933710623,430.161405944148,425.659094015766,425.767403532418,201.142992157441,423.019290597439,203.00040503996,414.411447417541
416.136476675764,72.7530624226788,427.53664283663,424.764780835884,425.574904329013,427.358011568877,200.08958486939,426.268654643119,197.668012140622,416.737176201176
416.069186045563,60.4031336843161,420.753176083999,416.51999339956,420.844714917684,420.61047496523,202.188833733148,422.214444897458,193.442171958179,409.972940339228
426.132493220769,61.8944974608519,423.916166633384,420.691461036841,418.581009109535,416.802912438745,194.545024998258,427.270917226958,201.201776083337,410.638173620727
411.540397698937,64.9944893315837,415.086227464372,424.685629356176,417.374552245381,425.286909156004,198.823493981589,415.847268086656,205.996703789935,410.038282271737
430.138077095333,71.264813529647,427.837493947625,425.791510696596,424.974381382306,425.607130316471,210.891125833942,429.515036688341,208.555970910723,420.010167570971
408.018131799288,58.8101072012983,421.303151258484,410.559071920242,421.456371608549,424.839369972515,207.397791905161,420.943058570814,200.125734626562,416.769790256351
418.631132374578,66.0008331420242,430.360028447229,425.871020430571,422.153138609664,434.617603434959,206.89344765218,428.233844707754,206.156202866333,426.350088629753
423.198027853854,73.307894561246,417.192799048024,417.245347947716,419.879161179543,423.84293821549,188.510765674229,418.073948356403,197.81935409397,413.795947409287
424.098712675584,71.7180693132632,427.698616068007,431.398702513313,420.599508817111,431.559276764075,205.585760272301,431.154767264655,208.14736808532,425.262076951033
416.947890364155,70.5458353117844,417.519378679381,422.347833738336,414.398463833223,429.002163658433,195.868697423014,429.417790544885,204.38671873869,407.559782452704
419.023780390314,74.1370554159713,422.979965578229,436.344849502078,423.067603156809,429.972624190807,204.092874565196,429.441891961896,202.707968723838,426.74020555811
412.88511587224,65.0252859153182,423.063257225597,425.458120157165,411.505188748009,424.042157953614,194.467368280185,422.780060622108,196.180510394187,406.889611824882
411.086964024783,50.9799743711655,417.653022567955,423.327267886818,417.157874662993,420.164557605395,203.054167714288,419.638529924015,199.482278235752,404.51478108016
427.096475839446,72.4095021743356,429.311116110902,432.453082207792,423.88993950839,426.428958061375,211.272116657212,432.616773661046,213.088475443228,411.509301511966
411.466373639359,61.7998555787714,407.138951753345,416.348019409094,420.371861398567,421.871205485673,191.882862355184,419.368631888636,194.151421104791,407.482502476877
404.172179000251,61.0297923087082,418.172273270537,419.867936991512,420.094106065665,423.293029275918,190.803318592714,414.433751953756,188.154729624228,407.642741840393
403.252489278543,52.396648864763,416.084125778469,412.134756694307,413.825113977291,414.348868410585,199.283461819198,414.49758097149,199.157249438808,404.633709770517
401.090324956859,63.4832212327253,409.370889469153,418.728182349602,420.371861398567,411.388267371156,190.928955151277,411.939233330205,197.127611580981,410.419161011259
415.766780738109,62.2846775734778,410.503993235919,405.254627931303,409.066982657066,407.995208568401,190.376764278446,418.677452422141,193.674992467073,406.256944295294
428.578374616259,82.143906301908,424.46456270512,431.851877636163,434.335051087514,436.750552879611,216.976807193808,427.076057912718,214.874640186321,421.999805663661
431.683070152534,80.5218541236544,431.64861244781,434.259388929936,432.347079717909,435.276919146014,212.559757717853,433.198338069304,216.546380605912,424.687505000228
402.833338372625,55.4555451251615,415.174005473992,417.842139984671,417.554602191064,408.709992920859,194.216834431422,415.817149626396,186.475500948111,400.875062124776
431.511703468959,76.9882567530902,435.468751578883,437.358890685029,431.842513250438,434.060215692633,215.154104234852,432.616773661046,215.63222798698,424.482439485104
424.311189798314,80.6156069243584,433.787582733976,436.585024141212,433.61972017931,437.991890653347,211.059818383274,435.016387513607,212.12394006251,426.278118055494
405.386560732148,55.1032367097891,410.220835491356,411.363260519739,411.793699909748,418.09687262022,192.170152275524,404.861353373364,193.333867425783,402.142432144428
405.130605507248,59.8901164966688,413.306517924864,413.863013019492,406.377003316581,415.667999223605,189.025559512475,408.638825900836,190.215005611269,401.388534878903
427.418163784697,81.2595625384784,433.282163380427,440.043074354149,436.254416343622,438.860794843684,213.250383722706,436.310023830028,214.297941251311,429.029582847487
407.507275774717,53.0747493281008,404.268531197648,407.398424038292,405.496485032161,408.697826916532,183.604957196991,407.10401551147,185.718359850118,399.830745944085
404.039175996432,49.5157292805627,407.996224106355,409.886363212501,404.36998577791,406.587688220106,187.681576762324,405.144246188519,188.159700514453,397.009912012576
399.818423344477,47.1134705046616,406.812147756491,405.266624826175,405.430730582908,408.952479085624,189.471844864724,405.225602949512,187.383309093439,400.709062988727
402.030517001845,51.8640637045881,402.949048180974,401.924624601299,401.924125514209,405.32426839746,178.548314949997,407.816220630676,182.537481329562,399.879393274886
