420.278830673975,67.1906113896697,422.363681546496,424.088060795332,420.922890097325,424.458123057715,202.629683073716,423.373091090501,204.164936493466,415.724450443742
422.333602598053,69.6092071613368,424.282558724032,429.74326537471,419.981692572319,427.665938372185,204.573621679523,426.810899047173,203.067593270343,418.160549532197
417.928184242543,66.7874898987627,418.000020709919,419.2890088884,415.876482984851,424.261332994646,200.111485013417,424.470290130285,198.95106121168,411.3352643203
414.956596913678,67.6866267274072,422.375168394229,425.088974518233,414.391200781233,421.211629131407,196.817677371783,425.873291075465,208.512252838089,418.301275362398
413.555235497572,67.6251424504419,419.846586196091,426.00058121829,416.581661838184,423.082311849481,201.615409684216,423.197476531565,207.514851422467,410.177928948159
420.874960680211,63.8855411308125,423.178383815492,423.090690817543,412.233050908343,419.683036108272,205.969950021917,417.067696371798,205.71684006436,408.041687915162
415.516188606776,61.8278540085446,420.045077026646,422.457915057218,419.469651827152,416.295552393227,197.999111987515,416.782965631309,198.016711818297,409.308547113095
422.30446681816,75.1716729466926,420.285089719554,424.531604388158,425.185683288056,431.999656792237,208.835592837972,420.193772159047,206.801337297177,418.270019668101
411.344754586944,59.2612025516644,421.856671229545,417.157740067314,424.486674565783,426.175060313685,205.350508752901,414.908902662793,200.518738776846,410.960629876745
423.751165609003,72.382119054773,423.764184082778,424.384117584052,424.125706587336,428.790318501892,208.995264277631,433.709420565068,201.748375789686,418.694865769575
427.124315953466,68.4036617443513,425.396704308679,428.119639368382,420.66366545082,420.793040626382,200.940994313657,434.74198274763,199.432730324053,416.763439288935
415.118522386946,63.229362399291,424.625446765807,417.768206520222,415.051154381157,421.076063819903,195.167054650503,419.821407213283,197.370743612118,407.757129533371
419.373277404122,66.3101326982323,417.093774890403,426.819773847878,408.607507567023,418.180347921698,203.464916203466,417.70923272792,201.503126489713,407.858755786795
424.811465104573,69.9685532279398,428.016617894757,430.7284636611,426.812237331638,430.215332787531,209.566405326755,429.270051891776,209.824873021933,419.752634195743
414.785293419309,56.7566807218539,413.649288402671,419.553047983405,415.80109056563,418.259583857135,195.277283006754,418.65872513413,193.847872773448,412.876733107076
415.983623507665,67.296311965401,431.731375952886,423.900158893687,426.004592024422,430.012536557975,197.874186366628,416.174258993773,208.301069154936,409.266795540098
406.490628296959,73.9579806924702,418.326481589985,422.706332478321,422.780612616233,415.366146382146,207.859412057603,427.583798832863,195.994259156231,412.69569532442
422.974768093475,65.3710890258401,416.531473068846,422.361117938769,425.168287490207,422.019713905201,195.413867067071,425.548620012963,199.517184400086,400.973782771158
410.148939319677,59.0569413627972,416.800936437798,418.521023333351,408.579874896237,423.142847791534,194.274265294966,424.497288553577,198.893998115594,411.344862317469
406.419817748207,62.252029688132,415.390306622686,417.715415244007,416.477651279678,418.31484015845,195.088500836378,419.409248641806,199.516828033739,406.06993984404
413.632801118273,55.957622543878,419.891313841085,412.692886444304,419.617061688111,422.96419737353,197.051061222851,415.081055595472,197.94910228123,400.655588748911
411.811467161596,55.3150866689583,421.393474251563,419.545524167532,417.130870343224,426.84618495117,191.430474080525,413.47613996818,194.959971846448,405.993321668166
422.30310390056,76.8935181648262,431.936441608631,437.876384266015,427.021267431972,423.583604009063,207.829611110741,427.022585399458,213.731361222433,414.410753853863
428.447733032836,77.0202743550127,426.427867648517,430.211781116839,430.171909963623,435.377454235874,209.514333141973,434.803226412902,208.073314094141,425.173172253094
421.515664722172,71.3215836274101,430.771956982954,435.24095013189,427.180954401502,436.423330954724,216.426088822622,435.472387043824,206.333382282135,424.187245214459
407.675838524505,56.2772485088366,414.598175769976,410.995545506903,417.545738208021,417.097821342101,202.032720080187,423.577623798296,190.588817855756,400.595789385436
404.17489225448,56.9332932347243,414.742988226246,405.436001696867,414.891126304979,415.9057066057,197.614701525169,410.828047619335,191.888717958298,412.719916554212
408.653555700534,61.1219971832867,416.288521703188,411.362681662981,410.588590073095,413.92427544628,190.732996273898,408.996472598022,191.103693803709,408.071747217828
401.755562389498,55.8001388816683,416.367515636454,409.875460746413,410.749488242432,415.113134141932,200.338427074981,410.283116208035,197.323500566994,406.713051565654
409.920918668782,53.6757547273723,412.427716069429,419.982074062752,411.861133815024,410.241222600628,193.191643870889,412.157140228125,194.913692049188,403.21738235445
406.578149716138,56.036267770135,413.755881548415,415.432948368048,408.682268511592,414.466193079598,189.572425494493,413.827161688986,196.325593110446,405.529759611775
424.694091745124,81.2691870247934,435.495011983198,436.858533652329,425.404676538348,433.099733452268,211.714132418808,434.531095436398,212.824040315415,420.390493307427
434.975635829243,73.665787625855,438.774007025607,433.774654137322,431.980285366669,430.255385346879,211.799435706995,434.011501214203,211.827155786282,426.066121617126
431.515140764282,80.3744464205019,431.586977231658,432.875965410139,429.46343950659,437.848289516385,213.698441535156,438.057246652024,212.53801773342,424.922220842039
428.037674717865,79.7393085125557,431.313320338727,429.062627531252,424.719532340243,441.540093268174,213.455850972715,436.656070668202,216.557041593855,429.720531113895
402.31274862421,47.6075061719114,416.731276958667,409.537101236665,406.860169773763,411.919243037414,191.927348909189,413.550674230354,194.284666284293,402.08010377152
404.867022717151,52.2094966068465,411.350941170278,409.034859688451,411.382542584026,413.259228429431,188.295022575508,407.116287979281,191.155624020361,396.773601171271
436.767986843703,82.0458479139302,434.810096155626,436.806838947141,437.681802549029,433.699167793105,217.718579239799,441.158638848297,219.492515162402,420.839590717482
400.293464110199,52.9935454651176,405.668260115507,406.889023745206,404.851001872948,407.386475946843,184.199895019503,407.784428870297,186.933516607714,395.867859581022
398.733260575373,45.5465703209864,398.981201854216,398.96214496469,397.541355622625,399.924836820751,179.148895760263,401.781623808776,181.124892872232,392.940016291995
