439.901092618867,92.4321046812079,460.528498554597,436.644611195823,468.270315714074,471.656108614327,198.977670585343,394.511836956719,210.551183867681,458.741258140834
428.19650201852,42.603710138172,464.7239739187,452.483458396868,476.202736785556,403.840596983509,154.289643903273,389.366070444626,195.47413117779,454.884517640673
469.950546309433,168.462009545389,457.899493338502,468.322305597912,372.864016182988,441.285071736789,263.275456635882,447.255918478359,322.792891944827,413.864880093413
439.901092618867,92.4321046812079,460.528498554597,436.644611195823,468.270315714074,471.656108614327,198.977670585343,394.511836956719,210.551183867681,458.741258140834
455.296961668315,118.854646931239,440.792747831896,452.754517828886,452.405473571112,457.48416292149,110.599748497206,378.504015884545,225.192701018425,438.111887211252
439.901092618867,92.4321046812079,460.528498554597,436.644611195823,468.270315714074,471.656108614327,198.977670585343,394.511836956719,210.551183867681,458.741258140834
380.282709780851,297.265254981494,406.763129702138,461.376055286046,500,500,424.459667162198,402.84810330342,422.237336389271,500
421.382574100348,165.929071035317,362.20644968795,453.528669166838,417.493918198546,485.828054307163,349.488835292672,345.269412714294,221.319217079928,349.291497375284
-59.6173108452052,-500,-336.351158673421,-45.9455868164027,-7.43482207844434,-341.837997272921,-303.956287885149,-20.6321086454864,-311.391074732826,-113.314177243936
-311.860227483574,-500,79.1105972886024,-148.213960950422,-140.325980780751,8.35668990781076,-90.017165754632,211.328639547182,6.84386918418306,62.7717977939405
224.203665241384,-66.2716164864564,-67.3494680495726,76.4865721822774,-104.720511267837,-129.220816816881,-142.286922678851,-137.187177982922,-123.950247121166,-8.26260478147097
169.708849656285,366.943126129953,370.495244169547,217.186712882418,353.158133830047,197.774873476911,193.38724858978,135.629966048518,-141.651552499618,72.2750183422608
339.961207900873,-328.824861290399,118.570127764854,423.071693690985,409.536070118889,-3.56681042389874,-207.779321613968,-6.46726288870758,153.807464511123,107.058430684151
57.858150291218,52.9591527443129,500,218.009560688025,245.722731163235,362.859928524734,424.009124041724,176.605212422371,-179.86422561579,500
-200.982820059186,-113.330440015868,-35.0914035334436,154.611572182277,66.256500226416,266.367418477237,-48.2247695156988,-123.074274757116,-340.47028622185,397.243347599481
182.318461690076,-296.968338985218,-318.211825531573,-29.969244650147,145.878391977114,-20.7175184183533,-52.7866074793845,159.334061320586,-326.542589884341,77.0978489012363
426.188713042572,306.974881663435,374.710173791834,4.8346056048277,462.63715926664,473.75685230649,500,340.585452331843,242.885481760791,425.780469005098
469.950546309433,141.691329012546,404.039427516346,341.328533168731,484.135157857037,436.568924418579,271.362006069534,405.392245107997,326.942587122962,479.370629070417
182.770177555994,54.3030602718886,500,406.286056487757,193.390245426865,500,438.998485814324,500,-65.9223598264565,309.108689659923
-71.8034979814799,-457.396289861828,-35.2760260813001,-47.5165416031324,-23.7972632144443,-96.1594030164914,-345.710356096727,-110.633929555374,-304.52586882221,-45.1154823593272
416.491911418173,-7.22468440486381,468.919449282803,468.322305597912,484.135157857037,336.02508535269,109.601617221203,384.220303932533,180.397078487899,451.027777140511
-62.8222759684169,-103.756911053652,230.971695494532,385.122904078542,144.581603711084,395.983638363063,219.876520035929,124.394976141367,144.629667807303,477.3677705924
500,-22.1570191881478,154.868121196106,130.80808501447,500,420.01793197615,-258.886126274397,-28.304562330269,115.198619765117,466.47935337893
500,109.485959271119,279.102144853653,500,424.589833559749,399.227459045188,500,382.607543424702,273.469107717543,468.118209172017
366.691212206788,-93.4982192131089,368.975919623227,395.169257065652,280.5804314821,349.548080041599,386.284082429434,500,311.482009447999,5.97157198690784
-99.4851329740567,-281.677481427008,19.5021860950182,194.591653720838,41.0427420241197,41.8825602114945,-87.0507049985549,27.1322455704808,-80.8604996783166,214.201183739167
179.625090463513,-307.232223521465,147.997760849679,-124.096582256384,-191.347987447919,206.248075156175,-358.39166959428,63.862941078693,-245.706140718768,-24.2752550697581
-78.6174258996516,-334.070928964683,-137.79355031205,-46.471330833162,-82.5060818014536,-14.1719456928366,-150.511164707328,-154.730587285706,-278.680782920072,-150.708502624716
-266.17359776223,-117.281359298238,41.0413039821491,229.954126997363,171.67691777564,-314.278408640909,-443.686010718941,-325.085407292196,-78.3333050528639,208.233530036918
277.446076971552,-3.38000312174717,124.652447591456,324.781197611049,350.908799045335,397.913148944134,69.2067979125526,302.958580819325,225.231788255276,422.283552221762
213.805725223731,-73.039650745054,339.560756619113,286.82509946637,427.503237566575,335.29247225069,-67.0282182901395,194.018482714247,-20.0286645946068,258.752537109318
213.805725223731,-73.039650745054,339.560756619113,286.82509946637,427.503237566575,335.29247225069,-67.0282182901396,194.018482714247,-20.0286645946068,258.752537109318
500,-293.771159584332,500,77.4965419422471,470.842862894087,372.626431186189,-293.677587739763,253.243218245949,262.792891944827,-44.5976922804498
416.491911418173,-7.22468440486381,468.919449282803,468.322305597912,484.135157857037,336.02508535269,109.601617221203,384.220303932533,180.397078487899,451.027777140511
-240.685278024027,-370.450614326063,-246.645961206953,233.258141453847,236.946012617926,-281.845009564024,-194.046826344295,121.954495860443,-149.934380782446,-40.4630768958345
101.529493677855,-24.9753376541206,17.6757911527093,341.328533168731,80.9093514054243,119.902257751912,-30.7213272637998,234.33961352905,-103.612968432594,430.983532296224
-12.2896421714051,-238.511406171316,218.593014683629,137.005587736917,386.736159419075,198.928835887054,-333.034107165623,-6.47487152822551,-250.608513056894,58.7638160778026
350.07150201852,-230.123562589101,20.2795294742554,-47.5165416031324,450.56171114453,-33.6594030164914,76.7034370067213,326.866070444626,-15.0521846116835,-3.4488156926605
98.215451734137,-75.1410067886393,105.366464276428,265.479435833521,-172.358187509478,439.952413939599,223.673466221484,69.4514485854851,-293.363487907205,402.696387785116
5.41526545423352,-484.247350060523,171.186206625215,29.1311573268626,272.443848115762,-126.368819087834,-311.953376316063,-196.322815063927,-340.064250912316,168.703589770832
