420.278830673975,67.1906113896697,422.363681546496,424.088060795332,420.922890097325,424.458123057715,202.629683073716,423.373091090501,204.164936493466,415.724450443742
419.670522489042,68.3961235736464,422.139943421406,424.395995389381,425.92401695075,422.976431741838,205.486025265439,427.356629720806,208.37053090083,416.418907112927
419.458663372025,62.440028184484,422.46122708064,420.415278102824,418.227620515215,425.54587985142,206.68223311059,424.779071284072,202.332622629153,411.134452058355
415.092897211052,68.8346855390291,418.172762576425,418.522129871566,418.081629305707,424.867383718611,199.360989920457,419.205976619535,198.841842757812,414.836293170256
415.092897211052,68.8346855390291,418.172762576425,418.522129871566,418.081629305707,424.867383718611,199.360989920457,419.205976619535,198.841842757812,414.836293170256
414.900836235705,66.7161595168544,419.571087236357,425.924683872399,426.782226822822,421.615339957036,201.420585635823,420.634794526151,198.071120077681,414.229129721168
420.329428540426,71.884190167845,424.191380028272,424.918169403421,423.607866455233,429.564295081094,208.129769603193,423.117531790464,206.168703746587,416.960729231881
420.329428540426,71.884190167845,424.191380028272,424.918169403421,423.607866455233,429.564295081094,208.129769603193,423.117531790464,206.168703746587,416.960729231881
418.044269738415,63.8535762181983,417.030088623684,423.870457457612,418.398665704502,426.175318118302,202.619754235269,419.672542428157,201.475997384183,409.755230025821
418.044269738415,63.8535762181983,417.030088623684,423.870457457612,418.398665704502,426.175318118302,202.619754235269,419.672542428157,201.475997384183,409.755230025821
422.936753303948,70.9645523636571,422.683915129466,426.832031021,424.875147561224,431.116289833594,207.641996450227,422.861515405416,205.054017022021,417.427425767126
421.879741582589,62.8941562880881,423.865572428679,427.308579872039,420.153078792635,425.138703828272,199.619421091826,423.52094031905,205.290261870986,409.700854369092
426.186937499951,69.5882191436063,425.596846605867,432.083728129309,423.74925713,424.365784167433,201.991550968294,424.113409342319,202.018424919214,418.821818158654
419.374651532612,71.299102947214,430.384150195025,430.04385492211,421.46768896501,418.879485045271,202.872217504573,418.715404635731,205.384172215941,417.502878785134
411.610320937414,56.878173079978,424.284281623198,419.168698347559,421.39602702324,423.832469214034,205.922679683523,416.80776015161,201.111388730805,414.848176295237
419.601372572022,69.9827722191186,427.413264871198,427.434400834203,422.472388365431,420.651391053626,198.770370154062,423.52823886033,203.552364317957,410.286437745163
415.920860436537,68.4879018794165,426.937449387744,420.392228130484,424.711885775571,431.067851485923,202.098581468115,424.921902309256,207.927479551689,415.265716331607
429.111402740593,71.2921092558009,424.05427153388,425.047420783404,426.477621202902,427.025939138512,209.649653735092,425.336386571488,208.352776841801,416.660242974767
414.640499196929,64.4132873682225,421.570010624896,415.368895148265,414.24957768518,425.028389809894,200.798391304072,419.247562750216,201.341015095369,408.605114258619
420.208102861688,72.5244023118742,413.646588144912,421.605104546122,416.423398424558,422.440144074162,200.029014452878,412.658485414918,193.064353325205,416.226742516071
418.819228500815,70.1158060465197,420.698405298274,420.365799866265,418.073728910152,426.637191225197,214.784105978891,429.574739386192,211.916790598883,412.109697910261
410.62828597588,69.8349297430724,421.920442864772,425.460392524016,426.357486806986,422.545584227112,201.051554116984,418.64456108644,192.328024921607,411.515689378819
420.010712881329,62.7613017842468,414.18794166389,426.586032323922,410.014726612686,430.627418088875,206.154822108572,415.044817212197,204.712140326209,412.429026817264
421.057509991972,70.5876174886701,420.012684500436,434.630775218833,425.631852066007,430.905666366257,206.736339283757,426.067910187649,210.274072997702,416.322663225799
412.611806494667,69.2417037859701,419.12769000194,420.135627935368,409.125567542159,422.71267568155,192.643890663903,425.471843847969,199.259958535142,409.897367453341
407.54170475526,64.2447707637198,411.513895241254,414.222982237646,419.737897414985,418.423475116744,195.874867642408,417.350519103036,196.141965778673,407.602440461827
418.917660394775,77.3858510235903,424.445150944212,433.790479030962,428.58142369,432.738237536556,204.624303203765,424.642246148606,212.706222612104,415.333399376739
429.088213007422,70.2387625858254,422.296658061376,428.614290474689,427.947939959658,435.979239686929,212.522705314691,428.682075094979,207.944860589289,412.242482855071
411.055937215323,61.3468917262197,411.122863154215,415.452949040103,415.313515560528,417.856839211588,192.269573107099,417.828544640955,195.905587402009,403.070738047211
419.99557683336,79.6993504554397,430.876702734019,433.42786925984,429.901338460741,433.47976742927,206.724517159045,429.081806552177,199.454560326735,426.438023013017
428.092064386554,76.105974575388,433.282289119182,432.233273832843,426.178824908545,433.030327958891,216.299704243715,425.442572478676,211.97033829406,423.875720933891
411.96745884877,53.4554775848056,405.943614122575,415.482075366807,411.714173725892,415.891484305056,200.775756448066,413.109586667341,195.905587402009,406.267668993503
407.986084377241,53.4479312382899,414.663213288656,415.053461490216,415.060728690907,412.349257701978,192.050591317158,417.125414480268,195.064898169347,401.237618609753
412.617159441196,63.0220838184989,411.488270597815,411.392005094382,409.350864272421,422.639219725741,191.244106803574,409.375841356873,191.028800185411,402.986511935448
406.960444583207,58.5152062106258,410.822396071053,411.549185446202,410.238882498014,416.195311123874,194.760785645973,409.748547833245,192.799719789368,403.591745274662
407.760435925169,56.5878240675357,406.525886943012,421.743573646236,412.907833007787,416.738388266147,197.272160652381,410.967157525782,190.466245890003,402.115810621695
429.936095406069,78.437314077512,438.438901542642,433.947724632617,421.909837686532,427.133173377211,209.624986300617,429.056156299984,222.616741082837,422.35406756572
422.729383099221,78.6083254649976,436.471526456103,433.791026114982,431.456554406054,437.408172619112,204.753181395462,434.176889720373,214.32029290318,420.740503590845
430.773947257004,80.7968461393245,429.797728139364,431.250846014736,432.827855391246,438.755471551682,214.257220583585,430.153839136369,217.714644436913,426.764650800508
429.606550294564,78.2291477988822,434.440943685258,440.689673267762,434.925444776776,437.327177150347,212.101845085941,439.903710827394,220.957818858607,432.87182402592
