420.278830673975,67.1906113896697,422.363681546496,424.088060795332,420.922890097325,424.458123057715,202.629683073716,423.373091090501,204.164936493466,415.724450443742
423.617281518629,65.6390988786695,422.648864854645,419.97033679017,414.962073339792,424.726671355316,199.610124386509,424.292949983418,208.502129584188,420.62095033912
415.400412616047,65.7091575229759,420.752111570365,417.086783304114,415.4382409086,421.796015756908,198.244947237924,420.47840757085,200.5654253376,411.223315322672
415.691956843817,62.1589799925862,417.803068531339,420.515998303209,415.243712807827,420.039279320187,199.13015201759,417.401124644956,197.724655703119,412.956711739778
415.691956843817,62.1589799925862,417.803068531339,420.515998303209,415.243712807827,420.039279320187,199.13015201759,417.401124644956,197.724655703119,412.956711739778
423.12814951317,72.766290984842,423.680059511957,430.161754863016,423.71915360192,425.748356272788,204.743278097037,426.669050434694,206.409300074292,421.292650635615
423.12814951317,72.766290984842,423.680059511957,430.161754863016,423.71915360192,425.748356272788,204.743278097037,426.669050434694,206.409300074292,421.292650635615
414.970416861731,62.9013264665265,419.565956434511,416.848068465362,418.955782825522,421.831336714362,200.234925783133,420.9701641127,199.00355349882,409.863040248588
414.970416861731,62.9013264665265,419.565956434511,416.848068465362,418.955782825522,421.831336714362,200.234925783133,420.9701641127,199.00355349882,409.863040248588
413.33433508018,65.356497170409,413.015288804527,424.757697663149,417.920184529755,415.807266434791,202.442099893797,416.646140927248,205.076203735864,413.560691872728
420.154319219752,71.69240782333,416.598852538637,425.191209944017,421.393279827719,427.840336457551,209.654329140537,429.189096253709,206.326275513255,417.100874816766
420.51709495516,72.6594554746247,418.229918780342,424.7421832721,422.461626208315,420.782750112568,210.156844683134,429.998127149068,200.180683846765,427.095477415486
417.577093076328,67.9650296130688,418.568825624437,421.502532116655,414.106660048578,421.612223525403,194.834619371541,412.180400352067,201.797043796126,415.772672029965
421.669568369738,70.9809475885804,427.953445712269,427.495189331077,422.377178259909,429.205809571341,204.514102991616,429.069472862946,201.812515460646,418.766689725488
416.141579784383,62.9020320567139,419.457924645981,425.269719682134,423.35680182921,425.509135014146,208.325912767413,419.464053535785,202.191592654284,407.258710215706
412.136639507106,66.4600834831969,421.102739924328,428.990245959548,416.631524735941,420.8800859406,194.311270242349,420.225751465622,202.504270396067,413.294072605042
425.190822123018,72.6773662816704,422.42964486521,418.809072499428,431.126458655992,426.819697206547,209.986945844432,426.573032781458,207.165065526311,416.501590701571
412.926259478806,63.6382841119898,411.748024384045,423.360494840107,413.618847109861,422.680118668468,200.877298715594,415.765006025495,201.185003612882,412.575246148047
411.88567127889,57.8932213900143,416.154460655934,414.253092966643,414.874284923582,422.258340050596,198.300841963184,427.977117319853,202.923301318299,416.288055124309
414.505755878385,60.228766562311,423.11172338234,417.52072055554,427.759264567148,425.089595852132,201.431538448818,424.314543101409,194.815409168923,410.633667367813
418.686875580917,72.8378831956095,424.114333142106,436.683154425653,424.676248408997,420.867069175006,207.906736868388,423.400023751856,207.281040523049,420.145601808154
431.18227322451,67.1888899009416,429.08015769556,423.456988689402,424.912976960692,428.780496964116,205.74721484573,431.533601690998,203.321885984945,422.593701388985
422.220188689815,75.0416240392057,421.088003246658,433.389362102234,426.102185231378,427.416154996731,200.033706080614,430.94034105017,201.867920717058,420.62229648018
423.781209110711,73.1394153137367,429.942014622543,431.455552612255,423.282072648544,432.195094497888,209.006272741062,430.381158568476,203.82429008999,425.508200610171
419.425766991195,63.2838645717295,431.194967239193,419.854767637807,421.032450117293,411.422400922754,200.655359267651,421.030063557638,196.599828946983,401.059192596444
430.658551448199,67.3521460708847,428.944661065645,438.231620287532,418.59341645556,430.262104807167,203.318974391544,433.107931020057,209.495516197845,420.388167388455
427.575663765832,74.5233838145865,426.981872614658,431.943271474218,429.705671356626,435.214372150462,210.007830837024,430.478664771396,215.055384406215,425.830452939819
414.153322493,57.8851516319597,417.84223461659,411.932144128856,406.960215949295,415.509870421228,193.949414591876,418.092000545267,198.417659014576,401.558366869063
407.199850291773,55.7963898782494,411.934965612687,413.462427634011,410.812282674394,416.125912664124,194.235783434946,411.216165302808,197.831904562842,403.491356559785
406.80934732395,59.461110037815,410.208531439156,409.354824541227,413.87622903731,416.15812915897,186.822735429114,416.378126408713,196.431988263101,407.643704784298
412.426582322629,53.9596123440796,418.297521486909,411.563955616338,408.003665175055,413.972009865892,195.33507028415,410.244932737617,193.406204260853,402.632250030575
432.33286232613,81.0709874338684,429.693805216424,435.316394038274,427.060123437735,431.953014539302,214.408226550645,430.410320803833,211.365683896656,432.070532547517
408.476554193977,62.232668063516,409.031306562908,415.998039593243,408.845640604449,410.44814874193,187.20303644485,412.140725402901,193.09473727319,408.400572246602
410.803824072929,56.704504310341,406.05747626949,418.750279304759,412.997805023543,409.016304526581,187.766825104644,410.869021659005,191.626179103601,410.549754368125
404.527345605737,53.4511741183995,411.087163116757,412.433289604228,407.061952248806,417.653894991076,188.00175400504,418.443681580616,196.62054841776,406.597357088466
430.287370589917,73.1819876925241,425.375664503818,442.404022904253,433.440622221924,432.651890882508,209.575752323841,435.007437335846,212.715507575937,432.645129771599
432.049640393424,72.766290984842,434.072477204008,437.228598893611,436.605751540064,432.471798675298,215.338925290622,433.296443660025,210.408589089579,432.980495277188
405.014003701126,64.1550316240038,408.809123839837,409.675716849712,412.906150699658,415.988763314369,187.855698193873,407.46839164755,189.883935093316,402.996855502679
402.513814677902,52.8225595848315,407.865513632221,404.200185365969,402.551642970456,408.909417818763,185.35834929978,407.591809632705,187.678827399455,398.336717384527
402.805358905672,49.2723820544418,404.916470593194,407.629400365064,402.357114869682,407.152681382043,186.243554079445,404.514526706812,184.838057764975,400.070113801633
