421.917819285206,63.8490590815865,426.758340697041,424.548150344133,422.45935027017,422.667721286577,205.646180540418,419.644630651821,203.018780160751,420.760170012491
417.231965915706,62.0382148184124,420.944004072348,419.0396745992,420.541498656219,420.674904236252,201.743123266833,417.702793034604,201.660076842093,414.85035416653
425.243753286382,71.0409361809092,426.745456919566,422.463533396935,422.714745849983,422.094248368383,202.168679839773,420.777688751578,207.254498280145,418.743633171017
420.046805358354,62.1280215102951,419.704633235906,424.976198043754,419.471198939793,422.147495540131,199.873673366817,415.57530618442,198.04212105145,415.210219582823
420.170102435795,60.905048332025,417.514057223908,425.818837756777,422.485378395264,426.880133572621,198.536292512359,421.953683878691,203.606902058394,415.361417483294
427.7127505243,66.0361504184241,422.963023591071,426.124040100687,424.147592505075,429.833046703944,205.072722683514,421.0466866558,204.208435357299,422.097271924421
421.308965887679,65.5622445272399,427.497916216865,422.848163288829,412.115692832743,418.218288964326,202.501012377408,422.713391778243,205.828000885787,414.647546428991
416.460266242025,61.385558878473,420.572617413394,416.992152925554,415.730004822689,417.1101973317,199.830483057132,416.704700807623,199.363084138731,414.307378734762
424.994296147254,67.8053110411574,433.254171684802,425.50894630859,424.509812143661,416.661866232599,202.023585493907,419.334892499879,200.495486673695,422.952703244624
421.959875453243,71.5977184799921,426.591685577504,429.316475821532,425.931147260206,427.607501000137,206.186804679948,424.709198297035,202.49844903719,424.788763644126
418.895239727682,74.6316452627732,423.075452201936,426.706403839163,427.316934717781,428.523283442444,203.799386641552,416.308538222863,204.681112156806,419.330546162186
426.948188617461,71.5186595146029,426.032375950922,422.460624471135,428.374722941535,426.426953506888,208.760116403181,420.378300825494,211.343136489478,419.369664698543
421.354377723219,62.7021545026372,418.510252831542,416.774935574362,412.334877301513,418.217231469725,204.96628682709,411.528408442733,203.708677925195,412.294846075284
426.881015226612,69.0435897026231,423.781306532176,419.438726131798,424.334426197615,429.813905308251,206.944773166346,429.342121272989,210.917451548166,420.952373809139
429.858228541969,73.376083299138,426.683214357012,422.753281253984,422.081286781373,423.515813327161,212.966467823511,423.362841798101,204.185329367346,417.656190305699
425.98170877175,72.8515101772102,427.628222143798,423.484209703144,422.137128545772,430.094488922168,205.817428289001,428.108370039237,206.632313415478,417.04424490101
419.998223589287,61.927293381592,419.241503562793,422.41079609528,412.503227469863,415.601328853822,209.930458457928,407.368404282729,202.25565563884,415.063171036122
423.924906219967,70.2164830924758,428.317005873784,432.208353439022,424.785970842061,430.131946933602,209.293816006565,426.773584316081,206.395575242486,422.027122253037
428.304597883311,72.3610013259967,431.382920101869,427.056917497583,423.539454256504,426.916380995752,207.76195513835,425.869957434808,211.113413147943,422.538960570405
427.269762319377,72.5790492443281,427.111422117439,430.386558731291,429.04214264645,426.083119280713,209.495250218152,425.261776768079,208.36827470884,423.610623897421
416.924927236476,66.7674389404102,420.039420502512,431.394548212104,417.17461877436,423.857301937438,196.992411524982,418.280933890047,196.007064604629,407.718637091241
417.479002900623,62.0289993546994,413.214857730433,410.448762639919,412.36825997613,415.843418123478,196.666687430943,419.698986629854,197.135430712853,411.031738888504
424.654764299967,75.5543256571045,430.43412280856,427.680931025664,435.255592938848,427.558839550262,213.02412874703,428.373248629551,204.155983731844,421.927906697463
431.242958677543,70.2843301516349,432.81932532187,431.116915856284,431.39351818634,431.432727355823,209.162987370553,420.259165685819,209.58060645651,423.133782820986
416.523197183583,60.023644405918,415.075003606277,416.786189853746,410.49252329445,415.463003561522,191.587688518332,409.514700123814,195.336493345822,412.597889384286
435.333274813451,72.6681079225672,434.705974186344,423.878278595065,426.910041656674,426.32916995157,210.162086028329,429.623585777866,208.210663886774,427.332521331317
413.491762071277,63.4599757856759,414.759146774722,411.61786103124,406.477283340473,418.314103367272,196.50774155996,416.774722341953,192.869901520638,410.542348864231
407.356220762667,49.5075252102891,422.594433447519,422.724889303491,408.995241886776,424.079281677216,198.188423823215,413.957718585384,200.280858524091,415.535937554563
428.836607427671,77.1418665229944,426.67296099425,434.912662045421,427.233867200503,429.643713484442,215.267713795184,423.110238206381,211.669235885753,423.258716757023
418.276451066492,56.0552837035644,416.505831989149,412.887167856102,410.986662849852,411.926699921045,199.684672156245,409.736403992853,192.618334618217,405.585115794822
418.325042272955,54.7627016449753,417.299630830904,414.604625172181,414.819417972222,413.168819894789,195.856226167552,409.633535536767,192.826925618863,404.018759527727
428.657507203841,72.6818223861085,437.308085446152,431.470954598608,426.52879549451,428.091871891951,215.035431722156,423.431250346675,214.001755252715,428.872646005992
410.232738663375,56.7106529786552,414.142645311191,415.376534725755,412.065439302121,412.343814423749,192.765082025793,412.647143094336,193.08361822996,408.622446601053
410.232738663375,56.7106529786552,414.142645311191,415.376534725755,412.065439302121,412.343814423749,192.765082025793,412.647143094336,193.08361822996,408.622446601053
411.582387046609,63.1886443656211,415.069184089379,410.284880227952,411.438640361901,416.904148228988,196.370985999226,417.005607580651,192.710905051286,401.870803663733
432.871276113635,78.9054488420927,435.533896716023,436.221544857634,434.648348523465,430.396473106199,207.724450767195,420.441097910212,205.729791740408,427.796597657044
409.897213488277,56.9999713810993,412.026496347785,413.2676404004,408.294473261109,412.065975318469,197.951696479167,404.362151276476,193.487417703935,405.407793733686
406.165131484756,58.9845452436474,421.345310344122,417.141542107853,415.344080755708,406.876512697245,186.911450498731,404.560411579565,188.785247022279,405.517191623066
430.762132833024,81.4174330827119,431.787815682721,434.74044239552,437.459651063959,433.658876856471,219.677720078041,431.755283261585,213.923830264396,430.625214245345
435.149738740802,82.2524966336245,437.279021600311,438.520165652925,433.546998513634,437.318500570994,223.204221731692,429.614676529001,218.73994295646,430.660318986212
