421.917819285206,63.8490590815865,426.758340697041,424.548150344133,422.45935027017,422.667721286577,205.646180540418,419.644630651821,203.018780160751,420.760170012491
417.817987619524,61.3581592638842,422.994467630818,422.762374958962,417.410283649361,417.030759446494,202.572610659865,416.375536369249,197.344851304946,419.615050186819
428.59729135635,63.9485345804856,423.282287110441,427.987897511217,421.020019622958,418.191031723722,203.852911103702,418.755582066126,207.441255682225,424.97808649045
414.547196992815,63.264557919145,424.051857162353,421.429667778944,418.141803076714,414.339179581048,198.53625629999,416.497890451844,204.872664140687,419.430463497873
419.845592224623,65.8345825352342,429.69330831329,424.83808086198,424.365502219318,423.085375733565,205.985114748266,425.538921799707,204.133458648658,426.69394032024
420.05269050331,58.1683906076141,431.570522629491,422.721857122537,421.444909111122,420.735934939076,206.923872864983,416.899056634839,204.289710895207,421.296077042226
413.206685637914,63.9477157934673,426.600050452973,423.129213308079,422.608565538374,426.707477594198,206.724671225544,416.746290197743,203.407393055681,414.376235936258
414.30874742386,61.5504419921631,430.959012769183,421.002578647871,419.370389188127,414.612858176912,203.229219438757,423.321714254001,204.331119511093,420.348423504478
424.898027055292,67.7070111554296,432.085851645462,427.215350641258,426.749327508646,423.322671426789,208.04966484705,422.001229397509,208.085041443434,423.407048209955
424.898027055292,67.7070111554296,432.085851645462,427.215350641258,426.749327508646,423.322671426789,208.04966484705,422.001229397509,208.085041443434,423.407048209955
424.524348554125,71.1842632008747,433.931282883363,422.890590137596,422.02670573702,424.610978961758,208.046805569202,420.862782723384,204.801407014974,427.220528218631
419.143435472127,60.9663458385753,429.251643020528,430.360480158148,423.649260940622,428.981921238157,209.472534649546,419.450356420882,201.764736473535,420.681585451115
424.663060182727,69.1190276267063,428.196169848448,429.150194682076,426.716524740346,423.957443925984,197.872057919129,427.950194199571,199.455089420325,420.085854521926
421.726273184923,63.9187601515592,428.913537798705,432.343978280584,418.327041991862,426.031659536503,205.248553929868,422.740458575755,201.599182988114,429.283985830384
414.0688191345,62.2384410426044,430.629823689725,420.779707076902,418.828535429438,413.94673383303,200.736433523918,415.662180858509,200.490531992489,413.09351685682
409.998136317517,67.3035739624874,428.939861122139,421.985011774882,424.456857659095,412.123243701746,207.409666506864,412.161760491343,203.358955077473,418.719756757837
425.211917311001,68.7733078196223,430.170192488609,430.520348067132,426.418592294097,426.37466884426,203.999972314448,424.575654010512,210.023083028729,429.000969420646
426.201890525944,70.5840818561434,430.420210205076,432.781233987722,422.714385488116,418.405896960246,214.60506390519,421.565571501794,200.720188838699,423.052893971198
426.460469787253,66.4024673806231,434.537648670199,427.961063904349,427.477276515728,429.567213505734,208.806072441361,420.992325475282,207.590232860283,423.681175460961
414.051145176113,55.8173098580302,427.072388437476,418.071769210349,419.774724791121,414.793134637913,192.199615674904,416.468853757835,197.708445829412,416.228325911922
429.962221831665,70.4792826998327,430.753809904178,433.254900519455,427.576338285803,429.909824878365,205.194665179855,422.216928565315,199.106162196804,420.780505267789
421.732810017899,67.0729288764218,432.2936213967,434.600072250435,418.421368757751,421.610143827415,214.849344657428,416.162368554805,201.629144025382,415.291660516599
417.449449593266,69.6539777813375,432.353867737614,429.950150849302,433.383822300204,418.571641371824,208.63726642929,428.619848059408,209.100891950623,425.962562234989
417.716151007527,66.1120038147277,438.626392303265,431.708842990532,425.142316314049,426.461778038423,210.408075280236,422.82975771946,207.063539920368,426.25464733509
423.849361425329,73.3555009738247,439.558295486422,426.485500687071,428.324971909492,423.481217205758,215.126182032511,428.547535064408,206.731838041632,421.778987887032
412.148110930363,58.3660170905494,419.669142383599,421.609974271132,411.948395274395,414.763507728148,192.472033806312,414.161502839298,189.424869361209,411.768983064116
422.049101029373,71.6262716874377,439.471122581619,428.674869949889,423.096831546594,423.369231314205,214.117055451333,425.527672289263,208.190896907359,432.067887954605
411.374596078878,56.6333438232227,421.091698432307,418.609674241129,410.627539504608,406.34766614399,191.780893263686,417.149911436255,194.487875661839,413.632450660875
430.896579719567,71.5776068179587,431.653599549439,434.748968845206,434.389218155351,429.622049140305,206.608225653549,431.155322404699,203.771381264563,426.272808621062
427.937044635624,74.0153505923362,430.124351797077,433.373831331455,430.088256144256,432.381228851061,214.07903575977,427.946668205946,212.448055383588,426.789382017532
430.616634473333,67.1100523942054,438.940890545541,436.294970496161,424.192573777681,430.764526167026,210.90992607634,429.308584277514,203.100267436902,429.160520558209
413.916144876615,56.6333438232227,424.587903490479,411.562916933819,409.748175252393,404.348427758613,196.478812035155,409.900972256623,190.47497437171,416.831989364746
412.332223283924,52.0756566229392,416.716761038001,414.121906138936,413.586605979239,414.085921059412,191.683939107248,410.528259698429,190.995910169066,407.977500829414
407.017258002927,52.6546810315704,417.667158750436,414.073629362244,405.7803987784,411.245044817514,196.873532130523,408.419599203978,187.88919029579,405.045537865118
426.145479517302,79.0777454204709,435.356360866623,436.703576063503,434.182582910423,431.582792553214,215.77822436411,430.474436661038,215.849662435058,432.769699555876
433.347047597301,74.9497048500053,437.768995712588,434.974826149507,431.002136385537,435.347841468757,217.572583131389,426.950908960006,216.433959004775,432.484994629647
405.959992118482,52.1778982786682,415.543729842345,409.60877415112,405.416492084076,403.872418619237,189.659252528184,406.011297574869,187.174644338706,407.831089274737
431.769733250452,77.4071562790951,442.419633997961,438.826104609768,430.532874025924,435.997520065039,221.626007378048,433.172074451503,212.641665543314,429.798013112643
440.670511080297,76.6362750215171,438.885617661244,438.999223268752,436.332416278609,433.766420264483,217.158153394625,437.348478662204,218.633491626287,430.138504030755
437.274264679054,80.083248779192,444.462089269224,439.59158826502,439.125565132409,435.698909050551,220.425902470813,434.377467021272,220.461279067197,435.783285833718
