421.917819285206,63.8490590815865,426.758340697041,424.548150344133,422.45935027017,422.667721286577,205.646180540418,419.644630651821,203.018780160751,420.760170012491
424.91088117379,65.6214399225055,427.958572531581,426.715373116933,421.825823334067,427.714659459985,206.009278961356,419.778890601741,208.980503851812,423.30962207449
415.222061547749,61.2991347046365,426.476674725844,423.387549340032,428.907296169384,425.629413912136,208.668879546994,421.159347335023,204.300104410617,420.302068955216
418.782563975357,59.6630999469489,428.319322892331,423.384436859167,419.590050976343,420.174304941098,198.692478856498,413.953579898382,205.765011921126,415.415880346375
426.438454235337,62.7906936341916,428.238341471544,425.651939077216,423.34401383568,427.012726706497,205.431651130474,423.679217769431,200.540038130191,428.140505248585
414.710378109236,58.1836230433639,420.936789395018,424.200557470114,418.426253254506,424.123288251801,205.324861423018,419.023161675507,199.416164266868,410.599492305625
411.840937650126,61.4175287220792,420.774187769002,419.84515677325,419.077288778401,418.012326043278,202.195849869745,413.474381187702,198.338044790021,413.592840420925
426.230500147822,66.2141925258638,429.972370336164,424.097590816562,420.781910724154,426.447063991906,212.204482156912,419.896395443892,207.304543051463,426.613668044715
426.230500147822,66.2141925258638,429.972370336164,424.097590816562,420.781910724154,426.447063991906,212.204482156912,419.896395443892,207.304543051463,426.613668044715
423.206677309537,63.0991344067485,427.013498391017,430.747637857536,424.694029537009,428.546021127319,209.441879725972,417.298771331699,203.370080203412,417.949091318078
426.836111030861,61.4971435735272,427.673954668769,426.058861767442,429.560036959903,421.6763449512,207.745951810393,426.645112895019,198.495103178787,418.353394670985
416.283988077611,61.7044554705931,417.852144046097,413.151444952533,415.939467842489,421.244394117014,205.826883295469,409.981681287687,200.206495340479,414.327188945638
428.292968907059,69.7786874942061,430.451288734707,426.915859279443,424.796568122425,426.688206654574,208.904326231556,422.790669445445,208.923535518805,425.024856212532
425.203893311473,69.8808119796218,423.84745711522,432.376880340437,428.707005627362,429.291278579893,206.377654554844,424.101324144245,205.109509823414,419.234361523721
419.527975083153,57.3153980482424,417.999606732386,418.063496574165,415.436966049512,412.320934605675,195.782230210124,421.632927185902,198.36947194714,414.577004059034
412.576231767773,59.658196612629,420.123781264937,417.199654127747,416.296431424373,416.959036158153,206.017766079338,414.206088504775,200.506066470238,409.527799770518
411.759945379102,59.3194432250952,427.034350370628,419.92525609641,416.712174218165,417.106587542922,208.909238483005,418.921535659247,194.679508204655,413.186336355884
412.715672115665,63.3539960706236,426.208405758673,422.767095767075,425.881499836033,429.193575407875,202.659407136897,411.19557423541,196.899645790646,426.523256489791
413.266436512816,61.5747441628461,423.430296613691,419.79394092823,428.661696919311,426.992112018383,195.965757569792,415.666517157495,199.159893355505,410.977247702583
415.620518038395,64.8072661893704,437.071551056324,430.012941919728,423.025978192758,424.098690659909,210.402497175427,420.476766210384,206.178829024558,423.777993146764
426.985731125924,64.7394974256372,434.737602403148,427.344455904172,428.405171261772,429.771128783363,209.816459432644,419.7319951745,205.771261979336,420.511419458932
414.581523398074,64.5212614806838,416.455791449795,419.231446014946,424.542817644018,412.377542866449,194.894654069383,414.571465161064,198.193661444151,406.75271977182
426.535378196603,69.3645990299288,423.554833876985,429.246642307077,424.349481364896,428.295645826141,218.182927987882,415.716306473191,212.603613899314,423.662128210367
422.497868198852,72.8799420556874,439.537049592928,426.577388043621,424.197498202189,432.474806549808,204.634708068325,422.969890015998,204.960961754606,427.007859142578
431.549358713757,73.4778223160992,433.43483754106,427.432448318361,427.429428873144,428.25706591312,214.298336419426,423.149466537038,200.724344713111,425.703564471648
428.122336561555,55.3513880991803,431.564778690494,436.849884013639,429.029978708954,421.1905651037,207.056024120711,419.775298829857,213.914690723834,422.958558074943
424.872979735252,67.957654607209,433.604590491634,426.581509851066,431.331103829921,432.331937565185,215.995593130336,430.202023464125,216.050007623935,422.826289898276
428.616154583769,71.3990150115231,435.961918707317,432.108180110214,430.492878427774,429.916327171073,213.746507006305,427.744258419838,211.473595741629,428.694828973641
428.616154583769,71.3990150115231,435.961918707317,432.108180110214,430.492878427774,429.916327171073,213.746507006305,427.744258419838,211.473595741629,428.694828973641
436.458666945619,72.7182575665142,435.283149250405,431.157924577795,422.916057065618,427.910478626053,218.683140693498,428.026476744705,212.933060875102,432.062552320792
433.640988421671,70.3355235413292,437.724348760771,430.396631981118,434.273258153243,434.757638274432,209.731166829585,428.754094698897,211.539992251574,431.876903780139
408.046198171442,54.3726385530106,412.856701519889,418.7282850797,411.757986319676,410.242091061279,195.876038840518,403.292976344533,189.502103861695,407.270213995086
433.003061036065,75.5796058267212,441.261992647051,438.428199746536,438.146024920308,437.712138426017,222.093154105945,432.742673870629,217.443735846932,431.885523347754
405.504080928734,48.4649880652851,410.127944920098,411.148334721648,409.363019084048,406.594801615123,187.955236288109,402.234208921369,185.708179446474,401.449808678193
437.706029072077,77.2384227590006,441.992641443698,441.677119785996,438.898994065774,439.076743965489,218.877508293,433.698063057499,220.320480056453,433.828123292334
437.706029072077,77.2384227590006,441.992641443698,441.677119785996,438.898994065774,439.076743965489,218.877508293,433.698063057499,220.320480056453,433.828123292334
436.538895552002,79.2682201852174,442.772140038627,444.770023614194,439.070391295995,438.035077298822,218.640138570336,433.489871672837,216.99414952424,435.992183360806
437.403017250343,80.2811195157378,443.602090243335,440.034074334622,438.436308172707,438.013163474096,222.074935924551,436.001248901016,218.726667593482,436.13127744443
437.403017250343,80.2811195157378,443.602090243335,440.034074334622,438.436308172707,438.013163474096,222.074935924551,436.001248901016,218.726667593482,436.13127744443
440.983914410017,82.570085458181,445.692303901103,444.852810550563,440.759698358685,441.386258390458,223.413521465211,437.559509892678,219.657206486214,436.242265890109
