421.917819285206,63.8490590815865,426.758340697041,424.548150344133,422.45935027017,422.667721286577,205.646180540418,419.644630651821,203.018780160751,420.760170012491
417.592127899011,62.7119016222163,425.094318655366,422.171045636181,425.56052359474,424.82991665248,200.805969055105,417.655573904658,201.089336758128,415.868708857537
417.592127899011,62.7119016222163,425.094318655366,422.171045636181,425.56052359474,424.82991665248,200.805969055105,417.655573904658,201.089336758128,415.868708857537
417.592127899011,62.7119016222163,425.094318655366,422.171045636181,425.56052359474,424.82991665248,200.805969055105,417.655573904658,201.089336758128,415.868708857537
421.10999949148,59.0353785772364,425.318743139262,417.451157493084,420.231151195929,420.865341654045,206.652571334967,416.798807596471,198.536299945169,416.743140403416
416.418055018899,60.2616483164679,427.861024479296,420.93366502704,421.210259623935,418.787636318295,206.886854497694,418.765161824047,198.958941077707,417.163906077021
417.939637603108,59.649002372491,427.962071449752,421.156938395753,423.078056096545,419.446119324668,206.96576124909,420.125055615212,196.213531287465,420.463526782491
418.886792915662,55.8193425401158,418.904748510903,424.386515843516,419.232692516562,423.925796078141,205.637353058928,413.848072037212,201.916606183985,417.491623760836
423.921457015651,70.3801830575526,422.427610043473,426.672657023196,424.664311924561,419.347622596484,211.675029481319,419.478382981779,211.151747079083,418.577428181197
416.139882576981,63.0744831426972,429.590614462025,418.989144598407,417.888183191653,420.559397683025,195.933882536712,415.239299168861,201.351626972875,419.712291276564
413.547001438727,64.5939492438332,417.927613308393,425.37263239663,421.896574995182,421.488229028384,203.95453658368,415.037235762815,199.257784987996,411.637839855402
422.939249775316,69.2313521636439,431.88799306215,418.575191554125,425.755608702199,428.299419257998,205.909977840896,415.865358654144,202.957620092819,419.418911078725
422.310141853195,54.5855403895342,428.173684995225,422.478896744125,420.512292253769,420.555994614258,205.524788653786,418.730213781837,201.840090053181,410.641505757984
416.398651534971,68.6771882724886,428.223460546092,429.401410059087,426.92559295379,418.989391064933,207.254359402062,419.719881737737,214.23753451092,424.364631383528
411.689880635911,63.5094694624163,431.208622354825,431.723160556341,420.733459005271,425.038104472802,207.619808113586,424.199215723394,206.465869566515,422.644806729166
421.602776389389,65.7024272833253,440.472701973381,423.336218927669,421.219085354996,425.981227061953,206.065086005713,420.373727846979,206.741335129684,423.767881349495
425.288078644926,73.3768030638168,430.329422405604,427.919640424122,433.882298906807,426.484815152038,206.407163976688,420.229860459527,205.372603462868,425.36638720283
414.157518176364,53.2250847590066,426.453780828139,416.531586353844,411.229096892654,412.647582373542,203.059643359247,419.325187986854,197.611455372295,420.158486391785
415.334281884109,57.7147571333528,416.599173024298,418.934799681489,418.072401305957,416.387535901108,193.524415657047,413.889253181524,193.287672403065,412.9393482951
422.919949093343,55.5799644903203,433.114402966999,426.381536976658,429.253459009404,419.825583324588,210.372208670956,423.899747450039,212.994721614696,420.227643394292
411.957592531466,60.2847171561969,417.955540814133,419.186802440256,419.492562429692,415.268280877252,199.702703388733,408.787015278817,195.400623165895,410.089698224158
427.300865763089,66.6478764319775,427.39030396106,429.452599034239,430.414892526779,436.032306495646,206.041072805343,427.516010797861,209.655870167608,417.707484968158
410.972533900776,53.9470688282573,416.554225163816,414.537159009185,423.537869873058,420.41685398699,197.039648331972,410.374020506599,195.185374543486,413.727075505167
415.184950573309,59.5026110159029,419.749731002131,419.211033245897,423.39971626751,413.291820034701,205.117594629478,406.704921706319,188.792182115778,410.768573465908
411.594488128361,58.7363788268059,415.539104908369,415.821837014491,417.696947190526,408.42069032894,197.759536822812,409.385188241835,195.043923067823,407.941315442317
428.208219362987,66.9287174204993,438.657124948958,428.966090899999,428.717272147819,432.372778069611,213.668953895177,424.245499234584,208.066210972682,425.909858278657
412.315852875468,52.1583559235148,418.612049219997,413.810380794055,413.296338435874,414.083502704873,195.595397656434,407.552390583063,192.259098739946,408.499872405614
406.633246331704,52.1922403053814,419.779023546585,415.144623801833,410.606741901367,411.247283643146,195.888416527826,407.924776101005,192.462882262557,410.13315924953
420.249159189861,70.2321248501203,440.583461826752,427.730024736749,433.144883371547,431.561762326134,214.766517930199,431.729854517734,205.899081985165,432.607089490451
429.802057575121,69.7891629403683,437.330602480237,433.724229938736,431.64628321984,432.684436179445,210.800448641437,425.975351309031,213.543088053955,434.409151783046
434.992379881981,77.6614164882163,434.48815135375,435.068991278859,428.466714301273,429.33440739968,212.164660616958,425.667391031107,210.324808710849,434.375560195768
421.19635312782,68.5129634389602,439.529642240665,436.642543358005,428.203829280008,433.334662283922,217.505528178311,424.700904027904,211.394921097509,432.822057518842
433.755982325306,74.223669250964,438.029524948153,428.980283706677,433.046957129953,436.397940537632,212.932429556573,429.548749806364,207.337062847037,429.535471111116
408.047195968268,47.3318653792632,415.451036169456,412.738541336512,410.433911013369,409.748212254664,197.595216908704,408.516822390856,188.334941714016,408.940169938475
429.728050229108,74.8478239523134,437.230240985463,434.306967966278,437.696445924837,436.965838982577,212.941891385202,429.791496234755,213.225259088225,428.004631187634
432.776548342302,72.816782976598,437.02216261652,437.248550817426,435.734542769265,436.514344135567,215.577023199565,428.822571182062,208.627822020618,430.921817780145
430.905090991898,76.4640849655755,444.050868206779,439.416468462027,434.878586561561,435.51912830334,220.16026118802,432.1966207612,216.734726922751,434.405003909725
436.587697535662,76.4302005837089,442.883893880192,438.082225454249,437.568183096068,438.355347365067,219.867242316628,431.824235243258,216.53094340014,432.771717065808
434.343766072126,80.500422898734,445.283617475082,437.698691523974,435.464346566277,439.707186248289,217.276366634469,433.443182664006,216.125793287775,436.019936907632
438.869511329579,80.7993630289399,442.232511449147,438.126221661344,437.080311901754,437.598315929945,222.108180810019,433.532970924526,214.007484767028,435.367789572167
