421.917819285206,63.8490590815865,426.758340697041,424.548150344133,422.45935027017,422.667721286577,205.646180540418,419.644630651821,203.018780160751,420.760170012491
416.31739213769,59.062686272667,425.159423644256,416.904590746653,421.196567686816,420.765152650337,203.154408540726,417.219167022598,202.916996721936,418.084016456013
420.310515369809,63.9704180191805,420.219305507263,419.661496483557,416.911071708622,415.199931331362,202.727597263233,413.842240924339,201.087578367904,417.863238428144
425.004443959025,63.1510152048334,427.054954413626,427.393111874298,423.772211029683,422.804133396837,203.766146244224,420.689939613512,198.437275331715,421.529217761134
420.201349891526,71.5652069342468,423.835416626025,427.780122355806,425.220663351547,426.664211817382,200.635497636645,418.187800115024,205.629646801807,422.570582952422
413.31163290611,67.4153333009377,422.403394541829,421.589240205844,422.625806933602,424.323348523798,195.803113393213,417.818923467375,198.248573345218,421.182001634706
414.356907299496,65.0702228872778,420.291728619421,418.355963344541,420.609906671173,418.938271120427,201.606329868048,416.61391576568,195.895583173638,413.961710424537
422.418884189275,59.7145117859534,429.93637183202,425.464843660395,425.856404639787,421.246652305582,208.009194605687,421.77218905093,208.006750887723,420.493906703392
418.283084812642,56.2451807446553,417.149771353423,419.414896599276,415.233669668901,420.322685610788,207.511022736414,425.12814593005,198.892350803694,416.068821301919
418.795695783478,55.133468974026,423.305700239712,421.841655254598,424.435546441435,418.227328634085,201.245909581532,413.452274933914,202.83076745087,415.461700584229
423.409748993651,62.1469926244621,423.533300627599,418.126651999196,420.674023982781,425.613368311617,199.166275412931,408.937285078085,200.298900653571,422.953221256806
414.275532808455,58.0206496934839,423.268682121813,419.846387072983,416.533046085768,416.957502464861,200.767298534122,413.784703376413,197.740831211654,415.446664631011
416.923791360335,60.5038162730001,424.849557518473,425.411256967345,422.356954274829,426.330690219614,197.060139628524,413.228353851135,200.506907039908,414.000333126395
425.096029880724,67.683219356607,430.415523229258,428.157537814743,426.83734495544,425.921490486425,207.481990778034,421.096538124858,200.669329341489,427.688356948915
425.063019324097,65.3888882510429,432.707732823,426.757120622066,425.588311208995,427.520249678094,209.657567217798,421.945064943202,205.542495566716,423.335014145574
422.103530425137,71.8207625849766,425.385323147114,429.671394818234,429.432691945911,429.269415693195,209.407652480278,418.925868886684,204.832177210518,420.409485079965
425.106139043146,71.4138000090708,428.923477496283,426.859941030047,432.135931445111,425.45005414876,204.60492978201,420.379837633054,209.15536059091,418.371163584182
415.465290279159,54.1551221685928,424.400945100941,415.245594310711,420.025986515516,413.293311902613,196.815604408916,416.811871590612,205.508000263036,417.618360349584
428.670199395898,69.4053036477785,429.292683192581,425.595682467627,431.875677480684,419.802758537769,208.703143623595,419.762391462337,200.057051186574,425.371310693965
417.948502495682,62.7444684939431,427.02295975922,423.930600624096,415.203171449997,422.520012520845,199.632048916872,417.632777381293,191.887988044241,411.784614958216
430.2627009884,65.5405693482616,429.610506736949,429.671394818234,427.458518776086,425.024859227466,210.255181931926,414.007693053966,205.107229470448,421.015369428761
412.336831742244,67.7656981655278,426.537542762276,423.25412874503,415.766750939799,420.390852068763,201.360840107495,408.315995101473,203.328012878086,411.75861251722
409.479791520523,54.103716574283,421.066696782862,418.518052165079,413.254295089098,415.923897099259,199.498559673374,410.095472653872,195.129555943139,414.713819079676
417.793133709762,58.5453720545085,415.780543176814,415.067180581079,413.80592746765,411.798159994808,191.533768308072,416.431461508728,190.467675118096,412.123861233191
415.271246505216,52.155269046048,416.681255611294,414.012006413777,412.717566609319,410.075832752632,196.565974427235,413.979873912213,196.604855168319,410.140150994912
429.252758410434,70.1396298326477,434.821117288616,431.315187899191,430.013766683119,430.511534325822,212.756711428523,425.734432947539,209.774861780446,426.76594353915
427.533621965897,71.1195080916284,435.021959217984,426.91940784804,429.281809429422,430.799088961202,215.265072632537,427.979214294705,213.507843774297,427.778049535349
413.900152664053,56.2529226002233,414.064810210806,411.677062774485,413.298205776915,413.147171023885,191.282158002114,410.728294573677,191.565610998641,415.385844646403
413.950968770726,52.8852154281683,417.149771353423,410.189280095776,414.350466145946,412.370713224366,196.006840413995,412.375198394494,192.114578938913,407.791788139303
410.46772661227,51.3698556827288,419.612101054225,420.446618193842,417.316170081449,409.635546097285,191.603588502418,408.177175622324,194.896382132612,411.224135966675
413.631005612743,53.3726949521263,419.389301550069,414.743008571475,421.456692453475,406.881716084323,194.698126901187,405.238268242562,193.317489419838,412.367632608765
429.015000594326,74.144182804882,434.434235441577,433.944771078185,433.053251035921,431.045295767904,214.751736650566,426.293117651309,211.286996349313,427.502228804315
430.647989867143,70.424451193635,429.801453387177,430.355178768628,430.865462783338,434.986084744574,213.658346763816,433.644732963166,216.527542555484,423.129729001934
430.628679615248,73.753129734735,435.331330535576,433.956886481005,435.00682795483,430.057065346629,217.459182270938,425.25207086506,207.982775824255,427.84166642519
432.939515858438,70.8614124056323,442.223177121053,432.059347557379,436.802941988843,433.961473510622,214.994046265096,426.430917255142,208.993151191285,430.729276198221
423.192223230326,73.5105712619196,436.821499875633,436.134090039191,437.463952569651,432.247592047901,217.922398618025,432.42805822347,210.497578415953,436.660525361637
432.759069770883,78.7662688940694,441.101310525331,435.05339815914,432.278259436742,435.342452200218,221.437266984079,431.981309509258,214.2243914016,432.621601568721
404.860411222346,49.9895934329014,410.279646069596,409.790181706204,408.89866166394,406.890706395924,190.597147278585,402.138528279329,187.132406977332,403.347639432334
404.367881907001,46.8207692689316,409.578988244438,407.465359990668,410.921315385623,409.464992950793,189.265619750205,402.93203089322,187.024782666128,405.166328072839
437.140314010087,77.4661829370332,444.78502750899,438.834415308056,437.665605894985,439.597544364084,221.734861903788,434.022359629193,217.619790252707,435.412308831564
