425.126773905972,67.4307091996197,420.550652852316,423.47812389747,419.250493259223,422.342106879532,203.36945515145,419.601653997613,204.393487015296,421.791871787061
419.031266721778,61.722083767014,420.902890088092,422.346815891066,421.288078824594,421.453608692033,201.955122294365,417.650077763162,201.497109694901,417.237009663424
419.031266721778,61.722083767014,420.902890088092,422.346815891066,421.288078824594,421.453608692033,201.955122294365,417.650077763162,201.497109694901,417.237009663424
424.747857035694,64.5364611552318,420.270286524956,425.124512389136,424.859365557664,419.543062172207,201.669649753147,421.119265507803,200.768299312458,419.930811568714
422.126422694803,65.8312402299934,422.92969389762,427.050494647585,421.310412579984,422.30298689313,207.932667227559,421.439458346814,207.528781336407,418.996072165863
418.007634520082,62.4321364168881,424.307292177999,424.851750612467,418.804714374405,421.004518338876,201.332411178467,415.941785178092,202.683783622663,418.855963171877
427.705066692247,67.2847089775814,422.67902435909,425.579368808352,419.171235417171,427.438475963915,202.391238303781,420.629847227559,203.952190866203,420.290086117765
415.054559913017,62.6833115301367,418.393835699598,424.164551361168,415.775482880879,420.070649391037,200.66018071415,416.509437650985,204.28481848099,417.062978096119
420.662637086674,67.6721519802265,422.559805338177,423.011176309687,417.855306167783,416.779202132144,207.166037308067,416.609240388978,212.025281786327,422.48612378531
422.164881715978,66.4663965956368,419.615808241232,425.797271605158,423.970931804773,422.414788071519,194.674210888191,418.201119984597,202.970795702128,416.472382280668
417.683550786198,63.3433902200624,416.31353853242,420.131051526447,416.961248213344,421.206872609101,199.432310878846,418.55324384444,196.212181141237,416.733820266005
415.022331485306,61.136439948206,419.948894621689,425.276359589021,422.390563248485,417.727815733366,196.215902537177,420.352876208085,200.282767645273,417.572601772731
424.638013373204,58.2879427479754,415.781353841833,423.181846958652,413.977220279208,424.960203003554,203.340283630102,418.730983603511,205.307987182433,417.125372026437
419.357324582547,63.3354016321474,418.059381399035,420.747255722055,416.360925167471,415.543367094414,198.182193982166,414.57981202851,198.449594101202,414.7135669638
428.89180663955,61.25400357568,424.836054820129,424.659660925395,417.665923720779,416.433698880317,196.858678562972,422.835659892574,197.43173125135,419.087679675541
426.190970225821,69.8548098567993,421.846286314507,431.191155513708,426.317213119822,427.349835107127,203.841914747196,424.802877020817,205.811421705946,423.722858720028
422.570280193026,55.3454240884675,426.032549432602,426.839178873995,424.178005587256,425.487192775562,201.613642000055,414.869470987862,200.542482561029,420.401951842365
419.074386009655,60.4667276118566,423.752946104785,428.814268364547,416.024107599105,424.874628341062,203.382051789428,410.952670519166,202.976763817202,415.31822732282
426.696361061401,71.3034516915423,427.805789305763,428.243042306161,426.730749361604,423.812099258071,205.885939904428,422.030131671518,210.568227256585,424.415024429626
418.838466424027,59.5932125873982,427.679519917158,425.514417182746,415.633500707908,423.448649729221,199.21746039914,412.103457394148,200.724535973761,416.12172446445
414.411899041814,61.3443834261711,417.443181391219,423.428213829496,421.608905717517,417.526056811632,201.378547192796,414.166936118167,198.202874384717,410.940524360257
423.91396672263,61.6337984087627,417.184709724989,423.231259144666,413.753999387235,414.150116431813,194.777869592499,415.233198624423,203.631149142432,414.188406993997
427.18733174888,70.9418703406235,429.875142201629,426.929187178599,424.717849914269,424.282139815679,208.558969242076,427.101707523214,208.920666075598,417.243944824113
427.897772609138,55.9943209637795,419.987108207611,428.883936481714,415.563067695601,426.226744361395,206.643013884355,419.464301275498,199.36323727801,416.20750981317
432.463400371382,66.265429803267,424.439280515108,425.809985016704,426.986599014482,420.757598251386,209.556253869162,429.290859764303,207.465476024274,421.511683868413
426.345198373602,67.6595272289477,419.167188694545,428.257935569729,414.109782705655,421.561778371568,192.923588325072,428.692401618675,198.695758874978,422.181709597401
427.581934513897,68.7396442198417,428.105991362608,430.277474482422,425.600857752128,429.242586894816,206.036084463751,424.12103324437,205.725899125012,434.437579374242
432.798002871133,68.3115276536358,426.281764014106,432.615809222803,426.535416799669,433.426579394459,207.89645858722,426.800845918657,214.367365650802,423.558692139002
422.841155246917,54.6059745613887,414.036097942114,418.334132957247,408.910959414927,412.901067989195,197.35003076423,414.493599241806,192.903583514268,411.630045154228
412.728651597907,58.780536263503,416.414283793053,416.912851887118,411.309600197045,413.949388182374,194.484421272045,406.460889508561,194.129275851141,415.011559612823
415.308487322866,54.9123024242632,413.270328106179,414.09622380457,412.646435834333,413.129453488008,194.271149161213,409.085460143759,193.86890195833,411.675286543191
413.606363951414,53.5709616159,412.951165162588,415.320211738527,409.689055613685,413.167750173365,193.155892549484,411.183813792191,194.556044896085,411.447524367457
434.638516699467,68.1999438614807,431.054104570155,431.063638004435,431.795405146557,432.144244985153,211.370765505979,432.236005981984,210.530231759534,431.174845389605
413.099201823174,57.0387863940307,413.926045230361,410.895382030929,411.494528580591,408.219268724819,194.080552369305,406.986926447678,192.890358326021,415.011614541932
431.424839524124,71.9073079736527,435.911837540141,430.350685813749,433.561352174668,434.570276815623,211.22280010461,421.983455426778,213.165642953184,427.791638744449
430.823719551967,73.5145365972027,432.69534291828,434.139268721255,433.080531654783,433.246061522222,213.747575124554,429.44253059335,213.28956252509,429.029462493613
430.823719551967,73.5145365972027,432.69534291828,434.139268721255,433.080531654783,433.246061522222,213.747575124554,429.44253059335,213.28956252509,429.029462493613
434.810528548546,75.2297148662681,432.203233676579,433.891946812215,432.455684823109,427.868792498688,211.684045025605,433.866634765714,212.637367819992,429.550327610544
435.641500743707,77.1011723752358,431.661838271563,434.430487635819,435.677235274413,437.565326592491,215.334089982203,433.691990242631,211.952678722268,435.017219855482
437.202093401682,77.4288199894544,435.967626582734,438.92527322456,436.287768129486,436.789756706136,217.82853729394,433.192150806054,216.208079418513,435.463010055128
