425.126773905972,67.4307091996197,420.550652852316,423.47812389747,419.250493259223,422.342106879532,203.36945515145,419.601653997613,204.393487015296,421.791871787061
415.025360000992,64.3206683117451,419.290983626826,419.864523780482,421.594093258398,414.971709572729,201.076288606804,421.418655433178,201.422101702138,421.623435945334
417.695605042372,63.2190813398354,419.013901830213,419.339977989661,417.415503939522,420.244012571796,200.715334460646,414.213780158509,204.742202988836,419.288894117733
425.911567483686,69.367080445581,424.17822107904,425.860583101815,422.990621310414,423.077103068801,204.627697527939,420.815892834565,207.48085713594,423.103448108343
420.099200336134,64.0081621810578,417.877216775799,418.552638323637,413.914922760455,419.098809275136,203.281448950619,420.27768120754,202.006531767344,415.811459083941
422.834017108082,63.5176094237228,418.49430736151,426.570190972148,418.409950494666,424.191372587679,204.526544785304,414.846292712195,195.069834211365,419.061464953809
420.217630614419,61.1715058119414,416.910490479248,418.78717385102,415.948464546778,417.73578018377,198.820302156332,414.343557070686,199.131194486813,416.733579165126
427.45464261477,74.1980919704436,424.736225889592,424.224105536022,421.901307356093,421.483929366535,201.029843905621,426.864351766188,204.915171094393,419.761775496473
418.435283615664,63.5070530595355,416.582684878533,418.989902431158,414.941918065619,415.48739721302,197.044024403336,418.461226926297,197.98183670058,415.605545238294
428.925896871972,65.2863743175507,426.683046758717,427.613036542718,422.464361481273,427.681949607402,202.874833501099,426.176473776726,205.169140376936,419.73988471629
418.539283176874,68.2254894305384,425.503685406098,429.119349857493,418.194063449917,421.210747688593,200.328902296038,417.596983586277,196.477590492092,414.865757757529
426.54400638359,67.2150170503347,420.823862822299,432.222714473598,422.22031542158,420.854353700534,200.711395748981,423.285970911957,209.065787040784,425.45919615536
419.523045887234,59.3024251790665,417.769865350172,418.717369400154,411.812027611785,420.211760162204,194.562468400653,417.892569503726,204.16739095717,416.082662685525
429.882645302719,67.8153265305502,425.802378711236,427.270880950952,425.52294920289,427.243175932343,207.370110328715,425.918829989799,207.461859387415,426.483358588333
429.882645302719,67.8153265305502,425.802378711236,427.270880950952,425.52294920289,427.243175932343,207.370110328715,425.918829989799,207.461859387415,426.483358588333
411.75504712857,68.0005838963998,420.980292798141,417.638479173314,415.400891919401,413.293477420467,205.421460903453,412.882411109551,201.413181120229,412.372259392203
418.967001627776,57.2605157292631,417.921462689588,418.230098794772,415.149647938589,418.415881019525,201.528578458087,410.143306275053,191.672197623281,412.941838308823
417.53904869957,62.3626027990243,411.814391152592,418.257995232625,413.289929964086,415.280687802175,199.110458249766,410.274098680015,194.303246938102,415.030113204065
417.694068341236,54.4834307382182,418.246541783798,415.960205666015,410.790979769168,416.537788320026,194.691345099238,415.118987620763,200.211593654153,413.414283780424
417.37162083569,58.8882590867085,416.02054210758,422.710191748518,411.154270625417,415.940066184745,194.631866606661,409.293594083066,198.211941419759,416.139896717305
419.258916534149,56.0329823131761,411.932128578452,421.840228398245,413.14879226555,416.715186977167,194.378826691223,415.639079462249,196.322501015565,411.469534278375
418.665616694904,57.9522870610404,423.048078275475,420.689647015175,412.127088665734,416.29326562832,192.430757765713,410.636071606157,195.78761387806,409.928267970465
411.148383978651,57.4260627888315,422.997268365511,420.304452968009,407.758898392016,419.058252988378,197.448549243645,409.984011094941,197.30820843053,412.929644211277
417.981339755268,57.64341629257,419.420250703986,417.160589788935,407.009028804119,420.170696882512,200.559889700177,406.56069341106,195.125521666672,408.029163351593
414.878858351504,58.9003232438674,410.680000799584,412.161296143507,413.11549491316,415.659019740399,192.703000017998,408.546098527139,197.874253791798,411.319077147379
414.507882693741,58.7635244036622,411.451645491989,422.880627926806,417.076245430691,411.84853150651,197.763001842813,409.059568923304,192.211401963069,407.789094426133
435.721053778322,72.7554310823821,429.030464599093,432.643217629237,425.817815538953,429.358676636242,212.096832159718,428.784715821587,210.38562446666,428.448047672522
435.778396311669,69.1460049095556,422.489410919508,434.211670169825,425.455070215842,433.887498603818,213.571137449002,428.490229922199,209.591306479316,427.606889548159
414.174478281808,57.629991243703,412.441131877162,414.123493899938,411.253532108536,411.340013866923,192.890608326061,409.078803632687,195.743767934063,411.366358906466
434.127529925001,71.918621576424,427.112493379509,431.729127702754,430.293699036027,430.575798947779,211.289288696572,429.100896977067,213.838447120291,429.846031266869
415.359715327469,55.5897096503794,412.999136687714,419.797997823529,407.80810617369,409.176542726949,190.398422527108,414.31054975758,201.988682009575,409.098405146682
429.752796677028,74.0001419726381,428.090584146332,433.489691083036,432.160222249381,430.901829203387,207.679340720427,424.588528649454,213.566755240618,433.77352920096
434.144351315987,77.7635528637934,433.160822661017,427.305641162339,428.283856989246,433.946120667811,208.827052306535,428.128235463369,213.343988562748,432.538234138994
436.257459516179,76.2693430060691,430.604770490531,435.091780722946,428.239335525107,429.98320085755,210.810751573852,429.154515512896,215.749407280742,429.727228592407
438.952214231443,76.3924301780764,429.470219086823,427.564308180999,427.770476922399,431.8762374594,218.186643514759,427.595557018638,217.618955812117,433.749175713305
410.245530963121,51.774871691631,412.377997182859,412.75918133823,405.704907781688,411.158289102499,189.556368573417,404.115466494002,190.82192229265,407.219708923877
435.973227420972,78.8249024002419,428.714487606801,436.77903190123,434.235261883286,440.336526414596,212.668776036922,429.463723528572,210.688173412041,434.581961190681
434.577480983471,69.8192198089196,434.605195612644,437.174049965037,425.974375710654,436.428724003377,216.67119988492,436.188783041442,217.34572397847,434.64829020703
408.032247272015,52.6504571110174,407.25982791989,411.716079661605,408.692610286492,408.196992643704,190.636911970245,405.147205856012,189.561091498129,404.629108871781
437.648656685564,81.1041696474589,435.915310280918,437.597672303693,434.727710512292,434.814192270679,216.364786729817,432.552982036443,219.217946337818,434.840537310221
