425.126773905972,67.4307091996197,420.550652852316,423.47812389747,419.250493259223,422.342106879532,203.36945515145,419.601653997613,204.393487015296,421.791871787061
421.997265789395,64.4381360044481,416.75049004561,420.962229403083,417.155563919911,420.999590267971,199.853163877491,416.226049885025,200.126037119155,419.148272642639
419.745044864113,67.7064742094552,421.810492406754,421.374878920698,417.621188151104,416.99876210717,202.278636774187,413.546542337365,201.550107875145,420.439095147942
425.459018075536,65.5522899320198,423.454442146233,426.231257939349,420.498684838564,425.833514658778,206.406144623362,422.679293478167,208.33951749829,420.531920713305
424.31027044872,69.10569601618,422.185127962937,426.154867536171,418.034911932979,418.53698427788,198.186663707709,415.748914538969,203.480863146492,419.410082982444
421.583049083288,64.1569410948105,412.407930518326,421.580095148651,417.122840877574,417.860092731868,199.207916494902,420.843308166049,202.644216121925,415.519891844019
424.193991378952,73.6093829135141,417.483409054949,425.340914047799,416.895691317014,419.821109657051,200.376334502031,417.73659094525,202.692891428288,418.441090734382
427.884614535953,71.2199752617351,428.407029817309,422.455923978308,423.969402201376,424.396415084403,203.994253516216,419.760902397725,204.547604673014,422.586986382259
420.973871213052,60.624315337125,419.220931989015,417.055549843241,415.633612216482,415.780045931244,200.897800664501,415.22343887716,198.508227293168,417.628744255807
420.973871213052,60.624315337125,419.220931989015,417.055549843241,415.633612216482,415.780045931244,200.897800664501,415.22343887716,198.508227293168,417.628744255807
423.731755827568,72.1787461235875,425.230465046973,423.841404643038,422.68976298712,424.582179700699,210.297882965045,419.775778217764,203.040865179856,428.395031500452
426.01036508536,62.6142581415315,415.643449777049,425.602476821402,413.329988341007,418.924447291801,204.195569877824,418.288710964552,198.118476981128,415.859826298286
421.802205092201,71.3921947186965,430.015360101217,426.349806445168,422.205219708878,421.348224986601,203.109369938728,424.383785296673,212.84114723587,422.8576675513
422.352727942927,66.9305716820834,429.435609362318,427.123709178122,411.180205170611,417.730622500903,207.801264838549,422.387992766214,198.801401666948,419.505623806903
429.90624564399,72.4295284978064,416.693297559485,430.222876921751,416.402938488857,423.61636621597,206.030679589065,423.741232123039,204.85007992768,423.559366886458
426.768249436936,66.9249594192892,430.696165210739,429.510198657635,426.506691254375,423.767404975874,203.193727672872,424.703906211695,202.763665817891,427.137273098536
422.091298949315,69.954562974024,430.978787949757,432.542206659635,420.237732710391,425.050484366411,209.403613477656,423.206252886799,204.541915742835,422.289274264972
420.64175401997,70.5152871842223,421.412037059588,429.389715414799,430.285676996429,429.541541257862,211.954893743057,422.795007948456,206.262567610523,419.678534004797
427.217247192906,72.3760448533893,431.659718832877,432.873213789401,419.160193253309,423.925526535396,205.938601692205,422.50932557196,206.064842474657,424.901039054796
431.584850892404,70.9812609729507,421.168448034605,431.123755100155,423.815231977117,426.488448795293,208.705788341531,428.685703101674,208.166530648013,421.84966409387
423.341838570469,62.7709637840595,413.572960232409,422.350802370301,408.245749144447,415.790233933852,191.86971939977,416.229463982566,197.725899246658,416.18471617185
418.21946203233,62.4611777437547,420.0431450988,419.40317961419,413.246950236673,413.725436563365,189.934600691955,409.149291660276,198.092320888976,417.893399463739
416.811854088099,55.8635402183351,419.068258233995,420.367967447658,412.856539586023,415.461757135343,194.962503200087,418.296692163285,190.313029573924,413.039802806198
410.583663609708,65.0486669004851,415.763980778847,419.921390548605,413.468364230838,412.964590298912,191.580962355582,410.545792149819,195.570041429962,416.900166937629
417.209554781239,56.0723025923947,415.155409542949,415.527682061287,411.507277210073,414.978976189976,194.074778880021,409.826111921824,193.529079560392,415.017917821395
412.927076075414,52.6136892940656,419.152113332385,416.758260673138,410.75651625243,417.081358464246,197.409137585956,410.544754178789,190.313029573924,417.860955883165
414.549597065993,61.5505234570612,413.627891200897,412.537669618373,412.883892716134,411.400140229478,194.249843861673,407.36921675597,200.387317177471,411.647263043575
417.71330006112,64.4381360044481,412.067027513311,418.41862475192,413.168852956456,412.980344077113,190.110863437516,410.179538257119,190.82371153776,415.151179619383
416.795307405062,60.077670888169,407.209643295461,417.086260410835,408.434633687353,413.150753058669,193.144756006292,413.225299697479,195.807100242079,415.826013506426
429.408118558203,71.5988015599268,431.837351827141,432.470622658577,425.911676017393,429.709483651027,214.545679507083,426.688916573596,213.876616058644,426.874415427893
413.026738853135,58.8669803706768,409.230866767014,411.75405650007,411.087695682919,414.581191975139,196.975303434852,411.131793561864,196.378135058077,411.818177307231
431.186130020801,75.04016553493,430.015360101217,433.326550631215,431.190420554544,430.650550567996,209.949315219166,428.744250412952,214.086994411949,427.987626511629
416.711853527238,61.0466631362311,407.135105430226,415.416612229559,408.434633687353,415.869631307643,190.550838296095,408.702110076544,194.72736602281,413.521866040988
411.15050492478,64.8703993370785,412.120569926134,411.861136848817,411.807234662732,411.669304742829,198.015070882714,403.015607716918,194.048232406278,415.271136491612
430.335237130299,70.1023404881371,428.739854408389,431.463816078884,431.828440354366,433.813450819289,214.158082607858,426.555262470415,217.439618610524,425.560204811357
416.032010747936,55.3917571975901,412.143075568388,414.819413886175,414.803047432429,405.27742027483,195.810591362175,414.020551948531,189.787297060609,411.322082844691
413.221933228556,56.3959855273998,412.349896048212,411.009038215334,410.465653560151,407.543611822717,194.851289036594,407.119140075187,195.019855200144,411.814790767434
438.153646658694,75.8489645679685,430.308347003347,433.253719323306,433.340740426526,435.54116917191,213.302229813509,430.523659286324,211.979832844756,428.242760693925
436.282552806624,82.1227943241652,432.486680720503,435.009870453558,434.343509636407,437.837005928628,220.23111738834,434.387607515352,219.633949011565,435.07399126072
440.465368734727,79.328116545883,438.411223496437,438.783496014775,434.763091163561,438.234790143465,217.330592833509,433.081925875312,216.78489351388,438.273731774884
