425.126773905972,67.4307091996197,420.550652852316,423.47812389747,419.250493259223,422.342106879532,203.36945515145,419.601653997613,204.393487015296,421.791871787061
423.749919685788,69.2577291266384,423.10066074808,420.17306957785,422.28856466351,423.970005238628,200.711387110493,422.298057282511,204.444419163843,427.413249066909
418.676232436429,60.4299350757665,421.719492905302,417.613661327365,419.149673913264,422.619368191732,202.957568260224,414.493378944919,204.078742187837,419.678150049682
426.641612934679,69.3330732834472,422.916829664541,425.940230580906,422.235475083053,424.419217801648,205.014420168379,421.887303101447,206.816863864459,423.340810468203
426.641612934679,69.3330732834472,422.916829664541,425.940230580906,422.235475083053,424.419217801648,205.014420168379,421.887303101447,206.816863864459,423.340810468203
421.146166934411,64.2020005985665,416.895622376684,421.938109737106,414.968245537973,420.73330688678,197.699019939221,413.153857337269,203.520166643718,417.85381292443
422.911088466827,69.7043236546976,427.394990020957,426.961773792184,424.973520447827,424.867246475483,201.243744062499,415.458320217971,204.545685122692,424.665695260829
425.884481016182,67.8043738186364,415.979620223605,419.717552485243,415.777826297933,415.017104590386,198.551843961391,416.073557484478,208.761156152795,420.83766025149
423.349973698339,63.0789587344018,416.853283702863,419.603825050952,414.314968170611,417.800921890284,202.710272702941,412.79198415893,197.511652946345,418.403351613693
417.040998495355,61.652581731988,417.369807988487,425.479401087819,417.915198585357,416.905693457829,197.717953194492,414.974860705134,198.656341591034,416.500372680184
422.300438862961,68.041318224286,411.440515368387,420.720674509829,415.008607658119,420.875191279406,204.182810342905,413.714040136607,200.739478786745,415.006534770993
424.366118964923,65.6998125404635,423.409557267983,422.467009571462,416.480136915208,422.124871853915,196.230122374833,415.529692253815,192.876023972491,421.559358024081
424.233131151578,65.571931435839,417.992427726875,421.290206944566,413.106930815573,416.103335147554,206.410237653559,412.604407624191,198.007982378045,412.763469543206
429.364939460886,66.9000394026892,426.833804452468,428.039011386405,428.006967558537,421.044714804691,209.740886347022,427.425541984858,208.056763148788,422.920911157467
424.494566432794,71.0632485307921,425.702271090687,431.220568522535,422.097087847892,428.094787514954,199.669462706486,416.864542620386,202.784605799943,427.942844128792
435.4754847212,68.5566005105646,420.350663542438,426.248057950242,417.553750007465,419.352581772568,201.730937650633,414.661938318796,203.194598909999,425.100873962652
427.499586160146,71.4581476638518,425.106444025173,428.205786420666,422.018034119143,422.59172592428,214.101564170843,423.577432457985,208.616186122186,426.964982658875
429.9619056667,73.2947975862393,422.377733655515,424.118207685116,427.333439970791,428.703626932295,200.3147474272,417.079414495905,205.680476273403,427.307418207625
433.638823447944,73.6980433211769,426.853927794535,426.266711955165,426.11523207795,427.449088071983,204.163642030495,422.889993736398,203.248184022473,422.69086976599
430.758639116147,79.3048021537421,426.904457344215,428.054412574901,420.098102795629,424.556626739624,202.058891941873,421.499991732792,207.255397005843,424.063245999323
429.595284367685,73.9720500467965,426.712445055429,418.715633074831,413.659595493066,415.875388028392,196.024905766758,421.349861554493,194.743590039017,417.803284233243
418.124220054844,55.3133939672211,416.057114744327,416.960046693567,414.007932085383,409.872131627499,202.651201837982,417.920933689927,190.639047624481,417.464952219998
426.940929716479,71.995782072454,433.227044879531,423.508870433427,416.888110601639,427.646408398317,213.042587305415,423.303749783923,209.473383839983,431.078447501653
414.538756667059,59.5533857590899,417.080033079419,415.844053354522,406.559173687608,417.474574605255,198.052537033106,411.887893118676,200.425362906178,412.313610188429
430.830971962748,74.8630272004979,429.029873960601,430.762864810892,425.267248063892,425.40670957255,210.471611533889,426.318355919597,210.273085062616,427.373068532719
431.183181044259,72.9836036419224,421.722811447825,425.080851482167,429.52519488947,426.843106774994,207.949264943276,414.179103690821,215.148018600624,431.007301349441
416.015513669064,53.8158818585036,419.263034208887,412.650597956517,414.357398333932,410.544995203588,202.700435758184,412.692291364511,194.933140628251,409.562908027631
416.357717457161,58.951499542375,412.503535685229,416.533675247712,409.057396190406,414.493950642792,197.546603155391,413.562627554193,194.00297121084,409.380927020563
412.038056081681,55.8985311587403,415.391464899738,413.963116648042,410.570599468479,413.729620287981,193.391186075066,413.637503163217,194.91715812389,417.26752723912
417.701803478666,69.1921549443207,414.609476917081,419.635412220417,406.572531276699,414.271112396618,192.774893510655,415.20077435363,192.364009174413,410.525615665252
430.629560471014,70.5146873682871,423.964169421558,433.029915089946,427.995843746648,432.826242337705,209.102423736091,432.613506819865,211.349612976796,428.717154554224
429.970481394359,74.8641139092905,428.728307403952,435.28455646353,423.271215788476,427.764221883725,211.751614164545,428.345322766202,213.777423504474,428.22448158145
431.756877977498,79.3401115189321,430.006910939515,432.790803122581,427.613041815373,429.640201507001,210.865301102743,424.805245376812,210.625932784014,424.199938154314
416.004033060729,56.6374820800598,411.079985330562,414.200522435526,410.101521078046,413.799187682117,197.358229753625,410.482166537604,194.167736602315,409.188068303734
430.920743941921,73.1733190591769,428.582766054962,435.7154016464,425.208568586844,435.939955128837,210.217333800012,428.152967261848,213.3452816832,425.556336877278
433.395148609238,78.5496631451984,431.877403141244,431.988617677681,428.209190734188,429.566781288264,207.894604500176,425.275755256503,214.992870999884,428.278269322712
433.392901651223,75.4126900697886,426.252977688309,430.261727576649,433.739900646002,434.153554443818,214.576999482129,434.22414664587,215.145688786109,431.482136799531
413.279802891233,52.6015030966457,406.407465980499,409.675396183445,401.877444683043,409.084963020587,189.511102122809,404.576490676477,188.731091202321,408.478116952253
438.313084286462,81.5670883542004,434.027846574459,436.244617907462,432.081191391621,436.106824775827,213.84629367858,432.560226666393,219.420233623913,436.356766753584
438.162350261868,80.8538106106362,434.43756699173,437.460967908095,433.756212410242,435.939955128837,216.535157495568,433.408040428636,218.337601191648,434.861547795392
