425.126773905972,67.4307091996197,420.550652852316,423.47812389747,419.250493259223,422.342106879532,203.36945515145,419.601653997613,204.393487015296,421.791871787061
423.828100719479,60.7612439464668,414.001327366822,423.73162780988,416.212458061422,420.781839747262,202.695992384562,421.668075590239,202.987238911289,418.921787742195
420.100709429618,61.7213776190693,416.05370601163,417.309346135334,416.894842904975,417.943273827092,201.699980115774,415.509452373144,205.996721662222,419.166196411662
420.100709429618,61.7213776190693,416.05370601163,417.309346135334,416.894842904975,417.943273827092,201.699980115774,415.509452373144,205.996721662222,419.166196411662
423.927709456708,67.606184194356,423.901827899975,425.459052246651,416.63647635335,423.944376009198,204.137282833077,420.393198247164,202.209977391427,427.996840573541
423.927709456708,67.606184194356,423.901827899975,425.459052246651,416.63647635335,423.944376009198,204.137282833077,420.393198247164,202.209977391427,427.996840573541
418.60989163889,61.5733656615375,418.271197269344,421.766835439681,415.546676876454,416.600075186636,203.136281832075,415.506235813032,200.09849090494,421.803146879848
425.099618601939,70.1839169191476,419.404375191813,426.972676801994,423.338516143625,427.731102125645,204.443620678906,420.555763078019,203.884944843358,422.1920728727
426.441985553559,61.5609732583618,416.388059164077,421.794163976527,422.166663813994,415.216857156722,199.724555046125,417.158755205766,205.123301854499,421.849592700749
416.414532246574,64.883028190657,416.008180593446,414.067371287012,420.780662731241,419.971385097352,202.89732950369,416.38860876855,200.973156048628,417.380665346361
428.030935057354,71.7634768774181,423.926517276191,426.882149457738,421.007529006112,424.72469287374,203.09342247985,417.343473722063,205.180372499805,420.566729898278
421.789898618808,66.8401327378244,424.499651957575,418.918097744086,417.1629681731,423.833779717597,207.47498589078,421.5732084369,214.10482977033,423.064325309791
418.144133705277,65.6794124146431,416.498243253423,423.636006798657,420.657263462373,416.84521623976,203.371119606405,410.796003318259,199.460877919291,416.56144224207
426.957524986523,69.5683736565455,426.993555991703,426.634470088736,423.237905368572,426.936654001476,201.00081302994,421.474078234294,200.67960086105,424.861948925136
428.546655375564,65.3249812226729,422.488712446636,426.902272394927,425.059257319389,424.324655208473,203.501781917576,423.789791535836,213.50422916973,422.383699629165
426.266279598321,70.7529557234805,423.836815157477,427.951486766622,424.714591049112,428.504839304448,206.038825878651,420.32485104769,209.081111065445,425.147674492046
418.342861845182,65.2751620103927,412.197167984606,419.765469594787,416.986009791119,420.340899422943,195.781112016397,416.999575311305,196.7186876771,415.978963211315
418.471878053919,69.3586576662865,414.534933152457,414.624246843887,414.326474043348,418.193291213996,202.271703878064,413.190852911219,196.324276399748,422.642623733319
422.696653407283,68.0097231236643,414.587910376609,416.347421181074,414.468732144734,422.881941030988,192.770599657027,416.853853667226,200.592451245217,416.721421174921
419.621933092108,63.4353466901852,417.404946403093,419.532072635461,412.413503380377,415.029210844033,200.718685664479,417.577882931849,192.825593007043,424.618462195163
428.979895707204,73.1793205570252,416.679967140558,427.679303122399,420.355302204204,425.068373540788,206.402104735064,424.548176912322,212.155367233176,423.727136371218
415.265200794199,59.562426150598,416.474187493611,421.339078614483,407.877717594591,417.579315296311,198.803001183005,416.244312519331,197.255022436472,421.171833748535
431.233957638739,73.2495008048923,426.306868785677,427.022866984025,425.27218440952,427.02553054765,210.739534181149,425.018334495074,206.449178712813,428.263598073962
434.905076245268,62.9796598280796,418.708501507995,429.565851092207,425.329241067731,426.09054710817,208.005971809742,424.265116402451,210.513607785182,424.966830814317
434.232657261656,73.4453567001952,431.605752755062,421.378395012841,414.156881469005,423.566669109752,201.885030580824,417.017729755417,200.351591912352,428.282492078705
414.370300549543,60.382469172881,413.780343780626,412.298948797687,414.036230199113,412.514283301402,196.187468175705,414.921568185971,199.689021420219,411.733445010006
436.36905076043,75.2826658208299,421.035830379529,426.124982427051,419.68202374297,422.688084541131,207.141897565762,429.709502109927,211.703275853133,417.527318802088
428.786371181626,76.2668116259476,422.202669655497,423.045227123479,423.84445230056,428.794251908009,201.583989913864,430.182703474237,214.311527715638,429.631473374482
430.411465940464,71.7261578265248,428.26102580756,432.132392253325,423.63671984008,430.915632980455,206.952598148392,424.146952000918,208.864359045809,430.570843147544
427.780871283191,75.2514844867151,425.437193724632,431.477181306498,427.381020186129,434.487858882402,207.331123566409,424.577642099898,206.231040939454,426.075266411066
416.661843553222,59.4098925951155,412.628002822766,415.097994176246,410.237094943202,414.390313085465,195.549422737993,412.980816902981,196.588795012845,412.959943545057
429.892578849692,73.2299664410044,422.895317105908,437.55445870595,423.815648006892,426.399249871664,214.083838647988,431.374501306214,208.094940758956,424.915330494195
413.25294107311,59.4076275676302,410.888105977667,417.283085946928,411.460114858838,415.058987576761,191.321558577879,411.818644297164,194.431838831559,412.076335591388
414.928153507908,58.2983681760728,410.298585759176,416.785256902266,408.212206727775,412.117923090337,195.441246475984,410.605662969808,196.92030458432,411.350629429494
430.288344152619,73.6402243308302,432.596861254262,430.188976299673,426.855130689652,427.047892365342,209.113995455517,431.497369635229,205.385922615189,435.699613529562
421.940051422866,55.3445365033693,413.429343429626,415.982143270355,410.54415639454,405.909852783928,190.126862115099,407.679710944113,196.07964281084,413.360711662848
436.522703258311,78.4236041731389,426.796773378259,435.647074064907,428.25225216638,433.601002962521,207.436238869091,429.384885873859,213.878914149707,433.301831470062
439.292196318615,83.0247381386793,435.187778537452,438.143410718999,432.268790267373,435.985954135001,214.354683741111,428.604734983324,216.441633761067,431.827991159539
439.292196318615,83.0247381386793,435.187778537452,438.143410718999,432.268790267373,435.985954135001,214.354683741111,428.604734983324,216.441633761067,431.827991159539
438.839349495861,77.1385429925338,434.697773464815,437.844947079603,436.911323502339,437.387880345589,216.548467950853,430.069201202696,212.81484989063,434.178313547501
