425.126773905972,67.4307091996197,420.550652852316,423.47812389747,419.250493259223,422.342106879532,203.36945515145,419.601653997613,204.393487015296,421.791871787061
423.911713656627,67.720216161642,417.569281614462,419.912772539272,416.859612701979,422.61202395526,198.070027404238,418.227753832419,202.492969130257,419.256646480991
423.911713656627,67.720216161642,417.569281614462,419.912772539272,416.859612701979,422.61202395526,198.070027404238,418.227753832419,202.492969130257,419.256646480991
423.911713656627,67.720216161642,417.569281614462,419.912772539272,416.859612701979,422.61202395526,198.070027404238,418.227753832419,202.492969130257,419.256646480991
427.053334806588,70.3050148783224,418.615309996437,425.578713509935,419.802897731713,423.70524021016,204.885779943257,422.074915454967,208.274427124236,422.75950407914
427.053334806588,70.3050148783224,418.615309996437,425.578713509935,419.802897731713,423.70524021016,204.885779943257,422.074915454967,208.274427124236,422.75950407914
422.506747860898,68.9133340371287,419.549540190757,426.233473133304,415.816462057814,422.001476937844,206.603653916693,424.877606037927,205.310816507805,426.564061431573
419.90479871809,63.8872457563699,418.319131167242,427.238188927197,421.924978697645,420.094172544253,202.279966748858,415.164779827623,198.526048447857,416.623855757334
422.630853854459,63.132245172265,414.988798971193,420.829672624476,415.32864527774,420.034303852441,198.337084360975,416.099061798015,199.860160867933,419.828592145927
425.801368516005,67.2334884523883,421.230180738258,429.79751279287,418.702371495667,425.085631011048,206.032152725392,420.538827802568,204.860129165346,425.36250126728
424.184176582146,60.3923960840377,418.269488659335,421.55789723653,413.612170010784,414.664317536055,200.169229040404,423.641296951427,201.832224179287,422.659900249599
426.453822594582,71.3410968431674,422.993923288474,427.477652601984,423.315756722676,428.414982880967,205.350289358929,422.089648048755,205.312263977375,423.933569099063
428.37135686452,74.2424533558462,419.809048578068,421.017813306609,420.371185223189,419.810975400153,200.469419024654,423.986660640255,209.252242094356,420.179171685412
426.064560013615,68.5359796882745,418.977233041238,423.444150810635,426.228356740262,428.08896634036,208.18981339041,418.006417802892,203.984673701236,427.001320341807
429.146878950193,67.1197864842948,414.230162081216,416.199343043475,416.678793954691,424.094929025609,197.972330129015,420.963620095729,202.928522396527,421.29119223751
422.930771952591,64.9175255786823,416.6181721629,420.784720720637,411.116956895261,426.832546244893,199.96091828974,419.929870956646,208.607930402169,417.740071205331
422.254628076655,55.3957674734909,416.536953088614,422.420489080751,420.519746795292,421.653867032288,196.553018247246,419.49626295398,198.11124545704,418.068990196134
425.468763980494,77.1608581252955,422.240432586062,425.823901768787,421.111970827848,428.547133425057,206.166689088344,420.843598376515,205.130795561278,420.687807629736
427.41090105827,63.1908754785347,413.014326432843,424.868326966017,414.126012747564,417.190890550871,207.46666740543,418.768456984227,198.971357067559,426.194703612936
428.444143667305,68.7201254010563,420.196314940671,423.298396746267,417.455189386247,423.962492002799,202.79310430798,423.29790770935,215.066132346434,427.169070596329
430.810644322374,70.681549607788,419.21792313385,426.639229938375,421.234544343672,427.416636383191,205.204148888135,424.750379189125,208.291639301897,427.374784721288
423.549971577888,59.7348675368746,414.99337139692,419.369675910762,412.228058318309,420.460019535154,199.280398777338,414.729933237556,200.333470472517,413.24734210061
421.986055160003,61.6053111127013,419.283801390454,414.185051858216,414.461534897746,412.574052502199,199.424167914183,415.039886196395,197.956178545221,415.740452194285
420.495569012627,73.5805118301068,416.490631683558,426.544044940575,427.484929332643,425.333717979205,210.554150632323,428.969018488563,206.135196467688,424.594591840417
422.048316846276,69.0375795378862,412.150746487407,418.036188409812,414.889311869464,420.020938670552,191.707162296978,414.19564771643,201.13408884761,422.550885873885
427.059719389987,66.9460330079822,426.135738558614,429.791298401334,417.768141301347,428.368782836801,208.933761799514,419.324328549952,212.035017057722,426.843521709112
425.250799097341,75.9537338832093,416.455378103041,419.656305881917,413.188303531869,418.024040101215,201.147209421417,412.484956062854,197.606471802531,429.20702633706
415.182009955909,60.219161511127,410.594459491865,420.613044970547,414.564576308352,418.442423971945,199.967631947882,419.741122707142,196.570047973189,408.899724018073
420.462248323754,60.1129131507515,411.263227802803,414.897431496081,414.15356662188,417.301662850705,190.271236216872,417.740329383209,197.237924287207,413.54550340628
420.0459335422,62.1148349957227,408.920979244187,417.593304470616,409.128052473124,417.187461536629,196.505734985842,409.172907333626,196.338040791208,414.585495509391
422.043253267987,61.3674508402668,411.963900448543,417.185830350447,407.007730652787,414.740637637161,194.099549078379,409.81968208354,193.100168257635,410.683710580173
418.805162743781,53.994422182011,408.418814848317,415.311225163,411.079104831638,413.005564662012,194.476951148757,410.722622868193,196.2427850684,412.16858896885
439.805565431926,73.427569571731,435.887619844048,426.759690356093,423.347102079278,424.039300478368,207.328530295618,420.947518307536,207.230536474287,430.812423134133
439.418499934581,72.3969943116328,425.777414587938,431.919761950909,425.777659888938,428.77069919116,209.424634257875,431.058424307342,217.211062763136,424.35420019911
433.963299001198,78.1135981864581,426.077948683387,430.08561779942,423.789625246259,433.042020948329,207.492063575848,434.627840760942,215.580708660933,426.3017127035
433.585115830878,76.643790276741,430.188561959543,432.715860598304,427.042760651639,429.896421193621,213.254832739803,429.800530796569,209.820302343008,434.41592932295
433.585115830878,76.643790276741,430.188561959543,432.715860598304,427.042760651639,429.896421193621,213.254832739803,429.800530796569,209.820302343008,434.41592932295
415.640643664046,61.1398060214095,407.801300920096,415.149129363495,404.957709907712,410.451414505218,194.267084744958,409.498277317791,193.267984262914,410.116569265704
413.808691570259,58.7802322463124,410.914766987061,414.344040589671,406.29128345031,410.658043816175,188.666206994854,412.455411696209,189.972020959774,415.849191205498
438.264097138427,81.515777210161,429.826072328275,436.789475841773,431.013660063552,434.916002541998,216.096542275095,433.285677786806,219.485189456074,433.970266410978
