425.126773905972,67.4307091996197,420.550652852316,423.47812389747,419.250493259223,422.342106879532,203.36945515145,419.601653997613,204.393487015296,421.791871787061
426.466554435283,67.5353869111788,415.52623428468,421.314670795066,417.275104324592,417.765075673638,201.443689961046,418.705206793766,201.389316678886,421.422138450912
425.625947478018,65.750626938008,421.566797048707,423.99701302602,418.262489767883,419.840293218798,200.359925806188,414.732102970479,207.627926804565,422.393926802897
425.625947478018,65.750626938008,421.566797048707,423.99701302602,418.262489767883,419.840293218798,200.359925806188,414.732102970479,207.627926804565,422.393926802897
423.007917311134,62.9572956928502,418.365419232288,422.049452998337,414.104149565603,420.254897496732,199.395009642244,420.009583740057,202.930800832096,426.346537197316
422.17380092535,68.8811387536247,425.404328591618,430.225849373681,420.186382334398,422.279165387273,207.990729303311,425.396956029546,204.701278649667,421.600077332089
424.728177820257,68.5541701467635,411.03949410117,419.950237324345,417.191655427558,421.847860391597,200.959537109064,417.317757868143,199.903429891698,420.414920518733
429.004748489536,72.4600518743052,420.024122627525,426.716943609386,419.749161888348,422.602379652343,205.975422433455,418.989906299992,206.411023519601,423.710993965827
428.561883953389,70.4453860144489,423.198363102806,426.488774045746,422.23849563533,425.276667913766,207.30650108471,422.472822605228,207.765666396479,424.845749515786
424.131454142558,65.1501103538374,415.556936142795,418.158963292741,415.879192848101,416.451331299754,198.880479193001,412.641799190112,202.630019284876,416.25485361495
418.96670672328,70.9578773973471,416.801832494524,418.204983473787,416.978402345751,420.65913638821,201.073491475004,412.18987828115,207.218741739977,414.469799149191
421.101176718743,62.1551118709403,413.806767373394,419.194933718054,413.864928262636,417.202724796059,198.722824665421,414.261214289284,198.452736494632,416.845933812516
431.981647751265,72.4600518743052,414.556483936202,424.663478854309,420.424777695543,421.241939846571,206.291078999111,422.152861765579,202.268723324669,417.649571552034
419.85211036156,66.706933360487,417.476966263494,419.252273172393,411.801988359761,422.299557443843,198.565215437316,412.817150290001,196.878112253495,418.547190953109
428.189560955742,70.4985768571134,420.243340410941,427.645073886256,418.611005858256,427.260794897893,211.842373888637,421.512761161296,206.589830118775,424.091911796488
423.232811861198,66.3543497867967,417.048872967724,428.792936197096,419.194237240012,421.667778598915,198.82483808689,412.546498083577,210.22857907627,427.784240823242
428.909976406745,65.4050634338037,419.305762664662,425.258018585667,428.765229135748,423.906053878678,199.004496072179,428.87308251426,205.002151919229,427.468728531954
430.214341540096,71.0794865369769,424.755175796996,421.495800316827,415.255981561884,428.150656577788,201.895476505596,412.977717005567,205.30203632078,421.290361437871
416.347944778963,60.8773325910295,417.771250490002,417.367066065595,413.347184262741,414.236004719772,198.605539841275,409.249646830128,204.080455184338,419.127782719283
429.956539259166,71.5412323364189,424.361544807555,425.266850055778,415.282767369716,429.173713989053,210.732582384095,417.484646733813,209.563404544051,419.989322030662
417.503790233054,63.6947058853765,415.89529069662,421.255784955844,414.518373379351,417.905308698674,193.04998428572,409.249646830128,202.976145836994,418.546589160545
416.541357197149,65.7211934020228,417.869762707413,412.354020587481,408.845054037503,415.014299783581,199.480089604124,413.470715746983,205.285669283839,420.184469587087
433.633092947839,71.9974936680994,418.969956452131,429.739316371651,426.58358498924,424.756778395773,206.870359260056,425.562994545816,203.188740673829,423.222868591991
431.168175666472,75.3090928893031,424.684514641011,427.929180077114,425.648426104033,429.959069114316,203.257635603268,426.577890256598,213.261817849232,429.008613279652
432.472691897496,73.2487023027324,425.123174031631,430.659051601049,427.748390803848,428.886569149458,212.177197279996,427.467041734436,210.820963949977,426.386848953674
418.25940928055,61.4787722044925,412.319711132161,417.775169890365,414.231534180991,411.500477511319,194.200369344462,412.588937820312,194.344828527176,409.632133533587
416.741929458803,55.527360447394,416.452092705726,417.102573264729,410.19079955845,417.347272886296,191.319064615314,410.95475023114,200.327725741309,411.390522400006
419.541297576169,60.5796884880713,411.029721452078,418.487177181319,410.936830808889,415.179494131818,193.991578017249,406.025654612292,197.901898284903,410.030976496689
437.461665317513,74.4878582102548,428.722083005664,428.659944204464,430.389074841756,428.899492856098,208.044350385406,427.214733382858,211.617289781743,429.771647530321
434.890749785481,75.9271972486996,428.898749889225,432.684290716252,425.825952255006,430.270205217123,211.28082799813,426.078767170039,212.00005171754,428.934382049129
413.348384766726,54.2010089419159,409.453826349803,414.591349305663,412.223754287162,413.883477720445,194.028153779246,413.849649624695,196.882846126853,406.214420132973
411.34542490868,53.9479725046689,412.678264338426,414.001748397258,410.802617279127,411.698178606596,197.258731825958,410.97463897565,193.655144796516,409.463990210259
437.431466715985,78.5002991918806,426.491146565382,432.279583075768,428.240016605294,428.72998795434,212.408602241748,429.670119074468,212.354228959588,432.387050731614
437.040579794527,73.7127264772268,424.341083023348,434.121697979264,432.446075190162,434.563088834178,210.468941972096,427.450726696706,210.045271995821,432.055714595889
437.993297428093,74.9047269951202,431.540649798823,429.275049039723,429.998586512672,434.361063449247,212.585881558878,426.336564657374,214.757241934853,435.273100400195
413.695446304066,55.256193213448,411.758470168318,413.03779118592,408.08726817329,408.09131532996,189.164154711252,407.939118859437,188.43593131827,411.245371647238
437.18119207847,82.0815387097366,431.758651596302,432.913231113796,427.642046518706,432.883045722503,211.815615919913,430.094937591918,219.587728780406,435.587560648073
410.542867336093,51.3188777413289,403.193349470227,408.729227039645,405.818566242444,406.956744588055,190.247372718593,405.537217173033,188.891139388574,404.457024392271
439.526796234091,81.4102982951507,434.163275383508,437.453686326447,433.203407916032,436.241580194467,218.271413365412,433.43773488593,218.730578677181,435.810661796488
439.455285732186,78.7955023205305,435.527890628169,436.950487636214,435.059315257611,437.232826189431,216.625586083347,435.532942699253,218.594961233098,438.365767966547
