423.12729042146,66.0538425422522,417.492916256689,422.335710343395,421.857443563014,419.136013515451,203.553577196806,420.581494536331,201.62279490548,422.178468758268
418.862806547047,63.6579063032309,416.327855942693,422.121136872558,416.9378895062,418.6094026165,199.785798945298,416.357241641866,201.848424364972,418.399368087793
419.58731401155,62.4088153112405,417.700449679751,421.377748232257,418.72733565808,421.037825035086,201.552347475699,416.064095169211,202.922524812236,414.399163807061
421.473919504536,63.2002177814781,416.412739655789,424.127492960942,416.080314834254,418.559793845237,198.76153592078,418.357249558966,199.88452690326,419.648261615057
425.313347345712,64.4218405036607,419.858097489445,424.411180904205,415.827022027769,416.723420998225,199.213663580355,417.84889266763,202.078067562371,423.920621515734
424.228911032764,64.5646699373789,427.889024945953,426.682225092953,418.265879451504,422.049049749669,208.07067004032,422.122175859139,204.425413599536,421.650170729771
420.325415231031,63.9559949261441,415.275436099131,421.812678146128,417.504816258755,417.756617510145,199.5882554975,415.806097007813,200.232272839242,418.144454964192
425.020018795316,70.4342603346696,424.011523850318,425.789727003496,419.049142147465,421.869486516631,204.564243851148,425.956033753495,207.588121914266,423.820143133622
418.742027046899,63.1379294222135,425.854445165493,418.953418680267,420.985830417035,416.332754601116,203.283150703585,414.451396211797,198.917264944595,419.297299024345
419.938601893675,63.8903770218127,415.751770807784,422.855645419567,416.759826828137,419.570941078038,201.505785185408,413.0711758558,200.858495490428,417.660859284768
419.14525285335,64.1316165861134,417.217297379409,419.298444557208,416.651968792048,416.68516198405,198.993514464738,416.636046667724,200.588997467391,414.86467491087
424.372971316452,62.1436108266052,426.247173477283,426.762731130906,414.654550909556,416.10498149557,202.371581894423,421.696643944245,203.463322211913,421.709272384617
427.528667974099,67.5718988224395,420.516973444677,427.400369005724,421.149599138178,426.498505552303,201.138540595616,421.829449106594,209.906306452406,420.565935817513
427.528667974099,67.5718988224395,420.516973444677,427.400369005724,421.149599138178,426.498505552303,201.138540595616,421.829449106594,209.906306452406,420.565935817513
420.578661042586,71.4966521039028,424.378459737977,430.47979948654,422.386773782277,423.810348242977,206.504723917302,421.956345785203,206.724310889795,422.154061454501
422.368979481332,73.8580603551104,425.598986612162,424.243005540127,422.142703177772,423.777360565611,201.768722605349,425.205786620443,209.051279865843,423.175845123636
422.44078638298,64.0257995316594,415.606989811289,423.365152571388,417.230226237842,423.634348432827,197.456052870575,418.18203269322,202.013375772927,412.262874063492
426.664224986763,69.1604741682345,420.583175091629,430.395368551045,424.916612910455,426.144863609407,202.825312623109,423.295261993392,203.528155607973,424.782346811197
427.934267667011,64.4768135261589,418.097537961364,419.9734909346,417.336029039344,415.168054170643,195.457716705768,418.744096754324,199.400967909063,418.863687146972
428.457534018431,71.7682770003331,422.178497345479,427.735080484487,424.124934649577,423.529572334642,206.889199073148,423.470338112779,207.93597229628,424.296173011008
420.457997762699,67.7920058597936,416.969129497706,419.368826034563,412.40497387656,417.338067568569,198.331027799602,416.471032569895,196.638444461866,420.800586686678
430.938687141789,64.8601782116106,425.929338495785,427.822042722132,415.171733991902,421.234107676632,201.835304062513,418.843577288553,204.975670386037,422.866465655594
417.345306527131,58.0444228543315,424.987670980769,416.803805640065,415.265333897767,419.721922090094,201.687691316916,418.45379728247,202.168804959949,412.075702644664
417.268713775803,58.8268675047327,416.926260198012,426.984759219992,417.985600660294,417.471520161563,201.35025451476,417.890408099938,195.642166212684,416.511780351615
432.566012291057,64.7759523872155,424.727558857367,429.728622212824,424.555647363122,423.207517508191,200.76953372945,420.18801720842,206.956449458333,421.117583147544
431.187147996672,66.967948277932,422.246644940621,434.100897216262,420.031682615409,425.278718817241,205.078025282482,419.952994239817,204.760413428083,424.725631054129
421.717604314543,61.4490588859482,412.179004892824,420.344528305362,414.003221731107,414.41787697413,196.720738073964,415.233231676559,197.747392645283,416.369546013806
422.084782528602,68.7149148789399,419.981658083573,416.540367331046,413.643898359179,419.691637469712,197.286336632799,418.972159376178,195.378980006355,408.435131247284
428.641008935949,74.2705698446596,426.413156500351,427.37990761464,422.962933844224,424.573672312244,209.205991648686,428.959115176562,211.603796780636,426.215273038855
433.291079321617,67.1919596127131,422.856477911841,427.260955827962,423.615750008584,433.252980391885,198.922228538878,426.662139144553,209.570546220554,424.9083675793
430.838360645494,73.9548775458438,425.285865594347,430.37909240998,423.581210080427,431.25774407414,208.022145101248,423.01148220352,214.069118663322,424.591237715156
431.665783813343,70.7881284117518,423.238398481787,432.105769987721,424.422921560436,433.835262705642,203.859965632726,426.135426816827,213.802021166221,425.885084753684
413.346652094722,56.5657077216706,412.908403055155,413.885035293972,412.327960428186,414.275281261102,191.715366076626,411.865515873544,197.514303009574,416.086694637284
411.556912660922,57.5580568597053,408.092196339699,415.621602866375,411.883940303314,414.783707035485,195.359213081389,410.831534198465,198.021616057804,415.001284816683
430.222185065097,77.0060975271319,424.033487618316,432.610293177415,429.054614893829,430.088476286097,211.580708686811,429.669758338702,211.392859199761,429.393112173354
430.173842196719,73.8731805756768,435.225782099291,429.721738770765,422.891226352522,431.53726136554,215.458376896112,431.483877986798,207.084988067622,431.650170729771
414.837504649404,54.7564733896399,409.841088947363,415.351310953796,408.781861137405,412.373159036162,193.817973309595,406.869030025994,199.521296705398,411.034392637711
410.870906407275,53.5096007190506,409.495949257521,417.917522686867,410.705349390681,409.824834083215,192.896744957276,413.554122556241,193.113285617558,407.54813692644
434.867208905104,75.2029678097193,438.527322818293,437.320522965293,428.904177323845,432.687347622009,218.70896791266,432.760473731479,215.063711471877,432.288468602111
410.835621632195,52.5619199091377,405.774441783449,413.489195088602,405.442016961913,407.921495972896,188.12323804844,407.718951686626,189.24622903092,409.009963742717
