423.12729042146,66.0538425422522,417.492916256689,422.335710343395,421.857443563014,419.136013515451,203.553577196806,420.581494536331,201.62279490548,422.178468758268
421.350950839833,62.2375939217168,415.16465137347,419.50952402356,424.000651638876,416.647985541085,204.382045527975,423.14682076093,202.978021378958,423.394401164437
424.357139860234,72.2118961473607,423.159206928676,423.735525941356,424.398800141419,420.017426802844,203.702258411758,421.237494725306,202.211987602278,423.215123509746
425.906806681867,68.9430676954778,417.19201738408,426.941086745783,419.393011373388,417.076172280389,205.40524651642,423.800830970651,204.581189762275,420.659047126319
425.751888070378,69.6771998383671,420.177514735676,425.423688654722,427.00022546893,417.43303451731,204.474025270622,423.638563286074,205.164801077699,420.933371694628
423.14953521611,63.824074069231,414.967057493771,419.675526599538,420.85832139613,416.848321348442,200.828388665641,415.767462439878,198.221081513514,420.798581914039
429.913078169064,67.9457968045015,421.03476647012,421.535128782698,425.411407608298,424.555476986736,202.469528285554,423.854956843137,200.449395542744,423.420330985969
429.679021971369,66.4285842709525,415.57316900791,425.043057322109,424.316535614136,419.74609649843,202.221044917772,423.845107165554,203.374237718503,423.381159240635
426.29161404779,67.7232669166717,420.301742167361,424.249466128086,425.944550238192,423.054762169765,206.399328014031,422.538252975743,206.726297075547,428.863972099262
426.29161404779,67.7232669166717,420.301742167361,424.249466128086,425.944550238192,423.054762169765,206.399328014031,422.538252975743,206.726297075547,428.863972099262
423.570988781895,68.813570870936,418.649497309941,429.147874787027,424.080449195553,421.631907310643,202.174085416884,421.805851264281,202.132003927871,428.137237028703
427.633839378375,70.0645142811955,416.665514328112,426.932665603478,421.713100735841,421.31101769028,208.791370968635,422.699201155,202.693270603165,424.393666525145
423.095793961383,60.0241021435257,416.324321432932,422.432899552329,420.640155223496,413.421326649368,199.562553303615,420.943974499127,198.205597790605,422.086667351803
422.522684755496,65.749456928161,425.622998007291,427.805095448641,421.564334754752,422.176712052624,209.165937431859,427.210314304727,203.836900532995,426.694443780975
424.490494100854,64.1871618270731,417.199718328982,419.773886156176,414.823894943594,412.223856832652,202.069974256537,418.41512259789,199.012874964929,422.679187018898
419.92725484023,65.235543209646,414.784099369288,420.285842657017,419.674745514052,416.636143440634,201.932965653353,414.468351274357,196.020280226941,416.734301851184
425.520809774664,66.6437837400019,420.581725484217,427.210337976826,427.318363652447,421.463216460572,208.428548793252,425.533681916551,205.325736851458,427.996833498981
427.430510060361,69.4050752091811,420.991433805462,427.782640524253,427.071220913954,421.799158314558,207.305323094116,424.990173693862,205.621857221156,426.543817901202
420.43874468192,63.401049210752,411.888259189769,420.013213975744,419.064862606428,414.444391361303,201.762108332764,414.573012379519,198.088748899506,419.031507868078
419.83619768952,66.736252584733,408.529763514537,418.982874808499,420.938267325025,419.77274547763,207.894778021833,417.580354898435,198.770676460906,417.856009621379
428.763594554424,70.5122643684503,423.384530522285,426.244118790881,426.963709749909,423.700077852314,206.502945143636,426.056409989362,204.147108194166,426.241941324548
429.381180874452,66.9210322166597,419.360839463576,430.517469488801,422.929829427099,417.364524657612,208.499009651615,420.300921134837,204.579118206533,425.356375742124
418.941767171681,66.0011214842759,414.418322049784,419.683146536455,417.059955766199,418.89602619812,205.068105143022,419.45769045297,194.190167044141,413.032190652043
415.411508695114,59.4494256255784,423.291233711615,424.693853153882,415.189235806432,414.998246976669,204.542031003559,417.519814366412,194.077766435506,422.219580445558
423.237710035396,58.7096984956836,412.524604709403,415.281313102116,419.343913253331,415.533920887119,198.294462113717,415.486687185895,199.135991310001,417.328830839968
433.697399751274,66.4489524183637,419.753941898187,423.294658415225,427.217136379314,424.144467602635,204.556062834227,418.594714552421,201.578127007169,429.6371097718
425.948589701209,58.4159888361627,414.220131667387,417.510428471847,421.07599901708,418.111541657397,200.32189995774,414.252012649806,192.852075476669,419.21045605187
418.013562938796,62.9659999736789,414.227477455974,415.527704128023,420.379129594652,412.967754478502,193.606314000897,411.004849615999,197.310767179518,425.754161856708
418.58506203239,60.3373237205559,410.541566666606,416.686883443531,415.511970861495,412.256016011163,198.997844732587,413.588243471956,194.559993647405,415.942036785527
432.114730225753,73.9814350418171,415.611638553651,428.529801313255,429.165365267513,425.558861342043,211.235388844265,424.205124426716,207.140952034869,424.916667738487
430.931906184654,71.1380711033861,427.715048216496,432.209411678547,427.21852450936,427.842681369221,211.257987641064,428.082001891896,206.536320157776,431.744220148022
431.87041460567,71.0107743882796,421.911011559057,432.148023040391,428.664215510159,430.815593591009,209.014390775537,424.14752236744,214.076743756538,430.790860449846
417.17358833235,59.6042632351704,406.205263282087,416.472414557453,411.252849689816,410.850766644255,198.33111992261,412.238950108975,192.23301955714,413.93341547912
417.17358833235,59.6042632351704,406.205263282087,416.472414557453,411.252849689816,410.850766644255,198.33111992261,412.238950108975,192.23301955714,413.93341547912
433.404584759087,73.9994175442868,422.803106547932,428.286756005499,429.680354183201,429.394308258265,209.645612821418,428.619794281572,212.479435150861,434.548891146015
410.645358701454,57.5680156923265,413.938132204658,413.729634830569,415.208606641702,408.298528099016,198.182673833533,412.116355558489,189.222801185045,418.739583712423
433.033032455107,73.597523143725,425.567919165802,431.877890938005,431.660776861272,431.242495098152,211.334768040159,423.434510462466,207.392795970988,432.945729712219
432.250344903099,73.2649620121412,427.972359928437,430.293248228052,433.279333022981,430.067187184677,212.370890852382,431.420641295016,210.741614288399,430.045668977648
432.842985506881,74.7183634948283,425.953205751095,433.106115839131,431.411505366109,423.787716693022,216.503128548078,434.831682846351,211.164016505053,429.337891325395
435.981060820689,77.104034786027,431.041976530243,437.670589022851,437.778614698472,431.923467506597,218.888799839277,435.993932962576,215.785987897483,438.457084545006
