423.12729042146,66.0538425422522,417.492916256689,422.335710343395,421.857443563014,419.136013515451,203.553577196806,420.581494536331,201.62279490548,422.178468758268
426.021820807491,70.1259882376863,420.850481704606,423.099881704463,422.792908688519,419.501935184895,208.3110615724,420.044991001094,201.369085124813,422.726231013854
427.732041871842,67.6721680539278,417.425468601899,424.758106719526,423.056632260865,424.155520257371,204.162812487883,421.219526148563,202.412741913645,421.534976774666
427.732041871842,67.6721680539278,417.425468601899,424.758106719526,423.056632260865,424.155520257371,204.162812487883,421.219526148563,202.412741913645,421.534976774666
417.845766559701,63.5972914143095,419.213275236898,421.962299504465,419.600869924162,415.629539585882,204.866773438126,418.432842813959,201.320914054018,415.223534069074
427.143025712581,69.2401124835876,418.956618626877,424.71492774722,424.708838536945,422.175000317689,205.224741455024,421.150473884086,203.426164015087,424.16032579442
422.88425410326,68.8798099963564,416.883315722728,422.471608813774,425.411853321352,426.356812313155,205.438202009555,421.480461861579,205.506995296551,424.392440182055
419.599469035387,64.2286908120133,413.226579542655,423.410070352236,420.689067655361,416.246692547863,200.808572379925,421.445167743931,205.028729011833,425.264394314879
420.376178530633,63.5385757579717,414.224843823531,419.023949400035,419.193635257882,415.836776467409,200.564523308401,417.165820008188,198.872322907647,419.458853372601
418.357725625643,71.2246621453684,417.056830151076,421.707119909571,422.044049750365,417.052910881739,197.769967772882,424.017518349216,201.775255415942,424.515934651418
421.203142167187,67.8543959617965,419.377766434002,423.247394511885,428.677926733961,418.084755647524,208.181994711415,418.920600220419,202.000800113392,426.402780450754
429.307685914175,70.0231548734572,420.112441284313,423.03458556829,426.04830961982,423.39544295214,203.716496425484,418.325290015332,204.401878083069,422.80381356019
422.158763907182,67.1131854664939,416.412862095053,426.366846909012,418.34063115579,416.872293209071,199.485821057174,420.248511016724,196.351706474345,422.667236717721
423.75760744033,71.8779897414671,422.086047921257,426.748516642808,426.399871316873,423.893463054588,207.462527184317,426.022646812592,205.292180258168,423.973223265334
423.576794023651,67.6975187971082,417.873045109337,427.081606775124,425.47609437478,420.323728942481,207.879304769679,422.90701527644,208.536683495261,428.986396064284
426.398708538509,66.5610569428167,411.869913046343,419.274235751784,416.945521149754,418.983106464268,199.260851703569,417.219526148563,200.140014640918,416.773072012761
416.711475979904,63.0207250797916,417.887518741643,417.190790795372,417.9541990111,413.372902926831,203.794932540142,416.26120721731,196.924640680369,416.726231013854
424.164790409854,71.4186990437521,414.231365407795,422.580687364687,424.823813186531,429.7853735792,207.734241059312,423.046984404593,206.079408580312,419.890532330221
423.861315472948,72.0293554195739,423.367198044052,421.323788750056,425.875551581867,424.273669189453,211.070334073249,424.661953701099,204.187667828354,428.360963891184
416.791051576721,67.7450358567339,414.66000551413,417.76654837113,416.827996407817,414.808057633875,203.9360615724,413.593378097868,197.138315894044,420.961525131501
423.077481642009,69.5107946359823,419.142645536481,427.196811420025,429.719439034061,422.938043436124,211.985648108889,424.106384860365,207.427494750368,422.046452364625
427.870493565998,68.4727241608723,425.306830151076,429.930759015563,424.463638774605,428.171110420991,206.689381692296,425.181759513458,205.240762000832,422.356843742328
412.291127039545,61.5198996032221,412.001736775359,418.721330679414,420.828519988019,413.722132178475,204.174565645918,417.972525353642,198.790972028439,419.2852920612
421.387674466027,60.853260964959,415.225481704606,421.578142574029,414.570686466297,415.101935184895,203.668204429542,412.844991001094,195.787689775976,415.829679289716
418.466265251935,64.292654904353,416.526157380282,418.099881704463,417.192908688519,410.126935184895,200.4985615724,413.044991001094,195.327418458147,420.987100579071
427.944897730568,75.1259882376863,421.18381503794,427.836723809727,424.792908688519,421.101935184895,211.977728239066,422.378324334428,204.494085124813,428.559564347187
424.047032118889,68.0741344156593,410.81676805306,415.391520104013,410.642049803893,414.779782692652,202.025237784034,422.49076486019,195.718282089903,418.929466981655
426.021820807491,77.0490651607632,424.850481704606,428.242738847321,425.974726870337,428.043601851562,213.3110615724,424.568800524904,205.162188573089,428.6721769598
425.465490373867,64.7930951312918,415.88479900789,411.402852415258,424.558410629921,410.527217583914,193.952003671861,412.596851786894,198.703393234585,415.730238048481
412.325430573848,60.8647156567338,412.751736775359,419.22615426832,421.643737379323,414.021696448627,194.009630580983,409.758239639356,197.200543683648,414.330328380813
429.924259831881,75.8835639952621,423.707624561749,431.636467070317,426.570686466297,425.177610860571,214.517958124124,423.378324334428,204.446008201736,428.559564347187
432.874899014699,70.8979745055407,419.869913046343,431.04382100524,427.250180647962,431.335007436859,206.794391435251,429.738044667081,208.523853024756,426.15036139005
435.844365504999,73.8027922810845,417.841037761127,431.000696124766,427.492739692111,427.450357135091,209.792636962907,420.648484043773,208.065820799656,425.532960483886
418.98332531069,59.7724079644261,411.20825851449,411.50970405187,417.411853321352,410.599236555579,193.771535342888,412.680461861578,196.955445644432,416.853124733397
412.750109530793,54.7285761325657,410.864569229006,413.066211780341,414.084636580091,410.350270841578,198.531109246917,412.92948509656,194.933505827076,412.841888565268
420.056199804617,59.4344126264307,407.961414194714,416.033513575679,417.533065442564,408.462872919216,191.801838373191,412.073054454171,192.744021944517,415.600169650654
412.586861655257,60.8252439598057,413.560905221857,414.479966410665,416.304953831807,409.247609376933,196.444811095791,410.72910545237,189.246492129308,413.419447242032
431.390640986145,75.8518551278246,430.870250773007,428.390689889287,431.446647152962,422.826331361042,214.419540422455,435.281254612953,211.034514675201,429.182601318085
410.373839847918,60.1826910423263,408.7750969651,411.993991419384,412.025960370891,407.221989600531,194.486091297819,410.705498053317,192.879139534863,412.987359412952
415.115449561626,57.6076453841449,408.73343965262,414.697195029938,408.24300919602,408.567348045806,191.729350047101,408.960961481901,191.821874761484,413.600816375599
