423.12729042146,66.0538425422522,417.492916256689,422.335710343395,421.857443563014,419.136013515451,203.553577196806,420.581494536331,201.62279490548,422.178468758268
420.053973620772,66.7921273074602,415.257246752837,421.85936992701,418.983363473193,419.068617534572,206.744748694048,420.837867214091,205.157677309803,421.66553033364
425.498891993729,67.2632833515623,421.399873203882,426.133234679479,423.16054116881,423.653561968221,205.121479444551,422.881627024894,203.431778453156,422.267656250298
423.401506431404,64.0022326367658,422.022480819195,426.263626940377,423.210298837966,419.089459599754,207.483682520588,422.85189586869,201.161034445682,424.126463250068
419.959170999091,66.8994391994931,416.07646088541,420.051129357262,419.342719985416,416.972035574663,203.744819384603,417.0874363171,199.380555399762,421.569996944884
423.425306457258,69.8313605405411,419.872547759446,421.729794603725,424.446907663323,418.459499354229,208.591158699015,420.004783824153,205.699928658275,423.865707661288
427.767594959643,65.8922967098936,422.789662882378,425.523174918523,422.676583582228,423.841087433327,206.971223326167,416.706766671736,204.400127280071,420.458044878933
423.976542807404,66.6888529729706,416.52068898554,427.629041171884,421.067540003589,424.894997610399,205.428846098261,423.595001191905,201.706704101658,426.964800599204
422.547000420884,61.5735023255039,412.362924729232,424.589656918158,420.850879040212,416.950065798235,201.235290357932,420.918172567225,200.462272168563,419.246911195681
425.322333732771,71.6629936772343,422.716567127109,420.936476856156,423.736907939482,422.857584288897,206.695977714247,421.818512014311,208.991235486433,427.261516580627
424.296390397663,65.423468836772,416.68885763229,416.869281379326,423.207927096468,414.831615549683,198.752790434333,416.589173161613,200.163094070032,418.954353403374
423.242630598585,66.0002398199704,416.024270024044,424.649965764873,427.983088017216,419.243900492901,209.277201509704,422.122769762858,206.621901361483,425.527512695406
418.327649998111,62.2477865178896,411.056462267391,417.645316485403,420.281397392047,419.085115343643,203.128377832083,420.884456478611,197.670731777421,415.888616104318
416.620934625691,70.8422722340029,417.059028293579,419.465901640678,425.630167923282,414.46547169413,200.902617065931,421.482622291619,197.463111880271,425.541309543529
421.532839338722,65.6130673641679,421.238587733919,423.080784056031,422.357754220724,427.486227087707,211.041027508834,428.294272022339,207.833665777423,427.372984893583
428.760159209672,69.7223587813427,414.764071314075,425.102816092355,421.709680544622,426.655803229722,205.877677686319,424.749964540565,205.048170763497,426.124317161911
428.713141289841,65.1135783140306,416.822462206813,426.720480936453,425.282565207433,421.103038095193,212.833260593313,420.208035527502,201.927646840376,421.123256867087
423.809368027793,66.6616073281951,415.40366552441,421.863721034687,418.447656962653,415.644400297113,204.240135374793,414.057055396988,194.341898837201,423.014797067034
426.879145024472,68.363327885266,423.146949072367,428.08631400256,428.016371682266,425.754998700153,209.614379847978,422.253392795052,202.921390354293,425.100508370211
419.782332910885,61.4440353584037,409.211349479397,418.402825733414,419.243193717433,417.572625219248,203.026679623061,414.873820176436,201.633485658151,416.705516907491
421.591745113039,62.7441275843415,412.727165225702,419.184611959537,419.695254502789,413.799443217333,197.677707784998,416.327274495251,197.183408424999,418.889319204461
428.501791017407,65.8320907593382,418.625555286119,412.090417038709,426.287931882662,414.065449444871,200.781711785964,419.373733843616,206.941176545326,417.261373462097
429.096910638822,72.4968953134127,420.584978640939,424.723582402225,424.194000826962,419.611554031448,205.870341419271,422.708030962875,201.19151378069,430.805154448808
428.950324003855,72.8102342650422,417.889901915831,427.94493699544,424.67757383638,425.922041530346,208.852113189363,429.282920313577,203.246827934539,426.998776869258
419.965285138338,64.0759406701908,408.621420286791,415.626563430875,415.880851892248,412.689258377245,200.79737561791,418.216076577411,194.401898770884,417.366716873945
427.865940509476,72.611486764899,418.673500873819,428.418319314645,429.203353079983,426.017108157062,210.674659133591,424.999982195028,207.543374937787,430.412593363571
425.416438964538,71.1759188443166,425.238409946084,425.149802667575,432.996643654778,424.850154835363,212.871114349008,425.423018939432,206.329036147793,429.419782725788
417.642854868265,65.9034232632381,412.09239714039,412.166003195244,413.740130343981,409.355443120948,198.972243023381,411.428254861106,192.532945838009,416.589917263609
414.481083349688,61.5719120985943,408.832708621737,416.493929584923,412.228320440737,414.170740753946,199.760755639583,410.749153086386,193.404459782232,414.230932151426
430.647961306393,75.7504460791571,424.707317091428,428.388137013546,434.216268451464,424.206170091144,214.060239618668,423.475775989547,207.370904645795,429.582580083359
427.669368093052,73.7470304352869,424.707485878574,430.488679873954,431.303141138066,426.389232209513,213.824230783912,429.237169307536,210.167042829509,430.692039772284
412.164263671878,59.3434562348001,410.879856000601,415.278552996041,413.929589897073,415.035337920834,197.658055329711,410.191941373796,192.740449158062,413.537610362183
413.534143584654,59.0814396183632,410.469897787821,411.869590184175,413.906338209891,411.744681989902,197.351796272477,412.661564756165,192.945072004367,415.309556962176
413.142226669185,57.8221592265674,408.357621534035,414.80610151916,415.828281935988,411.076869113237,197.809453290297,412.383780335798,194.564985465374,412.152301198896
416.918494573552,60.6278365510999,411.432106857611,415.209254818902,419.821472913201,407.58786328601,196.574005573776,409.310595165903,191.920203563094,412.812255129802
416.888336525168,56.2993185850445,408.199820060906,412.959512357943,418.588570129172,411.44522373164,187.979657879358,414.667247934826,193.245671002595,416.268224635369
413.625118407192,59.7897467027641,412.313050798382,413.587483877349,415.911876362088,408.278722179914,191.14548171094,407.270430352028,194.325630471134,415.487687635499
433.454462309754,79.0017583434629,430.390216512921,431.789908909275,433.82665693499,431.665000715002,217.272114997577,432.581883481265,212.865390729467,435.229875687276
409.999011636541,56.9392798369433,406.11630152286,410.090969994713,409.382560622866,407.011876212113,193.784660022053,407.12727695455,189.420396037212,411.609837582334
414.336231035113,55.4633094742222,406.72869826974,406.909122016777,413.247767733918,404.871456187133,188.792631071783,406.629013799063,190.202934707482,408.994194040824
