422.982842445501,66.6369176852508,418.375574343576,422.586128239625,422.699340795654,419.271197497482,203.824934549544,420.389763952485,202.567151047192,422.073431536887
423.20757209181,66.5388119815714,418.196635991152,422.538762833863,422.552442254684,419.713130217152,203.663447190587,420.376998555628,202.531362993819,422.559473251253
422.57358808117,66.5792204658369,417.920057026093,423.024473421581,422.165960014856,419.303770026612,203.742984522517,421.001953434747,202.949893300754,422.757606642495
423.236708061574,66.6244450375257,418.387353920428,422.805484564104,421.976799130794,418.683593012067,203.674298294563,420.594650378711,202.625839268699,422.272486857899
422.836952051553,66.4517347944309,417.694823844611,422.44389866431,422.499660039546,419.227953326959,203.325699069854,420.416296038657,202.455189550492,422.171880500896
422.698484949559,66.7517071385122,417.786926929897,422.138024839411,422.111115080148,418.581735397071,203.388277291749,420.152539153209,202.559056239436,422.063003974208
422.619772629569,66.2568030205518,417.636808435718,422.503877671658,422.188034414638,418.819117091476,203.891261992396,420.06708671112,202.108759077019,421.615178794769
423.492194033888,66.6679100335163,418.694520188609,423.238013164525,423.235896847895,419.821533895998,203.710814510465,419.934413543666,203.12799984534,421.969743105677
423.460644462764,67.0120308285434,418.92564084693,422.819329052,422.2544968926,418.678698768117,203.780477046292,420.978807868613,202.500852806357,422.528471362927
423.108249503534,66.5201144804271,418.010964566048,422.679075721531,422.389798089922,419.060483659229,203.519850666309,420.448910427558,202.272268229141,422.194808091916
423.108249503534,66.5201144804271,418.010964566048,422.679075721531,422.389798089922,419.060483659229,203.519850666309,420.448910427558,202.272268229141,422.194808091916
423.167765145935,66.9682979983779,418.158225546809,422.929935170795,422.429753556682,419.354740707282,203.787001374683,420.651201830574,202.769793292278,422.624171202042
422.875178904331,66.0327850457292,417.666967318026,422.156937041497,421.931135092559,418.788485835212,203.032521231611,420.070981478201,201.874448282449,421.532040060727
423.288915562724,66.8241314308464,418.281255396635,422.769313237004,423.038946425026,419.48905065147,204.363698055605,420.880460467118,202.386181786228,422.000416755426
423.138075499603,66.2325557355167,417.851704035066,422.710359908148,422.592163212505,419.120139522687,203.797867388205,420.130722875275,202.196553303256,421.531839776128
422.666797367526,66.3036061686315,417.525661605033,422.349198443438,422.11107600971,418.956990321958,203.106788515061,420.02356754952,202.00741024096,421.749092444426
422.87548815636,66.1806672164357,417.92950011096,422.423920374858,422.444287608707,418.810028810667,203.647338526806,420.142379751246,201.863078868145,422.426282059285
423.453612279198,67.2261066214343,418.563765746691,423.11397663702,423.088885628772,419.592398030449,203.52451535372,420.586836939083,202.702161933687,422.232530005277
423.631001876921,67.6483462539815,419.350409708045,423.161363296021,423.006249633929,419.642007566973,204.624950787865,421.345882464093,203.629662640944,422.776069789853
423.427347121354,66.7000185224468,418.614858975172,423.212796216834,422.837383781526,419.39105312467,204.125554989847,420.239085335131,202.695831132389,422.79206784709
423.979221259165,66.7150462543062,418.660737145645,423.03816056815,422.445492882459,419.214377164923,203.649805182229,421.157753241664,202.759597663839,422.641526740389
423.540570258509,66.5507989074605,417.803247221717,422.783571932306,422.742502861881,419.717100804771,204.604925083199,420.721719910648,202.44044151313,422.173855141682
423.188953382226,67.1483778275805,417.9539409858,423.010692619973,422.384031573106,418.98653624551,203.777507944137,420.969175646122,202.975621873393,422.485534380102
422.660130318125,66.8058548534786,417.639455503421,422.361384163647,422.140965743527,418.523414024562,203.535476505162,420.163872395876,202.132516339212,422.206460258016
422.433003361468,66.0193672614778,417.364650730489,421.630198024039,422.063922630971,418.675987921553,203.331580431247,419.416095798006,201.497694338127,421.279848268492
423.047426315628,67.0289138083894,418.551801102606,422.924350189853,423.090196675668,418.891124419139,204.354157836962,420.673517894707,202.599713407167,422.846006696044
422.854589038303,66.4057008984251,417.616369575069,422.092174154954,422.114263582232,418.421035494042,203.784829589887,419.886828950124,202.022137780859,422.339058892812
422.315961768374,65.9687848535236,417.433621037057,421.818051347936,421.547601448863,418.170408927626,203.075986775781,419.643164232775,201.588956061127,421.619667822544
423.649726653199,67.0949133008399,418.517787178134,423.2360236469,423.014579416458,419.402931370098,203.808638479463,420.820209044471,202.772093290369,422.72112388139
423.54180630945,67.1877333911124,418.578532984661,423.271018137797,422.931006689514,419.202016383017,203.239410773329,421.329225391893,202.771565399314,422.613297725812
422.744551211217,65.6456344316046,416.996446268717,421.582495031544,421.553943702307,418.539700876256,203.039182770428,419.866519545044,201.769965395458,421.588432020451
423.826683015937,67.6665777227935,419.231325173943,423.235736976148,423.070505932293,419.682810621516,204.49081416684,421.148152192871,203.114509074094,422.930415957249
422.531529835366,65.957662832892,417.473139540811,422.425480209358,421.981046300592,418.6416030239,203.347095816525,419.868955613128,201.520845269152,422.347675142183
423.655094580633,67.6586813641999,418.829657212393,423.212900649006,423.069373439723,420.024818679991,203.884467261623,421.347386737286,203.147080596561,423.393638730513
422.85399066804,66.3373659424154,417.491146502371,422.231259484241,422.128304246914,418.085824789833,202.758398424594,420.027436321874,201.718484780621,421.545035512319
423.037810630015,67.2612758132856,417.862961242257,423.34145780454,422.451312831212,419.185348123028,203.801557968187,420.74009465464,202.424232420402,423.335475275919
423.857691109911,67.4533704164999,418.578671027509,423.886730918506,423.353949708111,420.136774439001,204.122811459858,421.681746228098,203.172093877295,422.804107224415
424.08290837293,67.4947733498228,418.985623435444,423.653734590926,423.364456959318,420.035142528625,204.494509535705,421.423569296954,203.246927098537,423.169466961312
424.08290837293,67.4947733498228,418.985623435444,423.653734590926,423.364456959318,420.035142528625,204.494509535705,421.423569296954,203.246927098537,423.169466961312
421.989976602652,65.2321427900428,416.779855408852,421.347232545828,421.25730839423,417.944993769506,202.844250996549,419.141192014331,201.093118958378,420.902560964209
