422.47500076847,66.1589597129194,419.058653151812,422.485358126913,422.113463848736,419.491655776464,203.344898241072,419.594618683167,202.511666229061,421.705883596768
422.346356352855,66.1616480607246,418.88935857655,422.366508012858,421.477035153661,419.382004204356,203.347969899041,419.594950237654,202.069826919539,421.873031154425
422.913248914599,66.3321231280419,419.274916054882,422.778357691144,422.116829757074,419.657937826324,203.9076955316,419.612586217667,202.712944283401,422.005098361882
422.935609824476,66.5078424095576,419.355616385707,422.907895950629,422.689725727016,419.796221367901,203.743920975003,420.207781490874,202.832191314241,421.89421743238
421.983533536507,65.404005913916,418.495285630942,422.008183858498,421.994075319273,419.088642387769,202.731057676758,419.635333095413,202.182987294822,421.111946750594
422.280519594233,65.3539783674723,419.223381167637,422.268002188865,422.043447308365,418.968312728326,202.772154160077,419.920890381253,201.700002759953,421.803322073656
422.926955632156,66.4327079126583,419.304812193319,422.873075524621,422.747623084569,419.985264781052,203.988312000703,419.944027393505,202.915484147404,422.421667872418
423.200259566277,66.2599998730532,419.023383124949,422.618835913106,422.257914213062,419.621076624395,203.497442267515,420.14425040851,202.466168115025,422.070492956308
422.452596323428,65.7323150666216,418.576957583411,422.167644028607,421.838209238221,419.058129764904,203.023767862139,419.443228647383,202.25229169223,421.540730830459
422.452596323428,65.7323150666216,418.576957583411,422.167644028607,421.838209238221,419.058129764904,203.023767862139,419.443228647383,202.25229169223,421.540730830459
422.452596323428,65.7323150666216,418.576957583411,422.167644028607,421.838209238221,419.058129764904,203.023767862139,419.443228647383,202.25229169223,421.540730830459
423.114941574415,66.5944159789317,419.185077899855,423.173635572527,422.573236093498,420.164733633919,203.837371732013,420.259396438399,202.891607863976,422.32023252438
423.036912747221,66.531354415082,419.013566424478,423.034903220869,423.099476877253,419.771714253843,203.717863396601,420.811110092187,203.13372433097,421.940561542742
423.472949396551,66.410858168369,418.994173605838,422.944807215947,422.478364791087,420.035813663883,203.404959675177,420.447704715442,203.27649358196,422.412809246974
423.039225348923,66.7724363583344,419.597876777491,423.166058844208,422.572803960588,420.024925274004,203.194853104566,420.059354121829,202.558403379876,422.426618315605
423.237961233273,66.4662649483181,419.4483730964,423.169680541269,422.680813310809,420.063867441167,203.840533820187,419.913047635047,203.175008406708,422.578736254083
421.902639882247,65.3411896514836,418.483168296368,422.401391365429,421.650937260205,418.958954158273,202.787510200185,419.419196628728,201.814916842072,420.93154412138
423.369594803119,66.7217252536988,419.633240989956,423.089838530402,422.860360345259,420.047419047942,204.000354389913,420.364229910621,203.042246139089,422.515657251618
422.934220184481,66.741901251177,419.084369385839,423.011390840124,422.825871818611,419.87789378515,203.561096503722,420.655287852694,203.232144053686,422.730325684813
423.640891417874,66.26426996119,419.425166598346,422.945002885494,422.152552196502,419.421756212593,204.363731090376,420.072432286686,202.657952503126,422.081184435381
421.967262733883,65.4730150143857,418.345119295046,421.913382626349,421.787930186297,419.025571882779,203.02861910243,418.984334495233,201.955791249132,421.461974974146
422.067821946316,65.5122391564825,418.541524741016,422.324309471912,421.670195306368,418.964056101732,202.986836430614,419.304519122522,201.733034017671,421.616819949851
422.310927371779,65.7605413283355,417.90517255462,422.535136187213,422.222716737693,419.580727510584,203.229927426959,419.671676122612,202.256932373556,421.325526968423
422.274079930646,65.7627925007572,417.865680089568,421.808043068865,421.645968750443,419.092371204058,202.834538633469,419.433888465445,202.237041572483,421.177169464571
422.507565717983,65.816862089949,418.723315616015,422.281192576127,422.452368116756,419.343824544919,202.734200513395,418.823939930561,202.61633606093,421.920370058637
422.475440637254,65.3225039533801,417.990150540985,422.787609491768,421.368870521715,419.835122903701,203.593732524867,419.440475616444,201.902790175077,421.790811025954
422.088684835408,65.4327297157826,418.170322770929,421.979040647591,421.882649682327,418.972152766382,202.746913206046,419.512873501752,201.715404756624,421.505340471769
421.988874854455,65.3511163558195,417.975864848032,421.855146418276,421.289402888293,418.850266494278,203.102334216745,419.378333840615,201.709872559874,421.363043172799
423.296274422585,66.8362966833268,419.599766188662,423.179771749228,423.259513284269,420.075447613521,204.414891189733,420.685264751726,203.53485151115,422.866828499664
422.135135094566,65.122805595393,417.851750015791,421.66606213981,421.752363206989,418.750751315722,202.915971307761,419.116170675678,201.823328476593,421.311196248295
421.905761068116,65.3185356859558,418.042905607368,422.356439010735,421.885241776571,418.60259004583,202.795081763646,419.927444813128,201.394793609314,421.214080729889
423.551165619084,66.9600132735117,419.664924348991,423.476696487771,423.036536113354,420.216608925717,204.229973372215,420.852147934391,203.232144053686,423.011211411137
423.551165619084,66.9600132735117,419.664924348991,423.476696487771,423.036536113354,420.216608925717,204.229973372215,420.852147934391,203.232144053686,423.011211411137
423.453616361563,67.3300917178551,419.930943132192,423.507285756239,423.006042570779,420.097589983287,204.477359147019,421.096519855614,203.522630500971,423.310929160352
421.998290069355,65.5575188939526,418.212043952972,421.913543826567,421.208032084754,418.734305820213,202.301838196456,418.657451785966,201.413944214128,420.921944658978
421.975688606171,65.6441578361578,417.863768304406,421.814527892618,421.109756322967,418.834972907444,202.30467472719,418.65221709743,201.670922022637,421.138577090986
421.947860334031,65.2637472453226,417.899105212722,422.375221562006,421.628438226023,418.545376892265,202.53936297647,419.200036427952,201.539568075314,421.376896725283
422.020734519206,65.1705436139742,418.009866325341,421.583483134006,421.278388380895,418.539376846919,202.658170567558,418.631180810384,201.349051317385,420.900935564944
423.929995928167,67.2359315021013,420.046587694266,423.914721262978,423.261656988581,420.528769536192,204.678113845178,421.183537083234,203.732840937358,423.273114415179
421.587975497179,64.8524502889201,417.690476321793,421.563173725007,420.978323682032,418.476827399532,202.193244226273,418.704711061101,201.142453772581,420.91886147838
