422.621861986872,66.1858979170767,419.413937105719,422.119237450765,422.270659278329,419.426888705616,203.071815151612,419.550716072775,203.030016190361,421.471690061792
422.061767462036,65.8969435141505,418.897688915271,422.285782736155,421.914557736838,419.334233034472,202.810154357958,419.991554717528,202.708015493736,421.693229298684
421.982126015039,66.1039242977797,418.908499240749,421.558937801948,421.460428840824,419.239977904777,203.592041336979,419.21047191531,202.035433596606,421.062355191324
422.763061669546,66.0086767747604,418.912138042236,422.559743101856,422.162373002494,419.949942793894,203.554547248176,420.315029480502,202.266401036604,421.813303410278
422.794745517907,66.078893673404,419.035382599435,422.568742877935,422.118001032813,419.582978757237,203.737196124675,419.742329562934,203.003210621296,422.30094649387
422.673902688096,66.098401593621,419.191885418678,422.226663287285,422.444160831901,419.764391539901,203.906921219287,419.497585533823,202.354655694257,422.244450673369
422.704610476476,66.4504304820482,419.071511268825,422.748374483518,422.469667833673,419.684774780807,203.452997372397,420.12495326793,202.871905141373,422.218104640791
422.704610476476,66.4504304820482,419.071511268825,422.748374483518,422.469667833673,419.684774780807,203.452997372397,420.12495326793,202.871905141373,422.218104640791
422.516292984996,66.2077924398902,418.986310149924,423.015833283482,422.696973988322,420.45464902702,203.361002711695,419.864786725704,202.626639731194,421.956551193697
423.057946093172,66.2116148370547,419.241909875079,422.715180506204,422.133008022619,419.456705994529,203.854314665724,419.833525484926,202.584809366094,421.893534016075
422.221131751177,65.8159873636526,418.701886223429,422.199370376631,421.950697017516,419.258613829622,203.186758671751,419.2894765892,202.233728739096,421.583929285457
422.221131751177,65.8159873636526,418.701886223429,422.199370376631,421.950697017516,419.258613829622,203.186758671751,419.2894765892,202.233728739096,421.583929285457
422.343867132592,66.0533566990417,418.737447235593,422.634881068798,421.95821098456,419.52707187006,203.468761491794,419.637433762119,202.080713738987,421.908654353576
422.487722151825,65.42120024307,419.18892801477,422.140268603982,421.864209260072,419.164531055153,202.661579720456,419.025868374328,202.163799152203,420.730288371174
422.514197950639,66.2013098975135,418.649946998432,422.485434252455,422.630013591597,419.733058230605,203.369440510554,419.852526610589,202.406503088965,421.787379948025
422.491283243226,65.9879109014342,418.890984383913,422.38327535152,422.282915982746,419.417740160692,203.039549377234,419.209279306864,202.564001144996,421.813126827703
422.385936161625,66.2536022287584,418.649736440347,422.226907422854,422.095010193241,419.094290020938,202.629755392367,419.525413455246,202.622507851491,421.58075601109
422.709081580073,66.4050956710709,419.079347269123,422.851020939953,422.360632533226,419.51361212218,203.28233512625,419.927935235168,202.629882408145,422.390089036844
422.190380918293,65.7387476994376,418.55077937959,422.420898568824,421.999352812653,419.047122911147,203.069990002359,419.761031748147,201.953229919187,421.459982163329
423.328017104901,65.9283626528812,419.15078867612,422.6663764142,422.893723388205,419.783836368812,203.221958494131,419.982396258491,202.663299257639,421.753948573509
423.177154695727,66.7720103082032,419.65790916798,423.155393321182,422.906719962067,420.214636774172,204.142781616302,420.24549953375,203.189751683647,422.539952230008
421.929614650977,65.5416052535724,418.373186725686,421.87654199352,421.730465621952,418.827528750442,202.923871770852,419.183918772896,202.067235925555,421.330333103666
422.142478044827,65.7133905209981,418.601492377609,422.178061665811,422.52488643072,419.289057817021,203.064971708208,419.227829179544,202.006204213188,421.563479612834
421.62634847991,65.2254738417993,418.223160884552,421.562464353997,421.469992180496,418.834785125476,202.13369549272,419.289306999117,201.997738801404,420.938356559854
423.335290483293,66.7409538113941,419.420277362137,422.775216812335,422.869588446517,420.08700973502,203.172849628004,419.646571376882,202.758971436812,422.307947190446
421.663451700189,64.9825314632751,418.481265543917,421.810986055407,421.166267934808,418.581430910565,202.780448920317,418.923340142351,201.915054424246,421.14937340157
421.909868466904,65.3789483032865,418.614975046652,422.093145605014,421.404398192059,418.802330151541,202.540797222731,418.739039136277,201.923667243566,421.344923549319
421.827475244597,64.9077655663294,418.348573396095,421.744121355416,421.751525570735,418.703503732786,202.957313165059,418.917689888541,201.915054424246,420.946580655756
423.620312531143,66.9039073141431,419.515059287808,423.00934141222,422.640895211912,419.920232270674,204.20011019886,420.120332368292,202.727195762091,422.491048356419
422.093662025237,65.4393722642841,418.080471309471,421.744121355416,421.459028074604,418.928950745294,202.852150641159,418.720415312681,201.811299996155,420.955685636181
421.442858138782,65.5046684154334,418.35622115073,422.118026916048,421.170302826947,418.510838730685,202.577545523812,418.939689999084,201.600883062702,420.902157082049
423.481379118923,67.127613401105,419.333948939878,423.605498502771,422.837368966193,420.290255979023,203.842488201659,420.370787739386,203.329999468971,422.420897386604
422.101923148622,65.255591892504,418.285886930528,421.759157561653,421.176985078068,418.500683049978,202.898291721174,418.877502540376,201.628786421543,420.937511071524
423.568963119486,66.7040490692694,418.850395716834,423.267549318611,422.430511666203,418.98476895934,204.341017255677,419.307981915033,202.450966153857,421.792900021912
421.422585213471,64.9580091223343,417.724125214439,421.625816982985,421.723054832717,418.31226105455,202.280636601483,418.877383207147,201.785088175007,420.821398431136
421.436941125574,65.0037275760768,417.525889908665,421.554224212513,421.212067348664,418.580168698973,202.331389889465,418.677124458339,201.428276356758,420.559682338045
421.418517405007,65.0048531622876,417.506143676139,421.190677653338,420.923693355039,418.335990545711,202.13369549272,418.558230629755,201.418330956221,420.485503586119
421.265108806626,64.8599644191019,417.745863278878,421.24334743208,420.994674072966,418.302590885071,202.230735727201,418.333453644649,201.277705794546,420.627906340906
421.349044986968,64.6848597096055,417.499178639251,421.119687188811,420.976890583312,418.165180601542,202.174411829866,418.399371734872,201.211474408276,420.552516977981
421.2554076067,64.7553305345703,417.522856237716,421.474266899909,420.914928092829,418.062493389814,201.98610766422,418.441304611008,201.069594207637,420.585367216475
