422.084810564308,66.2726141524797,419.952972178446,421.890349618442,421.960079192347,420.919705205735,203.277958372095,420.187791604958,203.891172515185,421.510903380346
421.690655581445,65.9734720417873,419.331679526836,421.6488917926,421.98348043909,420.811809281022,203.088618355098,420.148666942278,204.017529242946,421.037255980447
421.925605679776,65.9908780691637,419.850668180815,421.768912672701,421.798348874146,420.666937105583,203.138727642753,419.719641479737,203.203705349398,420.841775103196
421.507847076309,65.6130245461796,419.702273574873,421.668261230717,421.852524633857,420.354187689615,202.791602698867,419.806490720603,203.333097483144,421.262520954312
422.024736324568,65.9728409180945,419.840904341245,422.385784785061,422.0293088179,420.875213054302,203.253005081188,420.525994140469,203.899034188209,421.247671344624
421.529837180762,65.6891754634521,419.460284255781,421.514749802385,421.743175692733,420.308387387375,202.761873693407,419.768090755217,203.327684860909,421.204080751163
421.969341002215,66.2219011921925,420.227835085414,421.972959668921,421.644928050662,420.323660986878,202.914458216786,419.616862260102,203.356358012749,421.286025910787
421.816651523363,65.8312981412773,419.721029298053,421.52624258793,422.192631570977,420.666570469691,202.990779211611,419.658975950145,203.733279590065,421.502774847616
421.550793221134,65.3896280075892,419.814414707557,420.948021999157,421.766431591251,420.429108061081,202.213118290132,419.770589044209,203.203867137531,421.176618597275
422.156504279653,66.1419744229759,420.551875316698,421.970753696388,422.254721940035,420.80299954543,203.128465316917,420.24071075211,203.970083773162,422.179892557951
421.701792416515,65.7106062084179,419.046114696285,422.032385520372,421.420395061265,420.945042150533,202.940384038351,420.054602280617,203.866240959845,421.465281197331
421.957570477602,66.5691391841436,419.648041664446,421.823548103443,421.910861746889,420.952866653294,202.870015685096,419.930841482602,204.002169747773,421.080118985671
421.406046168408,66.2580252503028,419.406145186724,421.968229439465,421.401772556425,420.336047805932,203.209506822423,419.51048573768,203.49544486944,420.469616958826
422.05008383899,66.0711235582766,419.902977587676,422.280073579673,422.226366743078,420.875213054302,203.043845229084,419.895507308865,203.891196657094,421.156571944498
422.373030246432,66.5263389357082,420.187575951334,422.199905663048,422.33628602038,420.950292882507,203.462257802992,420.363652428051,203.933907664737,421.600184377376
422.373030246432,66.5263389357082,420.187575951334,422.199905663048,422.33628602038,420.950292882507,203.462257802992,420.363652428051,203.933907664737,421.600184377376
421.446336982111,65.6186708100831,419.405270121567,421.273695425135,421.469797144976,420.018508110683,202.70202513535,419.461060888984,203.078093654506,420.866568547858
421.609147180452,65.6418378945309,419.323018019754,421.325919795296,422.067184021275,419.922769037108,202.93842948673,419.624316447766,203.292046410314,421.000548151035
421.364888252172,66.5739131363832,420.020375997976,421.393082413066,421.985606357685,420.153357464619,202.53415881414,419.763786576108,203.120871250587,421.923630249509
422.082014651854,65.760868880904,419.841951206685,421.878022005484,422.601113579748,420.793538473754,202.587706182839,420.100650972825,203.830269037614,421.549114250333
422.400950809251,66.7276240686477,420.346365686793,422.299924180702,422.255713115949,421.060301118271,203.499876567997,420.436873382853,204.201690897015,421.907762271415
422.300672165946,66.1568316452908,419.900141493409,422.523278035044,422.180222304434,420.845412490954,202.840346219985,420.247198362935,203.788514641818,421.558480972463
422.031174469909,66.09890661882,420.041556099538,421.176232709403,421.848396516468,419.873533563226,202.427396441522,419.551307734364,202.98911622091,421.352348541378
422.47617976669,66.3899573591544,420.166337370274,422.012033212171,422.535667932832,421.198626867669,203.345483476929,420.102356281793,204.438657390415,421.702295996858
420.82504136557,65.033674246159,419.626779085971,420.914514666914,421.516294549024,419.664484951495,202.143881866546,419.631909715017,203.067069284155,421.200447707881
422.674242427999,66.1416643734313,420.231631809016,421.759017262046,422.908861337486,421.076253896134,203.673584922349,420.367420610496,203.976174902186,421.932512707521
422.132541002564,65.6385645226048,419.308420217753,421.134645729762,421.32953730444,420.070765252942,202.912759517004,419.259906688084,202.97289729358,420.586349923421
421.189594094865,65.3771433508823,419.250312947904,420.852053493162,421.408477065665,420.147781944216,202.217318735379,419.188569225108,202.767414623565,420.770018679502
422.563793464624,66.717719875264,420.420254641266,422.598607344252,422.581071008396,421.340762402533,203.819760809469,420.659008239963,204.322260868419,421.916152460032
421.515413709802,65.6510854903492,419.029355980682,421.500378735251,421.348823377309,420.494144785161,202.46450603535,418.986515780478,203.062022390291,421.099298745816
421.059777763492,65.7717772811411,419.212644200091,421.171928263406,421.292097393963,419.72591321245,202.174376978597,419.087481682967,203.274908586673,420.677632046921
421.234358769079,65.3312574677613,419.434592145178,421.541007845109,420.888621292162,419.452593347529,202.027670251213,419.093023937112,203.221002872668,420.977652738003
421.059777763492,65.6781373742863,418.886445331938,421.217769280746,421.211001701045,420.005553532855,202.129656721008,419.198925928489,202.984624875424,420.32110878537
420.575726091865,64.8470159910953,419.196345029952,421.24448183956,421.150601809194,420.018937149288,202.008451758125,419.243703337428,202.752588323529,420.212983759324
422.698962459737,67.1034890849536,420.520680643172,422.691974773411,422.67711746274,421.25475968334,203.746804021199,420.875177593105,204.257910695687,422.266501053274
421.320339974058,65.269268208185,418.791803140373,421.259154081788,421.259004370573,419.540230962794,202.02122700304,419.12149443823,202.971093870775,421.030486078941
421.387147569855,65.3715047438453,418.607690677544,421.006765025952,420.861855198742,419.40397015056,201.861741871985,419.377609907223,202.530165431439,420.340063557194
420.739712586583,65.0208912356074,418.736268122832,420.730050915933,420.640328306439,419.404844696428,201.808588204987,418.821453483978,202.436919759858,420.201737157619
420.5987384843,64.7580767669902,418.529185559319,420.583651105923,420.812076996271,419.377288690913,201.830774996946,418.836992058756,202.396586164448,420.272982054701
423.332049505713,67.6587227651095,421.277464383254,423.231022877164,423.186811812411,421.991399814732,204.430975264459,421.367972079315,205.132789593476,422.838860967877
