421.549908775078,66.2964294809172,420.222787524867,421.338369105742,421.553616480678,420.546703163531,203.076190695638,419.942111016362,203.448293645189,421.533271722466
421.673291960096,66.3613054929625,420.12635644619,421.478362625462,422.059539579009,420.794904870631,203.079801129408,420.3044371277,203.978135478699,421.293239594075
421.784239967316,66.5757198501773,420.096076024231,421.290657920527,422.146607800208,420.728956382698,203.511725010825,420.509074271546,203.554024470029,421.241323548261
422.249490911489,66.7578218408437,420.637748024791,421.391398022569,421.615278182413,421.113680521669,202.969296096325,420.662078359147,203.611039560374,421.392220376111
422.027817302761,65.8331408157789,420.266041591854,421.454173817522,421.585534909127,420.948175267914,203.053369172707,419.756337502635,203.50844982549,421.664131301825
421.540204629977,66.4654574535018,419.971439660906,421.263349765622,421.435427438253,421.1848698481,202.748637728473,419.740295068064,203.892075277317,420.963807452408
421.722505208428,66.490788858007,420.021449385847,421.691658299156,421.795644059647,420.840714231241,202.931615519679,420.20470829361,203.707687157817,421.836319611994
421.604385683558,66.4274509395367,419.794276876596,421.583978573033,421.975757721344,420.688747414185,202.634462183963,420.698185434188,203.965961143478,421.469579005869
421.453807544475,65.6989906293905,419.499012906566,420.8612153816,420.969391963964,420.571599146631,202.224752405315,420.139977243553,203.572224311093,421.004635312331
421.79414955801,66.7336922444529,420.151500941633,421.793841191782,422.104634299211,421.536802167964,203.692859899088,420.444548816012,203.973986401404,421.643639825114
421.950102231657,66.6016663267427,420.192608814723,421.34509272175,421.726171871805,420.906570651068,202.717161916281,420.548211077211,203.52011845617,422.056053110013
422.086188739671,65.9050241593813,419.92356378394,421.762477796875,421.745071921714,420.462255771305,202.823254810565,419.924855231227,203.758107746127,421.329443360105
421.560294048194,65.7212892497614,419.386956493041,421.373649423149,421.594018891687,420.467912786168,202.50470673807,419.924851808564,203.607266157689,420.99392063034
421.131517255887,66.132877987653,419.219050563998,421.164896819675,421.309337497994,420.398369302135,203.058870449003,419.68472015481,203.151600233345,421.08125821705
421.519414202007,65.9024175625679,419.739947874441,421.037159376452,421.364848691329,420.37146810505,202.411129877887,419.584102794013,203.255740217414,421.104802167693
421.089065099608,66.2772110245123,419.499456134904,420.678100089587,421.342027929895,420.39795375684,202.446129353834,420.054685614845,202.983127579247,421.013204414359
421.889140928905,65.9710298211529,419.87426954967,422.486531582844,421.753369010008,420.976155576544,203.018742387783,420.45134224079,203.174311492258,421.489838857972
421.227697262269,65.7810538107756,419.690460447904,421.103146068675,421.36051221825,420.02276326437,202.37277900322,419.6883992571,203.3318238614,421.043635864699
420.994238810335,66.3177443281826,419.322312177166,421.684241834109,421.613908255027,420.555529541827,202.562219617236,420.027168608214,203.384791170343,421.337458339554
422.151911680014,66.7052682285205,420.614674865649,422.02736048642,422.284726635995,420.946977682115,203.296993420965,420.612613674845,204.256038279145,421.967850282444
420.984365446969,66.2167548934268,419.279241574603,420.96320510564,421.345108644621,420.165618987543,202.326081853692,419.964949903336,203.394968945842,420.813582492317
421.087801566205,65.7022916409383,419.483415990671,420.820809031805,421.099911221057,420.098599203412,202.311323591298,419.516972384199,202.986186436316,421.015711648529
422.290040336207,67.1809795945027,420.447155292475,421.922868631201,422.249683070167,420.95340704264,203.66723288275,420.632437521318,203.850901335887,421.993031427011
422.569212248634,66.6575789487656,420.406397714031,421.593026166935,422.458019149154,421.064758648969,203.395472004551,420.318611434668,204.038170347844,422.332217946899
422.240065282365,66.9528960668794,420.63759233101,422.19577525429,422.113342765747,421.29033205609,203.195676781892,420.420358324417,204.134247658314,422.476160362741
420.96625832758,65.443650454015,419.386033202989,420.4242120757,420.49994972003,419.640731844421,202.358181573395,419.546611923224,202.965923959489,420.529545827356
421.004938488151,65.5552922861228,419.364068974432,420.510036471742,420.782233124134,419.920533047343,202.154814374756,419.421011345728,202.952008622893,420.698883042252
422.012401787743,67.2617876606047,420.858517622945,422.184601622162,422.192207393731,421.374226577534,203.696216314981,420.475407928059,204.315589192263,422.423677752448
421.040425134993,65.3930808648488,418.837622677347,421.072735186563,420.884407219795,420.016324239925,202.493220598281,419.265712272566,203.187425248212,420.53828743368
420.639364346954,65.6351370218772,419.145694149929,420.724321021144,421.245486941707,420.057400436269,202.052118262539,419.455240113993,202.80265026613,420.605769756245
421.071232282251,65.8967532724029,419.194105381334,420.911943496926,421.288871117789,420.074932959099,201.906532762565,419.488981275276,202.869399085189,420.751458728501
420.818907076136,65.765383455266,419.299729886219,420.887056450182,421.152623292077,420.141753339476,202.056319237165,419.112282499046,202.909978392062,420.575512736617
421.084621565241,65.460988538131,419.142709175007,420.307957845165,421.298931023386,419.624942426621,202.284611429797,419.458661330905,202.40776015018,420.725154089339
421.036424206777,65.5386530991456,419.286526823109,420.806271068037,420.986984863962,420.402813905527,202.15451701905,418.759878790166,202.603214523354,420.341708494033
420.82127460469,64.6334509024845,419.270177694459,420.328033060349,420.808148761816,420.014051536668,202.041997187519,419.302627830236,202.432990307583,420.507937618394
420.98448294181,64.9595298838912,418.997299634596,420.751944589932,420.859896075305,419.758702002157,201.672616565534,419.449892310585,202.547641931192,420.948027476657
420.95353447452,65.2097876872148,419.003783230673,420.857937029049,420.351954600848,419.83604513096,201.789271554234,419.102587170351,202.578634108243,420.434110642915
420.779730093624,65.270991579324,418.827521887755,420.107843623831,420.666685712739,419.748896450752,201.893936434897,419.006222311235,202.623102200773,420.296878212505
420.39894585519,64.651211120416,419.238449403263,420.610266280391,420.384550487016,419.502947513549,201.957573755128,418.837341647444,202.485690193531,420.444327719197
420.490297505383,65.0409991818983,418.639576730687,420.328229127824,420.564486844421,419.646638472827,201.779054911841,418.729071642908,202.432964499032,420.209677862926
