421.96161844324,66.2350687737944,420.496293455467,421.77678863272,421.67106284849,421.039472407766,203.351239336155,420.387975810756,203.800994055489,421.448990935291
421.501655688639,66.2646238137324,420.485004940848,422.101424202265,421.786214764,420.818147550325,203.485168259693,420.290171756151,203.712252077519,421.779619746719
421.221914873675,65.8973086053526,419.937414919494,421.334033812967,421.523834271175,420.351831076203,202.723467125907,419.937300399136,203.522445266704,421.154852098953
421.687231645521,65.82638755215,419.889263072841,421.236220963638,421.367178855194,420.79067033937,202.830616782242,419.978568700996,202.909288590287,421.171359292944
421.615555511301,66.1355781321521,420.340165181088,422.071956588217,421.277093771467,420.796103941232,203.091854841,420.142950112372,202.879223395202,421.49703340328
421.909139847359,65.8745384148754,420.04663729651,421.067511540292,421.310601076054,420.36267544941,202.932005260745,419.766202291074,203.63415114692,421.548192628418
421.496382247347,66.0621230077487,420.035098129295,421.244633752336,421.618386741418,420.80386494058,202.602885434179,419.774992862621,203.720068806869,421.250699517458
422.207231641746,66.1064319798926,420.69452244312,422.012402602597,421.818815047134,421.404505679523,203.573440404292,420.210850387083,203.739052003592,421.598352691565
421.265474622007,65.6360362082594,420.425979491589,421.785706597061,421.351866093946,420.444949243352,202.959984898116,419.312015772652,203.580073647096,421.367961750165
421.390811152583,65.9539195964267,419.986880417344,421.443878088791,421.309310066086,420.529516449658,202.623227633802,419.775081613432,203.099955513381,421.010384606602
421.390811152583,65.9539195964267,419.986880417344,421.443878088791,421.309310066086,420.529516449658,202.623227633802,419.775081613432,203.099955513381,421.010384606602
420.733165765205,65.3380661756982,420.147681137788,421.048812491167,421.74560670925,420.187038913552,202.594742122863,419.764931244722,203.331990997825,420.639593827094
421.457825751788,66.3050558020906,420.043272364801,421.825514809036,422.191056956747,420.693619167586,202.887294124597,420.723669992845,203.915630063558,421.63905189508
421.80120676587,65.9357004943861,420.022494370387,421.37747321021,421.331772565115,420.298782919921,202.49722265205,419.991536268219,203.319305442166,421.039488794026
421.759401739091,66.3026453799376,420.184174985373,421.7386267108,421.815609353658,420.611449624753,202.941233378592,420.069452094675,203.70800043855,421.744527679355
421.492918248709,66.1770091863108,419.935751548624,421.002434147527,421.340437299874,420.47971157693,202.363180638429,420.200562197798,203.321850769686,421.636271122866
421.584550578698,66.0080026834758,419.779821700437,421.266166704261,421.274299822652,420.689451322627,202.724597069934,419.69411542679,203.192238990043,421.223039930931
421.30752032024,65.737397889435,419.725446918238,421.16245314296,421.077603536953,420.36451971538,202.627749446547,419.632289528897,203.085052595371,420.935466343181
422.285163830272,67.0770587198512,420.359016067448,421.510066782223,421.68740788698,421.292479889477,203.344591973237,420.512587743904,203.99608848156,420.870682278952
421.851928703771,66.2843271435204,420.232778427333,421.95255664233,421.854631519449,421.299577082958,202.979281328026,420.113043678354,203.687301680204,421.934659910597
420.997890524148,65.5689948683212,419.73198421682,421.229607416132,421.34175082695,420.245645225636,202.613414191972,419.588307792063,203.142149355961,420.443068967474
422.055822160139,66.3282949236777,420.558889991616,421.841447084869,422.296925296009,421.635264785036,203.703605463937,420.484363482748,204.222706322631,422.083012289579
421.260830000566,65.1866769581478,419.759618015889,421.328269586834,421.851974692145,419.848548701612,202.665515917829,420.022409861549,203.030246349641,421.476415687781
421.527840198898,65.8324145068102,419.355279051532,421.563709870434,421.132577927305,420.056450699878,202.809630305716,419.567595339055,202.988342142099,421.133697816615
420.954330775815,65.8055654860865,419.784509720717,421.214368874794,421.045174518483,420.191280617487,202.18380171846,419.547392142255,202.953005216087,420.33776494299
421.227248322313,65.4741190571777,419.809696035492,421.210452259363,421.189719372166,419.975120643184,202.648363951693,419.238373322863,202.738696614178,420.416277885637
421.315462860069,65.1465060421626,419.531560787039,421.312495021956,420.681200368234,420.271857545426,202.529258849487,419.362921557503,202.620641969537,420.615390699429
422.374037313139,66.8167012903395,420.942993391132,422.304312527535,422.36927376273,421.621792014626,203.688119303374,420.669565983413,204.17078432955,422.057068287895
420.538813910578,65.1910126997908,419.355265307205,420.949545744106,420.63814007851,419.986724957626,202.171587181037,419.617440335729,203.055222000796,420.539996689479
420.575542897028,65.3356160384176,419.425360300335,420.51150929541,421.079915952146,419.716686404361,202.393191896549,419.361657297859,203.129260469849,420.713125969154
420.635778278364,65.5303361282884,419.196412802345,420.72241301786,421.085062831207,419.7632903111,202.412473501276,419.7924428424,202.629157000166,420.696136502623
421.176671377178,65.5753227830717,419.741520147644,420.767569532153,420.930313346923,420.614982047974,201.86302156913,419.015739461799,203.217666010888,420.81192807749
420.822225092441,65.4288340353304,419.390309266307,420.548147569143,421.014320704171,420.240211623774,202.218995987135,419.366947905889,202.603478192733,420.758515256246
420.773444679465,65.248521531701,419.592587910617,421.179562920439,420.689061153085,419.816354868685,202.192542944856,419.377793734074,202.609975489004,420.667871530613
422.449733292714,66.7732913116832,421.212341241482,422.522212098935,422.387432973844,421.503036067402,203.948396226628,420.860528942129,204.344669467387,422.154829858359
422.364428287081,67.0494996356931,420.871581084208,422.344922393787,422.284516013129,421.956552620356,203.693724691541,420.596419962424,204.421122066775,421.921448239173
420.855642956864,65.5869471193625,419.331572422586,420.52644689613,421.265622866435,419.736062445194,201.797539560408,419.381896816578,202.564787317663,420.763383900886
420.647552121701,65.0549609699459,419.188494729491,420.576253129606,420.808729780565,419.921397812343,201.578248964101,419.228849475963,202.819501822428,420.179939461749
420.357641639589,64.8130875308244,418.979762859908,420.314317340272,420.398441663879,419.462565416915,201.678470861994,418.837482162724,202.288722726639,420.168336193139
420.123305725895,64.7273069725671,418.882684331937,420.42646844509,420.449734966046,419.43853928989,201.524282423356,418.780801684198,202.246107327015,420.000928497328
