420.956555996307,65.9994509814107,420.450077206503,421.195120456651,420.920145712593,420.695617679545,203.596274432774,420.544030260141,204.279708774437,421.076300726111
420.782049382104,65.3791845186994,420.041164394131,421.455216941556,421.033224197616,420.756973077746,203.818710981698,420.787937056819,203.877355071318,421.491370025813
420.96660392977,66.5161058462842,420.695538795173,421.507846795414,420.827757206681,420.819047665163,203.718655852057,420.623515574305,204.231748234636,420.947615967793
421.034605685474,66.1458022633861,420.580642005965,421.766422611941,421.131209529477,420.813399351501,204.08369561458,420.385803774833,204.056926360812,421.387947820983
421.26629832208,65.7802730516279,420.551249327631,421.779472003652,421.131701628272,420.928459204278,203.567635848096,420.912984558861,204.715426172995,420.88957334516
421.011258176891,65.9022547755842,420.24293413343,421.364423661165,420.635770796847,420.552869279709,203.342213657749,420.435816033283,204.301563469015,421.261209848425
421.019125529543,65.9557409106567,420.129254496538,420.699355915854,420.864199268304,420.424906754191,203.312609637925,420.297419023435,204.035492217393,421.008753496214
420.557939846856,65.5330304491124,420.043951011196,420.700059608692,420.516768408057,420.387830118956,203.488577279028,420.329014586944,204.092000834235,420.953826815791
421.088598985979,66.6203611443321,420.55668443639,421.366849706291,421.370440575947,420.842886290282,203.840404955396,420.714800706406,204.611505948049,421.293056994584
421.385948462364,66.1566865188416,421.036915121784,421.972414674987,421.126129339621,421.124755392806,204.003709818208,420.352696317806,204.449875515431,421.284356343132
420.57360535368,65.9734846712938,419.706729092953,421.102257000114,421.110613711927,420.673749674537,203.595826201071,420.363529481956,204.057561993874,420.645770141384
421.496153443259,66.4652093105851,420.5589239378,421.637511142541,421.090367277424,420.663252732645,203.634666526167,421.239893020993,204.384138473087,421.568447281942
421.000236357098,65.4932848211315,419.943743852166,421.101579261549,420.134797437851,420.452020062038,203.604111708288,420.290817489923,203.824621155091,421.369596128189
420.756449002584,65.8403382430512,419.734978937518,421.13437474889,420.888129073536,420.543431918156,203.241003502042,420.504721233239,203.375727628722,421.280663603074
420.910558384686,66.2312514338452,420.94894876543,421.111278329175,421.693505225008,421.198248213807,203.587298638104,420.392911765986,204.847889696457,421.498680106588
420.600477523083,65.2789566656269,419.88352320371,421.007051092154,420.335214304935,420.472587729665,203.488577279028,420.158565175508,203.650419242921,421.12183550307
420.864940961167,66.3379846230788,420.23614582019,421.10566913296,420.70600640097,420.635629656587,203.625590411714,419.987240685049,204.54536981896,421.514294269219
420.762139233834,65.754616270407,419.449724181091,420.598662136112,420.844418915132,420.918946823949,203.402918387644,420.31448134308,204.078143914181,421.257711199688
420.471929600418,65.6056344985184,419.687444772337,420.828797972725,420.395232190265,420.38346116995,203.221197599883,420.377871338947,203.771291328376,421.339700426817
421.200268129625,66.4188234591792,420.644442067253,421.947269250616,421.142634258087,420.645362533734,204.261186546273,420.51286032575,204.72686031254,421.559600130487
421.509947337286,66.5023085022452,420.974457037263,421.766422611941,421.42829806186,421.046826055516,204.137711711377,420.939833740627,204.730810104997,421.7890173397
421.423914884344,66.4759433019017,420.691741861028,421.96866639563,421.347480360594,420.933623735786,204.040465919856,420.421410312219,204.718791224788,421.46671394069
421.736088518387,66.1681130008563,420.685113510711,422.377535400963,421.132131128154,421.029262650255,203.830408174319,421.022412172201,204.60658155449,421.547684815017
420.4360177998,65.5771242120496,419.498315191383,420.932778959059,420.189971022437,420.482490680744,203.288810852081,420.253110099275,203.963262470203,421.158497492172
420.47053077588,65.4795385766834,420.161592497207,421.004940180828,420.307670497255,420.13851722883,203.102641672111,419.621747012556,204.148246202371,420.747759692324
421.850514718825,66.8525966466624,421.025829558163,421.821865181492,421.588032905923,421.476657044382,204.56914243174,420.964128573267,204.541816301657,421.585312625045
421.745374553462,66.2763253100543,420.742181522913,422.250132056597,421.217048520102,421.274726767098,204.590932096553,420.965632870621,204.995998797057,421.686303714597
420.318502456478,65.4019210581938,419.880970650332,420.94514426269,419.887600257955,420.134910419004,203.236231109553,419.606079466757,203.838721963101,420.641131643304
421.328705373486,66.5406536876607,420.743260390145,422.160701448818,422.063144702005,421.381753763204,204.34164220424,420.918121948313,204.707728820511,421.823808696874
420.279054091713,65.3545474814084,419.678845901027,420.690496949219,420.081132216193,420.017919458137,203.213776743734,419.636520229033,203.934369978405,420.942704530892
420.069753031174,65.8321966545894,419.68764995391,420.495390011302,420.148223241198,420.318612409607,202.670281258535,420.01027647247,203.622025227531,420.582453342804
420.282270638765,65.2170274975242,419.513107531153,420.809251422331,420.046154945513,420.484554534573,203.149531176128,419.615692221569,203.407298841059,420.250031600822
420.252053817079,65.1481755156441,419.750216000349,420.51115184212,420.254053089907,420.041721785483,203.020853343696,419.463325550175,203.433177208049,420.696489760557
420.356582143277,65.2722516612535,419.787724499935,420.682529730239,420.085949994285,419.868364361539,202.864526321457,419.543193638368,203.599237165693,420.275149931344
420.266252924153,65.0030887427001,419.437890405136,420.56141829358,420.071135609483,420.086372637567,203.042944480454,419.756058131635,203.245298516945,420.646493851257
420.266252924153,65.0030887427001,419.437890405136,420.56141829358,420.071135609483,420.086372637567,203.042944480454,419.756058131635,203.245298516945,420.646493851257
420.109443129316,65.4529862395385,419.54444189865,420.838617610083,419.96143085437,420.06772526546,202.678816465457,419.825081027741,203.414231793838,420.172131179744
420.146434195099,65.1925208420086,419.577659864593,420.483223733717,420.084854097968,419.712259769324,202.657008873537,419.344464382332,203.665477337249,420.183291480797
421.928965389394,66.9750520363045,421.360191058889,422.265754928013,421.867385292264,421.49479096362,204.439540067833,421.126995576628,205.448008531545,421.965822675093
420.049050066642,64.968332389311,419.448841875957,420.595004206667,419.673696514639,419.713584863989,202.716326177884,419.378522293017,203.303962604812,420.170274346698
