420.902451213926,66.0100419437783,421.008823199295,421.616181833871,421.092775297172,420.868710378389,203.792988404133,420.62752354095,204.202968991822,421.055474545565
420.981109305838,65.7245238731,420.404365363266,421.126270958565,420.626512944445,420.942427989628,203.177322863721,420.487617293732,204.267167103481,420.743671671333
420.874912397269,66.074806392022,420.667729346284,421.514769407304,421.195737925089,420.47092843103,203.973651782304,420.247125365639,203.870761853798,420.705253176101
420.953740822976,65.5548658914753,420.572700203134,421.811880349721,421.594071234864,421.232618513772,203.896198529664,420.942553590953,204.308992957623,420.806378121064
420.435480859188,65.9498491357053,420.569864609008,421.124782777968,421.072257918908,420.61139025288,203.646425813422,420.175544675104,204.226846864082,420.83190545421
421.232176340736,66.1053088760291,421.003502605637,421.628405028362,421.181503232115,421.202793803597,203.894185318628,420.696839822814,204.600480236018,421.165464289962
421.232176340736,66.1053088760291,421.003502605637,421.628405028362,421.181503232115,421.202793803597,203.894185318628,420.696839822814,204.600480236018,421.165464289962
421.00491724657,66.3348045947039,420.743788905338,421.354150580718,421.159397808193,420.904017966961,203.51995844372,420.348077467676,204.316518789011,421.21981502893
421.105078452346,66.0760201911884,420.984607057264,421.740530102624,421.060321316228,420.973999055872,203.671270436728,420.631264395657,204.60979057828,421.287019331055
421.105078452346,66.0760201911884,420.984607057264,421.740530102624,421.060321316228,420.973999055872,203.671270436728,420.631264395657,204.60979057828,421.287019331055
421.289889662858,66.359403018075,420.961619067563,421.6525443638,421.223663088111,421.15818244716,203.842582106031,420.879746380086,204.539198533303,421.132094604266
420.913032337407,65.56171459667,420.29375873131,421.353288409868,421.065224572906,420.354727892896,203.247156420504,420.348844212541,204.363704118823,420.854211626547
420.979872371524,66.2630759337997,420.861285414147,421.42663911413,421.371791215171,420.965971153353,203.993139925264,420.784535580674,204.789423473962,421.304656015359
420.876751251752,66.4786579696097,420.787914562227,421.853493608568,420.946873495059,421.080389665955,203.733641812136,420.936375061793,204.377488076459,420.950183059993
420.889844855575,65.9587695086513,420.756743224092,421.398724076044,420.957583158132,421.298687737729,203.61538663798,420.081011062907,204.641232154146,421.20475474852
421.129415770231,66.3982204167438,420.68712786657,421.737450900856,421.040054496642,421.606917747471,203.944945557218,420.529038902947,204.161112924946,420.685880291378
421.002606772976,65.565403520209,420.292106974501,421.020751121539,421.078948400338,420.450412520209,203.456751147989,420.517601202475,204.870253345905,420.680635056891
421.441177371123,66.1583515355881,420.86807806545,421.662698581174,421.460750733585,421.11034344233,203.962772424252,420.700568508713,204.605317884534,421.457375813758
420.982121672914,65.8009246678691,420.84608420823,422.348641097971,421.215501893091,421.131193204756,203.900688442566,421.007280818668,204.284135772046,421.295554894829
420.540505060452,66.0873290093709,420.38197562025,420.8408160327,420.63365413257,420.707519793899,203.394002682893,419.964383266673,204.248663706489,421.16292462469
421.434107156816,66.3739500931774,421.231445896338,421.73445306284,421.371484849518,421.186934419443,204.253249162077,421.03432513131,204.429956613344,421.335649752856
420.732206501767,65.7581349989219,420.075950592509,420.499825253634,420.573574726764,420.560165288731,203.234369691523,419.952646887711,203.835306972122,420.926903488215
421.537641233196,66.5271681917833,421.206287518439,421.696402350314,420.528789294032,420.624727264709,203.418204064966,420.312523262302,204.166427852096,421.154198461473
421.314191572136,66.1769094748705,421.03610082549,421.713996062986,421.194817393057,421.84929141846,203.986931906654,420.202551597858,204.549539098503,421.39303402544
421.469478003076,66.0844794168155,421.139686948658,421.671023435489,422.109628614768,421.378357502083,203.729053424057,420.911098678602,204.385634228998,421.731399823834
421.535188279406,66.5629831583959,421.542081890176,422.141000224613,421.549345632083,421.371062135497,204.3335526297,421.026365306118,204.959962581441,421.28666906543
420.005195357374,65.3423353133211,420.260389485393,420.393961346757,420.379826379136,419.700737213764,203.149380448947,420.107408779751,203.814047200589,420.17346655244
421.48804490194,66.8024023040838,421.174025229532,422.066520183633,421.617486759327,421.340015804316,204.246237008386,421.118182224995,204.921466652072,421.630493735201
420.313850893402,65.748954750276,420.014553013722,421.01336209261,420.666846021043,419.654215969062,203.452392387617,419.713270456583,203.416764880999,420.219026979622
421.160029756628,66.8182274268784,421.097085564698,421.918993322189,421.096921850064,421.04748524047,204.207186719568,420.865800267764,205.366627349792,421.715900488357
421.207001156851,66.81159904072,421.516610481077,421.920300962996,421.109126497593,421.533927620585,204.352100850238,421.094271269521,204.983665301628,421.937016240735
421.604492369676,66.7232040052618,421.296041004349,422.063557128831,421.575881837054,421.282459533623,204.361428203628,421.315668885199,205.083330543686,421.644002042559
421.209107490344,66.6557020415662,421.616997189191,421.866006425202,421.957614296601,421.578422556666,204.373924928193,421.136029429532,205.151255377198,421.982537009584
421.910140247644,66.5364735860141,421.284651056808,422.331043094566,421.476351519917,421.797206650142,204.41140078709,421.334134330696,204.694500794106,422.092746684594
421.572507349249,67.0685826707652,421.249956497018,421.751388865792,421.62285825007,421.460259378309,204.623536502019,421.585734794982,205.096980591713,421.882110195625
420.126182624426,65.4560699725598,419.865054283194,420.475415958574,420.280663186049,420.025283344817,202.641223821576,419.469342845532,203.437784166867,420.341080406786
421.071407227997,66.781304044295,421.453920391872,422.245460012037,421.915769790784,421.175193682435,204.768494003626,421.302763691169,205.125410241253,421.809928423092
421.777027984969,67.0769377908927,421.817268977768,422.027364603555,421.60581408209,421.289112863879,204.554529603955,421.766603983097,204.869323924416,421.604151998511
421.469672184559,66.8125830840964,421.67719914928,422.180752505138,421.673594620516,421.981672218679,204.278631715816,421.110361997941,205.233169163962,421.771488167303
421.864271818822,66.696930820128,421.307445376522,422.102065892246,421.804603411815,421.704083051886,204.768279161217,421.299705751084,205.031371034665,422.116426780366
