421.121088563942,65.8875605069994,421.104496785077,421.386964880982,421.091812075753,420.888050247548,203.814337907984,420.775535763161,204.360685686458,420.868660648019
421.009874342612,65.7843393170843,420.811633276034,421.195165346684,420.893927425384,420.646252801695,203.271490542569,420.55256465629,204.078846363746,420.772300730355
421.009874342612,65.7843393170843,420.811633276034,421.195165346684,420.893927425384,420.646252801695,203.271490542569,420.55256465629,204.078846363746,420.772300730355
420.796237974686,65.5462266567644,420.70707252519,421.122671574577,420.728980850091,420.516201161716,203.437679880205,420.387788938376,203.851860759095,420.571372971442
421.333623181726,66.2374061810265,420.826644113644,421.252821012442,421.022058765603,421.323038085799,203.771616875708,421.047282790652,204.304060005957,420.809114744431
420.686972595845,65.9838416920325,420.666944817234,421.293378246582,420.941747038057,420.757301934729,203.330500002672,420.447375824156,204.198295404048,421.080569138981
421.016126155163,65.2783318581078,420.846553350944,421.117046794288,420.519837814574,420.781251681459,204.20959500203,420.289518815497,204.104778239982,420.478050095669
421.174899417349,65.9406888035142,421.209738385429,421.674088118147,421.134757978803,421.063940623851,203.947556857191,420.913702308946,204.509776881959,421.024426510877
420.674870554539,65.4181039738426,420.775842343759,420.611705630681,421.331397459193,421.023891233806,203.277017725631,420.274919796023,203.885031420825,420.458116513248
421.023287714683,65.9055309695625,420.714192393978,421.153624091486,420.924847304935,420.843687713109,203.3444905978,419.91547082451,203.967530947922,420.844408413635
421.826738637737,65.9453699128975,421.432751288456,421.523303164567,421.177041682209,420.856147854169,203.860550851124,420.710667423089,204.272083078722,421.042165797822
420.894804297322,65.7364571819807,420.98799992488,422.039677299964,421.094277617668,420.739030278077,203.975579907672,420.726232802163,204.464897220027,420.977343739461
421.528868774134,66.1429476062011,421.054857335388,421.326865895925,421.579039009535,420.950954353828,204.051904683278,421.293565009175,204.538762389205,421.143249087167
421.231528221554,66.2287837615287,421.227512293047,421.643973200821,421.540527202419,421.149685295974,203.967142716482,420.941580674597,204.36870143621,421.373091244189
420.716182386717,65.5756070404911,420.44873788622,420.502544139998,420.457890356681,420.639555710056,203.277276063485,420.886853755783,204.682915878047,420.812844244287
420.702681184799,65.8172824397234,420.533165696537,421.125428785067,420.205542834914,420.710820684875,203.333221184223,420.192220071277,203.400170330718,420.586805129573
420.995835217627,65.7963644239661,420.203935153964,421.594550302037,420.816273778071,420.402074744999,203.630447461799,420.079033700579,204.181372364102,420.753764458379
421.444656951307,66.3019376607696,420.886167437524,421.535429996967,421.618565106543,421.155997929131,203.785324534664,420.755463207015,204.707893542285,421.352010875283
420.979585914645,66.116692582052,421.176310550267,421.861516664616,421.348845179346,420.980334262395,203.701651858217,421.023393636328,204.920633252435,421.343763386497
421.32514702142,66.1465012355727,421.492229915308,421.798073374519,421.350644966954,421.353488675038,204.254110246909,420.970390876766,204.658630256647,421.284472758288
420.164463714592,65.0141529816806,420.574479125836,420.913144195098,420.459144816688,420.372500788813,203.167970873832,420.285006127862,203.662967346733,420.361672711032
421.760862484904,66.3376990008787,420.951885730452,422.005442026526,421.622482066982,420.936107874159,203.751250662509,420.697492192522,204.275199799932,421.046900272689
420.49193563534,65.2027017566036,420.525806059174,420.776475299882,420.589392622857,420.220322273946,203.033987324077,420.113845604876,203.693205952957,420.27761866135
421.519619470048,66.4928739386624,421.326931182636,421.897506483808,421.486812800878,421.399875990101,203.619316629525,420.620765849811,204.36870143621,421.120126817312
420.814222168699,65.2191219257799,420.470018369201,420.584119518247,420.789579599297,420.556297779206,202.911670452614,419.918017065221,203.843828737424,420.113539202029
420.606100526192,65.5517076948165,420.486516074682,420.471064831709,420.603503564439,420.226991127199,202.816831110696,420.356524273807,203.574877558853,420.080336276522
420.418569994785,65.6452088823017,420.683756038182,420.705046769609,420.346423399619,420.290521576399,202.923664455612,420.253651612812,203.434723980494,420.086682001258
420.17022136615,65.1318440972035,420.178707847859,420.772489749502,420.452486635929,420.617906780483,203.049477945173,420.148011929188,203.271665109778,420.225263812754
420.141641250614,64.9072064160441,420.418982447401,420.520936954471,420.691965826815,420.06281847098,203.187817866122,420.166215387846,203.740509028832,420.208700665756
420.628210581903,64.9309218310639,420.385420281116,420.586154345775,420.35836898887,419.889201365749,202.928704998314,420.236560332332,203.933269791308,420.380870220077
420.260898561115,64.8119194508463,420.191661252111,420.9465095981,420.367539537433,420.218474229571,203.411795865627,420.00605442981,203.140646386063,420.404453713886
420.422922522849,65.2594125316509,420.366385769318,420.361016362684,420.177651488815,419.921548583868,203.052103266106,420.284653058292,203.610949783744,420.215209674456
420.45914970493,65.5836704207632,420.306724440129,420.456034911901,420.419619124989,420.000290068776,202.592142716482,420.386933186311,203.987313182968,420.289208942916
421.675238088558,66.4724238073485,421.63179709271,421.890502171862,421.680108119305,421.547442012867,204.281362003144,421.357841796863,204.982745053677,421.61656816058
421.420192995728,66.6906715615114,421.35511705992,422.079618266829,421.905542970359,421.414918117268,204.112360386011,421.186701069057,205.062308168857,421.311650798088
421.388494559232,66.5656506316682,421.466918302156,422.224545803061,421.796847318185,421.404566150394,204.439376365201,421.310924671542,205.051073476126,421.702720128288
421.698082519998,66.7466875418348,421.626572146426,422.399744706209,421.556439691731,421.631067950272,204.269630437455,421.576285053752,204.9800473852,421.534382636272
419.865821708472,64.729454350007,420.170631664421,420.712338203726,420.330288118999,419.819273541908,203.100426946672,419.954018783875,203.719343999247,419.64986748756
419.810975519817,64.8752439565318,419.936078011106,420.576140587975,420.004867792752,419.719392830142,202.710157606726,419.725722415591,203.48993910499,419.708665889651
422.239927016266,67.2928591102496,422.31746973327,422.659333524869,422.278745831289,422.303893103805,205.054223531085,422.105187204116,205.518394054763,422.263774842662
