404.416889623564,64.9643731668988,420.016853393613,415.462312428805,460.569877164488,445.814420542937,191.433020883042,395.477153191161,190.71388361424,452.907467126346
404.416889623564,64.9643731668988,420.016853393613,415.462312428805,460.569877164488,445.814420542937,191.433020883042,395.477153191161,190.71388361424,452.907467126346
368.932686628262,37.4966416525897,379.50520823263,394.280013661788,452.869438614902,419.972732471547,183.88837118074,396.442469425603,170.876583360799,447.073676111858
395.189832074527,138.095499829816,438.342231826265,392.491935992156,475.45245457249,500,4.14559800729589,215.490090811488,375.69692765392,485.319282825473
434.506893395612,-396.262984920667,500,-13.1948705784488,425.628265470618,11.7260513766382,93.4236868300662,404.360235256627,176.080532884661,397.873136676293
363.380745802522,-96.7811538652824,370.722712411092,208.600111754237,461.054169351475,86.543573907832,205.091510441521,248.31904029062,104.849894088141,380.299887409327
439.901092618867,92.4321046812079,460.528498554597,436.644611195823,468.270315714074,471.656108614327,198.977670585343,394.511836956719,210.551183867681,458.741258140834
439.901092618867,92.4321046812079,460.528498554597,436.644611195823,468.270315714074,471.656108614327,198.977670585343,394.511836956719,210.551183867681,458.741258140834
500,140.721948924475,227.794631171391,444.664591631085,64.5125294942372,384.348699502748,-30.7892013391804,194.088264302272,412.53948279833,342.857633239303
469.950546309433,258.248311554848,480.264249277299,426.405275715519,484.135157857037,485.828054307163,249.780865221867,418.50482333173,355.27559193384,434.359145193307
90.3481131197604,-148.731163069302,399.159350893389,56.8524645274356,-127.002990410635,3.57927925960298,63.1436574225043,173.801248772854,-80.2843206133939,-4.11878043787732
-47.7915551882178,-500,-276.006367841387,-366.745141148251,-165.963637983365,-337.308362066396,-500,-380.130274654852,-297.710244048993,-103.997979785426
500,-2.10053654629974,97.9587309458062,384.555428055648,-67.2357174705203,436.097424278478,475.407496596133,457.781757478154,475.451829614704,500
348.861334068009,-105.035626833101,500,226.437922184903,500,407.352882081398,64.2400384269014,359.762867476875,426.824994725351,500
469.950546309433,258.248311554848,480.264249277299,426.405275715519,484.135157857037,485.828054307163,249.780865221867,418.50482333173,355.27559193384,434.359145193307
452.208444811782,-217.517813416551,223.993632158613,133.254858851749,334.036362016635,162.691637933604,-145.59209851768,119.869725345148,202.289755951007,396.002020214574
357.613850217188,-317.517813416551,-186.720653555673,46.2983371126189,175.499776650782,65.4694157113815,-500,6.96649953869624,-200.488021826771,62.6686868812408
-98.9218369833401,-19.8088698796331,161.178463283186,-53.6886195633991,-90.152384137187,224.890527726754,-354.501018534057,-100.475818279421,250.856774201234,368.856401734932
154.416889623564,-185.035626833101,170.016853393613,165.462312428805,210.569877164488,195.814420542937,-58.5669791169582,145.477153191161,-59.2861163857599,202.907467126346
62.2452146697472,-310.23993060731,157.572355529812,-111.085926739918,154.448244181916,55.6476461366077,-127.532970731503,202.310602900406,-113.360693961876,91.4056337102264
-110.292969176016,-500,-131.529473085925,-249.834415964357,-173.567560571895,-122.071164462426,-301.097703506994,-103.241588333191,-352.442666866529,-100.28044866497
419.441616468848,-231.251679173705,153.808076792097,210.848479466933,357.237530427354,416.135687507002,113.880729612127,390.599193951981,-98.9038150484478,317.528367569857
-268.166100453876,-500,-268.351299375882,-200.546240568638,-337.114991280017,-88.5265886619065,-500,-341.524151633192,-420.851495878845,-172.213831810854
-112.944221487547,-431.50368580116,-152.668331791572,-89.1429507290893,-19.7150614177559,-65.9991171326699,-500,-266.141516123635,-333.51092258731,-23.546266436827
206.767830290695,-146.262984920667,287.655006220921,22.9162405326622,28.3343586605822,377.143671513938,-343.557062916641,11.312106914381,-240.878978192497,13.2301810655957
469.950546309433,258.248311554848,480.264249277299,426.405275715519,484.135157857037,485.828054307163,249.780865221867,418.50482333173,355.27559193384,434.359145193307
87.009482216157,4.34661254913817,382.21844490555,218.795645762139,500,388.996238724755,405.069384519405,500,217.270660171017,500
469.950546309433,258.248311554848,480.264249277299,426.405275715519,484.135157857037,485.828054307163,249.780865221867,418.50482333173,355.27559193384,434.359145193307
-18.1661004538759,-303.440752920167,-6.98766301224578,-78.9246189470163,43.3197913286787,174.631306074936,-99.9128134697875,18.4758483668084,-391.439731172963,155.372375085697
427.316963867038,210.419332093084,480.264249277299,468.322305597912,443.524408074748,485.828054307163,214.507021774096,447.255918478359,318.740107664071,479.370629070417
263.593094946341,-56.0972644413164,-37.474741642057,-54.0895515556037,71.6253545611379,-56.8441759002398,-151.084408600507,-262.621971568185,189.881652365868,406.045937847277
-205.464479259187,-500,-50.7499322951355,-162.402016775977,-208.935165070259,-182.182952856431,-286.653008343141,-255.667931856729,-494.753280515033,-23.546266436827
143.964341878449,-137.990688061451,-5.79178565427645,-60.7908922906719,-67.6233143697451,90.6312684674946,-72.9341982575598,97.0766292730263,101.01205370434,392.609771007169
230.221982684934,225.635399954877,327.274838645074,365.627502259868,64.4866217293562,304.106687095649,-83.0558144096299,436.336684627912,400.565168702423,335.683852466666
200.178460799999,-142.082112926165,23.4226942553789,222.696162730111,-251.451568515785,53.966634910571,-486.149343665442,81.7530284318146,-121.806659322443,327.098569426225
500,-500,27.9704109236126,-148.952594725307,207.502846868782,-120.431144675729,-482.617217918402,-155.737702500865,213.865628287773,339.096573302802
300.178460799999,-37.9154462594982,420.858591691276,258.410448444396,171.625354561138,253.966634910571,-14.720772236871,221.753028431815,332.738795223011,445.519622057804
369.694667401342,72.0282552307808,274.646483023243,406.251786113016,500,422.187345191723,-236.796644188729,72.2398145615681,142.264271211139,500
315.957869217321,-134.238409446114,69.7942715283095,51.1316407288086,-82.4073743864475,344.611887955255,-99.6470402519143,-45.6513416474784,-135.83987616895,249.498240838718
473.40448524354,-107.490343008233,470.107973863043,408.147946414297,456.098840156676,433.472922484939,-78.5471467163237,172.601606092146,151.057571765472,315.488378875813
