420.800160556899,65.7514253216959,420.935243969399,421.07331250201,421.099983835358,420.82642429986,203.888951746706,420.610172245563,203.684500731742,420.974593808125
420.814815971381,65.8813454457253,421.262348752478,421.10147493089,421.050591020438,420.892727993835,203.561491689806,420.668411281168,203.599697860413,420.558697489017
420.889543440162,65.8034966628268,421.179001256146,421.053081170216,421.290575646027,421.025434839,204.142388390811,420.649199478048,203.78319583142,421.428588965793
420.889543440162,65.8034966628268,421.179001256146,421.053081170216,421.290575646027,421.025434839,204.142388390811,420.649199478048,203.78319583142,421.428588965793
421.10641382141,66.0490698648849,421.096849254759,421.007933797763,420.994085390919,420.553287579504,203.364128396054,421.112320705731,203.91406429246,420.822080527263
420.586155882616,65.3516622311172,420.696004649019,420.546059195234,420.669638299821,420.688410977507,204.131950334114,420.763930258763,203.795160370079,420.932951376388
420.675556232789,65.7567851864577,420.543107523192,420.987147851331,420.568471350088,421.136089208646,203.375798957713,420.797569856656,203.977500736769,421.160607702184
420.60621823815,65.7931665275114,420.886367402085,421.05695496074,420.983772981513,420.677117879037,203.686994098581,420.396613910787,203.42165397186,420.816243367512
421.035817213419,65.9493963947966,421.024489295912,421.234122851476,421.48427011961,421.073340892252,204.169923059398,420.869391393615,203.932541744054,421.382801649116
420.813947745972,65.8077843315256,420.802118575228,420.593059123255,420.910699737849,420.579007898736,203.93609813468,420.338297811077,203.729258498856,420.494290604069
420.889543440162,65.7012854945532,421.151177104782,420.713974325475,420.616375055299,420.438036087996,203.768201527648,420.296046787667,203.393657712332,421.113248583675
420.46738179218,65.5217457939736,420.064937641333,420.810155077259,420.784230600721,421.012479577382,203.949986052654,420.742725271266,203.832673443933,420.994846069675
420.65105071419,65.4362178648302,420.982595481816,420.34878233883,420.739342458639,420.566336341505,203.938344614146,420.529953115062,203.3503756991,421.304926070845
421.309246415728,65.6852698963157,420.797899456644,420.659711321346,421.097825829777,420.382678691285,203.368604155948,420.598570210127,203.360079760417,420.569848546425
420.134316474584,65.525255149193,420.381375583729,420.861790129593,420.873213375577,420.873666740655,203.527328202778,420.475298532027,203.594709644764,421.186249582951
421.027435357433,65.7630831893363,420.17768014014,420.53167855716,420.650335083006,420.741414826896,203.752347735699,420.564412823473,203.341130433595,420.56362745113
420.940108054511,66.3774737061425,421.275905521173,421.613437988007,421.303750722192,421.380043808218,203.853939006761,421.049876594971,203.719769879324,421.366806362575
421.084793703796,66.7412556408781,421.20164151314,421.039155340409,421.172807120434,421.140920984959,203.767462680418,421.298695266062,203.962494720094,421.114234116578
420.308421985083,65.2743694940481,420.291015756025,420.835199449765,420.590996397002,420.685957223352,203.621963490895,420.294430384718,203.585344548134,420.619069768733
421.23208710948,66.497655018386,421.499877612535,421.071792589277,421.904636540903,421.009035839135,204.344131233053,420.229443256619,203.755688620696,421.372746217797
420.682601171041,65.8762386771213,420.409074777335,420.249655813333,420.401709495535,420.310897913566,202.955975892304,420.131978010029,203.234871079282,420.545103747782
420.432106534258,65.3418531535087,420.207912768095,420.434655094052,420.690748553402,420.244739837079,203.670685466354,419.768357363257,203.41538885066,420.372001043865
420.44949662886,65.4744816083408,420.242476931279,420.255568738004,420.406942209495,420.437368577287,203.341365800459,420.215531224454,203.276629446458,419.984301156999
421.47190939893,66.4527268613058,421.287878370176,421.516817026272,421.958355278749,421.33603001701,204.281509147628,421.26751395279,204.107810930659,422.147379542681
420.541938710692,65.6286055840301,420.061015074562,420.45713925677,420.6022171627,420.555715646434,203.246410363266,419.8103144169,203.064204530069,420.15382436492
420.298129581199,65.3300343808154,420.311638491509,420.350103663289,420.562530416316,420.217786534739,203.400085363049,419.80480669823,203.00987750466,420.347539477881
420.385732948652,65.2194268875098,420.327159131081,420.394341692929,420.708894739073,420.534111011258,203.027792031125,419.72824722298,203.093785023213,420.277582752451
420.445569833305,65.445902538142,420.412771904507,420.29372757416,420.869618097881,420.669424252625,202.90854566814,419.658727642447,202.897691004081,420.595035907968
421.68419334561,66.6106344556789,421.440125185616,421.724683929991,421.942835364754,421.635947405248,204.577994749943,421.139690537595,204.325997440734,421.608629993348
419.940611689887,64.9642393745468,420.09126017927,420.358237351247,420.459204690667,419.919396390198,203.505448068034,420.489327761266,202.910332311502,420.62345015161
419.974948945187,65.2879984346653,419.994188727281,420.44084486393,420.882604847234,420.260951979386,203.366094886815,419.718728040358,203.333439068801,420.165321654085
420.633864752641,64.688932985057,420.156582706689,420.620183654013,420.058191801018,420.30207027236,203.522268665888,420.151025431789,202.854687511483,420.052022087352
420.05481889926,64.9687721219253,420.344276715244,420.218356629314,420.455851105126,420.190710298099,203.30766384991,419.814474937147,202.948471290518,420.593864424892
420.05481889926,64.9687721219253,420.344276715244,420.218356629314,420.455851105126,420.190710298099,203.30766384991,419.814474937147,202.948471290518,420.593864424892
419.90329230897,65.2113888171861,420.341981831932,420.389175328019,420.649883165152,420.309839081041,203.071933910548,419.64138694521,202.968517792513,420.503221664674
419.981883972,65.3465367295502,419.960561739118,420.0221187205,420.068385585397,420.18176166874,203.628237249087,419.817909112408,203.111564903951,420.295314574311
420.123755310979,64.9358357176815,420.295703463506,420.314596537073,420.140988364792,419.901307637666,203.059967969154,419.977124485768,202.735955141441,420.006706592999
421.724267981063,66.6382212037283,422.013725797047,421.887805711117,422.125300186929,421.860159379902,204.977112931713,421.48392401895,204.617920372321,422.263313506695
419.934227444716,65.1761471266878,420.03808609249,420.028699317212,420.050246530945,419.767664482185,202.741943958739,419.818956307191,202.787697218084,419.862147305226
419.797886163783,64.9207196366686,419.858827990919,419.97258475562,420.181436232877,419.967670383934,202.847212064092,419.344541177196,202.851153778502,420.078371181075
