92.9080582237393,-16.8977523938394,235.475126449306,25.633806772126,429.266312751239,408.494362268542,172.973065525109,458.41668159282,178.745599858158,-74.7839827828072
-95.8244458756851,-2.52775889537571,211.529420061813,434.442267488661,-420.842500346506,387.735257415428,400.119570624141,-317.609797351636,-466.3214315869,394.195561410969
-500,-272.671600739038,146.575995744309,-10.9364751636013,201.02037914514,399.333872252122,250.024009138717,397.454788557694,-177.675917660114,214.738859681275
-500,-275.26739725533,-173.20601938837,-270.2606568268,-480.294612011267,-322.551388482397,-345.487011725099,-81.1926326338225,-270.67805853595,-500
-500,-500,-500,-491.49828135796,-104.76484150754,-184.212083170697,185.221616571758,214.248655161136,-272.476538569483,-51.9555878925439
-366.49692496623,160.306619656503,-340.651645259247,-333.637318740549,362.894551394975,-493.174750548274,373.353387531037,-323.963781246124,-265.655130117548,-318.042238705297
-228.616863544344,-356.810988033827,-258.655225150695,-318.826392796449,-255.19285950652,-326.520724069322,-485.909969115811,-309.762398342724,-328.052593857607,-360.160741168095
154.57697697421,153.009327689304,240.795479072768,262.816903386063,419.778479202124,434.152361514259,336.486532762554,414.903194578295,339.372799929079,-97.0156620017738
154.57697697421,153.009327689304,240.795479072768,262.816903386063,419.778479202124,434.152361514259,336.486532762554,414.903194578295,339.372799929079,-97.0156620017738
-52.4005946234549,471.375648695349,39.241125369829,-289.970202825734,378.987550912186,264.259797044576,-296.159107557464,-264.689470314084,475.659350784583,-482.236998885537
-177.717538935384,224.73260274467,326.79398061163,229.7393431732,19.7053879887334,177.448611517603,154.512988274901,418.807367366177,229.32194146405,-276.507212990368
-382.019508711754,221.157035263437,-85.4214615884527,42.5475750001933,74.5410003573444,50.6416914718101,295.900719003845,-274.830574619591,411.023159267705,413.079345582243
-306.421062705717,-500,-252.158048254143,70.1839915635204,141.501103538955,-278.844390784827,108.629019786649,-144.805065083366,49.2369499419294,-500
-361.252395348046,-130.426020049842,24.0867695738594,-500,500,432.999883608336,179.864016443969,-56.6808533212743,-500,-247.646363410482
-91.420272224741,-252.802315563003,-122.180568841433,-21.80131166099,197.866737439829,92.1037063029871,280.966297422822,411.617076213767,-143.444280504967,48.0444121074562
-291.441186925673,-471.238367246633,-270.41042641966,-158.612839962612,-116.767931199165,34.5219554388275,-172.795448572191,-35.7229273774569,-95.4867470779781,-500
254.058316394832,-129.045764057054,15.0233054758908,62.1740826485554,392.145908639328,448.633767906199,-119.063095646758,93.1273127479343,489.918753358373,368.801288279714
-345.42302302579,-307.774986036186,46.3510346283232,191.388331957492,386.44514586879,259.152361514259,330.236532762554,230.692668262505,-77.2938667375875,-197.015662001774
-54.751676216697,60.6445339347674,-198.551285173211,-23.6937670075273,217.098742026352,6.87876008163963,-0.0689368185289254,169.432871330495,-280.816185406476,83.9498354211321
-207.980708644229,-21.8564034933099,-38.9177068249701,-91.4591479150116,-148.384052743668,-343.739825806768,-500,261.961875708268,-110.940334788746,-500
-35.5890446342316,-169.581658666746,-62.371675636336,-91.9455287952362,95.412546843645,67.5055570681814,36.4851345882603,152.105452316436,-294.113883921664,221.941060558089
-46.2490054966607,-306.744408149959,-474.351171599779,-364.879752571004,-351.888885186385,-284.819414009558,178.325795977473,232.225076155841,-96.9144750156854,-334.171669869067
6.20457025971365,185.184861766505,415.560290006468,497.197794071255,216.533338253862,250.431052116911,472.446004891877,475.157112054812,-94.8174553380829,-80.4906120267421
202.676323787624,-460.539690120893,421.236615399116,440.316398278709,-309.020953350529,-30.0525220011789,-57.4603006853476,326.710731999542,-8.97105114392991,-169.268638090079
195.919699325757,-257.581288083911,-229.888078722856,-3.03958558219071,97.2173867904783,417.963657162938,500,500,-281.972419033106,122.001925876142
-39.5849214519401,-51.9370149432013,500,-332.978049905569,65.2047456304116,-292.099089179781,-130.805536930854,-213.655929664369,-500,271.799143883308
-227.627212942376,-186.400046023868,-120.845922869217,199.482014003508,364.63315637562,-5.75281886572878,-302.77487244492,252.051104080592,197.120786162494,-443.217487469212
-56.0345990629304,94.4805265570803,79.2278587598282,-86.4622010022343,-17.4042518960269,427.861512798313,-13.0414947177223,-12.4080817889726,179.326462826426,47.0954183309538
-152.575303238823,-303.040335840033,-109.940434097697,-195.625814581678,-263.198867558483,-244.686411337532,-437.306028110975,165.187682159881,-85.0144088628201,-500
-244.739371431617,71.8469127618253,-190.386618382878,-181.71392621046,-317.26227833118,-93.7847655124638,177.941717221314,-201.31480467525,-500,-153.113836235939
138.914074157091,259.070922378189,-96.5631673903863,500,500,483.553541594093,226.685522918385,50.7545065014734,173.273750244607,406.505851001226
-263.410310017545,-240.393796914242,-172.158048254143,57.1405133026508,104.243279395885,7.14045770002167,71.2726979475681,-98.8280535891133,-277.686126981147,-327.451004744954
-12.6351764123458,-94.6128761855213,74.0574960728098,500,431.496587857096,370.019790936663,-13.4457522159162,79.0553977456958,500,-211.316734750598
33.7715441760727,466.240852155765,-344.121095288086,-175.807403354785,-11.650033433221,-315.339252691951,220.064773340313,-77.0771785903329,-407.863883921664,252.979707901084
107.664074157091,449.740293574944,-16.6989139967212,500,500,439.784544633607,500,466.842469464436,235.773750244607,210.077279572654
214.657732016974,-76.6898793084827,-70.3177556585463,319.320052171381,-357.059206872415,424.039395985907,105.003102373842,-73.803396261941,430.111828654701,162.302625216749
-174.947916640565,-176.419557180619,-252.606491722444,-93.570602834867,78.6066989736777,-12.1842822521101,-110.447099640415,397.972083234877,-245.278356853411,-500
-500,-389.749328320519,-327.384387994859,-500,-78.9438510485339,-103.976048068682,-115.27487244492,-47.4233345242818,-347.799848758141,-407.391991391404
107.664074157091,53.1885694370128,-119.640090467309,192.599324224924,437.845985151693,312.124970165522,179.810522918385,3.87950650147337,6.60708357794005,-75.6370061416313
-107.50214356977,-113.913426674114,-268.444479811227,153.839713980036,41.9843844986524,201.184547941968,500,226.874429154944,-409.542765353452,-74.8127307496867
