420.800160556899,65.7514253216959,420.935243969399,421.07331250201,421.099983835358,420.82642429986,203.888951746706,420.610172245563,203.684500731742,420.974593808125
420.8117679188,65.9685143306778,420.799501066439,421.259152582326,420.848793034903,420.959826360684,203.920109871251,420.953297629533,203.598656635915,421.299847898815
420.972761519488,65.7131696490622,420.786675799104,420.870411707773,420.847542021918,420.857814483888,203.605828488212,420.322337519023,203.696516746912,420.721613144884
420.627705792333,65.5966135042315,421.21716746651,420.97383184246,421.223227030027,420.679321451848,203.891488355027,420.461562092343,203.573562113213,420.872850653636
420.523954919267,65.3918822742181,420.764998260831,420.974438945801,421.134278621308,420.716534685028,203.963475793702,420.533729201985,203.727837536206,420.663052296517
420.769859140972,65.8392881513844,420.784880982699,420.996829163388,421.110018588602,420.487176336234,203.513883275404,420.561012710152,203.71901875526,420.759785200554
420.769859140972,65.8392881513844,420.784880982699,420.996829163388,421.110018588602,420.487176336234,203.513883275404,420.561012710152,203.71901875526,420.759785200554
420.906039979597,65.8724264915233,421.065691533417,420.791915849417,420.829726714737,420.653039842794,203.810182286363,420.381832975027,203.559803067279,420.718482087184
421.107022520776,65.7004765987041,421.091686422234,421.308963459653,421.127573943109,421.355487386338,204.009036468049,420.389593250918,203.515988717233,420.962138088125
420.676273408972,66.2223160604993,421.047543175539,420.891003147581,421.317589300397,420.847298002101,204.192897382451,420.844185575492,203.907728299339,420.831299738003
420.550787590728,65.3489499998809,420.699752501806,420.880524595689,421.046468703952,420.970982431639,203.84392258905,420.60125591031,203.180466593578,420.702652847481
420.839769222204,65.7689845108245,420.77279492386,420.930612249082,421.156131768161,420.44148438148,203.692743391308,420.301019328127,203.519258236718,420.829539300948
421.149788286302,66.0899613963097,421.029085817435,421.164316067017,421.579292060075,421.101290405689,203.947351263447,420.707045739008,203.868274698033,421.35761770635
421.149788286302,66.0899613963097,421.029085817435,421.164316067017,421.579292060075,421.101290405689,203.947351263447,420.707045739008,203.868274698033,421.35761770635
420.739381110814,65.5474393644495,420.708092805551,420.739897741844,420.942064849111,420.575426794661,203.72038983807,420.268307668834,203.410739459908,420.807226529509
420.718044576167,65.560322205388,420.764998260831,421.062986761622,420.764099557947,420.504093948222,203.678494317498,420.279270741785,203.304596865032,421.046805259551
420.967366291777,65.9771914305652,420.756707292668,420.853890332325,421.362537518387,420.988649935157,204.393790511471,420.343439148925,203.724789046685,421.166550999505
420.542180347241,65.1986252181164,420.59905790362,420.878523783169,420.525959165209,420.577112869998,203.791387539377,420.51959744647,203.363308812756,420.836926345637
420.645184893163,65.411220400357,420.697246151761,420.836708441943,420.773382679826,420.730613369002,203.547198840436,420.215604560182,203.420629530965,420.500300460512
420.688080558352,65.134600501614,421.289028645536,420.729548085366,420.892572490859,420.912343194021,203.710906973555,420.858877103619,202.995754213756,420.407655393214
420.454539964836,65.7700440573385,420.579760301299,420.880524595689,420.83756144959,420.793886799998,203.893451773835,420.144118812375,203.479903651909,420.622454935345
420.537177819441,65.8902652807033,421.013551815007,421.179662574208,420.916076591561,420.663140471033,203.752380500793,420.061587088122,203.833080519839,420.541739542551
420.339256697379,65.4452651679664,420.606066283718,421.022118538935,420.729664296239,420.463308287601,203.48613182106,420.677141938981,203.094228720779,420.917873233156
421.501687139322,66.1677151036076,421.140867062387,421.283634848269,421.058958512404,421.085087211161,204.363404245788,420.838866444643,204.40817882221,421.230195471648
421.476095053819,66.0408604150409,421.052260661844,421.156786508096,421.650387310788,420.876092233171,204.09725712081,420.989540411407,204.423928818459,421.291072095477
421.431016165765,66.1066678305288,421.280748751294,421.422574217232,421.57833814783,420.808572112175,204.113056829123,420.867978471663,204.376419206049,421.276314126174
421.489290445108,66.2916820457564,421.162333199555,421.448924104467,421.493203178942,421.002114628188,204.114410814976,420.53660136965,203.912966963362,421.447884119089
421.486899386598,66.4029044349227,421.221596082483,421.459701978755,421.236494364271,421.48306642417,204.284632517493,420.914236842259,203.869784091486,421.096924206063
421.392289374633,66.5108738191016,421.138883096544,421.65253944432,421.085454181882,421.357407925306,203.98619358269,420.615797907457,203.805077832277,421.089768827007
421.086198159451,66.5488538871618,421.116489068285,421.352570053442,421.454912309961,421.50349691437,204.44374717504,420.83573925643,203.801142373796,420.835012658885
421.636397089024,66.2929663843022,421.75033593329,421.612790814841,421.574041797605,421.519135978404,204.486639505486,421.451163604996,204.186283586104,421.626003719
420.773274486145,65.1622054617344,420.173505977723,420.367357449778,420.327186956108,420.589777852215,203.077821142023,420.012420163651,203.38052258065,420.19268752505
420.167080388839,65.0537906138124,420.351775120336,420.354604235057,420.488617464283,420.203568027861,203.279520250812,419.99653911934,202.928939464581,420.470214830952
420.167080388839,65.0537906138124,420.351775120336,420.354604235057,420.488617464283,420.203568027861,203.279520250812,419.99653911934,202.928939464581,420.470214830952
420.433041499248,65.5916334312693,420.20816340241,420.17619683174,420.11292310548,420.444591343393,202.950371092943,419.850082501313,203.674180360939,420.045429824073
421.637162346779,66.7296390111288,421.64541468812,421.872925119251,421.897651389064,421.678803701247,204.628985134573,421.2356326182,204.273397391505,421.490470054155
420.139950514803,64.933565557229,420.027399810968,420.169267043074,420.245679902011,420.232771728612,203.331949757267,419.556839132826,203.067724913668,420.068792527717
419.713269915709,64.9114286032738,419.797424182887,420.440119185583,420.200764343261,420.026160158364,203.008884392879,420.260680745759,203.045474436872,420.341560512084
419.94341285998,65.0128418703927,419.958434701708,420.170382882396,420.28357230761,419.660730055242,202.687436994412,419.73456642916,202.892572474268,419.933338919562
419.694394337037,64.4540433809583,419.700259725982,419.958985631143,419.861211582486,419.491073434212,202.672702456252,419.329003589656,202.343820421466,419.622492680617
