420.800160556899,65.7514253216959,420.935243969399,421.07331250201,421.099983835358,420.82642429986,203.888951746706,420.610172245563,203.684500731742,420.974593808125
420.888762844338,66.0250806466924,421.106948029832,421.273421593435,421.293585484057,421.16078392546,204.031972607022,420.772589274518,203.694273824195,420.91420352459
420.59564766986,65.6679951899192,421.269419985344,421.009955034835,421.220181050649,420.794460271641,204.01630216372,420.625277086789,203.511786074838,421.165532388142
420.762956164199,65.603814765489,420.598998606993,420.910101282139,421.358152601759,420.859013634065,204.112661259064,420.668361562582,203.484531282716,421.060562074697
420.895211615603,66.1152713939669,421.013718189903,421.03577348228,421.322598351802,420.895905587595,204.133119524203,420.617653042151,203.858625273832,421.0099035134
421.126933304708,65.7833697501488,421.014937384908,421.378175633116,421.314662711017,421.064964009287,203.961322612437,420.577879855712,203.465060861217,421.154233858702
420.890749560916,66.1447314538529,421.194571819033,421.249882114238,421.346622459878,421.026847442675,203.956600640787,420.835423076995,204.033471713046,421.13700927269
420.538790750383,65.5024361141683,420.892713912325,420.944038779093,420.794589844706,420.701363290225,203.611907875328,420.395242609017,203.443228109538,421.134377949172
421.049304326884,65.6984331288038,420.939293120083,420.899455540722,421.368385011906,420.562532240486,204.486555144005,421.063024926938,203.895098404181,421.058085846169
420.843013608925,66.0062765281639,421.096155164765,421.433005046952,421.346622459878,420.99990241054,204.275873566443,420.888463023652,203.984818528894,421.279557184627
420.359907155516,65.5105545635284,420.626120694665,420.790909248878,420.831476844721,420.745066495027,203.428742511627,420.346230683402,203.411584883991,420.739386586206
420.549259103852,65.4642278759791,420.608631045879,420.983893999244,421.111600031326,420.446115703931,203.462344826106,420.155362136479,203.476515881973,420.96884163898
420.734341616331,65.310160599027,420.679390444351,420.594097487216,420.713833918698,420.517945055275,203.671475735932,420.140675327088,203.617687682284,420.493713504133
421.117879098789,66.2302933607648,420.975886718209,421.514259598866,421.607661792268,420.930091908898,204.082516905885,420.469431376887,203.988814233808,421.18364487123
420.765345362714,65.4987330177785,420.718945463746,421.110644473605,420.954597244568,420.573965645948,203.568523921766,420.30510298719,202.896775718464,421.02271643995
421.260163535258,65.4752545447711,421.155747872538,421.321902933167,420.902034183568,420.239990348666,203.704987666425,420.544643842023,203.714923679861,420.160287205357
420.6409280941,65.9662490836904,421.207500852156,421.337792388261,421.574916955184,420.603644657036,204.318408635676,420.895403401964,203.825892049609,421.610721135494
421.078957145093,66.1772439562249,421.439946556376,420.538861774239,421.543332265145,420.717798338148,204.258596883723,420.498645442842,203.833827376693,421.241763851643
421.273652051327,66.2317544891734,421.493700564321,420.703591873502,421.546917211915,420.933412407016,204.092920827789,420.492798764929,204.21869074028,421.091087105222
420.404549605427,65.3043100006156,420.667938375489,420.710023210928,420.667028089119,420.379153669058,203.692061089859,420.255310794302,203.418509707696,420.621673374704
420.567879373377,65.8678691178659,420.449352255031,420.297671367457,420.704304116486,420.859535338459,204.036845335313,420.394471967907,203.700238705013,420.405897590245
421.327711419594,66.0958095154768,421.230151410579,421.651962303552,421.653042615644,421.04746850568,203.8380020023,420.508090834769,203.971757489399,421.368182242166
420.444526229888,65.2885831016842,420.288617424267,420.821928845537,421.010317197515,420.637052337898,203.80465854992,420.056549994649,203.272709572844,420.65233773081
421.089480984611,66.3757793803462,421.546400971119,421.26134225723,421.840128479107,421.471579431647,204.345987322698,421.078438658687,204.006372193049,421.497204262367
421.052428965451,66.2069318923734,421.561576144035,421.969002608164,421.340347232946,421.656089291985,204.031972607022,421.015057602093,204.263547288936,421.323368827373
421.288010306274,66.831310673836,421.487488540493,421.185800759966,421.595375220323,421.116225366016,204.291506093022,420.989621499226,204.222327765194,421.250588985625
421.590792630333,66.3607705756363,421.368328118981,421.335828037653,421.748130266695,421.000819767795,204.822240034152,421.05604443799,203.984522290072,421.337235755626
420.948640693525,66.5628407589206,421.597946393171,422.052784074925,421.316966358502,421.277688297683,204.151728305397,421.015057602093,203.907751373473,421.459757261633
420.85821363956,66.3375906187532,421.943050629346,421.474275220923,421.658520350065,421.69538653976,204.135632746973,421.633084958015,203.738661180657,421.282568409433
421.195636821425,66.531666259661,421.652501766875,422.009919138443,421.545379516538,421.412577957941,204.304749475543,421.054772241954,203.932953584151,421.599831869793
421.095332212307,66.4720636960788,421.288095316812,421.40062722579,421.91098839475,421.64514167799,204.410133265558,421.040005728386,204.378031968021,421.815054631586
421.291977969816,66.66082513101,421.520303802872,421.622836742793,421.920609178945,421.2201497898,204.244710061325,420.806498566513,204.386580503228,421.594425374518
421.267378942342,66.5524913516928,421.567777770611,421.646974861708,422.080108128833,421.429900481549,204.093305301857,421.327834652764,203.704369231471,421.614324060338
421.314294759231,66.6508628744771,421.564250427059,421.818975330478,421.47321903162,421.706337662503,204.5434292355,421.339125847601,204.352496267801,421.365696272488
421.487541336214,66.5365372751703,421.592831826886,421.955363764738,421.827279357251,421.848181634134,204.250194101839,421.105036083029,204.418181667579,421.169931838829
420.447950480848,64.9392015500526,420.479800797246,420.608773229786,420.543222087296,420.001750446297,203.313889402986,419.762564832653,203.164210400257,420.073571339049
421.315717942893,66.6698259722888,421.54533942567,421.802929632329,421.986019073381,421.733615349355,204.635978530177,421.200353000154,204.167087062966,421.36056567308
421.676544245125,66.7303893094242,422.135599007126,421.795762244538,422.212096936182,421.827375347109,204.643562088357,421.678547769435,204.327859216663,421.81337745088
421.713542221168,66.9336019995315,421.832048795468,421.854104087844,422.140928957366,421.714236193159,204.951450129767,421.435983647716,204.676955879396,421.828234118965
421.713542221168,66.9336019995315,421.832048795468,421.854104087844,422.140928957366,421.714236193159,204.951450129767,421.435983647716,204.676955879396,421.828234118965
