421.07030724559,65.6248847806313,420.953774051996,420.845738446077,420.897846250875,420.755186761812,204.11419354027,420.865587118718,203.91473180989,421.14861503781
421.00613368549,65.4358331596075,421.234576860065,420.520043125466,420.825540071616,420.534933461634,204.042666513468,420.642844124276,203.662412276612,421.009991013946
421.002049458114,65.9200001058036,420.662910648835,420.625618753721,421.045000758851,420.55552085043,203.897552827845,420.586584223081,203.660055011461,420.985042059495
421.002049458114,65.9200001058036,420.662910648835,420.625618753721,421.045000758851,420.55552085043,203.897552827845,420.586584223081,203.660055011461,420.985042059495
420.958707689256,65.7192445146753,420.977043202246,421.283851618856,420.884107516907,420.641883701218,204.280322748572,420.872322748446,203.93021356141,421.46139822721
420.678653910444,65.7691265691937,420.723417575028,420.90403340686,420.854674591914,420.996476476153,203.974633251866,420.537716310577,203.237782430363,420.895308875982
421.05717902416,66.0757659541582,421.224158654067,420.897288116922,421.118241468952,420.525899143544,204.051493494585,420.74542978044,204.067212959759,421.049185046992
420.868188193354,65.373350494518,420.68433344699,420.439640762901,420.625931095601,420.796072837531,203.511241286002,420.713844217283,203.550257026115,421.157951311465
421.19244837835,66.0824379255092,421.253599384406,420.915741950747,420.837097433415,420.652099719075,204.115776390703,420.67558374641,203.970178034694,421.32814953798
420.793475549676,65.5145269651062,420.565666780324,420.705602707932,420.655426045096,420.791825733283,203.89025662095,420.301657837355,203.59799786158,420.978233724816
421.339057788201,65.986596878842,420.82146179665,421.429430393261,420.815853978673,420.819629268177,204.190272706083,421.157833251132,204.084670183046,421.126059257531
420.948491223657,66.297423193365,420.960208380748,421.119599828225,421.353203822874,421.101878643336,204.071723802417,420.995953445155,203.753880214521,421.346255405032
420.894577398144,66.241999720392,421.234194496361,420.991177005811,421.308192207868,420.791283758928,204.204001855789,420.73841223658,203.892386704932,421.203031200839
421.265942030092,66.0030034400508,421.26553325251,421.107822306374,421.188823540565,421.055921210274,204.314031968102,421.047489893953,204.122282867013,421.396486802218
420.735382791447,65.8192249120051,420.309054353515,421.104396342855,421.138537774127,420.274141540086,203.847735978028,420.8342032707,203.725055011461,421.012191380762
420.848391899783,65.7932314427799,420.560469725544,420.526624171974,420.867676540477,420.320199058178,204.317831906081,420.848080324204,203.746754914793,420.751292646516
421.09431431948,66.165967127378,421.413035201376,421.028039031299,420.930830941518,421.164397161855,204.405581296275,420.712362735802,203.85808896873,421.583379588039
420.459339302906,65.5604950181977,420.654324303587,420.3000658947,420.435145254821,420.791882049527,203.522986707254,420.625806124526,203.804835002286,420.533896826441
420.682209374011,65.6542881216459,420.377559575726,420.207578439503,420.764782069619,420.528619481748,203.309302352393,420.873157508168,203.967870884764,420.923896670772
420.845041617236,66.0943588978793,420.880671042898,421.10520020346,421.456994672547,421.497730495188,203.844955685326,420.416066439506,204.219031729673,421.437922071699
421.147504003568,66.3200001058036,420.882910648835,420.892285420388,421.473572187422,421.119157214067,204.466441716734,420.986584223081,203.824157575563,421.401042059495
420.86009377643,65.7030839461552,420.630160696451,420.263360998366,420.635192671511,420.721651375995,203.681913389593,420.135107555934,203.649957192734,420.766508950023
421.344906600971,66.1771429629464,421.273436964625,420.656991302741,421.590455304305,420.9862900812,204.479371009663,420.843727080224,203.660055011461,421.356470630923
421.343147542947,66.488644612165,421.070099404437,421.083897281576,421.333499389376,421.574198331446,203.856901740536,420.774047724979,204.088495599136,421.446775499595
421.412860268925,66.367058929333,420.917456103381,421.242761610864,421.414231528081,420.74752085043,204.377552827845,420.929441365938,204.265460416866,421.651708726161
421.427910731477,66.3329088113011,421.456416718583,421.222288116922,421.559620779297,421.141283758928,204.482262725354,421.412096447107,204.432927245473,421.449185046992
421.302699851167,66.0874206336705,421.223869835945,421.65237900745,421.819248147801,421.745259997614,204.533371299081,421.328947863944,203.822205590822,421.701769098997
420.375721105622,65.2846642705927,420.56482933093,420.387170522175,420.509571301011,419.897814004789,203.609653941723,420.158917079744,203.187042329819,420.669616719447
420.242049458114,65.4400001058036,420.362910648835,420.484442283133,420.390455304305,420.068564328691,203.497552827845,419.932038768535,203.571166122572,420.727414940851
420.443603242747,65.018014503363,420.297017352206,420.506441887514,420.39943811,420.299763948312,203.045174666867,419.97585126915,203.198306546682,420.599652331124
420.653054438956,65.2775894406607,420.455707421296,420.295741950747,420.244616230408,420.051315405349,203.243939656009,419.840968361795,203.381619682291,420.578188148018
421.556084207475,66.2694667368976,421.734663273931,421.08856542357,421.584848257648,421.294004913339,205.01937036762,421.509898506022,204.277656637184,421.496390685732
420.448391899783,65.1814667368976,420.276598757802,420.140417275422,420.140403813204,420.130368549703,203.57937036762,420.229898506022,203.137231105269,420.48462597985
421.697077082243,66.3615857886356,421.29233344699,421.310969434229,421.730981600651,421.556760798219,204.753460084153,421.200434255597,204.554860606678,421.785868931602
421.848188193354,66.4055073572631,421.665666780324,421.643277126537,421.447940664979,421.465851707309,204.416216682394,421.461992365431,204.15149926214,422.028477627255
421.990752882426,66.4233667320131,421.450335730285,421.106545906787,421.202010429483,421.309022338131,205.171235711623,421.554947006156,204.456603862143,421.525735137199
421.93209435118,66.4458324515466,421.515574437773,421.391749037702,421.267683435066,421.760397386703,204.693641978952,421.550468508298,204.460308946948,421.994978930855
420.234133161977,64.9265678423809,420.064479517099,419.923785347312,420.403276791873,419.981572051338,203.527158136406,420.195001564515,202.786897873567,420.551821270306
422.048391899783,66.7814667368976,421.876598757802,421.740417275422,421.740403813204,421.730368549703,205.17937036762,421.829898506022,204.73723110527,422.08462597985
419.993603242747,64.7421524343975,419.843684018872,419.939775220847,419.811202815882,419.825689874238,202.966743294318,419.709184602483,202.848306546682,419.945106876579
