421.07030724559,65.6248847806313,420.953774051996,420.845738446077,420.897846250875,420.755186761812,204.11419354027,420.865587118718,203.91473180989,421.14861503781
420.8174484201,65.3683501824108,420.710635929187,420.825751600383,420.47277214469,420.796320439241,203.895454305889,420.593636164386,203.758358777913,420.921323598701
420.879384318335,65.7839052466967,421.375651248849,420.789627678233,420.803187399003,420.909606008425,204.197342480887,421.243572519961,204.012106769559,421.11650039194
421.248868676391,65.8493203916506,421.010970460636,420.821803703429,421.201499936995,420.725819607719,204.191656538315,420.899695799649,204.071743892534,421.375599546894
421.248868676391,65.8493203916506,421.010970460636,420.821803703429,421.201499936995,420.725819607719,204.191656538315,420.899695799649,204.071743892534,421.375599546894
420.971669294341,65.8235483483553,421.077460265814,421.195312432755,421.51350698175,420.880575935247,203.833662236208,420.792991124613,204.106487104924,421.384760453218
420.913000075147,65.5677640276285,421.054222096133,420.404821630812,420.730223199655,420.741312352547,204.059588262504,420.712676511366,203.968157656097,421.360200483946
420.673564008382,65.4718693510875,420.898195457678,420.646847686944,420.931470881127,420.634563309244,203.681383675501,420.286713077332,203.72416624269,420.979613832224
421.053402308573,65.7462935084835,421.001927276396,420.232164830248,421.079308868508,420.707608274354,203.632440659277,420.663590165705,204.009234501395,421.116157991841
421.503866636407,65.992613790758,420.800859010214,420.990756197963,421.014541432663,420.73274098092,204.036617778625,421.031128258828,204.285203054426,421.183884951578
420.938084590772,65.5036115618093,420.816008237433,420.334400816222,420.476516524317,420.496996354571,203.923516264246,420.989732594499,203.868009672948,420.730579928122
420.949856481831,65.4968954354955,420.833380486851,420.426578582626,420.54415458183,420.413940220057,204.151532709117,420.966717591944,203.928599858071,420.706630301336
421.015268388886,65.6327903692276,421.336270980518,421.031870621079,421.441855385457,420.854193496993,204.332013658865,421.498893975753,204.053283737973,421.214891482201
421.480399273247,65.9502050529267,421.153344414744,421.096013714247,421.284175798096,421.050605516476,204.506941450537,421.233888670995,204.083437506255,421.334735928303
420.806586856759,65.7941709233103,420.816912498329,420.263189329721,420.59446772285,420.182931797963,203.947509061864,420.887701736389,203.662325829701,420.832730021736
420.857133836377,66.1762309969796,421.425946315984,420.724504171249,421.037459726298,420.826040371531,203.733406942154,421.011014380427,204.566296997873,421.34110285044
421.613621569069,65.9406633390972,420.720013273523,421.090896805558,421.07150293926,420.902828678084,204.702788733913,420.886747106211,203.692542281737,420.813937444804
420.98641501163,65.5781446945309,420.720013273523,420.378965026892,420.196589738765,420.569747251826,204.117198613439,420.762065586181,203.485958986668,420.642161546283
420.698057191877,65.3056961828761,420.406185413767,420.294691073503,420.452770174852,420.683287429427,203.619413371339,421.0016160695,203.202796955582,420.837230803741
421.156544539707,66.0221171742886,420.952826792879,420.478050852911,421.489910719934,420.25302032412,204.076828623988,420.696161637276,204.028763295505,421.487093126632
420.26400061598,65.2397974205921,420.86042364652,420.303709396231,420.575184439965,420.646776523468,203.875018310493,420.337582737923,203.520930464684,420.972603584721
421.127511646784,65.5468916125912,421.055285815812,420.364215962316,420.366978270188,420.291561973201,203.92798853616,420.427594174059,203.322302150496,421.179123098397
421.14268712654,65.8446189556462,421.352373557075,420.810875525238,421.033559903396,420.940079993175,204.421345368448,420.994565165348,204.388054296924,421.994449955404
420.267422065974,64.9830892399221,420.854454925941,420.46484271229,420.236824647579,420.621187950075,203.364053235009,420.913544103268,203.535404738069,421.203154787198
420.967555967719,65.5372871741217,420.607615192956,420.559610298169,420.250388695794,420.542961868926,204.355673590973,420.261004772399,203.355129642941,420.64178855167
421.586835434714,66.1433129327629,421.340347840226,421.313106025821,421.295634654584,421.18512095766,204.597735038313,421.303699977141,204.319144125372,421.579130333581
420.774572611139,65.2806552133879,420.527090313187,420.313622360406,420.49766506012,419.991124805661,203.332844076458,420.375635729431,203.591036348743,421.239076452938
421.48916169859,66.2302149175405,421.844064753884,421.295044316963,421.299740024551,421.240977103525,204.473646578477,421.10820770261,204.374221454916,421.460176675296
420.552439977374,65.1737178901454,420.421153120171,420.343510983203,420.282839335485,420.26736624682,203.474665329247,420.246959549207,203.239670118659,420.555102942597
421.271686515314,65.9727414853781,421.594391946072,421.318956320789,421.713176717057,421.018004693756,204.729159174575,421.340765842145,204.751482436828,421.513578914745
421.623545678975,66.4373984456469,421.269368393452,421.373052626771,421.382378489966,421.320735778623,204.681252621546,421.220465647283,204.750038466177,421.582317893147
421.873330347364,66.4205158220872,421.269368393452,421.241700344256,421.518624672724,421.200938387414,204.317363640766,421.276218501753,204.544743498367,421.901623910127
421.283963340177,66.4537591756981,422.058545251479,421.173749287323,421.107116110997,420.835440936874,204.916692122472,421.030688322765,204.542180111247,421.219005271334
421.4890139776,66.5528421636235,421.549405069773,421.64410926752,421.725971579625,421.198517445584,204.853563440032,421.690157347289,204.339564884508,421.471222446928
421.823086649395,66.3533184780871,421.460239353368,421.397585446195,421.870482127656,421.538394734926,204.487819884811,421.55102376453,204.192530207859,422.037079694337
421.816122269825,66.2700011831081,421.770200318336,421.632800074174,421.578472698826,421.139597037826,204.624747615386,421.861589631537,204.465581610364,421.650243236984
422.02406247484,66.6245141901002,421.786164259085,421.596997501879,421.976693735444,421.501013406169,204.966850336765,421.674889598099,204.846937690983,422.150793345343
422.054459800605,66.7194022311373,421.785904746391,421.707868681377,421.71716218957,421.708313143299,205.191899106744,421.736027025259,204.667206679543,421.918001339565
421.637815275511,66.6121780265432,422.084032801307,421.680132071587,421.763305650014,421.717070236938,205.229937575385,421.620530528227,205.080200324372,421.861048542587
421.912976049601,66.6997823641242,421.854667554649,421.815467471515,421.812653524748,421.536634686777,204.98209749317,421.786208178876,204.890909400974,422.17223107653
