421.07030724559,65.6248847806313,420.953774051996,420.845738446077,420.897846250875,420.755186761812,204.11419354027,420.865587118718,203.91473180989,421.14861503781
421.077652422659,65.6344229599225,420.957362549918,420.775789949191,420.737337595671,420.723479030605,203.994410578139,420.608940227968,204.02810634074,421.347787272598
421.204878885763,65.7759982722491,421.102764222037,420.994388144889,421.019780343762,420.85070549371,204.273973990487,421.003342263592,204.071726842376,421.347787272598
421.204878885763,65.7759982722491,421.102764222037,420.994388144889,421.019780343762,420.85070549371,204.273973990487,421.003342263592,204.071726842376,421.347787272598
421.204878885763,65.7759982722491,421.102764222037,420.994388144889,421.019780343762,420.85070549371,204.273973990487,421.003342263592,204.071726842376,421.347787272598
421.204878885763,65.7759982722491,421.102764222037,420.994388144889,421.019780343762,420.85070549371,204.273973990487,421.003342263592,204.071726842376,421.347787272598
421.132683317579,65.4343937462074,420.798113332577,420.671175056737,420.724752654482,420.442410899025,203.968606594259,420.774703225587,203.703941567944,420.859468215773
421.353260981698,65.7232065647646,421.029020154935,421.105324212092,420.958766746237,420.933536499859,204.315943101223,421.033913463272,203.854623420498,421.358310665031
421.353260981698,65.7232065647646,421.029020154935,421.105324212092,420.958766746237,420.933536499859,204.315943101223,421.033913463272,203.854623420498,421.358310665031
421.313621065399,65.510880737036,421.074274283304,420.864468551912,420.980921419799,421.123702415873,204.083007888879,421.01050926672,204.114560181075,421.508730924514
421.306914198711,65.569842540876,420.995647359735,421.11135866884,420.756137726814,420.614771295598,204.125103406566,421.338225408805,203.645608516826,421.358310665031
420.939672921484,65.5473529026513,421.044944850329,420.9270353081,421.281139567915,420.975345259299,204.279570751281,421.360577312565,204.067013462285,421.550977252468
420.933428092014,65.741913415157,420.984994985503,420.860126117004,421.016110349634,421.222598232015,204.463673663072,420.837947861556,204.38403727895,420.802592963091
421.142905554226,65.9361924579831,420.861995165909,420.597392463134,420.497199806132,420.52399111355,204.029507398404,420.691830508931,203.570784393653,421.125651348125
421.51894999883,65.8799777991242,421.196482605372,421.186197298405,421.272302206625,420.882055481089,204.260651201005,421.092832008493,204.123615667382,421.209923201062
420.683560695482,65.4275083950503,421.039150990485,420.536372877713,420.572936180664,420.564445951725,204.061929885313,420.414919871734,203.866207171207,421.149879441103
421.349454412018,65.4452094681779,420.855161951534,421.438908135411,420.872465491747,420.988247615985,204.521611213315,421.264863326639,204.056986121133,420.942805352148
421.285355073304,65.8495537837057,421.251357607386,421.307307372258,421.011012196466,420.889255062123,204.523776615078,421.373011457483,203.990201109929,421.20166353033
420.626320242654,65.2810235864519,420.606724695943,420.466403488417,420.527240482383,420.397603617706,203.801918883658,420.504066138611,203.651678733279,420.931906810034
420.829387310092,65.5596296836304,420.847268064786,420.442786404228,420.24805340062,420.368085552729,204.130886427616,420.825724705465,203.472944031185,421.041444756922
420.529332940614,65.2035026899285,420.523943570681,420.882217984765,420.783280030973,420.077549662146,203.841339237004,420.71278970288,203.960138868529,420.76233066229
421.631802518988,65.5870655019326,420.946544206198,421.252781745214,421.173787230144,420.537830746353,204.622914118796,420.990009547763,204.031095330212,421.329227464159
421.214777345663,65.8485040649512,420.822880425391,420.845105778344,420.7767507567,420.551809438947,204.721185570998,421.202071138021,204.332325651377,421.257313533469
420.315991550252,64.8404210533572,420.917919656278,421.373650640446,420.592513707918,420.513530726643,203.575208353532,420.333895803847,203.950813678364,421.232556407044
421.328468589885,65.9695729993661,421.088913356109,420.975635352693,421.035712487703,421.205911948819,204.367647124723,421.081366390238,204.389342267994,422.000827643896
420.665912316641,65.0401207722039,420.61106540227,420.430379082246,420.271793651279,420.301497743708,204.070441986216,420.584577343831,203.228289580223,420.81035145342
421.770371604039,66.1152559709746,421.125906493255,421.297183367332,421.434282972053,420.724284182926,204.683078604507,421.174440011858,204.507848792193,420.969910681039
421.538848351412,66.0188851563574,421.52079402938,421.383007159462,421.500413648823,421.359611346127,204.295784241304,421.33049602586,204.604637687832,421.444942026242
421.648692129151,66.3124125491214,421.192571137169,421.310260742941,421.401459733075,420.983463542166,204.579317501937,421.20886193476,204.338014788408,421.641386802839
421.912731655064,65.7576046242298,421.394944578171,421.162580359703,421.138894900834,420.848699187026,204.748656901072,420.806858060979,204.127549353529,421.834654304331
421.507464978974,66.0276660493043,421.655499698597,421.541438186669,421.10676842735,421.339683562022,204.682652670982,421.290054782846,204.340578870407,421.901833524351
421.801252931565,65.9668379669056,421.49256444942,421.269197305194,421.602343622188,420.996107165829,204.354327546131,421.668203135298,204.574426525861,421.705611700079
420.308828770827,65.0904240236491,420.244197738996,420.069754710212,420.281107126929,420.175302739854,203.424765533899,420.469511042098,203.377609357633,420.60716033684
420.441520107137,65.0126394936232,420.339405443411,420.231029366263,420.256421565137,420.087346715084,203.510615211861,420.239983484966,203.30836806375,420.584428493972
421.887612126737,65.9869123246535,421.381339591223,421.585149730086,421.485221076324,421.306734124965,204.685310252171,421.500410494654,204.32112045188,421.724722878772
421.391414238372,66.1546531970896,421.907589257786,421.416801383446,421.480843195159,421.282496451356,204.68116034032,421.492227528905,204.540828885665,421.603395711992
421.6159182281,66.4806371448269,421.591313840357,421.708497970055,421.22796910157,421.377786555142,204.759747758703,421.531821418025,204.370432451403,421.850910103965
421.576824992053,66.0610463842972,421.633570535862,421.702331618129,421.253844306983,421.667559955454,204.767560976741,421.463381655634,204.750287609753,421.75372236691
421.968237664389,66.5393570508751,421.866123000663,421.757746923515,421.783139122388,421.614064272336,205.037332769113,421.766701042218,204.835085621002,422.111146051224
422.031650633349,66.5456418398004,422.079344982977,421.790359934688,421.960161498017,421.638730548048,204.997032938372,421.520500076262,204.99190452758,422.028874375489
