421.07030724559,65.6248847806313,420.953774051996,420.845738446077,420.897846250875,420.755186761812,204.11419354027,420.865587118718,203.91473180989,421.14861503781
421.14824457361,65.6282112144864,421.133638062255,420.930171265111,421.270766246685,420.749516143758,204.320928673728,421.051615094949,204.220918710634,421.182460139276
421.245713100262,65.3165661740047,420.749030310316,420.967162538718,421.126544207645,420.567783060748,204.361309707977,421.050767424157,203.763731708936,421.160154486342
420.919174877295,65.5350726597077,421.164686961742,420.49499349247,420.676895467155,420.433081010961,203.837525648889,421.093802162504,203.592581020709,420.85500129603
420.92398698903,65.4162475220964,420.607372476224,420.618974534544,420.761697408135,420.413629463956,204.113053390423,420.683790970658,203.798034772134,420.829360414856
421.372162734197,65.7957380020706,421.248472650625,421.005237427884,420.984801498656,420.692271661288,204.466825945014,421.058267171127,204.011589161041,421.119764702208
421.454511007416,65.6358486376622,421.096675162888,421.272321070411,421.002587987322,420.937855792563,204.20952610022,421.191199309168,204.213389644756,421.428615457151
421.409138281631,65.4383250131652,420.593871180702,420.827662636062,420.310670326787,420.622265638975,203.81395946754,420.867193418152,203.927943579913,421.191922841961
421.358667109068,65.8846552273606,421.218545880822,420.923386601069,421.269816992832,421.14381195207,204.292269714263,421.360969149043,204.083653328321,421.282113084629
420.959987111829,65.7123680166815,421.441181628128,420.526555270136,421.128651244082,421.545369918524,204.08329549597,420.909416553647,204.092265528409,421.290944004428
421.464886694376,65.9490835862471,421.254363819421,420.860653154355,420.991320606415,421.122672717165,204.114603225058,420.900773699506,204.362949013182,421.422741370254
421.408803417155,65.9341933181358,421.423838869621,421.058812260846,421.283453604407,420.970237367597,204.284394024156,420.948598015022,204.292625186777,421.118473745732
421.569806077712,66.2591310000726,421.27372017724,420.924738720927,420.971630568364,420.82505687902,203.857974646849,421.448829933862,203.897811099062,421.158019296803
421.301482113055,66.0747331338422,421.383499775498,421.230594162242,421.189329538786,420.992864270745,204.096940657211,421.246480326307,204.232660307723,421.535654779541
421.206533859264,65.7919617096345,421.210466094494,421.569793147079,420.752731163493,420.529204487912,204.539295885445,421.094845376292,203.781731360853,421.229833689108
420.959929977221,66.2722334586594,421.140999742108,421.27224861227,421.126129753157,420.421203847765,204.037806622299,420.72121930198,204.147729540966,421.414860005595
421.403348772525,65.7862132461188,421.494483169583,421.058812260846,421.080144122747,420.538661089187,204.622802583456,421.07405484151,203.913029383495,421.584845861588
421.66648523741,65.8314037055715,420.955137739228,420.388704758723,420.425088847221,420.594260870479,203.795856037387,420.293263231503,203.933038521318,420.796263478929
421.341105223024,65.6344840558108,421.073311576513,420.50027766067,420.8802181079,420.544286330364,204.601802165865,420.78938559535,203.029455380088,420.959503260375
421.594830088435,65.8503504262618,421.048487642107,420.514249317257,420.433015737257,420.676584113104,204.529457635638,420.978375347785,203.728489347697,421.505464685184
420.576849426117,65.6388667409303,420.64758453329,420.427495966692,420.911873615615,419.948526596395,203.858801593325,420.433596729676,203.722838471515,420.685012192945
420.639886048431,65.481199473887,420.733683897968,420.411430596574,420.217478785367,420.701417784679,203.649187443,420.486646839606,203.05901064844,420.76012742907
420.7884615597,64.9746717400575,420.524203062289,420.460505928004,420.69352192976,420.104387459037,203.922927005781,420.408588196662,203.427317284266,420.524112289809
420.919993143348,65.2595651366785,420.427088576213,420.275930934609,420.605307434927,420.064231253557,203.807724385043,420.275200507452,203.732046724629,420.490973837299
421.451568210864,66.0948772216685,421.476131630715,421.303916345145,421.465262241764,421.030237291406,204.604451902345,421.48857559202,204.221279256417,421.519913276639
420.680276273349,65.0665836749639,420.49866810273,420.235829534551,420.453112281185,420.197040733782,204.019954568,420.439441572499,203.059279482572,420.685583780816
420.923240482626,65.0417873290934,420.146631068855,420.508985921245,420.15675997804,420.455547449968,203.569105256879,420.397836974308,203.165084005618,420.518523455727
420.863434429849,65.2468021552228,420.312687554336,419.982521878016,420.170554142856,420.255425802327,203.850778318792,420.746743176199,203.693110502665,420.299504018761
420.695673247509,65.1281715716033,420.473508554375,420.333619353384,420.085837387805,419.895795587176,203.735501235586,420.746887464058,203.356662511913,420.581263702269
420.70188147312,65.3152829540397,420.176329556617,420.142431963022,420.641730706771,420.01470051368,203.641580197594,420.801322610015,203.060907460214,420.46830671387
420.96264159922,65.1648542417782,420.277017402877,420.373563470622,420.201236518899,419.929720579715,203.587786524136,420.78180874882,203.447651494319,420.276401994446
421.477805723875,65.941514524176,421.596258022837,421.156893638906,421.208549234167,420.700118833227,204.986762845052,421.458304694363,204.543450054894,421.468648816894
420.389417029517,64.8606464566245,420.557873883241,420.245117487273,420.539387255755,420.16186042532,203.411697882977,420.1374216823,203.398536866816,420.586024683022
420.853693763595,64.8558335348922,420.143661806657,420.367846991446,420.577546849489,420.103147467146,203.347233900987,420.404655280095,203.329653113486,420.340565674676
420.705276605752,64.9443349187726,420.416714119608,420.122649817647,420.493899182696,419.773948516726,203.774601385168,420.465270877054,203.373661458311,420.594054828776
421.942037836747,66.1918621498191,421.469773497717,421.399508118648,421.265270760795,421.270618339821,204.449827100593,421.283419606449,204.661460309352,421.891634907996
420.735619516477,65.1012925432378,420.114732709245,420.501315327234,419.958303758526,420.282610421361,203.779886395495,420.06895398927,203.068127697321,420.348028955336
422.042651275082,66.3249033564996,421.653647671467,421.640045293861,421.513583402615,421.515060227832,204.670874928073,421.215238546034,204.398196722253,421.636743171019
422.077157039834,66.3924528675043,421.709809845632,421.601409579675,421.562597567475,421.116198432181,204.894757136288,421.523839810776,204.628505711631,421.894692541275
420.227773292314,64.7740138654437,420.051614678528,419.926020776424,419.911300969694,419.853057156757,203.21086778524,419.852372511318,202.950307373315,420.248518546547
