404.416889623564,64.9643731668988,420.016853393613,415.462312428805,460.569877164488,445.814420542937,191.433020883042,395.477153191161,190.71388361424,452.907467126346
415.129308301197,118.032297098178,383.024907015648,457.731156214403,441.458746513651,472.907210271468,127.542793946937,395.238086287039,285.333412009044,476.453733563173
404.416889623564,64.9643731668988,420.016853393613,415.462312428805,460.569877164488,445.814420542937,191.433020883042,395.477153191161,190.71388361424,452.907467126346
452.208444811782,76.8962016661028,411.196202352512,457.731156214403,347.445027041062,448.277273147483,174.825568485055,447.738576595581,282.704039102655,476.453733563173
404.416889623564,64.9643731668988,420.016853393613,415.462312428805,460.569877164488,445.814420542937,191.433020883042,395.477153191161,190.71388361424,452.907467126346
404.416889623564,64.9643731668988,420.016853393613,415.462312428805,460.569877164488,445.814420542937,191.433020883042,395.477153191161,190.71388361424,452.907467126346
201.151703587309,-136.621547711033,69.1250618503494,-26.7013743703673,218.791649309468,198.533828814331,-154.283489558479,154.29545547964,-154.64305819288,219.832747800836
404.416889623564,64.9643731668988,420.016853393613,415.462312428805,460.569877164488,445.814420542937,191.433020883042,395.477153191161,190.71388361424,452.907467126346
493.146785192718,-256.148630589432,50.0747270809813,391.727606778428,399.304086750045,455.572936619324,437.613178441186,500,472.186650755953,111.456618444307
368.932686628262,37.4966416525897,379.50520823263,394.280013661788,452.869438614902,419.972732471547,183.88837118074,396.442469425603,170.876583360799,447.073676111858
-162.280731829655,-314.292006964938,87.1982103696301,-37.4983929883177,67.7652370433896,35.4636879321478,-38.4143383607142,-0.527354018215519,-290.085495088817,-150.492320922773
15.4830128553531,-500,-295.150249240095,-134.577356115602,-244.25394374452,-171.461705293078,-129.300426418359,-313.882217571015,-497.531058292811,9.64684256402114
500,281.127755244153,424.982967058395,500,500,426.910278073592,404.405400417828,500,392.919092866096,500
31.6668217141937,-325.801754911164,-354.250903909347,96.799371010172,-133.68242393933,106.910278073592,11.5021746113763,0.872054496811359,87.36353731054,-123.971957862429
455.157881868895,-74.6606705594078,449.714751788567,422.740637713787,303.936498377525,51.3157761726547,245.716510441521,47.7291423835039,164.801386251565,238.681105398403
221.900792420661,-72.3408092923633,500,230.41387232572,273.621951609022,198.027642345548,-283.013530851149,414.567871664168,277.584023821791,374.644152049836
-179.800286467224,-272.063267962005,-324.489377748668,-360.308333458628,-38.9039346170449,-283.092469185175,-489.894003742901,-128.773173014927,-500,-167.772602180112
500,371.994934811242,388.663397457041,62.0590942861832,342.007426620522,500,295.817489123691,441.034869445282,-32.2823488974975,189.609547157822
240.158292560589,-217.517813416551,202.582825754245,169.39815873582,145.89023704339,176.489328957789,22.1917222453464,103.639312648451,53.6645049111827,177.093885973779
-42.7871731892553,-364.576636945962,-114.501551535472,109.420961564574,53.2715548323056,-54.1452864368829,-33.9726533154259,-290.976305672036,-139.188445220446,-128.740399112536
-334.584044536673,-178.916233025642,-307.655921830494,109.299371010172,-7.36663446564609,-224.702625152215,-102.867326854899,-264.752945503189,112.306847968136,-80.2999436021794
-27.5500407727444,-189.4132941989,-26.3509456243476,-76.4047348853964,67.2956825107012,-318.404366056874,-500,-299.44012706892,-225.105336358659,-448.256201947036
56.4865498005359,-259.184480083217,117.082750561517,296.926851769734,-66.8824341327777,-254.741433120896,69.8544414760037,-11.2863285824598,-66.6731333808499,432.339420143811
-81.9237531759971,-118.600213654336,10.046725468173,34.3357506984236,67.2743985665905,-47.4528262845317,-143.550843216582,-140.963270890074,-65.612701035122,207.444732613958
380.628499437046,-166.570185270609,500,174.042932312996,330.817018262977,26.8986642461564,4.19297870213825,20.2980184615731,-25.3037490570713,458.345317693687
52.2084448117822,-91.7312655793714,-35.8695889892899,166.72245572734,83.4893853911566,193.734328639422,-284.215288365304,-120.174754412149,-191.067642427126,412.62394632913
139.774929822302,-122.09805120746,81.2329670583947,296.799371010172,216.31757606067,226.910278073592,124.405400417828,219.622054496811,142.919092866096,360.876526986056
-354.263665931991,-500,-366.325739198979,-336.840319150142,-279.572592126634,-310.092348294867,-500,-435.332181466237,-500,-285.31939965524
18.3363594955087,-500,-160.350749324325,382.38282096416,115.84814854441,-131.023391309645,-308.960255886984,-323.290547532302,-252.042344271411,308.523694116184
-156.667104264808,96.9777480060957,195.615608692479,-171.030585225532,456.857972072991,-44.7901753695126,47.3160691839368,-61.2942304123846,-204.272003025325,16.4899704945436
-276.247957439411,-453.525100274304,-217.07650042682,-37.5411967128786,-193.36569557491,-158.076083228591,-317.288624993622,-128.392135106629,-494.9802989223,-43.3839157842727
39.4488693437378,-233.515777363883,381.86465243581,-145.117594886563,47.8014882885589,195.317615245277,27.1111704630684,475.876405328049,99.1812460440134,500
41.0396649963398,-500,135.999123039676,199.319150035643,129.866458610881,-137.393294361207,-93.0803823803615,73.621874121631,-332.816375638002,298.354151037606
-56.9128045023866,-275.04487674581,-71.5611585950791,-42.2688437855973,-19.7150614177559,-39.7443647778967,-219.949664809679,-52.2614234044195,-312.749953156954,-23.546266436827
9.23302883094675,-295.642813416551,132.544413252428,-364.190149546537,-125.978512143086,-294.744364777897,-500,-337.214550186143,-140.924556331557,-390.515761431376
465.956145851014,85.0405340495711,500,500,500,445.502389820295,275.201957364339,466.592585699402,100.99672223449,459.206364031403
-2.1134824489464,-338.207468588964,-281.766729692915,-468.86506116954,-22.986578545552,-48.7467629142746,-500,-86.8862422318807,-500,-13.2419715246738
-107.377758329664,-500,41.7443010622615,-201.794678120789,68.1716179962922,-250.781881463976,33.2165104415209,-157.632740760744,-101.67148196549,299.513234580209
353.325616630787,92.5451189556339,134.342453154697,455.44148277249,268.791649309468,500,-50.1168228918124,500,-132.420835970658,459.832747800836
-30.6175225976541,-217.517813416551,-20.1958323692403,55.1279099707917,-3.02962027996386,79.9146515351884,-154.283489558479,49.3197320236008,-154.64305819288,116.954804759196
