421.07030724559,65.6248847806313,420.953774051996,420.845738446077,420.897846250875,420.755186761812,204.11419354027,420.865587118718,203.91473180989,421.14861503781
420.941357312665,65.5049449808912,420.84485089105,420.701530350883,420.693383451118,420.63345344293,203.915992536296,420.621919851173,203.818908538446,420.94729178703
421.001064027443,65.4407865529481,420.849948515713,420.732660291799,420.763589958084,420.549173206526,203.927346731467,420.649408616929,203.748922151997,421.058173038196
420.996930915131,65.2647909869394,420.902379513474,420.975270651543,420.728918279078,420.632204026407,204.028368517381,420.598110137283,203.900677717921,420.803240388526
421.201392716953,65.5151601694782,420.798524096447,420.65442452028,420.744885226949,420.51271361909,204.022364900431,420.647794726273,203.82159002101,421.070104556499
421.386923390665,65.5166532090451,421.075841205099,421.023765896844,421.094021819435,420.830541765093,204.305816758042,420.881811546088,203.925279467494,421.36030380364
420.786171923867,65.3009337035545,420.685083774928,420.660233284851,421.267657595824,420.965097894495,204.443190058515,420.830614978494,203.809018558024,420.781435101191
421.339444678665,65.3896478323089,421.17483928182,420.544752733903,420.890978909206,420.615453716526,204.076017027001,420.599523048748,204.038856623806,420.741107824252
421.234479834362,65.5786130294142,421.083364322632,421.35977075972,421.113713668461,421.027675610709,204.459397467825,421.123030508785,204.110716652721,421.255515493136
420.68616881385,65.1993201224539,420.777589615569,420.66359043257,420.951187106607,420.75505791827,203.489747668687,420.524638815317,203.765126556853,421.508960668983
421.503849250466,65.7476712609697,421.035953961182,420.974100180104,421.299171952385,421.16927664426,204.541773949871,421.192015367561,203.898967381421,421.104242864196
420.649492401318,65.3579565990196,420.89726884645,420.698498508342,420.628246483732,420.930641721947,204.546195358295,420.528598146418,203.671567504294,421.106922660588
421.203975943002,65.3680731059641,421.257450821797,420.940724153135,420.394260149797,420.40394066822,203.910750286548,420.809997448027,203.322366061919,421.092117537316
421.465714891333,65.9151268091879,420.750826278187,420.851812579914,421.037620840661,420.851587865855,204.429370366889,421.399068930528,204.117149426926,421.099071596789
421.107566304712,65.9638017610116,420.930450105389,420.600576585185,420.592056481372,420.499042203812,203.367148794862,420.660231529344,204.155147556318,420.785182642196
421.163994704952,65.5769304820843,421.287691696142,420.901940328307,421.115755853478,421.009048972652,204.595640606728,421.155708614339,204.390455860148,421.383042950363
421.493104548427,65.9767784058719,421.428819716871,421.066624446313,420.989711521036,420.755912921225,204.28914123219,420.906166004539,204.262436927218,421.368282610245
421.133509540909,65.7403127395991,420.309355716118,420.69184170037,420.531442817968,420.660751213943,204.111831528872,420.304621189201,203.867620888196,421.09651600146
421.543755778529,65.9883674189081,421.493138739222,421.387336055013,420.989711521036,420.742130273579,204.487104260888,420.800857477697,203.857460502214,421.327985886194
421.671888331991,65.9545773684328,421.285239199882,421.261237593986,421.089646059186,420.230000070838,204.320454462088,420.898761179069,203.930449479159,421.180048625807
421.66866674524,65.9526881447131,421.418088982223,420.827502927863,421.38247989663,421.012233976364,204.575470496507,420.818882577641,203.960323147513,421.230407100346
420.706016794136,65.1552902744741,420.523284853588,420.323069127149,420.41075083185,420.436318388071,203.896738759447,420.441986735638,203.747146306356,420.748045857451
421.67430314984,65.8993775631931,420.905069075068,421.324459428199,420.891431570737,420.944635627818,204.517628063467,420.891388698906,204.122591837813,421.625522899547
420.646561793557,65.3014355742342,420.673474548602,420.273955031846,420.492386506272,420.33195802566,203.521307626416,420.486246913402,203.477592971725,420.740552072331
421.465405551277,65.9506522740406,421.565995158237,420.82401535892,421.429341503118,421.113456899394,204.398683210236,421.350763040816,204.304090568076,421.302751657421
421.499337074153,65.6391329107526,421.107096745358,420.892970504184,421.674930451382,420.809831458476,204.684656560664,421.009899953897,204.101350512094,421.481940419896
421.609285621693,66.1561750821936,421.457118507659,420.942726684699,421.006938685079,420.699234261243,204.418484898412,421.035399280572,204.542497539893,421.371464649948
420.451672378196,64.9527846682511,420.231882910311,420.491463957983,420.65103166897,420.288681166005,203.528125213427,420.287614116205,203.599947945817,420.724208883682
420.670011437123,65.253261849953,420.362458223418,420.484453650449,420.179254423774,420.098626789686,203.380000683372,420.139527183542,203.59626576877,420.838753436813
420.864198072133,65.3340736558125,420.429953883026,420.36465363015,420.123758365421,420.038956646885,203.453673447768,420.196150845469,203.406311816178,420.968629927798
420.466224121337,65.1757885617459,420.425646805637,420.499723577087,420.332388992145,420.035510984974,203.500692169542,419.994014646684,203.738974811648,421.198386119299
420.507203911797,64.9019541463519,420.343904659279,420.178319842145,420.3089767941,420.48447923675,203.757707442229,420.347455057521,203.488124994927,420.265050728523
421.64501325533,66.0262349629542,421.388031933372,421.349770902013,421.371910647645,421.376667661094,204.835889839956,421.324392073226,204.597913612998,421.617078070321
421.664946314112,66.2285339823384,421.568439892497,421.425119352331,421.416972452566,421.357042444377,204.639581537743,421.345508852621,204.542497539893,421.670880788477
421.664946314112,66.2285339823384,421.568439892497,421.425119352331,421.416972452566,421.357042444377,204.639581537743,421.345508852621,204.542497539893,421.670880788477
421.72465302889,66.1643755543952,421.573537517161,421.456249293246,421.487178959531,421.272762207973,204.650935732914,421.372997618376,204.472511153444,421.781762039643
420.719555131243,64.6216007634308,420.403352615924,420.597745955136,420.160384063655,420.006397322452,203.504390274953,420.115717469651,203.271469890575,420.461545582287
421.765145278766,66.0009274114762,421.51145530499,421.44772207196,421.699050084763,421.401858823297,204.873418908867,421.486810886669,204.422945623848,421.688680134596
421.78926918894,66.2040554863124,421.606770381021,421.258760659763,421.618252953268,421.289709991813,204.726848900592,421.696621355304,204.690258428783,421.49384072719
420.217768311218,64.781355979444,420.121261889603,419.977941349436,419.969794449671,419.909864441483,203.192403534849,419.898330849726,203.095319536998,420.223702785583
