421.07030724559,65.6248847806313,420.953774051996,420.845738446077,420.897846250875,420.755186761812,204.11419354027,420.865587118718,203.91473180989,421.14861503781
421.14050049937,65.783071067872,421.280721072868,420.947696125383,421.249256578844,420.498280922012,203.952214433744,421.090972084964,203.876042210879,421.145244511134
421.016892528011,65.4302920770761,420.740682368379,421.021251872671,420.817447686819,420.70684060269,204.358524839287,420.71706217992,203.709701894096,421.118022285577
421.046434407801,65.3976521558638,421.330256703721,420.829489461571,421.067233414881,420.992220468442,204.185700741,420.631836902909,204.086228787209,420.739628370507
421.307031512059,65.8066260997697,421.223456395609,421.116537250545,420.943778885956,420.748658517695,204.300648900579,420.833222298207,203.886096156052,421.238300462002
421.307031512059,65.8066260997697,421.223456395609,421.116537250545,420.943778885956,420.748658517695,204.300648900579,420.833222298207,203.886096156052,421.238300462002
421.267856398434,65.7877685273359,421.259884605117,420.834876902499,421.163593876996,420.934321830603,204.256438375253,421.108175079767,204.109411188983,421.225683347616
421.340157525028,65.5575365649659,421.074912129418,421.311281301221,420.532013322675,421.010421313151,204.294319946882,421.019063393139,203.787223834957,420.926471369685
421.036040404315,65.549832084633,421.073374866252,420.959931901105,421.094248454946,420.33626826,204.222982830367,421.288397244192,203.850440572374,421.019145050677
420.782487075205,65.5973679009262,420.730730443336,420.488302969939,420.906338328926,420.543572393736,204.234331357067,420.66747841113,203.563562258207,420.975458585945
421.356297773991,65.3731503008084,421.223222354655,420.654085834915,420.944119121276,420.560403634511,204.329592001378,420.979283812188,204.107671264388,421.104136119439
420.709927466679,65.4374861957461,420.656562971573,420.66870921651,420.799478741655,420.631658400695,203.747498347429,420.510445659641,203.344970614926,421.218258775293
421.245032325506,66.1218849679405,421.430517475981,420.600919786081,420.837165491844,421.149429304883,203.922919958545,420.648076846712,203.84208420144,421.135632768446
421.600666200177,65.9529276663,421.211519875847,421.05500377785,420.698913634284,420.396256672261,204.030712444887,420.781249940826,203.915422022511,421.093146978015
421.358300937717,66.1099706548241,421.310714346992,421.004442283363,421.393321221648,421.088056978663,204.29959506839,420.63453009502,203.900307203386,420.964383425952
421.39748013724,65.8946301675133,421.263655784578,421.150993869662,421.192512605203,421.013974484893,204.382564636592,421.119292368547,204.193621481667,421.465188538727
420.663530868559,65.4670963484752,421.123556295709,420.59893890686,420.629278571455,420.748658517695,204.150336250266,420.138443825651,203.47381002948,420.960800184501
421.605431356458,65.8808680077742,421.441044990956,421.102446997562,421.05284343635,420.324588463631,204.171020793956,421.107158244845,203.967098805916,420.900253136357
420.956588304473,65.7293224510375,420.638455810608,420.767423998206,420.524842983149,420.362739527125,204.028081961345,420.211930010248,203.813946083902,421.014978810109
420.822141620483,65.5826433993863,421.009564674076,420.205307555657,420.562962496552,420.488602831123,203.889147352178,420.361234367179,203.746541993598,420.839067861492
421.161867487277,65.6944904792715,420.363920998032,420.707950832717,420.276209720949,420.489160834064,203.979210465168,420.517737548062,203.850311655501,421.056381137991
421.120810839727,65.8855232374903,421.722140717823,421.49356206366,420.561578503755,421.110730308339,204.107949950116,420.780749518462,204.072083008706,421.28650252505
421.610205435615,65.226731826989,420.843648750487,420.796654144383,420.50711220749,420.812017249358,204.516327668952,421.135412555981,203.785329995885,421.70846474462
420.64612605835,65.2052086599841,420.539606250746,420.413928177703,420.43590863022,420.334613881594,203.655386817506,420.384047264168,203.507113953391,420.688247191643
420.945440241377,65.8834791177992,421.485406657559,420.503193183691,421.038261123295,420.456767600804,204.693465960063,420.299226810469,203.723758493714,420.896595927751
420.636159528959,65.104059150292,420.449402271183,420.376253952544,420.413377727759,420.344426489952,203.753540968613,420.373488874471,203.534821989943,420.661345832565
421.636855462265,66.1577928578965,421.084028860997,421.531742240924,421.336374046419,421.062117289374,204.549911035869,420.905210157757,204.240662045851,421.758751158542
421.820796914642,66.2512802921628,421.646363387411,421.295066299555,421.192892708477,420.980710765028,204.369410750984,421.39832123368,204.348864795141,421.524003522477
421.554403188002,66.3778141709577,421.665666515239,421.292513036277,421.41432283476,420.868908637945,204.457496883514,421.410422875408,204.276909046865,421.550950774652
421.823001734644,65.9223977073945,421.695226144051,420.98462083497,421.239680414649,421.454898440276,204.595788791084,421.39057539652,204.326027867202,421.492075887772
421.609662741364,66.1115882490534,421.460030174293,421.305904508114,421.375799262863,421.317253296442,204.72696687136,421.375287648679,204.552439779624,421.669831169131
420.647986273914,65.0672857411714,420.464430795609,420.115119965469,420.418662352252,420.162209647587,203.623331296888,420.120734126678,203.216026757201,420.468010347577
420.585530790559,65.085125378269,420.501955674108,420.395036529044,420.222278164455,420.027157796195,203.579148179078,420.111721576707,203.164595434551,420.516799740501
420.714556008041,64.8608788733035,420.121977063088,420.123424529118,420.529115157265,420.380792042132,203.448541546861,419.859339162871,203.412725669857,420.130128022193
422.02853223356,66.5281268212704,421.94495711711,421.838037972046,421.665279607456,421.470159239196,205.02214962208,421.554723019708,204.607596877553,421.959801183502
422.093805919216,66.4836318934129,421.650922285033,421.806599658639,421.616139632307,421.571411916315,205.037411523369,421.599988630313,204.740162545352,422.108569690179
422.061297155142,66.6120306529132,421.926947001328,421.615733286889,421.673893189478,421.448711233028,204.987839940842,421.671993921145,204.950115396392,421.981540565379
422.061297155142,66.6120306529132,421.926947001328,421.615733286889,421.673893189478,421.448711233028,204.987839940842,421.671993921145,204.950115396392,421.981540565379
421.989357119934,66.5092692488366,421.981385326617,421.556377624,421.885094598497,421.655822552103,204.977939096754,421.829675801267,204.830911910484,421.947184069116
422.079160971961,66.5470605932935,421.892403714185,421.819255395546,421.856379170761,421.787427932954,205.196542411614,421.816490317473,204.977823432945,422.104347275566
