421.07030724559,65.6248847806313,420.953774051996,420.845738446077,420.897846250875,420.755186761812,204.11419354027,420.865587118718,203.91473180989,421.14861503781
420.707833299735,66.0041194238759,420.955767353867,421.145145158988,421.413287416474,420.838020546543,203.984010271212,420.907616014833,203.865289464816,420.933178759984
421.017219603428,65.6260350139889,420.931455462965,420.754676553401,420.731332311867,420.435040512804,203.859552034743,420.563466015214,203.691080202137,420.967218221918
421.191158723414,65.5690353844056,421.012057509256,420.762918445516,420.903459207962,420.621348986761,203.949948253094,420.417647896243,203.923748787673,420.796038633219
421.191158723414,65.5690353844056,421.012057509256,420.762918445516,420.903459207962,420.621348986761,203.949948253094,420.417647896243,203.923748787673,420.796038633219
421.279435141754,65.7660499321766,421.233483020599,421.039639713332,420.747141394291,420.79576980685,204.133031472865,420.779130310186,204.063553824647,421.257533431848
420.965175577196,65.6069404663493,420.728277627258,420.652453515579,420.622678964976,420.568176583278,203.946585502037,420.583006438015,203.685413681003,421.007173069528
420.826243733966,65.6957736634533,420.738221369195,420.554990865061,420.708746177639,420.5078444617,203.842081299094,420.718055735302,203.822362399356,420.706573843217
420.923401971718,65.6486002412836,421.192006730534,420.684206543634,420.48535558952,420.622849993299,203.665892114204,420.566925311508,203.93774997004,420.877798455722
420.876842714833,65.3815027055241,421.107015335148,421.151144473062,421.208824580432,421.098963954029,204.469048726175,421.345782144489,203.655989097967,421.236914727018
421.130247825055,65.5583147483928,421.065114860027,420.651437832634,421.293080392148,420.703179324735,204.083845065224,420.285733034333,203.627461598184,420.665928700221
421.079732917466,65.7260508812402,420.989733946522,421.049944828779,420.870889288492,420.682438828175,204.404846897469,421.351303583422,204.167564551868,421.441275132244
421.59681536458,65.7356964432641,421.388657655271,421.18838769981,421.17716436322,420.589659109921,204.01593538174,421.203995775363,204.257148975229,420.905708859395
421.051852607677,65.8578982650222,421.376754882892,421.27354373013,421.442476197785,421.207852417525,204.096471919781,421.361886765857,204.287290413132,421.15124293082
421.302845159998,65.895643242481,421.179730843415,421.271601989172,421.080055094044,420.91891780276,204.401490660058,421.001326671827,204.309505534474,421.392886528899
421.388585955503,65.9550416522695,421.285345216375,421.101852862583,421.156739262757,421.016211250496,204.344428769548,421.044202616549,204.242454058264,421.502327837933
420.677043795261,65.1458099490558,420.592073445672,420.416460142784,420.707227454516,420.692193648374,203.759251350801,420.344629169652,203.599760778234,420.76954544386
421.493622592426,65.958137679815,421.213923715865,421.333427277249,420.8191263753,421.398929577015,204.177437997934,420.903781560007,203.89304014321,421.73173872794
421.636684569243,66.189098077052,421.082324034886,421.359228473742,421.358894858934,420.818014579989,204.308754700012,421.212856824788,204.195829433542,421.204297406366
420.795583387485,65.2785289183398,420.832272093072,420.434241081617,420.638110325508,420.203156516868,204.076584047996,420.232168530875,203.707407543065,420.839096735215
421.081305510387,64.9949224086847,420.839570979984,420.873752443743,420.361609419901,420.930900120323,204.066089612686,420.225817334315,204.094900138627,420.387270297993
421.783856684533,65.8851409636691,421.234319244676,421.158050419595,421.181769554923,421.167182457931,204.192071675509,420.568516468164,204.500427884978,421.151657409891
421.25212379371,66.1909178980738,421.301717559663,421.129433819933,421.468612882089,420.788393339412,204.019869017142,421.123825605706,204.167455372061,421.792593182928
420.671492939839,65.2349312627975,420.652362410952,420.404633984165,420.527333719216,420.326657193082,203.721007019317,420.327857222332,203.479625305033,420.651801773576
420.671492939839,65.2349312627975,420.652362410952,420.404633984165,420.527333719216,420.326657193082,203.721007019317,420.327857222332,203.479625305033,420.651801773576
421.876054145151,65.6602196861162,421.283005148625,420.886611933054,421.481339720053,420.737131844282,204.503133016805,420.689591666639,204.290839137786,421.238586444188
421.452810150007,66.2245852196366,421.909223198092,421.370892138628,421.405758979915,420.970148871373,204.411071341768,421.214809133156,204.014263907047,421.869173690027
420.473820015283,65.0678378656062,420.56147916202,420.248386152224,420.504696587844,419.930084511278,203.51044100199,420.30360427804,203.377983114695,420.47047334366
421.532222282019,66.1809291342412,421.153576777258,421.594807764943,421.541092172228,421.461400406691,204.51687396197,421.379413779754,204.448165574008,421.763661569555
420.385953819992,65.1233141692994,420.575652785574,420.2766805181,420.353127400968,419.974416296693,203.415338767088,420.391270913496,203.261993417934,420.528764454881
420.439964610814,65.052226060458,420.180304335841,420.345336387449,420.314820528534,420.1035832594,203.450017631956,420.153142136059,203.457513267566,420.62137095358
421.441103087829,66.2019734236394,421.596006512337,421.249387153225,421.432397744378,421.010111907095,204.703484639856,421.452526479594,204.714247608854,421.739167357731
420.478539356488,65.0785925695803,420.067842756296,420.4883217725,420.094331068207,420.094018214383,203.288032211904,420.40519704968,203.219430456399,420.580430537522
421.352480373264,66.4026814408623,421.588606084925,421.602200246647,421.222643228225,421.19723230542,204.713987642426,421.591940779704,204.569282451576,421.776259299317
421.902396276756,66.2802729377484,421.723295062599,421.474155998859,421.614696761305,421.332586540103,204.661185806437,421.128885449586,204.634986341016,421.507276186562
420.305982050085,64.9147974606461,420.220217909622,420.043439000058,420.020094758524,419.723802959462,203.1483144814,419.852228461871,202.979842648794,420.255980668575
421.808428926678,66.545789275985,421.99812789226,421.699155624786,421.775602507654,421.396891403379,204.837813873773,421.813746020182,204.68446852462,421.951239561566
422.076989368283,66.6255073258297,422.048705438494,421.606402184999,421.83467897217,421.398989246796,204.856260427957,421.639043857248,204.69448887504,421.827174373307
421.896295121968,66.4903129722919,421.983954268706,421.670861258909,421.927171694529,421.352559617963,204.932916108676,421.726079384726,204.800458221381,421.892948450346
419.960255386496,64.5236937094547,419.94112485761,419.693396430822,419.816096165873,419.61541963974,203.009769465974,419.61661966899,202.76838775169,419.940564220233
