421.07030724559,65.6248847806313,420.953774051996,420.845738446077,420.897846250875,420.755186761812,204.11419354027,420.865587118718,203.91473180989,421.14861503781
420.993864219499,65.5020474764974,420.75707198565,420.805846686704,420.971157705163,420.458129856172,203.814804686872,420.668855213776,203.763280374938,421.234954852178
421.068649192917,65.7463026440782,421.065453013288,420.989920568806,421.123506852212,420.706346791295,204.265390789916,420.597001967282,204.055882884931,421.227845478057
421.068649192917,65.7463026440782,421.065453013288,420.989920568806,421.123506852212,420.706346791295,204.265390789916,420.597001967282,204.055882884931,421.227845478057
421.488507058424,65.3356829694275,420.929564489309,420.719750990463,420.878821220626,420.663541968247,204.060025023958,420.810718885972,203.666040270812,420.770752875824
421.276975202392,65.8429216569466,421.086901157149,421.110994206761,421.051577384286,420.944504554033,204.262263137257,421.105099530536,204.095516400595,421.361178841816
420.977832288443,65.3871247625258,421.05383334336,420.229606435193,420.681854209738,420.792395427093,203.819307493728,420.827520044971,203.705059848261,420.86614369562
421.222781004067,65.7401710561662,420.959540373904,420.970945255186,420.941092007671,420.95277940404,204.4294998006,420.843146481851,204.24789445945,421.21157165934
421.393349650957,65.5219495613489,421.188320973309,421.030046910033,420.90169090444,420.923885261671,204.291842636718,420.875857438574,204.277700035386,421.229894968745
421.148544950706,65.5041998872219,420.89196480708,421.043499342233,420.884790579954,420.910788713921,204.231122278968,420.929961209607,204.541636203438,421.073078044817
420.726260274223,65.2864396275162,421.129439003724,421.096002605582,421.237680831187,420.149936108209,203.984648429966,420.933087699407,203.81439532154,420.814538841271
421.166873301042,66.0462877189559,420.814771057337,421.298443850364,421.032579392119,420.642054647794,204.14058839371,420.823798045905,204.205897886431,421.382117705451
421.356028745193,65.4798579635598,421.494015556859,421.254589183202,421.305819823337,420.580583385425,204.136033658076,420.876267312171,203.914856559268,421.357153464344
421.050929553956,65.1605701311057,421.224439727095,420.788195472582,420.755426804941,420.158431280104,203.874330848312,420.623691034135,203.687669270443,420.928064109244
420.692732173996,66.3693628151159,420.995214563216,421.037677147087,420.574660384918,420.827689285257,204.133948225957,420.686774549292,203.993524666495,420.793856461092
421.103210746956,65.1814393198486,420.689111388485,421.030046910033,420.409716241135,420.890991606857,204.248981207718,420.404381719574,204.23609923665,420.787886482182
420.983418578214,65.1534964326789,420.942922929875,420.479901288213,420.32434509736,420.524615410739,204.085384576838,420.744303688075,203.437515852895,421.135942249544
420.550025902017,65.4134962541955,420.860132942111,420.561306278806,420.854092155641,420.144736008367,203.612578255915,420.495971456068,203.971017255511,420.883795629057
420.653081176941,65.3096932257745,420.740060297817,420.412618745844,420.65296795717,420.855232703557,204.1723312266,420.175222546601,203.920161337706,420.776363303339
420.730754409399,65.9257330619034,420.544539243583,420.446784138011,420.5898149616,420.685831274718,203.766662257238,420.263998738569,203.780948191016,420.684069972239
420.969997879856,66.0324364067409,421.056884845846,421.271295951221,421.386760962668,421.256576577561,204.408583187981,421.537747837384,204.224100687595,421.293177536191
420.994205658338,65.3674382270243,420.975444012388,420.552121686877,420.809189706212,420.248738005206,203.841062642815,420.082664819281,203.681475696313,420.677790472556
420.907060781317,65.5879091178968,420.6305640841,420.665777018643,420.728097236455,420.087417759634,203.470694715189,420.286222165637,203.524907838694,420.775626175978
420.890429067928,66.4867629826141,420.964561343095,420.627101708939,420.756178536733,420.484040574133,204.116518671451,420.625129076527,204.311052681516,420.841993528962
420.628850759628,65.3959654397223,420.589574032847,420.393305432579,420.617550915913,420.278111854372,203.66325892005,420.197379494775,203.705548654244,420.975643206728
420.847544168775,65.3790538106712,420.75707198565,420.296652910184,420.708478376006,420.389689832447,203.557636112872,420.229895061603,203.255537292938,420.75505992391
421.042276974479,66.0812356601877,420.794112923787,421.425001702715,421.683840296504,420.944649596582,204.515324110052,421.184378815486,204.053093510554,421.492753247223
420.773456740967,64.8975152091763,420.551293301671,420.7754098728,420.89828672154,420.096428004969,203.718039539061,420.39135055802,203.2904021711,420.972730191119
421.476099621983,66.0115578986423,421.7592758194,421.192745612826,421.294461544652,420.997658059925,204.299605100534,421.533321376302,204.454869714977,421.359739929887
421.245452587543,65.8588138952034,421.249328543698,421.394042613664,421.724638393938,421.204015605795,204.689718937016,421.028229759051,204.527358603931,421.499850700557
421.44868334515,66.1918221708143,421.63103217632,421.218101871288,421.155585824401,420.88008164166,204.658715748302,421.347941719333,204.481839298189,421.4572901514
421.29849360593,66.1423422480386,421.652799883568,421.671876519504,421.304843667212,421.077633920007,204.644871246672,420.870762062185,204.565076661451,421.301005503419
421.31066954377,66.5987914391697,421.440689783007,421.311156289512,421.198124987017,420.965891175957,204.511379586114,421.14568935124,204.514354865017,421.526770783674
421.366649901501,66.1740852427698,421.702509512096,421.411981822162,421.280861283527,420.964309777362,204.677835520453,421.357527517618,204.588586568055,421.344309815447
421.422255982168,66.0409749684535,421.307926240203,421.286494004952,421.814273603306,420.856361792795,204.605901031416,420.738444682982,204.480211032031,421.710036554307
421.426399128563,65.966985614283,421.760207589596,421.676008224802,421.459858268656,421.273176683216,204.580314490155,421.350219269192,204.580392471334,421.341657764528
421.430320171589,65.8576625850483,421.706920407596,421.321764306202,421.471264939277,421.201964204825,204.778334292135,421.532349595362,204.724284411549,421.668954524816
421.662374627034,66.2223284478999,421.715203089146,421.289702313105,421.507844951958,420.941670318294,204.324228731203,421.854098331425,204.788270401985,421.596955769698
422.103406483541,66.4627564610904,421.590364718386,421.121435895796,421.548641897275,421.612697034129,204.633143560301,421.433740371794,204.445394364845,421.631737989114
421.905479294644,66.466195199107,421.974514734596,421.723155796702,421.824871728528,421.516281350826,204.919777007835,421.911830052119,204.858991759835,421.938369221388
