421.07030724559,65.6248847806313,420.953774051996,420.845738446077,420.897846250875,420.755186761812,204.11419354027,420.865587118718,203.91473180989,421.14861503781
420.949979066611,65.619713961769,420.621930576707,420.780925873224,421.070517067032,420.527815831308,203.902682756879,420.790978176521,203.985415806119,421.101106691304
421.088300062088,65.7320078860243,420.971906269719,421.011382659292,420.908936499503,420.857088787661,204.264192381209,421.088143212952,204.136478847895,421.326540950919
421.332398862912,65.6238037611618,421.162400764562,420.899672583913,421.071534353808,420.903118405651,204.231044104908,420.876675186567,204.03233898821,421.325135873716
421.332398862912,65.6238037611618,421.162400764562,420.899672583913,421.071534353808,420.903118405651,204.231044104908,420.876675186567,204.03233898821,421.325135873716
421.078322298966,65.9281465792231,421.164527824775,421.047038410954,421.064574148718,421.10858720917,204.34119531063,420.69048700195,203.968303184777,421.153456716206
420.911501127688,65.7258283103412,420.971833946664,420.89172845929,421.344496606314,420.842022043169,204.141843123065,420.807441229896,204.329317833432,421.253599477518
420.868015157433,65.7416070645493,420.939681867893,420.949742650779,421.473484253033,420.609828976799,204.239448733039,421.059952923294,203.934482216389,421.336096783853
420.834100827345,65.688524382021,421.205742874413,420.420703292269,420.795199031146,420.675369671981,204.094998856465,420.762345098921,203.510390893948,420.683824868254
421.049950229805,65.9333457229671,420.554660094475,420.796437659925,421.087756288894,421.031832912336,204.303525542525,421.202056905735,203.614382885581,421.297565522083
420.896057504672,65.6922038015557,420.897135008666,420.538735093194,420.533439205153,420.409477501483,203.9649746632,420.67789299514,203.782266726221,420.684980034852
421.379166630708,65.7983957729264,420.524209522592,420.731838087902,420.519005528038,420.509174296672,203.751596592232,420.810325839655,204.143666225149,421.186066319747
420.968788686915,65.831772322145,420.871061905,420.905556189281,420.838352956853,421.122716008491,204.547499719791,421.161869740129,203.968319757838,421.579115124769
421.072682260701,65.8263575687302,421.256898492822,421.052813609602,421.091799408503,420.915095318477,204.62988262206,420.792729582425,203.672609619079,421.407607861077
420.987609493671,65.7983607276569,420.292613683586,420.78966049525,420.779107039878,420.511135187412,203.926356298737,420.404447393831,203.810064504023,421.027937969149
420.752780856082,65.4888530063297,420.936365571341,420.827436316855,420.78388802676,420.381732478827,203.728667711417,420.1496334176,203.682645813522,421.058132111767
421.37231864763,65.7500041375202,421.477792877765,420.598444459651,421.15329891012,421.08102567569,204.321754531454,421.291883643288,204.099610059266,421.289811675436
421.553196152784,65.55639922641,421.052679878961,420.800505927206,421.069415797674,421.011900364587,204.481136617624,421.020641303913,204.328455048217,421.270659766735
420.606862167576,65.0979573256054,420.548613048457,420.388410939311,420.334467127792,420.816182299892,203.916487235173,420.889454558074,203.656885543018,421.119797350573
420.851215277801,65.4457939627324,420.682420361525,421.236733744719,421.330046965919,420.459748747778,203.844018467612,421.025286324617,204.391169123089,421.719307122212
420.620574191419,65.2185157163426,420.375172085971,420.582237218347,420.606910205651,420.408602638381,203.654321938282,420.33744972517,203.622593045038,420.732948301383
421.565913896732,65.7424334250758,421.164689829056,420.925803017406,421.297281292708,420.930421789876,204.333174842448,421.381023272825,204.541744039777,421.437595542307
420.972767739205,65.2162365777055,420.610684350047,420.648410739673,421.073707985965,420.558441984384,204.147682453474,420.331588506558,204.526381198625,421.417297516172
421.169582316739,65.8467867102007,420.682401036887,420.814040649037,421.569398363519,420.975969130643,204.168574927377,421.404575493056,204.449022667501,421.661921442975
421.791547966011,65.7893305352824,421.153427728535,421.173697353765,420.985945394784,421.447856467774,204.548733678508,421.125036005164,204.139051564998,421.310803941173
421.402093652504,65.8956069999253,421.300038001373,421.369170225113,421.306800803122,421.165628078713,204.603387970705,421.281185412822,204.235528137131,421.472093960657
420.493277027415,65.0753794759426,420.778480282319,420.324271683691,420.50566198702,420.154122199335,203.924802121183,420.807886421935,203.817514965242,420.57385566673
421.572945206716,66.182905914825,421.446321123854,421.499529704219,421.324614766224,420.791248070814,204.499150021874,420.856696074074,204.465905385277,421.343339585101
421.897687027893,65.9303414280177,421.293621032248,421.210198581584,421.560147594887,420.875421132191,204.533845301021,421.198244715553,204.404551408337,421.20901287934
421.519731734176,65.9395638953467,421.554931475138,421.271371129967,421.293692719105,421.231190905782,204.719612982328,421.218948793695,204.281093624642,421.559728862468
421.535349535563,65.8841288874151,421.246410332379,421.590891236019,421.20696948182,421.30706015312,204.640397949051,421.330025053672,204.375526135795,421.684180529699
421.406019389424,66.3172280981865,421.384560430617,421.332402143534,421.551697196569,421.11535970995,204.315076153552,420.983347420722,204.681311042607,421.677735488301
420.671814949782,65.5009853753176,420.263688911093,420.10483253371,420.594710025088,419.832405539236,203.628178694219,420.334615172349,203.753612375428,420.721791986537
420.392889770016,65.0365975939519,420.276495977647,420.31597236722,420.213526207431,420.161678495589,203.568782089136,420.392732920879,203.441068555823,420.631130658847
420.525948400713,65.0788392901572,420.04242199998,420.234532072311,420.426618648447,420.046377936796,203.424588181079,420.48673617374,203.753612375428,420.569322350307
421.415949794999,66.0455710555606,421.569333613055,421.240506515016,421.701179198089,421.049667407454,204.983851789386,421.558286035763,204.702858185611,421.955092529275
421.93443223724,66.2912759030388,421.79635062559,421.590944943702,421.516063114525,420.955359750441,205.084020108851,421.5511004976,204.482715470325,421.497297846197
422.027809154985,66.3192140532342,421.857811056634,421.595082875985,421.766944645881,421.598528697723,204.92645439698,421.57208547864,204.727749280282,422.020546165788
421.860658877547,66.486958421067,421.925132831729,421.623575148826,421.778950176029,421.71848511009,204.933581855729,421.659648701595,204.73845587782,422.026128455277
420.011273068359,64.5047864157807,419.909217417228,419.978349640968,419.915980218977,419.774807494568,203.21256738656,419.890364828678,202.844707552987,420.081273376512
