421.07030724559,65.6248847806313,420.953774051996,420.845738446077,420.897846250875,420.755186761812,204.11419354027,420.865587118718,203.91473180989,421.14861503781
421.185783353113,65.6242417762346,421.042424796798,420.987137462105,420.854521277573,420.767029028654,204.044633934784,420.808995536266,204.263944335925,420.912347809896
420.865166453636,65.3364099500471,420.885778802447,421.119025414163,421.006616045229,420.892651083945,204.166358474675,420.844331904021,204.2757088758,421.053848158112
420.476115199832,65.3589004632029,420.784623891177,420.921648360133,420.728003224377,420.832609513523,203.736631539845,420.919667001065,204.035258846281,421.147976454374
420.947072813647,65.7434020899405,420.890018161561,420.979957398034,421.23820730601,420.979695374894,204.258173489959,421.049242640845,204.118218859555,421.24289814398
421.038443311106,65.7815547014047,421.35565353657,421.032854673721,420.878390474375,420.724828525624,203.899895188222,420.692782384339,204.17674477019,421.048402231665
421.233647179259,65.4199521388525,421.167589319523,420.795539376391,421.293842046741,420.744635833888,204.095129983279,420.887126799757,203.775432387682,421.323797407654
420.887809027911,65.6748476972596,420.507384520037,420.886953996628,421.190160299318,420.499574417252,204.055954746339,420.773437107065,203.630753111162,420.837340037859
421.212893427606,65.6224551232206,420.844455995541,420.946370295482,421.008505035491,420.540352971266,204.088105462748,420.813824399474,204.322300492208,421.161198797575
421.226714807372,65.870452104535,420.960664085104,420.831964834827,420.868636582394,420.686285482855,204.308273553433,421.121600296733,204.169423821339,421.112785799821
420.819781817027,65.9982546520148,421.129936571161,421.326579846968,421.113165571669,421.050835325656,204.109291935578,421.334310973123,204.099610898761,421.241656087797
420.758764326454,65.3263609020545,420.789903866978,420.541220519801,420.653004392386,420.467317041709,203.94048222437,420.627485138717,203.63799107269,420.860183486441
420.758764326454,65.3263609020545,420.789903866978,420.541220519801,420.653004392386,420.467317041709,203.94048222437,420.627485138717,203.63799107269,420.860183486441
420.884491370513,65.4713449735361,420.8621597179,420.735261576387,421.186555807201,420.959880037025,204.311286384393,420.802426343282,204.406729715272,421.251859180444
420.849707291265,65.3770725528171,420.6990632325,420.639781293264,420.582195775848,420.504737114278,204.122055946692,420.491977596405,203.752870401902,421.057750644524
421.352540954428,65.7246481011018,421.011188578732,420.972925967806,421.079435598398,420.800326018325,204.380181397354,420.818830711457,204.182140759902,421.46930949907
421.352540954428,65.7246481011018,421.011188578732,420.972925967806,421.079435598398,420.800326018325,204.380181397354,420.818830711457,204.182140759902,421.46930949907
421.429294543896,65.7856898317791,421.259480914871,421.071542033346,420.924901677801,421.137100512067,204.305163996884,421.273281261542,204.19406137774,421.33189588514
421.330192897883,65.4850910607846,420.996943204452,421.002833736517,421.278119303215,420.931138934103,204.502446140372,421.26084192971,204.215191649891,421.238112435798
420.849154858586,65.7935161794635,421.137064348457,420.758089675204,421.699010674977,421.080501826507,204.258173489959,420.879548389518,203.899559967427,421.431077311751
420.76652241486,65.3950404910354,420.774647056491,420.424592974796,420.587455257517,420.384746889992,203.718729289898,420.428948253262,203.529665016323,420.824817398222
420.749770568549,65.1418600061193,420.536916857652,420.764276147633,420.558227582435,420.188251201583,203.9201067961,420.50154573711,203.750195502202,420.736412501055
421.103451419624,65.5826782696909,420.927013494557,420.812861942196,420.832960196643,420.462619507149,204.714064950775,420.840439354914,204.356210387753,421.367978644147
421.139407812162,65.9725380333622,420.864605697725,420.936054569628,421.667852848437,421.241049916711,204.036863744839,421.258993207738,204.403467767972,421.684224674592
420.884853879598,65.38451204668,420.614363181906,420.481618333641,420.439179495957,420.379205189041,204.169915472803,420.231322981092,203.600817321436,421.232693113385
421.352033781328,66.0610521441115,421.447306197875,421.317432163437,421.237903899491,421.137821049607,204.481557107769,421.276163253592,204.308024565421,421.519402237595
420.934334443561,65.5216648026725,420.964507247944,420.464227200659,420.336880258336,420.209153659577,204.313284511851,420.390570573968,204.18814940861,421.357531573845
421.439036435298,66.006633010898,421.470175975821,421.221492628645,421.333276501229,421.147589150553,204.620754333214,421.307757247561,204.318263181534,421.540455595284
420.476116875139,65.5245803079498,420.02707616924,420.682817480671,420.293442579407,420.811294069524,203.532637122916,420.490718179946,203.303522294686,420.800179943516
420.731822107567,64.8439924693153,420.502848605834,420.788546073744,420.323209795117,420.352168958679,203.865192629584,420.311428925409,203.451600939313,420.532293891298
421.280539533668,66.1780203817017,421.306959131498,421.193757203671,421.337759321938,421.393774049843,204.798902602116,421.13994558869,204.506945778894,421.399884015251
421.522687674976,65.8522456273555,421.482513224103,421.231910030939,421.481161630597,421.551123946323,204.549718679463,421.307276889027,204.458354913977,421.665136004641
421.117140840857,65.9847889672721,421.033233342371,421.105933714487,421.742925322249,421.254698993363,204.513275530775,421.469410708072,204.540456720217,421.816877735817
421.30721687127,66.2143597037553,421.53789636046,421.224157642234,421.593131884537,421.606261790934,204.627886592591,421.276000010459,204.784017093742,421.491778183801
420.201829092366,65.0369364983953,420.33463174562,420.356334581246,420.344100537752,420.313410583666,203.858724807785,420.026528258775,203.22958416433,420.705885760639
420.689612361031,65.1115621161767,420.459388150492,419.909860429488,420.619238872138,420.317744429553,203.816218418653,420.011538469187,203.094537319032,420.536290286578
421.937858993089,66.0449652416017,421.292039361732,421.236402042983,421.047194176506,421.211964399156,204.891767619444,421.503487887485,204.375742697185,421.979917314309
421.577910243194,66.4251541990326,421.625404756841,421.671612852627,421.444558323103,421.346162195617,204.791246652504,421.402539800888,204.466051504736,421.68180706658
421.62734492249,66.4236741987841,421.570290270405,421.660229506878,421.918479414853,421.659967483738,204.938445598802,421.729514749688,204.798490968399,421.923170252823
421.62734492249,66.4236741987841,421.570290270405,421.660229506878,421.918479414853,421.659967483738,204.938445598802,421.729514749688,204.798490968399,421.923170252823
