421.07030724559,65.6248847806313,420.953774051996,420.845738446077,420.897846250875,420.755186761812,204.11419354027,420.865587118718,203.91473180989,421.14861503781
420.997780963771,65.3785090236373,421.031924035963,420.71168740711,420.804332419294,420.57402383425,203.839929566994,420.630258230315,203.961178420173,421.223937722561
421.123235994631,65.7898365602623,420.621952711553,421.140342910871,421.245524497318,420.921551384534,204.067510188995,421.102624025308,204.003773082631,421.387595500212
421.11485095653,65.9509209905353,421.235479099582,420.76741116312,420.978881844837,421.035688678739,204.279852235331,421.099503211313,204.136742800504,421.065460773889
421.268766909561,65.5627265676689,420.915439324047,420.856506663818,421.061765525134,420.71128479599,204.388892403989,420.63010247255,204.024512977002,420.942268983268
420.677082768579,65.4909696624137,420.742739536252,420.856279656966,420.487806839611,420.521349582491,203.883344604289,420.693008007024,203.710058925633,421.209215602576
421.071580769482,65.6418296453878,420.430372770786,420.779512895317,420.672245397459,420.721632323063,203.668858721975,420.559925810786,203.742942790955,421.244731967621
420.8409907786,65.3343186445234,420.66627624234,420.678203458691,420.669999748941,420.36227448318,203.897959916006,420.699650907022,203.643174580657,420.810656863953
421.528718068725,65.8824012335093,420.837403605448,420.90891395801,420.807803721277,421.425022500138,204.086959928484,420.956960761597,203.983863241674,421.216689834316
420.953962037545,65.4057732522986,420.997713386743,420.565785744543,420.894469811492,420.687560102433,203.798900822577,420.217638092108,203.769828492881,420.721156746394
420.793700169379,65.540467317758,420.423492760771,420.536606850072,420.699970760275,420.567300372388,203.848211943381,420.61855431927,203.700129357935,420.844850678291
421.017221146857,65.3996501685176,420.957548872894,420.878946830731,420.676414551885,420.492440894156,203.680521202813,420.317628297149,203.907848367743,421.295586130892
421.179941207963,65.3054340071176,420.600170935369,420.496556792477,420.874385396177,420.742622447288,203.799223572648,420.421870368954,203.442210001658,420.92017288587
421.125318743131,65.4866854476032,421.317273197481,421.161711350343,421.055945351446,421.258352397056,204.335850700839,421.559152224968,204.162074461089,421.060578814263
420.899301398875,66.0410292042133,421.358280946522,421.016431148982,421.252699052292,421.161644594169,204.178074635411,421.037042604083,204.437577081092,420.95099190942
421.070207409357,65.3875754473016,421.276888665285,420.958777792915,421.424903812171,420.909563220307,204.095219808301,420.64031365273,204.127182277407,421.639127664364
421.407169363629,65.8441127333375,421.017077386248,421.265029819872,420.645008603254,421.425323894309,204.490016960765,421.234349720793,203.891581307452,420.979415930636
420.69248559448,65.7907231348154,420.451804529974,420.537544022061,420.783805054635,420.608824300551,203.800293932076,420.526004744408,203.562988168162,420.485407105551
420.52520585221,65.2703431992362,421.099950331085,420.633965006802,420.576324583374,420.915249641863,204.12715059681,420.15004714792,203.951664201032,421.079745526035
420.963721707027,65.4287751581894,420.462989878095,420.434921020091,420.746790510856,420.368841405015,203.493256013274,420.456956164157,203.979108435815,420.732676887021
421.586371221044,65.6704354787924,421.395897273955,421.1035248205,421.094604521435,420.577677087278,204.348282691443,420.966702116957,204.266121477945,421.451786409833
420.395451242992,65.4732851166957,420.840379616177,420.222781191844,420.559966884908,420.722725013746,203.78505862236,420.346239248457,203.574006089584,421.253378060654
420.769928462424,65.1160363028608,420.640010364003,420.542118509548,420.420453363298,420.307516113815,203.52604024943,420.280838155553,203.395429641572,420.46461804435
421.564051238734,66.0417792944774,421.354764544701,421.203328479763,421.266128544467,421.167275107948,204.537498761915,421.348966751587,204.299140786137,421.644093753135
420.53476169109,65.1380621993611,420.468783832929,420.326880843594,420.490090297764,420.287949638775,203.624289527857,420.359430771444,203.404933823458,420.676021315928
420.563750624668,64.9039421008182,420.723002707058,420.235119955289,420.521667938197,420.315272019938,203.67776608277,420.272287000992,203.38462677233,420.743552675294
421.333693280635,66.3507810395182,421.653190043609,421.289808969049,421.238406395859,421.440546978335,204.448543193495,421.426001840019,204.34666932622,421.215408292258
420.684454749454,64.9985025307686,420.534391409262,420.103977769772,420.41435940021,420.366825434981,203.845078323931,420.352561855524,203.44060569418,420.338927005589
421.656376091119,66.2081492906548,421.174785521777,421.330641353422,421.300900368219,421.486364666743,204.601911274461,421.361819061192,204.35567188416,421.621548133911
420.632298061636,64.9936890145216,420.736742242112,420.346562850728,420.617411454993,420.202811381161,203.456008659505,420.248706544474,203.155165158429,420.382038251625
421.443634402217,66.0921709441409,421.51442442977,421.556142244768,421.136071853648,421.174774192886,204.732028175372,420.800557595066,204.409539658908,421.717945801259
421.275509011925,66.4944807446214,421.353562770298,420.907986961591,421.322879092859,421.224622551884,204.729694790436,421.151408121518,204.580666374621,421.5766454956
420.580401330934,65.2763325693644,419.901646214874,420.43095624321,420.052587277801,420.568685854327,203.507699653933,420.381804923283,203.146189542602,420.778093343088
421.615706584895,66.2320725874764,421.669255849149,421.127285207205,421.388559886094,421.503892154462,204.665431568278,421.613608988577,204.509026294384,421.263920724671
421.421987310732,66.0588456963749,421.53047135271,421.16110777427,421.51085062828,421.451267308897,204.845590213735,421.2667580159,204.660371083986,421.622301353979
420.653348772303,65.1420224350543,420.018047522934,420.226482354526,420.208425591534,420.318504187142,203.846175781883,420.064196306079,203.49347365354,420.568916554964
421.7969062082,66.2461616616296,421.86990902492,421.435591434124,421.639972758388,421.389755773819,204.75675024848,421.729553598975,204.593978163039,422.038727039392
421.789614789189,66.6256848231939,421.910242932241,421.442174995779,421.653645677495,421.710452511398,204.954616067989,421.774267043972,204.811506633162,421.740224606547
420.188881828746,64.7527019314292,420.087930864555,419.949642949165,420.015595063703,419.865429464832,203.221308195971,419.967554947533,203.023146147691,420.264688019859
420.188881828746,64.7527019314292,420.087930864555,419.949642949165,420.015595063703,419.865429464832,203.221308195971,419.967554947533,203.023146147691,420.264688019859
