421.07030724559,65.6248847806313,420.953774051996,420.845738446077,420.897846250875,420.755186761812,204.11419354027,420.865587118718,203.91473180989,421.14861503781
421.23907165692,65.8255153151616,421.016488058153,420.971486871509,421.186630648078,420.822910860584,204.008413553887,420.722173957245,204.00793826115,421.219767646973
420.804509917278,65.6277256168338,421.011461495954,420.740756143245,420.643826684223,421.010435605039,204.062242489954,420.616241934689,204.078889948678,421.024127444029
420.587106980147,65.5063805369296,420.534213079062,420.555178700706,420.954695723336,420.832417759806,203.762910978632,420.928681370921,203.956067109864,421.182237847007
421.1111468302,65.6657854867571,420.978457146628,421.031127141993,421.427958772367,420.752542479293,203.861750756622,420.566478712498,204.115033308005,421.187587644913
421.046851839403,65.8882548436305,421.429750721662,420.665662129386,420.819644910057,420.851563579234,203.712974515038,420.563545352255,203.865597240257,420.793420620366
420.843422291732,65.7791037078456,420.71986932092,420.986408903769,421.12745672356,420.97870552201,204.470775075904,420.947442449209,204.110709195743,421.098356054338
421.107320988728,65.0656039707789,421.260502299402,420.753070083894,421.17899334154,420.675034777228,204.122621762035,420.678843996965,203.751005967031,420.898921990927
420.919607133005,65.5500082154197,420.723234981943,420.695273633524,420.550522078646,420.595968094373,204.095150634069,420.542165045725,203.739114065167,420.975435805667
420.705042415952,65.143019071691,421.027908124087,420.688654994815,420.81384939515,420.429502722158,203.753627184381,420.93353140819,203.74058740436,420.691261156902
421.072381411205,65.2370103733485,420.737339277696,420.711601493325,420.604378465143,420.848193545328,204.014401436587,420.486377780541,203.972449656367,420.73282113253
421.073194412221,65.378875329977,420.40129607408,420.653544019485,420.650127500034,420.831226371582,203.798560189715,420.643396047927,203.558631782189,421.027285513768
420.963067294061,65.9109793259364,421.071469025949,420.87708219483,420.824757644544,420.859855423832,204.513713160401,420.784877774192,203.985891879709,421.144477063355
420.846184555387,65.8287491016436,421.101865042466,420.837896863137,421.169875605509,421.32214729056,204.340551988748,421.151385517549,204.372448360706,421.01607628492
421.243664456843,65.7667365023604,421.233759905223,420.440374332092,421.119414785322,420.867281885561,204.321875367389,420.616166460855,203.998943071871,421.226221214297
421.169676429217,66.2873993607824,421.17059168169,421.174468197661,420.864641728202,421.232665433315,204.019235282477,420.970248108971,204.126464971003,421.31357568129
420.864283017357,65.5370221782576,420.485975621261,420.771596362634,421.094394702879,420.73798499078,204.333059472473,420.561242528139,204.200053846107,421.330409847114
420.811564708095,66.0657506755491,420.848910737265,420.659263373631,421.075105616558,420.595071289636,204.368720331791,421.169571807051,204.171049740462,421.154680585407
421.238077717126,65.5069710325229,421.106227551851,421.114584623607,421.392973725396,421.165437846262,204.094842401556,421.437290267248,204.185841151273,421.530450605682
421.556343941555,65.5689626922827,421.089016591778,421.217442670355,421.050763861907,420.994207949865,204.560440275341,421.165936493917,204.101008539033,421.013284390064
420.942924574627,65.9980581193407,420.675706317916,421.415773112559,420.59126755604,420.864498157159,204.220885321651,420.92066615345,204.054984683763,421.505391088409
420.72909524333,65.3106352822093,420.702733038072,420.58397189934,420.918893030943,420.24653126814,203.673741532468,420.398297807485,203.808944086253,421.1082103065
421.280741945281,66.0399197041307,421.013013745748,421.005366709113,420.997074203952,421.091781127709,204.256123375595,420.677701471682,204.485181283963,421.384993260131
420.937866837643,65.7920481130197,420.462187522677,420.703749254374,420.563448263367,420.454771637023,203.55044131405,420.32475093181,203.794317821947,421.035698035192
421.05881220147,65.967603152217,420.777299506016,420.71042877039,420.714271822397,420.711358250074,204.080771871854,420.426638058763,204.456233919115,421.288837732911
421.290403334654,66.2731045673712,421.061680604769,421.291582461016,421.017125236691,421.003962420304,204.166094691586,420.64995429973,203.880891738248,421.600501804896
421.022647420288,66.0448265495576,420.546633392762,420.305122482505,421.368755276912,420.384043974189,203.78379708516,420.807225979972,203.977595384811,421.064265906271
421.244867840198,65.8086294121954,421.154892362277,421.180610799967,420.798290694108,421.265423811834,204.16365825402,420.888937655845,204.64783238509,421.5596026783
421.281434781104,65.9263500092731,421.211554652252,421.302757414418,421.504337992799,421.363102981966,204.395476731261,421.272173785138,204.354384452313,421.423933835449
420.747745763021,65.131524217422,420.943215837537,420.366386055315,420.599472400728,420.078203005697,203.645866255159,420.53959562951,203.724200854308,420.693104528278
421.358255589055,65.6472742174302,421.458681253328,421.141712651261,421.18259533289,420.95534494956,204.577413604407,421.444923655362,204.351759584386,421.646907819897
420.649844124302,65.2709904480743,420.615551099592,420.441779664457,420.491664307624,420.475758954748,203.602399919377,420.113024464943,203.553205131642,420.413220533314
421.353323580318,65.7088963674058,421.435348999111,421.121429498448,421.147663236378,420.814239989178,204.510601790607,421.343861256327,204.579381632624,421.69365565781
420.589086434348,65.5181045523672,420.547694357678,420.494876206396,420.768647268698,420.218156760109,203.476586987551,420.08156693353,203.492320953754,420.396913958799
421.469158671646,66.3342167877185,421.207729213249,421.252179534635,421.440519767775,421.005459235903,204.488595149836,420.928125970426,204.627701263778,421.303435652328
420.517314527198,65.0945731220633,420.725916641105,420.58842277979,420.360015975818,420.261401799325,203.544282479713,420.191047440576,203.354484666993,420.602529479548
420.544774795622,64.985406296029,420.576532386334,420.282288682678,420.574856582918,419.879048011413,203.786466791509,420.556955517327,203.577074989112,420.486573820992
420.697456422237,65.2252323834193,420.713340105653,419.9993877591,420.359195052017,420.401447201995,203.381664795231,420.141993826286,203.413433977276,420.789733628727
420.818687666639,65.1767479941492,420.450378069045,420.5610117114,420.267438813899,419.997656067006,203.424804406953,420.149010703805,203.530893663548,420.362331227732
421.951438918742,66.6692410194393,421.795263913377,421.727477446234,421.684374551924,421.630338023106,205.100067264711,421.77867695122,204.776492536339,422.002835411155
