421.07030724559,65.6248847806313,420.953774051996,420.845738446077,420.897846250875,420.755186761812,204.11419354027,420.865587118718,203.91473180989,421.14861503781
421.255794307219,65.8646713147799,421.034516806274,420.663976459642,420.837680340171,420.895665103333,203.599634941679,420.882399422739,203.996580006373,421.132081955003
421.180245016958,65.9126175714264,420.931010931015,421.072495582635,420.998400338087,420.893010562218,204.095867946591,420.866361852834,204.153505334118,421.332790205167
420.971762158521,65.6808221333146,420.781401456055,420.712327411575,420.702981088375,420.634934321994,204.09399340944,421.037886695444,203.821340134433,421.400869530163
420.715156830134,65.2963226274886,420.87103227534,420.775302943281,420.575785756256,420.505335768805,203.923538910315,420.89111307114,203.813278118995,421.149362428575
421.177938869143,65.4734667328833,421.005471992173,420.692495697832,421.150196249306,420.699176151601,204.052985285007,421.247614106113,204.005398074816,421.468110364101
420.997273458649,65.6634921581401,421.160570612064,421.03829878898,421.179516499885,421.109889749815,204.520642244947,421.20315266001,203.800826773769,421.244950477297
421.144649921074,65.2616279724427,421.129702486779,421.137566877234,421.261797128848,420.745897482224,204.165861603173,421.137885116522,204.07482930936,421.488472025082
421.091910255186,65.3338469582636,420.81191025188,420.733968224616,420.760628842161,420.372052827601,203.830131314645,420.580747118474,204.153575033147,420.917893854926
421.186030792882,65.9766277978284,420.915410977358,420.617721104374,421.0679631708,420.579661320936,203.95563067735,420.794375324345,203.801583341757,421.49787831158
421.087162208329,65.8517464205813,420.739087147134,420.602290940307,421.16639408657,421.308348178096,203.942131269867,421.155275084643,203.781652378391,421.563833799176
420.838606893306,65.5779157923296,420.623220895202,420.930651367604,420.512906632125,420.567315191637,204.260263523274,420.620640368078,204.056904896195,420.91579407163
421.458208316169,65.7315256932363,420.79187736734,420.929832577614,420.976920446743,420.911561446911,204.222226374343,420.801817607474,203.911070964606,421.596874401017
421.396036766792,65.6652766414504,421.070422096761,421.304249732093,420.717516920788,421.148812788051,204.397303052614,420.975883704447,203.697673441217,421.343593626102
421.371368540266,65.8839681150325,421.243913218598,421.197978619421,421.00136665072,420.732878718206,204.271663995884,420.701034134047,204.235201106484,421.141908466995
421.335474191941,65.0865104935349,421.089267896977,421.117187751923,421.010985859779,421.245214183103,204.272937939409,421.018371402909,204.242038096649,421.364235690417
420.923032539334,65.4691772541697,420.89506582523,420.721220515151,420.653240293187,420.184736723802,204.183879806901,421.156739236274,204.074920986151,420.872068474136
420.898377910008,65.938834987497,421.050079635494,421.41814946427,420.931129733522,421.20396721175,204.237815213289,421.290338000191,204.271789732249,421.430238018437
420.75271448116,65.6315432481466,420.710013422466,420.622513129171,420.704990586255,420.396730349931,203.712401316229,420.339504862308,204.138191322881,421.365636970017
420.464440282694,65.1920343527857,420.697902740846,420.741615647064,420.740809438454,420.985183789699,203.341981842352,420.436956334194,203.993949494792,420.435122670854
420.793205194004,65.2573943604512,421.063679012988,420.264856959063,420.500675563962,420.461762760275,203.678403826523,420.601033314259,203.359968275385,420.872801676557
420.785910099348,65.314475748021,420.415242794633,420.598543527117,420.341842754987,420.56334713079,203.661101630969,420.242563279911,203.623770999358,420.845739162532
421.50774069549,65.9669648031311,421.423804905737,421.148433379133,421.111309197232,420.937319161264,204.639234256108,421.386162186357,203.823288137401,421.523666234685
421.224902436365,66.5318106274788,420.969713988114,420.556437291538,420.561182392891,421.252035445352,204.396036625242,420.944862339085,203.964013046771,421.472952048717
420.59917294175,65.2533227174938,420.490950101279,420.51829338445,420.096210668476,420.330814037659,203.773013194278,420.642030656742,203.477786243705,420.664012895156
421.218887733613,66.0531546297254,421.061304446784,421.400518584583,421.081055688771,421.426315375785,204.426059632212,420.737770757453,204.600039396073,421.555754656581
421.136609673701,66.1538791450851,421.240715691356,420.974306573848,420.712514324402,420.770874420918,204.614575776057,421.453849714098,203.804197701232,421.794349095248
420.907564062392,65.1277758276327,420.536107283008,420.605478724631,420.31924662054,420.149994524283,203.633016662374,420.260026334636,203.529197746515,420.900793961261
420.780749022128,64.9235663142668,420.159173963332,420.450130300308,420.390263043088,420.498226479984,203.451727704198,420.558808286568,203.470826881739,420.48272393698
421.551663613082,66.2175053118381,421.623538594153,421.331701566353,420.805544044596,420.838685241059,204.626134438581,421.486270254826,203.82751530541,421.495627156562
420.617224364946,64.9331294867627,420.170879967048,420.568491004554,420.385464636159,420.375507532752,203.781819794297,420.592713696639,203.303962179895,420.44822278632
421.663370530374,66.0750518586289,421.409878393124,421.268969175728,421.324691573334,420.985250803159,204.267766192279,421.270620937509,204.586529506548,421.757424886721
420.582297178625,64.8151505486714,420.424492958432,420.187929340397,420.489703189656,420.410076797535,203.689813533874,420.28790975288,203.465856528884,420.678757885162
420.577710064679,65.1164206208414,420.114842394659,420.476851715334,420.49786136696,420.259237367202,203.392642631838,420.060006230219,203.479571740706,420.403129459061
421.701586688362,66.194115469356,421.286815184031,421.52985243285,421.461783912561,421.304050187455,204.526459118461,421.201261555332,204.361158722635,421.918707006175
421.790562701138,66.0319189953402,421.53412456074,421.493880380036,421.500700871759,421.17673135913,204.617869055804,421.264385562911,204.5311028671,421.67742632724
421.055910054093,64.7165995838239,420.535456118663,420.624668958228,420.70810687011,419.84517343636,203.764306284798,419.98038328024,203.788503256324,420.444502324675
421.69564223335,66.09280127958,421.490408460629,421.585986737437,421.317653741799,421.277823488929,204.545597363867,421.206525854096,204.593823413441,421.828027434373
421.870565357643,66.2438387170943,421.207981659955,421.164363977464,421.227687283165,421.459068203938,204.872496126886,421.724266590118,204.391388843863,421.610495895446
421.82953051005,66.4018386080796,421.579770247172,421.635535733863,421.669673724269,421.279638358269,204.90511437914,421.532839198912,204.896196244414,421.948352885398
