420.833854285349,65.4749400879158,420.892318917628,420.860157567778,420.885808365872,420.936665796963,203.794568212518,420.717752247663,204.020821173548,420.858349375539
420.974586627205,65.6318719794627,420.96345887429,420.874094765362,420.805390226162,420.819139390448,204.096753219937,420.931041695077,203.917980456048,421.135905078574
420.904212799148,65.4539839919552,420.952556673603,420.7289132432,420.820266006742,420.770804431907,203.852519681331,420.723184501848,203.824594800839,420.959849711691
420.940484552853,65.6121507291355,420.934693710061,420.8272959253,420.801827250824,420.775208212355,204.061691192565,420.90094978725,203.920758917917,421.144839075884
420.9651397876,65.7544543359962,420.929369073631,420.785055300693,420.83090244197,420.981985048176,204.050801568896,420.832273875127,203.961064583983,421.07543681832
420.985805754204,65.7455085307369,420.953116022063,420.765142512248,420.762389046312,420.953775623334,204.002681168439,420.804167143665,203.939784091942,421.053754924207
420.957912295885,65.748928985689,420.900728697818,420.767936760832,420.753761077777,420.936411680837,204.004105405595,420.816012795865,203.958757294844,421.037493503623
420.924673912895,65.6165777152074,420.905207525675,420.864516956451,420.91454512836,420.806787684578,203.899884030278,420.73022055231,204.099063561805,421.121925802552
420.924673912895,65.6165777152074,420.905207525675,420.864516956451,420.91454512836,420.806787684578,203.899884030278,420.73022055231,204.099063561805,421.121925802552
420.867409001937,65.5504337789614,420.894002739827,420.798075212617,420.870657005808,420.773499193955,203.856708179163,420.688883423051,204.012225622485,421.06300921296
420.842617154854,65.4004718114042,420.942683112837,420.698774968797,420.78435220907,420.795724432887,203.800675436959,420.736417138032,203.835154359204,420.930101462016
420.901497619009,65.5428558330199,420.896725292171,420.811215507121,420.83421932746,420.782385341513,203.871051092661,420.672305082611,204.035368049205,421.064211093045
420.829048299565,65.471240512326,420.805450951706,420.7996470684,420.710962870879,420.765633847249,203.870548624236,420.771746591682,203.876674947136,420.894911303257
420.889776963586,65.566511275689,420.889906555594,420.826130312212,420.90851747348,420.788086498923,203.838000106838,420.671283482366,204.086230490124,421.063272083906
420.896780326048,65.5589037592744,420.877256340803,420.753703252515,420.863336444018,420.755368588222,203.865397573029,420.680702129085,204.017614610953,421.030010074197
420.873367088613,65.5507997353596,420.852249578769,420.773423343279,420.846583319582,420.762448789748,203.818295416002,420.678831980182,204.00292246646,421.070146432783
421.105827857593,65.6515031638822,421.06115626745,420.989584075014,421.036263375773,420.896537647416,204.016856501767,420.923598328622,204.168625584562,421.147256671862
420.888704307913,65.556518517416,420.854876887751,420.812703101435,420.876843458402,420.766380878554,203.896941305529,420.649966880655,204.020961110242,421.05364792334
420.857397466925,65.4538924722727,420.956910889878,420.662814953189,420.779330822165,420.764765737365,203.81725148788,420.730841058702,203.792141388454,420.920858319182
420.992338793806,65.6692499907139,420.960979938401,421.032073989815,420.974006959341,421.047420636715,204.023436373236,420.808350012899,204.173078418229,421.137237230928
420.896088185142,65.5901851751636,420.899803701628,420.813255636466,420.83664805287,420.786542344878,203.89125808807,420.652470980301,204.055826569277,421.087393541074
420.909066592222,65.5262777044724,420.824169054503,420.785916764681,420.871010070365,420.736917540525,203.840306340009,420.660238304341,204.037083545316,421.015839076653
420.858369709208,65.5502735115208,420.838903321989,420.798212752765,420.848240924674,420.740483480891,203.833579826592,420.663916348623,204.032759358119,421.055621598865
420.858369709208,65.5502735115208,420.838903321989,420.798212752765,420.848240924674,420.740483480891,203.833579826592,420.663916348623,204.032759358119,421.055621598865
420.848338436814,65.5007083336296,420.751220716902,420.791831782976,420.825278232985,420.793805703549,203.845233714602,420.624586003191,203.885862726073,420.888999138488
420.880189536943,65.420641828922,420.949697369719,420.694371224043,420.758234511833,420.724814584332,203.847450770936,420.708408136455,203.781171257513,420.89515571823
420.981576372339,65.6714601308368,420.978882073397,421.012075786445,420.959917316057,421.037802884092,204.06933928348,420.785482597196,204.182287335408,421.11684420828
420.853894600977,65.5384355527742,420.843445128494,420.79336437536,420.824747298362,420.750376415595,203.845792348399,420.634180165491,204.009701905843,421.028296316049
420.853894600977,65.5384355527742,420.843445128494,420.79336437536,420.824747298362,420.750376415595,203.845792348399,420.634180165491,204.009701905843,421.028296316049
420.891185098873,65.6770994316953,420.827487004552,420.681078254003,420.708116879587,420.870593985982,203.925297183347,420.711944023992,203.880552336649,420.985021995111
420.915540259073,65.5153572093339,420.806486030208,420.810273699565,420.786723488104,420.727830353975,203.854252318103,420.654505619981,204.010075610117,421.007189721803
420.85005126254,65.4088356750065,420.916468395268,420.662609039513,420.767308753148,420.737541453469,203.798307429684,420.698978205264,203.784979081655,420.882145378122
421.150586118414,65.6855069329461,421.056527595439,421.018343654986,421.028381039112,420.960355606097,204.082003631123,420.876314193578,204.178033996794,421.147052625965
420.760132323149,65.4818140235957,420.810251183402,420.733057685343,420.706878916304,420.744250023982,203.8475903505,420.726350720187,203.875096547945,420.885982657471
420.840005171072,65.4388375771271,420.885190388851,420.635873473511,420.751067571942,420.749778609074,203.766951747153,420.658728498961,203.77155143789,420.912262962634
420.857165859212,65.4823632299954,420.800896747026,420.739018676946,420.77415035857,420.734246236933,203.770982038768,420.595989006801,203.97543591396,421.013839851412
420.78637223864,65.4617199087197,420.772337120688,420.741692282956,420.652056590628,420.727811055196,203.845393211201,420.732704642738,203.812706019097,420.821442874172
420.837465788028,65.450314921296,420.746256363591,420.734973267928,420.80106776947,420.717727958727,203.814665776594,420.614045071738,203.841309107722,420.807697555396
420.82940185673,65.3439077279088,420.717558069702,420.679913352837,420.716872359285,420.72738682812,203.737086366478,420.685094502154,203.794310168395,420.772907167329
420.773138110072,65.4520325868622,420.76256186314,420.697597213411,420.744068927928,420.656767712127,203.754388356094,420.560604654798,203.924096905677,420.958193225436
