420.922513154354,65.5708881511153,421.022575216418,420.855666801959,420.922939232892,420.951113055134,203.929874112027,420.861091594701,203.988648477838,420.960966872772
420.985509551361,65.5607011540046,421.040106565297,420.887080998395,420.91411710618,420.960418571975,203.877915456438,420.826000101731,204.008652249568,421.020879124126
420.981007028662,65.5789685318126,421.047696532132,420.877432735468,420.950280936638,420.955694069314,203.891037094019,420.814492213933,204.00240385072,421.014943145221
420.951277335256,65.5630776525555,421.038141879634,420.901635696772,420.896502992473,420.916604852407,203.916127634562,420.836006111091,204.00664867298,421.002240387343
420.990947663193,65.5699956472907,421.021552851944,420.882980486651,420.949250009738,420.987071898311,203.899886570526,420.839563332883,204.032864795103,421.005570546949
420.902213070679,65.534554535307,420.955188035776,420.875441194641,420.894370792128,420.899138645585,203.881072079954,420.783533773776,203.972424622011,420.956672598992
420.903383533986,65.5447062095159,420.97097175907,420.874292706961,420.88689675728,420.90061250364,203.883144544992,420.802453449235,203.989690568948,420.95265962383
420.935853497364,65.5813628257394,420.991414506658,420.872961949179,420.950618633196,420.951617922,203.929401590456,420.84836257772,204.029723959863,421.016190455862
420.956269659618,65.5255242940101,420.986560493463,420.835861776858,420.936676118161,420.900407037708,203.880746720396,420.863359277615,204.032924927644,421.012548713265
420.988524633526,65.6099914079924,421.040835545162,420.901991950191,420.938081360077,420.953136628706,203.928579557096,420.794562845028,203.994905772103,420.990990949638
420.929963343342,65.5929198532182,420.986954919647,420.895977662589,420.909297735472,420.956012192225,203.914642244457,420.781635872957,204.003581454999,420.994589527164
420.860401152457,65.5116807230859,420.966155610951,420.847833811758,420.879147764191,420.904616273915,203.838006479551,420.773897566127,203.942517295376,420.96279043016
420.917651083562,65.5468708680441,420.997747818848,420.880381568643,420.85069403339,420.880733362658,203.916661569647,420.802837527208,203.967918678186,420.949475062304
420.885328421305,65.5388317580373,420.981605931084,420.839697307133,420.847214019833,420.883192267466,203.831989724907,420.784721616842,203.947872369867,420.95599991609
420.93718169139,65.597616038469,421.029081868354,420.896162102929,420.913736470513,420.929416098328,203.931487420288,420.824322845203,204.029695561571,420.984734737915
420.968991721888,65.6103143974178,421.036579946972,420.939900894863,420.952504945182,420.966220691542,203.948752732894,420.868061637137,204.05529875685,421.018267811732
420.968991721888,65.6103143974178,421.036579946972,420.939900894863,420.952504945182,420.966220691542,203.948752732894,420.868061637137,204.05529875685,421.018267811732
420.968991721888,65.6103143974178,421.036579946972,420.939900894863,420.952504945182,420.966220691542,203.948752732894,420.868061637137,204.05529875685,421.018267811732
420.903911752802,65.5795296237695,421.007381207106,420.877308386643,420.897767043947,420.858166987595,203.89496804409,420.789590811903,203.983925689435,420.993963706617
421.002876424629,65.6175615835195,421.055415142474,420.919885092346,420.953827325173,420.987071898311,203.93040200676,420.854703683938,204.049266842079,421.027439942917
420.932998331737,65.6074006504917,421.003216183911,420.876939588333,420.926463592131,420.956741679682,203.90049144157,420.801027745137,204.038936928413,421.000207829878
420.926692758983,65.6130369620881,421.020408535562,420.878498508277,420.913637443997,420.973376807181,203.931273021176,420.791561309024,204.012749367774,421.002694456404
420.943504857132,65.5908459573566,421.00955795064,420.901040451947,420.916604075102,420.952809160974,203.914549365436,420.786514525339,204.032003012459,421.026072086576
420.908985546746,65.5322505197075,421.003571176314,420.862920621058,420.830102598662,420.907329532401,203.931654073885,420.801260573092,203.974119962142,420.974497911126
420.891136893367,65.5219779054748,420.968069418403,420.820489432324,420.880835898682,420.833506567318,203.87274548124,420.78808879295,203.951813228598,420.940870592208
420.891366936102,65.5135269370504,420.977100504997,420.808633407237,420.863777769827,420.852606786523,203.836004896015,420.770886646122,203.935254971651,420.943330899254
420.93842397804,65.5854040016644,420.997348308661,420.91000020604,420.91942424168,420.967690773835,203.959500654214,420.856008034272,204.070670981422,421.032180559
420.907046149043,65.5570731932523,420.960547471019,420.872635153845,420.909947503427,420.890182423544,203.930778601233,420.782625839304,204.020009247582,420.98191865413
420.873922400133,65.4985513822092,420.96143584629,420.799980473077,420.869473940728,420.87460071905,203.80106015061,420.766275256766,203.930136185099,420.917311913224
420.929256604824,65.5851604267797,420.962509747586,420.917305393523,420.888658537045,420.888355946087,203.910675453835,420.763490067244,204.023233074235,421.032359357231
420.918915101289,65.5890842783482,421.004998003699,420.83699345281,420.912468417849,420.868351107304,203.901598643377,420.824058194211,204.042330898829,421.011182830379
420.87133585044,65.553191655556,420.982377415652,420.842366462766,420.860226280533,420.891473775225,203.87684351032,420.740945037362,203.964247289278,420.94613567373
420.87756457315,65.5095038989837,420.961379811249,420.845288757025,420.84720998958,420.860038517784,203.865284617301,420.733094903034,203.950257350159,420.938576555469
420.859516926535,65.5152499594691,420.929039185986,420.811363150538,420.878562744069,420.876361471172,203.844191570684,420.748636712018,203.978294830885,420.967941101009
420.890982366326,65.5004192069779,420.951990963617,420.822517326135,420.867642828588,420.884871329588,203.891945452761,420.750313246642,203.983794975246,420.910748827249
420.866044930149,65.5245000562184,420.968409259953,420.836540998638,420.88113472028,420.868512209572,203.846886554027,420.736178790207,203.995818591758,420.967006770227
420.846922679781,65.4953799914606,420.92663266815,420.79968683616,420.848031804731,420.82605109142,203.829444077225,420.738882652023,203.933068032054,420.920368033489
420.875042462067,65.4892988132043,420.929316911608,420.835668597556,420.83528652843,420.85286349039,203.828039436426,420.71913791221,203.97223532078,420.917600327075
420.871660048826,65.4863452077159,420.92419876667,420.788668716542,420.822610949369,420.855855522507,203.799185630956,420.723487308134,203.918050466275,420.896223567113
420.836604882777,65.4689463474052,420.889579847875,420.809833006739,420.828762604226,420.833530457684,203.815463892052,420.717925585874,203.90681643411,420.89106441109
