420.943609154976,65.5718387095398,420.999733302728,420.879596389503,420.917562586834,420.927891741895,203.891966790362,420.808820293422,203.957883629508,420.954941531127
420.942632660426,65.5934186876277,421.0043507201,420.847250826413,420.931353865925,420.939252184369,203.89833631842,420.837801274143,203.976823647743,420.981231757656
420.929976558893,65.5600841049542,420.989263468937,420.878645278149,420.899606116842,420.96036761523,203.869489631943,420.816018304154,203.990043874778,420.933800520586
420.937880960775,65.5809171744829,421.015367714507,420.871784831636,420.9135194188,420.862034108175,203.930338204338,420.84902861007,203.946454966834,420.94088377795
420.950592141576,65.5468154044698,421.007620157933,420.886663769798,420.880150567733,420.912287557214,203.911542132479,420.819236799748,203.970041900049,420.956452392448
420.909704305474,65.5285550848811,420.971016364999,420.861841618247,420.900761243781,420.902164196611,203.860216149393,420.820835222857,203.983591259496,420.969976033294
420.853519477723,65.5583220587466,421.01137240857,420.868086605571,420.932165292152,420.916989836492,203.920705233632,420.844897782046,203.961358907942,420.972636530145
420.927951294153,65.5938556908498,420.991055289702,420.914551231714,420.919662058527,420.919496549843,203.91039982606,420.822300026517,204.001820702554,421.010678583996
420.935520338077,65.6133801564735,421.022052423783,420.8895828159,420.952570210159,420.937358251963,203.957825969501,420.857220504911,203.98973110791,420.992801960288
420.962694789491,65.5942248673174,421.038995179446,420.887775947153,420.938383279033,420.969092476722,203.930138059393,420.857897639319,204.018957659958,420.994203407845
420.913212453578,65.5752088874424,421.014978211762,420.866487594301,420.91035313842,420.904640021365,203.912421078058,420.825341203302,203.986287083636,420.977465289695
420.963654238439,65.6001562278584,421.05744199255,420.893260098714,420.961643048006,420.978293348288,203.930903592515,420.879119886929,204.024828792665,421.004575854194
420.925330316762,65.5886317512775,421.036790365494,420.878506536154,420.962157003533,420.927026179142,203.940717926143,420.846511823101,204.000309182464,420.992862104094
420.921741208656,65.5712613532389,420.982909665165,420.841656094442,420.891154688757,420.935748031852,203.894398401225,420.882279470277,204.024184043318,420.982056823257
420.927234552406,65.5843395564465,421.069508596092,420.879574886541,420.949261304536,420.933722893008,203.935791242771,420.852000502308,203.992671128631,421.013455343353
420.967343483416,65.5756775053258,421.027614632187,420.89895217284,420.928324780891,420.934353565234,203.977744116379,420.865257574103,203.997434672736,421.028321707872
420.920544917896,65.5256095981147,420.953746144294,420.83191484804,420.87396613116,420.935601992755,203.882949862014,420.793129718834,203.956704200557,420.972855334033
420.9542355601,65.5709676353278,420.999944529778,420.873682575567,420.912496746631,420.911093458153,203.903700282205,420.775122523779,203.971790390694,420.997641531897
420.937231045671,65.584858026529,421.032966965562,420.874387190322,420.971778266574,420.939924608969,203.918837679539,420.813172838886,204.006438963262,420.992264312318
420.907118616969,65.5451475214203,421.032178881404,420.869724509581,420.898817046682,420.954867159071,203.88483589395,420.807002613944,204.003459550727,420.973263740262
420.898496549596,65.5445440396106,421.030282090616,420.897516531244,420.943783352644,420.955280348839,203.922613806081,420.8483724447,204.036223118309,420.996119279107
420.95473449855,65.580782272975,421.034873243615,420.871012289021,420.933783066738,420.951922209277,203.919634643887,420.83247188207,204.027119514789,420.974635012201
420.891015040444,65.5430690552922,420.975807201202,420.833514976249,420.900750988481,420.913737263153,203.887032841356,420.80486415336,203.983471654361,420.964453986891
420.896595523428,65.5838387417876,420.960043173814,420.846168899394,420.871162489715,420.890747335909,203.886099905155,420.807066300814,203.979765743303,420.956282380024
420.955761640627,65.5813712767253,421.030246348553,420.898116770035,420.902844511314,420.936493221508,203.9214131979,420.878546478186,204.053063936703,421.032562712684
420.887037869099,65.5378166239017,420.958266612058,420.829843176031,420.885532411759,420.86269357188,203.867732763095,420.778308746817,203.930917770316,420.927608938307
420.999458822798,65.6507335632651,421.021443822769,420.863427496475,420.940360754508,421.006832575273,203.923382473318,420.830087143311,204.015362250002,420.999344844081
420.982768699954,65.6055011347802,421.031186166538,420.869263870492,420.926078393349,421.011322277055,203.97362387002,420.880437371698,204.021519615005,421.045085910411
420.948398784481,65.6270186712165,421.077665060274,420.871866307364,420.942008796672,420.932827302818,203.925084443587,420.891652240353,204.043845488185,421.015988662408
420.877115361805,65.5189676990503,420.992696418816,420.833581311398,420.899856209285,420.903638798248,203.863849489557,420.797111871901,204.000702736149,420.973604034962
420.911920099919,65.5345218290104,420.983739882514,420.848425642153,420.920393178688,420.928008867552,203.844946026902,420.747594752721,203.987495841191,420.919926270961
420.997695687341,65.6378491747815,421.059934847029,420.910871168751,420.957629297032,420.992722309932,203.965830674591,420.866923358105,204.035844488654,421.005888490201
420.903657850235,65.5619033242093,420.993964985659,420.896567657988,420.908095001628,420.924171241096,203.939505988895,420.781511030998,204.016073868566,420.990528397967
420.941777841873,65.6327687082676,421.036525533374,420.879935791229,420.947265709476,421.013071861182,203.93699493053,420.852871823651,204.043126289179,421.031875388479
420.953171857328,65.602224487997,421.030727255752,420.861808650986,420.913934514986,420.930752299936,203.92821122245,420.800122384754,204.021102561796,421.00137908504
420.946697876549,65.6454501929955,421.05148643369,420.905156093982,420.977963648369,420.978748094069,203.927562647835,420.862786438984,204.054690491373,421.042579788248
420.87422181463,65.5333647790563,420.976347848996,420.7964574894,420.850573122885,420.870353476549,203.869243500515,420.79015893836,203.90532401794,420.90467537495
420.924078735133,65.576560465958,421.017569733107,420.824134259426,420.938090719187,420.961339722681,203.89996879957,420.799187600457,204.048127599235,421.018898441855
420.986150589017,65.6454226759279,421.079223071255,420.911766588581,420.983140286567,420.975168542415,203.981172838898,420.908011355652,204.08092614953,421.051511312772
420.998445466939,65.6463035154321,421.081503044725,420.943790088149,420.985208115193,421.01739756925,203.987648199928,420.889239521216,204.075762206345,421.05895594087
