420.965679780555,65.5187866751752,420.99156415842,420.889597964659,420.97384299271,420.951233854055,203.919802771813,420.892140840187,203.906090790333,420.976618795115
420.92718177458,65.5309361803987,420.943932900902,420.897420162931,420.964380980779,420.927616534209,203.890126037898,420.850355011527,203.880017092676,420.994060893813
420.966984434326,65.5140667541285,420.976836088194,420.881113040428,421.004841700463,420.975829113788,203.919393412983,420.896045962905,203.901473210355,420.967714759892
420.970238551614,65.5423241147815,421.020881073946,420.922329131263,420.982773730568,420.971625024361,203.909769457164,420.867140167677,203.922003784695,421.004401708375
420.962843405525,65.5384999763555,420.973054741853,420.908616335399,421.0044503004,420.937694080926,203.89006900879,420.861473377783,203.935476203874,421.006816054179
420.946055946499,65.5593333383689,420.978666975579,420.87679081516,420.966928196779,420.952663931736,203.923642647514,420.844173197621,203.887330574129,421.019012640732
420.941821047134,65.5406125298919,421.010095101398,420.903697133197,420.98832780667,420.970204577868,203.934073481118,420.870761657325,203.931939440071,421.001936431052
420.944756091649,65.5496404580874,420.964866744842,420.885589809603,420.974229852785,420.979355947698,203.96071960489,420.896216798643,203.908174034918,421.03181035114
420.921502851955,65.5055227689169,420.962742587678,420.865055226548,420.958584514082,420.915156029032,203.886301934292,420.830194025244,203.889465064516,420.964430340716
420.929551913587,65.5001880340726,420.931806989886,420.900252017329,420.943614048532,420.903317396476,203.928717688964,420.866814610382,203.911007181052,420.991453227889
420.955249116857,65.5202484117833,420.977609823264,420.912777217319,421.004889758251,420.941232688275,203.939222213343,420.868848837768,203.941500389068,421.00308515324
420.965762321511,65.5550387448491,420.994980063634,420.902218631993,421.035088596359,420.956683472024,203.922865430589,420.829922575493,203.907159310712,420.995326301849
420.918388904532,65.515170005188,421.014620541606,420.902924380047,420.984814815356,420.94283551016,203.920198596682,420.854814035013,203.932254427043,421.01495241254
420.960036796778,65.5377132319878,421.003002072314,420.933774921189,420.962634128725,420.923841896035,203.925674067202,420.836506686304,203.946382317949,421.001400214991
420.955493539572,65.5425615357669,420.993587540861,420.905251889567,420.961514453928,420.954952656963,203.963985891496,420.860983887555,203.930340076837,420.992906554316
420.886412965078,65.5114885944714,420.947025750393,420.889383639766,420.958553898514,420.949281853694,203.912205163228,420.81625466647,203.883402305963,420.995936617529
421.007040522891,65.5604036350113,421.024694537462,420.940451989645,421.004374314041,421.003042536867,203.927009826273,420.910058204579,203.964843051841,421.059824432673
420.897007247029,65.5068868310757,420.919415170019,420.887396364612,420.947991246255,420.927421045343,203.904346596269,420.814115404815,203.892503457596,420.984662297209
420.976025627231,65.5199780545291,421.012909533644,420.950994211243,420.977211259361,420.924517053745,203.934403504147,420.861823734412,203.97347362464,420.987668064404
420.887298804531,65.4884797774928,420.939100491211,420.902779926592,420.955332664137,420.924325313604,203.896716086051,420.80849984297,203.896813830956,420.977871586901
420.893989865735,65.4976125128211,420.938153103178,420.863228196545,420.950763135125,420.907537862299,203.887625691756,420.816952805311,203.881791455221,420.95840522643
420.977733132406,65.5741984666624,421.036211597864,420.931157986223,421.009430728657,421.012544735599,203.947013935346,420.884006800623,203.950317841108,421.046988936709
420.922519992537,65.4978788380534,420.943674585192,420.865604571085,420.994826820496,420.907076462618,203.878808262677,420.789568094447,203.879037423294,420.96613996613
420.930996925108,65.5143346969398,420.969332902308,420.827885843765,420.985844067961,420.941990486834,203.908746171665,420.811950936258,203.879823090215,420.960688646415
420.992763256971,65.5501434069956,421.022494670083,420.96806257002,421.041661745441,420.969327385984,203.963489259738,420.900189226708,203.952611850934,421.056428402632
420.934465306329,65.5084339158395,420.981482703085,420.868089854046,420.956925839105,420.875888252347,203.878370855532,420.808124041071,203.921505129011,420.989592310036
420.921551174226,65.5683970684653,420.983664790473,420.886703129094,421.025157656369,420.980006650692,203.96602426624,420.855510518121,203.931744623843,421.011719072292
420.912810051592,65.5086453847517,420.942548279466,420.822161103625,420.936918653075,420.925577911348,203.901510295429,420.808414107972,203.853267548278,420.941658584865
420.97900679186,65.5984619226508,421.002928653867,420.970278233877,421.041845815977,421.000081843506,203.977226375652,420.877577424611,203.950133978336,421.017885224313
420.923573881451,65.5440737251193,420.947897805496,420.898570419973,420.948586679819,420.947099276675,203.966147372049,420.815142708125,203.924594880911,420.953537593041
420.960162763077,65.560105566263,421.037175214985,420.889708028525,421.04963004108,420.959272069261,203.98350791984,420.898624847262,203.921491923221,421.039516253357
420.933652288697,65.4628670001485,420.954002112594,420.856665507424,420.921674188191,420.903109880469,203.831511841218,420.779808924567,203.863670158522,420.925404770081
420.985847665274,65.5700583490939,421.030062234394,420.914434393784,421.053697655662,420.993629629792,203.977974190988,420.871677990331,203.943462110834,420.993136978052
420.933618916562,65.5517812423749,421.034758085612,420.910258356228,421.026343980769,420.958445032435,203.982353996752,420.906216725007,203.968268508637,421.00862539807
420.970462403592,65.5780607715964,421.002695863668,420.951956398135,421.052465269967,420.976325239976,203.968007354708,420.865766231895,203.973850758914,421.017794993659
420.881620902526,65.502526271822,420.937688542524,420.812344118561,420.920332355855,420.858540394527,203.832049565837,420.825899046075,203.849199634804,420.937304156488
420.980698495919,65.5941174656157,421.061285898128,420.967039436772,421.041502730779,421.005524611791,203.990757216866,420.929409612522,203.991461396152,421.052434185597
420.980698495919,65.5941174656157,421.061285898128,420.967039436772,421.041502730779,421.005524611791,203.990757216866,420.929409612522,203.991461396152,421.052434185597
421.029766537619,65.6184014886607,421.071332808705,420.973956156177,421.078066456657,421.039037137876,204.000648989593,420.94121302555,204.002194910665,421.072105313189
420.829565178195,65.4331878252809,420.873728415638,420.798803509005,420.886338447585,420.843113174759,203.823201004215,420.752528117771,203.817366767681,420.893980538889
