404.416889623564,64.9643731668988,420.016853393613,415.462312428805,460.569877164488,445.814420542937,191.433020883042,395.477153191161,190.71388361424,452.907467126346
217.565931322703,189.932908337062,401.578731999233,392.55269027756,480.284938582244,370.022127147991,311.264143892255,432.006011318221,105.34753033224,447.339334209753
212.340648757498,-121.005778381236,47.1577186466455,384.836119802783,349.267567438773,422.399566379501,41.1662046252482,391.669628517574,126.071638872755,476.453733563173
404.416889623564,64.9643731668988,420.016853393613,415.462312428805,460.569877164488,445.814420542937,191.433020883042,395.477153191161,190.71388361424,452.907467126346
404.416889623564,64.9643731668988,420.016853393613,415.462312428805,460.569877164488,445.814420542937,191.433020883042,395.477153191161,190.71388361424,452.907467126346
452.208444811782,-9.29373961652971,460.008426696807,394.880460058295,433.163669219884,347.488445232923,233.021134651972,255.218472167568,88.4024259402378,422.334747662102
303.933689559959,269.115515618836,405.24718737962,187.770247435511,466.784758034471,241.115585730322,23.8820438278307,197.325583087648,148.386869689596,437.309586474889
303.933689559959,269.115515618836,405.24718737962,187.770247435511,466.784758034471,241.115585730322,23.8820438278307,197.325583087648,148.386869689596,437.309586474889
-295.022667254892,-299.77309351357,-156.865968281923,26.1437047019757,-8.80245403695764,145.440605393581,-5.32028430631914,60.4654931432605,-500,-306.857921062404
186.699623116472,-380.265037640496,-50.4032569631106,182.13341710008,52.3925674387728,366.844010823945,-330.628667169624,69.0889833562833,-318.37280557169,34.593268446894
217.565931322703,189.932908337062,401.578731999233,392.55269027756,480.284938582244,370.022127147991,311.264143892255,432.006011318221,105.34753033224,447.339334209753
500,297.809658612716,394.440164041256,434.581140507823,456.270760054262,414.030382888157,296.540484815956,225.930858082672,103.977631462292,99.8662145504388
-52.6449531632298,-265.408502105163,-258.557046013254,-137.659165313484,166.373353819312,-280.857236358618,-472.335628138667,-279.806804842083,-500,-24.0145303664331
-292.232740218833,-488.946384845122,23.4703760960327,-271.165565792727,139.487022328393,-77.5441889276762,-459.281821013053,-310.651604570053,-237.462086531418,-155.361212705031
404.416889623564,64.9643731668988,420.016853393613,415.462312428805,460.569877164488,445.814420542937,191.433020883042,395.477153191161,190.71388361424,452.907467126346
-332.94798346626,-308.265644962305,54.7371866358171,-251.397904052223,-165.28687784092,-309.823661638407,-380.469599430533,-146.603245331516,-500,65.508016052665
415.129308301197,118.032297098178,383.024907015648,457.731156214403,441.458746513651,472.907210271468,127.542793946937,395.238086287039,285.333412009044,476.453733563173
419.73563430622,-84.6332202357864,-111.324376894486,170.613367006272,55.9544829747676,92.1975437753968,-273.053642809099,-194.769243312787,289.267602689047,494.611564100348
462.053451313782,-201.810908159014,367.860146805151,406.090631995319,20.648295320429,-39.2597445334938,66.520784703635,93.5732448166659,-307.297806701487,411.373443635079
20.454686941912,-500,-133.673389072297,92.882298808981,100.210153993656,-12.9463612978898,-79.9731300343727,278.758239035053,-241.416041307326,-320.504488057711
60.9914104731338,-122.55135924802,160.797792696423,154.007501353183,220.427407873366,157.918273845464,1.34858238764838,163.741582254691,-101.96929302676,200.12340066805
143.994472628994,-217.517813416551,271.176553814249,181.793730420406,229.387531407816,181.176692021786,-113.068657824114,65.3236534372118,-67.3298323658346,167.424524806289
60.9914104731338,-122.55135924802,160.797792696423,154.007501353183,220.427407873366,157.918273845464,1.34858238764838,163.741582254691,-101.96929302676,200.12340066805
306.691045596052,-68.6045963044294,-31.7618931795687,342.846734321604,154.007452102775,172.852298458113,-277.655019041442,387.125106272681,-166.06881641933,357.537743201902
60.9914104731338,-122.55135924802,160.797792696423,154.007501353183,220.427407873366,157.918273845464,1.34858238764838,163.741582254691,-101.96929302676,200.12340066805
98.6037254034504,-66.2238100719159,230.242312343405,-34.8737467102224,-19.5651856092698,-253.012627864531,-93.2238249483536,-36.42759139468,-98.2457517955736,346.414854362912
169.521458426464,-125.657348300272,414.628024660595,331.608167852745,-121.254919929507,251.635526207124,-48.8074049911138,155.16901319022,-188.94892372984,441.050985443005
404.416889623564,64.9643731668988,420.016853393613,415.462312428805,460.569877164488,445.814420542937,191.433020883042,395.477153191161,190.71388361424,452.907467126346
-16.3895419078186,3.20621650955601,-261.917261067018,182.516273283007,124.27356171952,-58.4795756169019,-114.72284618378,177.78413544618,-190.939881262054,114.859565404214
500,-107.229101077207,405.354924956017,500,332.601636385138,338.14802994698,-51.9443636688924,500,193.841790291969,455.607493620206
131.689616896292,-235.035626833101,341.891853393613,191.77810190249,387.989232003198,401.95477142013,-199.871326943045,77.2953350093428,-223.571830671474,215.407467126346
-143.50751573974,-446.089241987979,-284.982679157254,-189.157174270303,-335.907144934752,-357.753654766623,-477.139930039008,-99.8654370258173,-500,-322.942479885934
-318.318934354452,-289.218025914686,-130.868873970243,38.6228859685674,-205.49851805256,-64.3039483767586,-165.318084279018,-277.434888333544,-207.738523795991,22.70404582934
500,-73.7708714431416,375.083506982137,376.229723575405,337.094074540033,491.251607178797,433.16676420583,381.132886602517,17.0783260208589,500
20.2644078914313,-306.975929929372,-325.701416100322,354.20992717676,237.965257713057,398.984712216064,-109.100611632545,387.862103843986,61.4293941312692,500
-133.421610600738,-500,-207.277862140167,-214.817865917593,-10.3953549267945,-228.16368283583,-111.942531697988,-149.312200904525,-367.887320090876,-137.194243522157
203.450489496354,473.266658070774,390.477521365627,-39.9218175577837,472.999638904454,36.4167509177078,-143.66893322738,-0.825987015865138,106.059855764952,421.711705823432
500,58.0967508618785,439.216846854542,500,500,500,394.118074362618,500,211.038961960407,500
452.208444811782,76.8962016661028,411.196202352512,457.731156214403,347.445027041062,448.277273147483,174.825568485055,447.738576595581,282.704039102655,476.453733563173
130.454686941912,-190.56243441054,67.5170871181796,113.152569079251,62.3313661148681,44.0303828881567,-142.853454577983,147.805858082672,-154.64305819288,64.9824936202062
