420.937200268977,65.5121184692578,421.003142928902,420.925214214315,420.983793489021,420.951967075477,203.893659099915,420.88014397644,203.873691748882,420.938758440179
420.920744171787,65.4844586883778,420.98885870911,420.920564509771,421.005802831048,420.984515007288,203.891084640611,420.893231368768,203.888391371413,420.958691649757
420.962520760733,65.5398678346933,421.011678138903,420.960921297277,420.995119431427,420.968050568254,203.920771146984,420.908409629867,203.914658401497,421.018251092314
420.960754156668,65.5382663029882,421.019885975809,420.926376589579,421.006855040211,420.97582075192,203.921384624226,420.905603974233,203.925899264753,420.991750109106
420.965182446711,65.5549850401306,421.017695985097,420.971023242399,420.956966445569,420.960941697378,203.94264041643,420.896038867741,203.912856801916,420.993367397643
420.935934364662,65.5236378096052,420.985187975203,420.911101722204,420.990651207021,420.976239422127,203.909418987862,420.891104254313,203.932059843301,420.972630032774
420.974009237702,65.5150248837237,421.010797661297,420.94731507142,420.999111531336,420.98581082067,203.928130155061,420.877477195186,203.910150696438,420.9697257412
420.953130053097,65.5117351685418,420.980656171904,420.930969953717,420.98490030056,420.962824520096,203.935915898929,420.896784012907,203.923851410024,420.985401231637
420.986766064435,65.5266094516815,420.997241547438,420.933216271394,420.988061541254,420.987823736313,203.934187573111,420.905980044705,203.928338934254,421.005799543168
420.928576590438,65.4762677584091,420.974097996663,420.88984593,420.956892007639,420.93372783772,203.86235259084,420.859220566008,203.908374817703,420.946543378706
420.946735999803,65.5249107686583,421.049227304655,420.89854895824,420.988266979013,420.955346945383,203.89038659393,420.898127799044,203.934391032854,420.980168427457
420.950863432833,65.5060468091611,421.01157447587,420.921820455024,420.963304328119,420.997360195686,203.889129368032,420.89236948004,203.955888705087,420.970858716757
420.946406496931,65.4815841904459,421.008291907335,420.897225788843,420.950287206121,420.917457390277,203.868245143718,420.856840686237,203.907144153985,420.97757958097
420.992616477204,65.5628792721346,421.02221419388,420.961584228687,421.015177121102,420.984210344203,203.920046883964,420.908108888076,203.942440579029,421.006285037096
420.927396437936,65.4787839192239,420.950109138639,420.874762842834,420.968134236063,420.972944681771,203.917655290286,420.878927218264,203.881272537232,420.964659300194
420.962316896745,65.5446470560064,421.006980204499,420.923835521786,421.008271247216,420.973972902817,203.948339965822,420.91126454864,203.925352957791,420.999757813376
420.896851133836,65.5198867874517,420.943739180407,420.861826931187,420.976121931338,420.938729200591,203.894414899248,420.883857961517,203.891152469627,420.932050793113
420.933035847543,65.5010106759694,420.936136147042,420.880989349916,420.962518540869,420.929476679279,203.860264968392,420.865597303669,203.924557798994,420.932050793113
420.977831579177,65.5529665240612,421.010255079374,420.929186086431,421.009811448132,420.969471340044,203.953868915792,420.900824254021,203.927576912268,420.98285939601
420.984598941549,65.5543406205657,421.015972225981,420.957477996102,421.004821735156,421.034102412014,203.941302676167,420.925440534026,203.942687739403,420.987122618367
420.891787719317,65.4802759935103,420.936424687207,420.896386173755,420.937815380687,420.954500543737,203.875082708149,420.849199978255,203.89681997728,420.942340528884
420.966156112504,65.5221987135924,421.041504903317,420.968748587638,421.022894235899,421.03443992576,203.938606224075,420.874111694754,203.89988586511,420.936875880522
420.997761210093,65.5466793905736,421.030388261201,420.933650245829,421.015743230992,420.993978748603,203.945478696032,420.892187678695,203.938613742081,420.978834527289
420.945947890872,65.506078747142,420.987627945738,420.866804957139,420.956007724118,420.923558828885,203.925341405203,420.860083985631,203.896604186486,420.924685648927
420.977781705562,65.5491447602493,421.005477595034,420.932357514407,421.018549434288,421.027860631763,203.937946498451,420.945762005693,203.975690153614,420.98649250595
420.934132600683,65.4680879678828,420.966473238151,420.871718277898,420.953369004683,420.926635357754,203.874140837603,420.829019186791,203.901269075722,420.91414749462
420.910241861092,65.4512575071136,420.947030284687,420.88354769481,420.935344154726,420.92204344406,203.864362778451,420.813709818576,203.846383319828,420.90595836459
420.980681461859,65.5535704733746,421.054855182337,420.967369903114,421.035550359685,421.026163417665,203.936843382192,420.966334809099,203.970343193906,420.997728300663
420.980891222966,65.5887488094712,421.081882036402,420.971924715729,421.05069511163,421.035033315915,203.94476599565,420.944486520946,203.936527160855,421.012246765873
421.005892926007,65.5588649551432,421.052058904986,421.000150897754,421.041170864845,421.023138065515,203.970641739467,420.904126248097,203.926851676026,421.009580351582
420.90061458678,65.450762772836,420.91146232117,420.86649501697,420.92698122533,420.87561418865,203.867904310871,420.836398098864,203.835631339593,420.925785555969
421.018175230921,65.6108639879986,421.029952177951,420.967079648165,421.069431778858,421.02704968241,203.959086410747,420.917109592442,203.939602438003,420.998223253848
420.978504000039,65.5470383326293,421.042461026869,420.904353127052,421.017256650284,420.99126118651,203.986578095503,420.927350013011,203.964788590438,420.9779115825
420.966584932458,65.5419772387356,421.061522187934,420.936417873403,421.041746581659,421.020347636111,203.98094287382,420.924016365419,203.958615529665,420.998672358013
420.999701741272,65.5874051862154,421.048955351814,420.974869098814,421.054418583631,421.040006798737,203.973186364472,420.954871630923,203.995827219912,421.036397409384
421.007032380098,65.5734650344793,421.046169968797,420.952173450391,421.048483568331,421.035609834731,203.999812990981,420.916308379064,203.976055239702,421.028284685443
420.86995521404,65.4442167697781,420.903101254405,420.844014440158,420.894563183695,420.880598166046,203.828308450899,420.79787951041,203.823166078535,420.895064114772
421.037776614312,65.5787922603339,421.074565037907,421.01108244803,421.062878907946,421.04957819728,203.991897531671,420.941244571796,203.973918073048,421.03349311781
421.013820026244,65.581556989735,421.073425431568,420.985892562152,421.059039429553,421.055129841535,204.006063355515,420.970615602172,203.976006632377,421.048685986727
421.061528586703,65.6104467671837,421.094155637811,420.997417622439,421.079510607602,421.057746125213,204.009246072642,420.955955055305,204.002381118691,421.042601903899
