420.932653503562,65.5421816775417,420.963285070307,420.938532654499,421.025428947774,420.988631600502,203.887624608061,420.931096984813,203.851911482824,420.973820268373
420.957256415656,65.5331313197677,420.969000588637,420.935755130026,420.96927790063,420.942929265828,203.906632087791,420.87935507888,203.848631921068,420.954081196648
420.930608776112,65.5248200055177,420.976513921303,420.942087956466,420.988759028912,420.944135824213,203.880149096826,420.862154876676,203.852699742206,420.952796230951
420.952103248656,65.5542238843844,420.978707673168,420.986038116078,421.001025209042,420.967727438261,203.933086526841,420.924765075206,203.872242268575,420.947605118714
420.932975204602,65.5066881023735,420.975647789816,420.943857599224,420.969123375377,420.953988610475,203.917786918867,420.880134058181,203.85257334961,420.951958218181
420.941586241441,65.5017090247399,420.963299425321,420.9154643709,420.983273974329,420.954477248727,203.902334212949,420.89348869375,203.875595278367,420.932077542998
420.941586241441,65.5017090247399,420.963299425321,420.9154643709,420.983273974329,420.954477248727,203.902334212949,420.89348869375,203.875595278367,420.932077542998
420.977297693848,65.5236216084369,420.989463374433,420.905626941163,421.029239166986,420.984927407396,203.916848272795,420.894913916339,203.846104499924,420.96435242838
420.921457552018,65.4859886636022,420.955151259356,420.896236837555,420.977846153712,420.936607745662,203.872983748349,420.872797345242,203.833407062911,420.935300863656
420.921457552018,65.4859886636022,420.955151259356,420.896236837555,420.977846153712,420.936607745662,203.872983748349,420.872797345242,203.833407062911,420.935300863656
420.945485709442,65.5081391320455,420.963299425321,420.937900788302,420.982323780285,420.927764101184,203.908902881489,420.901732421065,203.909366861434,420.976813503227
420.940958181211,65.5282203663207,420.999819955856,420.950607128037,421.010295984537,420.975841055908,203.925421935469,420.899126956651,203.891351907897,420.953069279591
420.975294584726,65.4873262746111,421.029255855757,420.935510227482,420.97774021325,420.960306171036,203.920221737237,420.906154296262,203.875294695521,420.969573810249
420.963592303813,65.4993045942092,420.998364885243,420.92846895148,420.993970477785,420.980416404221,203.905979442412,420.879590190879,203.881203444929,420.926385268334
420.973153098927,65.4981787755647,421.037006158938,420.930015697946,421.007664831105,420.990321499312,203.882075274812,420.863731996613,203.859437484771,420.945722940192
420.933221141526,65.5042146323796,420.974045942406,420.935879120351,420.997607239454,420.945294077004,203.885769607084,420.862118116825,203.873225129207,420.903343116428
420.965377638472,65.5537328795807,421.007562489564,420.925377452996,420.988560951447,420.984216495016,203.962708080683,420.953593275722,203.875595278367,420.962357502856
421.013061615161,65.537764971563,421.050310998702,420.943230164957,421.018578129186,420.993546790873,203.903564521759,420.89805745718,203.886475326935,420.988560271761
420.950040164609,65.5279316493977,420.963202550919,420.925851850333,420.959702305791,420.971208762912,203.938336481703,420.865568998787,203.861170645099,420.955534933066
420.92563626649,65.5024177531172,420.968634479037,420.90377306607,421.006663088072,420.921629247521,203.872492247157,420.861592631982,203.857063739942,420.915234705478
420.955000057672,65.4701033593314,420.965595483955,420.899171653756,421.003145877676,420.93813568309,203.88390532128,420.90038475086,203.908354982955,420.959673830119
420.987740305396,65.5307861617673,421.01289754328,420.915212162016,421.008342688366,421.002409151958,203.943828493438,420.898960540512,203.858146956219,420.995202603104
420.938371490493,65.4801533401608,420.995594709076,420.904003770526,421.009200837088,420.920036288181,203.875738636615,420.857610233634,203.832391180058,420.921002316879
420.943018926164,65.503552593252,420.970594996555,420.925687021994,420.98239302151,420.939329337708,203.929615659462,420.864371670961,203.889533662334,420.96436682023
420.92069788127,65.4906353469686,420.959781866188,420.898853632816,421.008413259807,420.96903901324,203.879766809657,420.841955288402,203.838559320029,420.90994772836
420.963779958628,65.4888021216894,420.9703697928,420.958644512928,420.983964744689,420.986158641895,203.957307946776,420.911059319272,203.907580003568,420.935906091122
420.957498367318,65.4953369801914,421.033642634448,420.933577308619,421.001508285382,420.95249664928,203.931230815903,420.888718520661,203.904817081653,420.96606038376
420.905197148316,65.4739985857591,420.967608962921,420.907707223039,420.944253672114,420.92856014584,203.880701708198,420.842112734388,203.878853234889,420.935650334509
420.916208751275,65.4502681662949,420.916123321806,420.896078788134,420.919830248913,420.912994812879,203.877341230209,420.882550120402,203.847398067071,420.916540304121
420.999388477253,65.5807439709725,421.031152470954,420.979504932985,421.051445194729,421.013336426449,203.949540760104,420.927668930979,203.918461752573,420.990664726856
421.008817150932,65.5365284731774,421.037636220158,420.940386988261,421.051694432936,421.024589839279,203.961425091353,420.914769651859,203.880229681453,420.982884125654
420.909368644589,65.4525691117193,420.949453817865,420.86339978626,420.955908107739,420.9170151584,203.845779099613,420.826849639493,203.814767922999,420.894086797006
420.995139432994,65.5528421759578,421.081110133164,420.953289348581,421.053283276102,420.969355758841,203.945117483572,420.909864259392,203.934269725432,420.984926254055
420.885031215705,65.4873945834628,420.933194253918,420.868547840281,420.929115055163,420.901187054338,203.860503885229,420.818425044724,203.824721602851,420.891168084662
420.99094414669,65.5599422290284,421.044898392336,420.998189922099,421.050669264347,421.007562918616,203.971101417768,420.929086493653,203.942516202587,421.010873562748
421.022754639527,65.5797381281184,421.044894955699,421.007102392857,421.056337587015,421.03581025309,203.976773635255,420.945435372922,203.966969520188,421.025399994853
421.022754639527,65.5797381281184,421.044894955699,421.007102392857,421.056337587015,421.03581025309,203.976773635255,420.945435372922,203.966969520188,421.025399994853
421.03625609542,65.5794565625504,421.076341268696,420.990287237091,421.08279555857,421.043902609231,203.972666550445,420.953737090324,203.94165537383,421.020974247837
421.025928894111,65.5911065120983,421.070766836158,421.006900495446,421.107967620845,421.018224058883,203.984083250021,420.963232277778,203.926947009337,421.041841464817
420.858510180386,65.4482523260195,420.894349750072,420.844517010532,420.908835569787,420.883307507285,203.826291567574,420.789882247633,203.807615414574,420.85054756475
