420.968079950035,65.5338139293736,420.962148749949,420.955908287897,420.964959676214,420.964223696207,203.809636754369,420.957072730962,203.807456973612,420.986466138129
420.970587497882,65.5625193861105,420.940581557393,420.967608148475,420.967725165406,420.975454827342,203.834030115114,420.948989470985,203.822386622565,420.985283088885
420.970587497882,65.5625193861105,420.940581557393,420.967608148475,420.967725165406,420.975454827342,203.834030115114,420.948989470985,203.822386622565,420.985283088885
420.986636946514,65.5559872079721,420.982774331338,420.978234428781,420.980502510346,420.988205962219,203.827092078533,420.97881823815,203.829899172912,421.004141829324
420.973923061913,65.5307924773056,420.948469037754,420.962843301365,420.929465433484,420.989986912369,203.814779532966,420.948888212791,203.824197821759,420.962436974443
420.942875832794,65.5563271494959,420.935199053759,420.95614225741,420.943235565695,420.969150570683,203.810406470539,420.946173159505,203.785604117865,420.986151501992
420.968781139709,65.5072342373726,420.954565716733,420.949607222068,420.948431586605,420.938365424634,203.799774857045,420.944506314513,203.803041156441,420.960299619344
420.989604250853,65.5395412218445,420.932150650332,420.956511952505,420.993722837881,420.9561298162,203.825667441343,420.92941184803,203.793694904604,420.953641766166
421.009210273463,65.5280469752241,420.93822075281,420.956224236194,420.984003836316,420.982710377757,203.842962454301,420.958659134075,203.83967606235,420.978587660928
420.984376114073,65.565099566677,420.990148500268,420.985258327768,420.989346989339,420.989132187595,203.829436581884,420.976145584874,203.834309309089,421.020405702414
420.954968278247,65.506920757274,420.930857487491,420.947012498916,420.952783002546,420.959337483222,203.812960725322,420.950640946704,203.79724966441,420.995229935417
420.989554151105,65.5498052157679,420.955147477376,421.0012923717,420.964237240264,420.960630763611,203.819249907444,420.962103144074,203.802657810317,421.031705442162
420.975638761239,65.5396053951082,420.992944970058,420.942460272093,420.943479591923,420.999901749429,203.81031976831,420.972306166423,203.781115636306,421.015114266664
421.024809956842,65.5389672817843,420.950452520929,420.989183044525,420.986507253995,420.983182849487,203.822099295466,420.975518623345,203.854439020018,420.986932567201
420.972741465607,65.5221819622509,420.932375638371,420.942031973494,420.961224138442,420.947074308493,203.798375177312,420.923076172898,203.780235350874,420.971001045764
420.954812537161,65.5246594803816,420.936911464491,420.96136389319,420.945245846379,420.943904905901,203.784076072833,420.919017045617,203.793524287025,420.956809284785
420.978316225423,65.545085461603,420.987786605323,420.998318423245,420.99949618152,421.016481201696,203.845878920441,420.971493957829,203.825722508613,421.012045646627
420.983784905338,65.5986787286978,420.954568689232,420.961716133232,420.945036361686,420.92946027597,203.821921388328,420.92850831365,203.790161367838,420.979442873648
420.942113971035,65.5181557831294,420.935643048045,420.93404519092,420.936687424433,420.962954771981,203.794377915011,420.939607185648,203.773029240564,420.974026391839
420.998810341292,65.5344657926836,420.921025023879,420.946133034257,420.935171924868,420.96927827009,203.829008564794,420.959177264455,203.785156854217,421.011490273883
421.010544639798,65.580172798478,420.996731864057,420.980734600362,420.982150819913,420.96874552668,203.813580475365,420.952083244257,203.813380921696,421.031741811869
421.024190371821,65.5563035782544,420.968721427821,421.005453789725,421.028225629846,420.977646071402,203.810385933827,420.984135695639,203.818386474075,420.974065284222
420.977691922943,65.5276449453089,420.974277991895,420.898437075286,420.936359210437,420.993324383512,203.80705971112,420.932270739878,203.817558875896,420.984888589551
420.962293828269,65.5665164046763,420.905824747312,420.973483202666,420.964327659223,420.989187177722,203.780214752322,420.931299247699,203.778685457482,420.949557428519
420.995684874476,65.5770024165654,420.98358285529,420.9606155087,420.967188371377,420.959048508878,203.844049226458,420.95288748455,203.852405146216,421.036756227812
421.012710906508,65.5879505349081,420.985846036522,420.999415620295,420.975717812171,420.990441040026,203.854011732026,420.991807221512,203.829879728907,421.007548319159
421.020008172932,65.5687845882177,420.96367344039,421.014295076591,420.989504496532,421.010843116327,203.814106648701,420.954912580904,203.859634240415,420.992265323403
420.984825586311,65.4858927676648,420.936170224275,420.947517123235,420.959741631381,420.973716464376,203.804095720864,420.922203959461,203.777545517828,421.000649444913
420.908067329688,65.5793703318566,420.941403692467,420.944917700695,420.937119427891,420.98211211301,203.761840346433,420.924211084503,203.772772183692,420.931134172672
420.995725661094,65.6083595660861,420.980544791218,421.009308914206,420.985209080204,420.996305210207,203.890341944594,420.999609567163,203.853325900365,420.992335424266
420.943681719596,65.4748870603675,420.915157742733,420.934924858384,420.944202621715,420.940114878866,203.758932728442,420.922534284267,203.769481436029,420.965175740397
420.937578381933,65.4780095956465,420.927391030733,420.915404766695,420.931557807486,420.966055749276,203.77390833703,420.91256517688,203.759155252513,420.959568132091
420.963799419869,65.4864472111915,420.903805540681,420.904594199596,420.932011935143,420.92161611426,203.764652146842,420.916198198136,203.769938982275,420.927285579076
420.940141192209,65.5025494983183,420.909164642286,420.889343035495,420.89875385149,420.909193267132,203.76492431868,420.911538392589,203.757423024776,420.943543720669
420.904370916867,65.5016192725811,420.922321970103,420.889738127331,420.927465139704,420.94115664444,203.767931657333,420.889653143367,203.717291046019,420.949049370698
420.910642647144,65.5025745353731,420.880636706656,420.907663297738,420.907780314669,420.915509976605,203.774085264376,420.889044620248,203.762441771828,420.925338238148
420.907129981341,65.4720989277751,420.888285913092,420.885684445278,420.890458962433,420.888344325957,203.733242078126,420.884674378538,203.736511768124,420.922714804458
421.061486145957,65.5880207445723,421.047513957942,421.047380786575,421.060806975715,421.05213994328,203.888047346974,421.015709206462,203.879341381964,421.060303757827
420.912796614869,65.4622371115136,420.872430787634,420.882087122757,420.901279287705,420.887129457755,203.738430326575,420.863131322161,203.720290500137,420.911056195027
420.911230466534,65.436111569004,420.889852095761,420.889021389494,420.897360963096,420.895833952577,203.723475025646,420.858852455944,203.725656068448,420.907923260124
