420.968079950035,65.5338139293736,420.962148749949,420.955908287897,420.964959676214,420.964223696207,203.809636754369,420.957072730962,203.807456973612,420.986466138129
420.962375066548,65.522590830819,420.961285209294,420.956792898749,420.970754280239,420.929887584137,203.821761749891,420.947059110054,203.790922888469,420.968898188258
420.958614165674,65.5252217187002,420.953146505706,420.934479587123,420.977240236,420.959704062041,203.814326850288,420.94719754183,203.793526132545,420.993583685388
420.977533277498,65.5165228629195,420.98721460401,420.96839443065,420.964245454583,420.985616612131,203.831770756194,421.012775853462,203.827796841846,420.953842062955
420.935339284365,65.5295774039134,420.958938868064,420.939507477646,420.946570210081,420.948829452898,203.785618420141,420.950942589962,203.78838951678,420.977972438611
421.004750781676,65.5405907219079,420.981640948817,420.978158718955,420.973295075785,420.984147622517,203.833106786519,420.984382641233,203.838639653687,421.016881872852
420.963520212243,65.5321645893603,420.964604767684,420.952445021187,420.933337435915,420.929787567296,203.828522374199,420.933341991191,203.823506641692,420.996869462666
420.939649839882,65.5486001780332,420.99393020889,420.94745082528,420.962977218439,420.982627493166,203.796661204624,421.004670184774,203.789006177374,421.006266923578
420.988239796836,65.5484104506042,420.925346586416,420.945729471049,420.92698859537,420.969388489017,203.795988018741,420.946141221087,203.79866863323,420.988937581404
420.946767033384,65.5609318520734,420.986440731536,420.932275861002,420.986973970633,420.952496784292,203.778327962161,420.951222118578,203.792807922386,421.001840489421
420.99525824581,65.540017553038,420.954719372051,420.98759324105,420.965344300648,420.953584388928,203.791674966678,421.018033932096,203.845445166259,420.997571436746
420.931791149893,65.5380765372947,420.920501003676,420.946292032418,420.966834877258,420.940824411247,203.808919152006,420.947150205152,203.830913487874,420.945905543489
420.967846169685,65.5408183169403,420.960133618117,420.91680551992,420.992874429346,420.977859899475,203.801139322567,420.973110385301,203.761817346041,420.946960649912
420.947759593698,65.5340725678607,420.975545174841,420.930136375964,420.963385601278,420.94825976432,203.825190112166,420.90289401427,203.801428920779,420.946600425264
420.955814830897,65.5368729601672,420.955121018719,420.907311528078,420.926994642966,420.958705663868,203.774848661012,420.960317030317,203.817306652286,420.968469972631
421.001785334371,65.5729530375201,420.988321608964,421.004709721229,420.9726395829,420.998283507386,203.847647356894,420.925170959977,203.835050300756,420.975836478443
420.978792895438,65.5244800906416,420.93391205941,420.931658934339,420.960976152484,420.975054617675,203.797974192466,420.916839953558,203.785718606252,420.997964255555
420.995570369182,65.5131943751018,420.997398780498,420.940884122358,420.971951857388,420.929955732563,203.840195553988,420.954400046613,203.85495780221,420.989778921488
420.962892430396,65.5085981721244,420.973444338201,420.925442774893,420.927509771954,420.932324104889,203.788313657042,420.948541878913,203.792671951584,420.956260966416
420.990028086229,65.5824713797328,420.990367097458,420.985427779915,421.026089028181,420.978758735542,203.850607048251,420.942828798989,203.83564591304,420.972918062578
420.929851221111,65.5035217113896,420.929055510343,420.951381212448,420.950159109793,420.967926788039,203.779325387359,420.966944352296,203.779684579842,420.995541579071
421.00613022042,65.5250650339855,420.942213304681,420.934385583801,420.946552833843,420.982217761956,203.799763372064,420.986158764329,203.825273024407,421.032145899451
420.955004093437,65.4984255558338,420.94804060583,420.944267442316,420.977979293502,420.923056534543,203.81267778983,420.924717889658,203.78414953107,420.990090716837
420.935774321532,65.5084357151272,420.934998134975,420.905927414381,420.955412895022,420.974360467058,203.77983147032,420.937386880076,203.816929166732,420.996290657933
420.958580256441,65.5059965777038,420.93337204336,420.926689119831,420.970705075748,420.932905784563,203.775788813712,420.910698651435,203.81503511641,420.977605123029
420.938771064934,65.5166500298022,420.925164364902,420.911585456362,420.930824627254,420.990378709252,203.781561263331,420.964037713533,203.804343233186,421.001354856596
420.974650793332,65.5463609097033,420.995424887713,420.98098580733,420.984506832907,420.967125267393,203.862078772822,420.992250442655,203.84257566167,421.050553805142
420.94456237194,65.5337327224025,420.912301677726,420.930352125232,420.98084308447,420.911613346555,203.815516739638,420.913414003603,203.791572993652,420.956068484571
421.003790627232,65.547474762963,420.994302973013,421.017571490137,421.01882499611,420.967548937761,203.883255058587,420.986139605255,203.837714295787,421.011480766504
420.974374373777,65.4883719673912,420.980955764153,420.976821750268,420.96561441158,420.967022617144,203.763941167019,420.928497593252,203.81133044416,421.051229610836
421.036344981377,65.5900392166424,420.988214743172,420.991880553974,421.032776862172,420.962206242044,203.863149849753,420.969851712464,203.833329038079,421.000152328248
420.958518652019,65.489886207354,420.984443730669,420.928477999809,420.913391609377,420.959466459449,203.748908154369,420.889742409747,203.776250321159,420.957625577433
420.998474671989,65.6005421902124,421.021175183133,421.007429085468,421.034433204248,421.035093776531,203.855127255417,421.01869823624,203.848690933665,421.028817329804
421.008554925859,65.5723226171602,421.001929389329,421.019900088055,421.018915788238,421.038876493455,203.8627337245,420.993932610344,203.872778172512,421.060481593451
420.931888283591,65.4698429886186,420.924687817016,420.902695167183,420.908132180201,420.90971691451,203.742149394337,420.919475491284,203.764350855945,420.937575431511
421.048153834109,65.586108539136,421.040953367534,421.0189607177,421.024397730719,421.025982465028,203.858414944854,421.035741041801,203.880616406462,421.053840982029
421.041264233728,65.5889409257971,421.023382574521,421.035294353058,421.058781675623,421.028568308884,203.880210342316,421.015642172347,203.879793689968,421.058434388422
421.047971536428,65.6034544724713,421.03063595755,421.035011322714,421.044403417224,421.014713264858,203.885897457463,421.018018869107,203.885277475544,421.054707701952
420.900481390415,65.4670889434415,420.895013730448,420.876346811864,420.919107460741,420.901571286782,203.756194075029,420.889064766571,203.735393357287,420.93545091013
420.89527641932,65.4607405690187,420.888758794163,420.881641573002,420.88828418303,420.905277863601,203.744786097565,420.912751268372,203.725885651097,420.919177342148
