420.968079950035,65.5338139293736,420.962148749949,420.955908287897,420.964959676214,420.964223696207,203.809636754369,420.957072730962,203.807456973612,420.986466138129
420.955993378457,65.5540457028794,420.96790580743,420.953977206639,420.961773123543,420.989514154881,203.84196783012,420.977065464982,203.792449271796,420.991043031453
420.953180879349,65.5426235321751,420.959035168223,420.935484513518,420.978777006029,420.946050526416,203.811882615385,420.948106037644,203.784415883114,420.984759075743
420.953180879349,65.5426235321751,420.959035168223,420.935484513518,420.978777006029,420.946050526416,203.811882615385,420.948106037644,203.784415883114,420.984759075743
420.957899393667,65.533622659613,420.955240601098,420.943856995141,420.949312313237,420.951401515903,203.789938996433,420.94881890902,203.785231953293,420.979201990897
420.978698328761,65.5708913396918,420.97923937236,420.974255438741,420.976858728948,420.998919083004,203.823537276201,421.004157252167,203.833425404155,420.99200133557
420.978659586201,65.5688698078914,420.969943602145,420.968600210428,421.008377732565,420.957824100079,203.805633545501,420.990283110454,203.843466375815,420.995693496872
420.995701340645,65.5558769998141,420.996465636277,420.969042630673,420.990732079853,420.977148211382,203.823120458328,420.986334783565,203.839272882648,421.004364578099
420.969816024914,65.5496962552495,420.991617685959,420.948656749394,420.958602160178,420.968074346465,203.819560336963,420.975217557409,203.823999199179,421.027199533422
420.972831962452,65.5816202021388,420.968039945771,420.985614857139,420.955515072579,420.96484082781,203.814374108991,420.954578614123,203.798237739009,421.021346174578
420.97068419363,65.5301942637183,421.007688422682,420.938285729892,420.947807600729,420.951699175082,203.794913287204,420.938455568655,203.794903422132,421.007825979894
420.99487559322,65.5305724536679,420.998095617899,420.960509991443,420.980833888344,420.97524914573,203.791448074731,420.953385224688,203.844043833076,421.023252260713
420.96496877342,65.5466136651759,420.951722339878,420.92140778797,420.941071177415,420.922443054445,203.779828406545,420.981461102514,203.830062112346,420.972855105758
421.009132300351,65.5642224263118,420.977947632741,420.989693502723,421.020867158706,420.968740273791,203.818528428965,420.975652453355,203.807454703526,421.01204188939
421.013616509172,65.5380834451108,420.960411373582,420.976346050207,420.963885819738,420.981089232887,203.822176401933,420.981059744653,203.834985573399,421.032609911912
420.952181163775,65.499792272683,420.946560167991,420.948275682404,420.962540202052,420.953738821931,203.785053961789,420.925986694583,203.779770265952,420.95922365481
420.918876753367,65.5441943608396,420.930555264692,420.944987057291,420.963263514606,420.945367557431,203.848370205348,420.963624162035,203.769704948002,420.981752636266
420.942197846268,65.5409053860112,420.924892944312,420.914334465914,420.954133265234,420.94408004187,203.784899243264,420.985575177588,203.799271236009,420.943265411959
420.964737622193,65.4964534530143,420.986104929867,420.967386508936,420.957687724125,420.931623680417,203.846848071775,420.918327645531,203.825837452441,420.984043977435
420.941274076404,65.5273669487445,420.921111319749,420.925558926783,420.961508840684,420.919169489333,203.795932444598,420.96869328332,203.783103642737,420.97930049004
421.00137132742,65.5684188533125,421.001171181732,420.985055955044,421.011915093839,421.006785080396,203.84265101282,420.988415964972,203.830894553323,421.029569426158
420.967424461642,65.5115068912142,420.925075792093,420.944097535346,420.969794379847,420.915049644168,203.754801536146,420.946612466596,203.835165050419,420.934637513626
421.006994959513,65.5725286740117,420.990831717705,421.012330236297,421.003297031058,420.999580166687,203.848766884582,420.974537970075,203.842912208014,421.030366050594
420.997228081603,65.5284322511391,421.017584554988,420.977948841342,421.031839652565,420.996022509289,203.775399824702,421.006659260193,203.800545722621,421.003816780059
420.917037994246,65.511284649925,420.904093215415,420.918275671084,420.91948250243,420.930093230048,203.782337486415,420.936528335484,203.787560024787,420.960228272213
421.045770671589,65.6025798456183,420.990843546045,421.015440923116,421.023311691753,420.977097917923,203.837666443782,420.99752963868,203.831711323584,421.014220388912
421.020761418859,65.5817989818283,420.999341129851,420.991724417501,421.000479598935,421.000533847421,203.814807260772,421.026295314966,203.869605035602,421.044989614977
421.002434433837,65.5667625987073,421.019973790458,420.983204623972,421.03852167182,420.995102566129,203.839592241302,421.034077957403,203.868476995,421.018890187185
420.916565520942,65.4878972562249,420.954766840598,420.927869024111,420.974086451602,420.930302423601,203.787746138367,420.895935148864,203.747394423846,420.989730179216
421.039458420756,65.5975072684732,420.996141293683,420.974270765674,420.993643904967,421.02789244666,203.834744701514,421.013462287806,203.874462968694,421.038845929534
420.931718915925,65.5217060283652,420.927694185387,420.910258715373,420.922982232766,420.937498779447,203.741941453907,420.903742956039,203.753233591609,420.955320286811
420.99842534518,65.5956311185948,421.033134165545,420.983075374769,421.018678169624,421.037357815393,203.855002832249,421.015389022224,203.860156413511,421.026229499466
420.949571211441,65.502821325737,420.902257021622,420.886808816332,420.915504296872,420.906868426147,203.784326911255,420.921918716729,203.793712820253,420.947730047235
421.009932506503,65.584791251147,421.030635250887,421.015440923116,421.002192773042,421.005632841374,203.877634389922,421.009646091488,203.839191460082,421.053715509619
420.916284989999,65.484500982274,420.923331953367,420.904051820637,420.900529063604,420.920843587196,203.795959256856,420.887407123399,203.783871307332,420.931760940041
420.919426919116,65.4923078742039,420.918493271975,420.90220877096,420.92620742231,420.895015887288,203.739644417454,420.927978126557,203.780072218998,420.925543242411
420.916704868646,65.4667025519201,420.88409686109,420.893825784397,420.896411252576,420.926453947577,203.742877431147,420.90968282395,203.711573075864,420.947242880882
420.892293744035,65.4533894504833,420.887715043404,420.881718611034,420.890027674829,420.875581412862,203.743467475574,420.893167004676,203.729598668764,420.915332745256
420.885279466194,65.469341186432,420.879025081116,420.88793660368,420.887040652443,420.889074645253,203.728819859718,420.890965995179,203.728338937879,420.897155846528
420.90899585759,65.4567496142031,420.865423400089,420.870982599056,420.883215556912,420.882784162303,203.720959600428,420.865831600885,203.727569432883,420.915164239187
