420.968079950035,65.5338139293736,420.962148749949,420.955908287897,420.964959676214,420.964223696207,203.809636754369,420.957072730962,203.807456973612,420.986466138129
420.985724657591,65.5665335231184,420.975313297748,420.949694717649,420.982884417035,420.965453029531,203.821316355042,420.994370490767,203.801591299633,420.999548286601
420.994632113947,65.5476855700414,420.964895958677,420.954936916263,420.971895779287,420.950467073631,203.838911065337,420.971935060161,203.808876695826,421.004570177299
420.959064463083,65.5541787887858,420.944034364219,420.952496641073,420.993581274311,420.966033456527,203.786904882337,420.94615921864,203.807713374412,420.951205741186
420.979882496475,65.5305705285871,420.994683541626,420.978036695617,420.997301620928,420.995471188097,203.797250051224,420.965680889009,203.806681673349,420.993619888844
420.940536002464,65.5180044283686,420.958922196008,420.941433794343,420.95753566259,420.941066964188,203.823723954274,420.962828822523,203.802934387313,420.964808342763
420.959409410163,65.5258421778699,420.952647631801,420.95433408574,420.948397578524,420.946985167047,203.83405835895,420.971202862699,203.785154285239,420.997683328729
420.994895757665,65.5511031829181,420.983962891631,420.966332494464,420.994995703441,420.965894392847,203.841603758668,420.96455797058,203.823418853817,421.01065096825
420.955486191633,65.499042804486,420.947626013413,420.958673128898,420.951562193713,420.968888682507,203.813530203335,420.953331385204,203.786423784145,420.961917382863
420.98701396114,65.5502217758045,420.987903120924,420.968044627782,420.997003761037,420.977975714005,203.834877520633,420.964470545472,203.833753846603,421.016365750159
420.974133309711,65.5033980300245,420.948952444271,420.9508696932,420.959584185151,420.937326814505,203.817010633461,420.938555781232,203.77916828389,420.964711391284
420.936926396922,65.508832285593,420.955265908775,420.930626421546,420.94926258134,420.951945337645,203.797522052046,420.944363072262,203.795478357282,420.973755108713
420.947715970137,65.5248226646662,420.950220003999,420.917971540786,420.981709441436,420.954506168271,203.814272019686,420.943012680842,203.787039803089,420.994636277441
420.959268013419,65.5224066646418,421.024454356789,420.988996894894,420.993368814216,420.972808672053,203.853705097876,420.954563473971,203.819755974567,420.9799474216
420.943532903668,65.5255965780858,420.968777390352,420.991472962933,421.006622837486,420.966374129912,203.863582740289,420.971456265383,203.851542662942,420.969984808479
420.989342679217,65.5180044283686,421.011483232511,420.962265912469,420.988594456888,420.97480985182,203.860954688464,420.989265772431,203.818211273939,421.000871053919
420.945797915951,65.5126269073087,420.952055658803,420.922911252891,420.940861430276,420.953591619682,203.795382954947,420.9369371529,203.782041276363,420.965248402571
420.956467198098,65.5484111949973,420.983994925669,421.003617901758,420.9791172624,421.006399179893,203.850476072892,420.94834625606,203.816770340021,421.022351803563
420.987755470217,65.5651281162684,420.975453489747,420.951978446728,421.004825747693,420.954353226193,203.844429817139,421.015024851828,203.840895135899,421.008083596151
420.960872117778,65.5568279212406,421.008516077225,420.950923981489,420.991700336318,420.954008128478,203.863582740289,421.007654812874,203.847887905376,420.971925983123
420.958396853934,65.5044888561332,420.959834525533,420.910807546032,420.960785316286,420.93419818138,203.795527352667,420.930937451688,203.791794358963,420.963744466556
421.030161870272,65.5358358041137,420.952303319184,420.958408651333,420.942636609881,420.958968085285,203.86877646489,420.970466239901,203.839866449237,421.00154988672
420.970597254256,65.5079377082915,420.999490729556,420.914408234685,420.985670108059,420.950749659848,203.806717430479,420.988934068552,203.851185165617,421.011766033487
420.942599708558,65.5334502893217,420.920000073331,420.939119937686,420.933935030701,420.914231813617,203.785942578938,420.949893335175,203.795935531536,420.961245409891
420.964801676498,65.579717421185,420.954143295637,421.035581505067,420.974354413489,420.995853132386,203.843412459706,420.9617120175,203.822719168585,421.029438433618
421.024213556543,65.5730326212421,420.972503860396,421.024067550482,421.00850405489,421.005101337518,203.786663750389,420.94990416775,203.83435503574,420.972248933906
420.962106728384,65.510919570156,420.931804057218,420.945679821848,420.922384778582,420.990677646162,203.762950656012,420.981168493718,203.764529182258,420.969209919303
420.970008925676,65.5402584670572,420.920454106674,420.922752803332,420.929649139731,420.903287286102,203.80825046071,420.971935060161,203.779592689774,420.962483260389
420.980396833228,65.5106738401701,420.921352747064,420.910333036675,420.950203922952,420.903490647256,203.793750864433,420.925766582151,203.796675026638,420.96186433514
420.94167116529,65.4982140711641,420.921976434259,420.922751103509,420.932899681645,420.948987175467,203.777709330316,420.934240924824,203.769960937036,420.998119671221
421.026661495567,65.5779355415708,420.972416484341,420.999799619137,421.015279491956,420.983682728643,203.881616907496,420.980562503021,203.848562932985,421.037785832312
421.030385842267,65.5942737614878,421.011669023899,420.970213802889,420.979841052247,420.997918009363,203.848401252484,420.985679469131,203.859606059846,421.053919150461
420.931345296609,65.500618367146,420.911133983515,420.933127100149,420.931396284325,420.916291553931,203.770394858138,420.911943419164,203.759296282854,420.950935555273
421.023341029731,65.5800389156182,421.037285686263,421.006386638978,420.999013129445,420.997961795511,203.833540940804,421.020033843434,203.875120533244,421.022482031743
421.00549351043,65.5828373502247,421.022797667197,421.011275208619,421.025376633208,421.011100689778,203.848731648308,421.02055183586,203.863000769662,421.027292712626
420.991928510276,65.5617408423619,421.023806869736,420.997334857216,421.044925115911,421.017394083478,203.853877056118,420.994003615832,203.876580562036,421.052018336124
420.938560364358,65.4880559993096,420.921276892864,420.929957123108,420.906836296702,420.901892179949,203.777306773598,420.886728885715,203.757156783624,420.947285822376
420.937690991069,65.4907444471625,420.907954835799,420.897995793384,420.914954656408,420.893525950752,203.781969942458,420.914993937282,203.751935572948,420.94762905442
420.9941316015,65.5905550711771,421.028860770714,421.015495563514,421.023694912386,421.021359426675,203.859789261892,421.020429924853,203.880342038049,421.06401036318
420.884523782051,65.4623772884785,420.886236201862,420.889118916249,420.879404590576,420.894039498225,203.726029432538,420.88018069499,203.733673013989,420.903215523773
