404.416889623564,64.9643731668988,420.016853393613,415.462312428805,460.569877164488,445.814420542937,191.433020883042,395.477153191161,190.71388361424,452.907467126346
404.416889623564,64.9643731668988,420.016853393613,415.462312428805,460.569877164488,445.814420542937,191.433020883042,395.477153191161,190.71388361424,452.907467126346
425.422730526068,-339.154585926886,353.539414450345,388.109937708239,500,500,386.968362689992,426.623711730716,60.3820851996096,395.571380621997
315.393696678231,55.9479835381109,400.161819291313,457.731156214403,435.032355241449,472.907210271468,182.729284252936,439.872030185926,188.503486534115,348.604144809397
-97.6887997287715,-288.946384845122,-312.887760873656,8.83376498379008,-170.702121795577,-84.1700874255838,-299.98603401195,68.307763660838,-320.249959888957,-37.6345376930186
-21.9958359761062,-331.803527702265,-298.468949870994,-303.043902157035,190.857017989369,-71.6252845582003,-140.182112443323,170.05194970735,-199.012501694977,-101.126601185082
315.393696678231,55.9479835381109,400.161819291313,457.731156214403,435.032355241449,472.907210271468,182.729284252936,439.872030185926,188.503486534115,348.604144809397
404.416889623564,64.9643731668988,420.016853393613,415.462312428805,460.569877164488,445.814420542937,191.433020883042,395.477153191161,190.71388361424,452.907467126346
217.939546200529,-494.727060459964,32.5226512411018,-285.334063301666,30.8791395847258,-169.921539023739,-145.389038533764,-124.040093590675,-340.631772936626,-255.37265382437
404.416889623564,64.9643731668988,420.016853393613,415.462312428805,460.569877164488,445.814420542937,191.433020883042,395.477153191161,190.71388361424,452.907467126346
218.539197340598,197.116332924913,436.924535741529,65.938029282566,192.155077762357,500,209.352874077885,184.140925778351,-102.011479245512,163.020928353109
114.150244677057,-143.641646864753,73.8488124510104,388.320610564568,500,431.085990185515,177.923588416846,141.513874868584,52.688909891356,-106.356887581034
-197.97956291919,-63.3384898267351,218.497552003567,17.4723103584705,-97.5904291885767,208.016729385697,105.945249931072,199.420623434575,-285.218901132719,168.163213375279
404.416889623564,64.9643731668988,420.016853393613,415.462312428805,460.569877164488,445.814420542937,191.433020883042,395.477153191161,190.71388361424,452.907467126346
-166.965033653741,-500,-184.318571004918,-313.823077484415,-45.687200783102,-233.007954932735,-500,202.955649948518,-237.976391526213,-103.931858264703
459.675638551784,-102.934480083217,297.0384023354,500,500,435.874462273539,137.284661422612,423.504725335685,103.131340206993,464.68060034476
341.960016515857,70.260510038102,403.88873274181,406.224258961938,430.03248752571,352.258082502756,157.696453874656,265.950532969267,167.051339274734,367.110643887691
81.2906322489838,-255.569649417755,-354.844402860232,-288.543574378824,-166.648651364118,-148.019711087428,-73.1208604291886,-58.6399229373776,-106.055494071554,-47.8661056296566
-110.521456963878,-98.0244715846038,211.238017415626,-43.3924881383597,126.062225937682,-92.3101202810884,-479.192048639684,-202.218766090394,-307.252557098412,57.4294377029795
-280.372001046724,-53.9964203619185,-112.277258025139,355.199446066438,382.433814309038,-116.864409039338,212.871150447031,-19.1573576922052,-263.436710446631,91.8383489477884
217.565931322703,189.932908337062,401.578731999233,392.55269027756,480.284938582244,370.022127147991,311.264143892255,432.006011318221,105.34753033224,447.339334209753
-109.104882612285,-144.934942154895,-49.4450317284902,357.159504884375,56.8520275794614,30.5973745469875,-217.584161833634,191.178865192817,-145.95964187346,-41.836786624721
0.72107978344016,-230.648780944829,206.530512517956,25.264028421159,109.44993558551,222.907210271468,64.9730835235017,246.131452665692,-187.953194830974,377.968885078325
109.905293150898,-189.543821647495,160.089336342463,186.596734321604,197.801116202969,209.360815407202,-62.9188474320113,167.674591688543,-60.3913149258224,150.755805967872
212.340648757498,-121.005778381236,47.1577186466455,384.836119802783,349.267567438773,422.399566379501,41.1662046252482,391.669628517574,126.071638872755,476.453733563173
71.6215656833654,-179.810917578029,14.0837175891863,-88.2970821683854,217.807543961643,38.2977895872948,75.7506673485892,83.6512144646468,-94.9535048445644,-158.075052448342
404.416889623564,64.9643731668988,420.016853393613,415.462312428805,460.569877164488,445.814420542937,191.433020883042,395.477153191161,190.71388361424,452.907467126346
-158.727120466137,-458.072925121618,-135.800330125358,78.3023003346973,103.560843845377,-280.108649210849,-500,-14.5948162293557,-364.136046440899,-49.6583681100839
285.541778145116,-175.789208237945,260.382251555002,166.912217916436,285.734607658748,44.1808601048868,-221.234029432652,395.149651899409,-274.226811188199,428.06663678898
404.416889623564,64.9643731668988,420.016853393613,415.462312428805,460.569877164488,445.814420542937,191.433020883042,395.477153191161,190.71388361424,452.907467126346
-22.5231734668573,-500,170.251937968479,-6.47685875198894,15.3686837705363,288.66189067602,18.3357380412096,1.00792502187667,-348.880872963705,70.067975280041
269.939151223685,-131.552016461889,16.8284859579797,317.106156214403,167.175212384306,392.907210271468,-273.792454877499,58.2930828175046,-152.405604374976,207.979144809397
472.32551111281,-110.691972740666,203.33736010337,129.555240080055,500,60.953621851422,131.504900860176,262.166802961049,202.297519992667,-63.9440823957982
260.261901896336,-157.462875265225,-32.0650655532507,131.973779203888,390.064304004812,-119.655857206727,-295.254726588102,184.10286749359,-11.4961297614375,233.199118863278
197.630954014856,-353.505070580418,36.2823374029086,258.638524010453,500,454.778547717518,144.616273896214,291.474061799489,421.083828395817,330.443305967872
-80.3099247831125,-500,181.1681564135,-35.840259214364,290.769801444244,-55.0119110534061,180.94035412143,373.201834605324,-336.732517030071,-99.8205216696681
-32.2932884093861,-138.766110986064,77.3032200197615,389.52003129997,105.431363082708,500,358.368378273318,254.03822805218,225.122979209161,315.228430766583
62.1424447512539,-152.621797302069,116.957619258159,-19.1002970679001,94.0370343215679,89.3245491697178,-169.748012892738,193.599163703755,-98.5682808731336,-231.205987157703
-25.4074948806825,-500,38.2819402987724,9.81730902384936,278.215267900205,-305.964749772202,-227.187747615543,121.182482123398,21.3718785743247,-16.1211973453438
396.78904551544,424.99560258573,500,500,500,492.137979502238,389.625835977074,461.148625930606,355.170153200782,500
