420.970485577203,65.5404150894616,420.966978414438,420.958980471376,420.963823305779,420.967926688416,203.80898366609,420.963117495108,203.811400278264,420.987687466831
420.973315016122,65.5409944998778,420.965168755169,420.960327616282,420.969656878325,420.970119646826,203.814027395127,420.966340243836,203.811265164912,420.990364000686
420.974299640969,65.5403564622406,420.96238975569,420.95880350609,420.971667381295,420.973248318152,203.813655887002,420.967674655317,203.813893065408,420.989773369075
420.972879201999,65.538502201219,420.967311843947,420.962102506024,420.97200771897,420.970507120139,203.812819348987,420.967731889122,203.815730595469,420.991841727575
420.970723852615,65.5379645941854,420.96713803292,420.960720076647,420.972326621228,420.969303567182,203.816201610303,420.961059376363,203.811620097362,420.990228126342
420.975031205248,65.5417544524627,420.968321449225,420.96053733846,420.97384584446,420.974071422047,203.816759680307,420.967077403943,203.81169732429,420.992077220341
420.969281923775,65.5385829006609,420.966539460752,420.961942375634,420.968759931836,420.970171977259,203.8157030816,420.960602629046,203.811642411913,420.992213189037
420.974532805609,65.5396458386064,420.96756525667,420.95642554144,420.96973404744,420.969959625027,203.814641481842,420.963944606214,203.811275601519,420.991016111433
420.970646651873,65.5380745280811,420.964917729709,420.959966932333,420.972014308616,420.968657674552,203.813155834733,420.964807337052,203.80934555846,420.992330810261
420.969819467593,65.537106239252,420.964829655646,420.960263210312,420.97168163346,420.972984800559,203.816171152547,420.964957573538,203.808993115933,420.991628428732
420.969548809221,65.5362720564363,420.962839053199,420.955054942434,420.968363448434,420.96858902602,203.811277284281,420.961595007917,203.806214928263,420.986594824315
420.974656875851,65.5404565923792,420.96848458633,420.962090675654,420.973939090647,420.973334740731,203.817541751554,420.965954372815,203.814018645624,420.993402145094
420.969515004437,65.5362031319176,420.962286314256,420.95674760758,420.967871876354,420.969136521132,203.811874108293,420.962719412755,203.811486159836,420.989648769165
420.969515004437,65.5362031319176,420.962286314256,420.95674760758,420.967871876354,420.969136521132,203.811874108293,420.962719412755,203.811486159836,420.989648769165
420.969515004437,65.5362031319176,420.962286314256,420.95674760758,420.967871876354,420.969136521132,203.811874108293,420.962719412755,203.811486159836,420.989648769165
420.968006947955,65.5345822332903,420.963131484844,420.956929899267,420.967617765997,420.967704899047,203.812002464282,420.960015229471,203.808770680661,420.987383459205
420.972371179704,65.5388010050553,420.965131435661,420.956652464257,420.970071046835,420.971222434607,203.810514259856,420.964034357487,203.80927985207,420.990903591896
420.969174479825,65.5349741963528,420.963002190304,420.956608279628,420.968456694621,420.967852344704,203.812059355528,420.960471976789,203.808536249598,420.987919749067
420.969078077454,65.5389882607522,420.964012418538,420.956842378808,420.967842466306,420.972077645407,203.815273173888,420.967002833609,203.807369249787,420.991546869162
420.969842808032,65.5362084192265,420.961409015662,420.95772501608,420.970493143304,420.968214832624,203.808687444871,420.958545427838,203.811190409512,420.987882708474
420.968411735887,65.5387170110712,420.963047758148,420.958260766843,420.969033622178,420.967437954137,203.814623172011,420.962683412031,203.812305787149,420.992601206451
420.970567936959,65.5363502508346,420.962737902167,420.958942161571,420.9678546043,420.968461691093,203.813240441244,420.961343886459,203.808737019813,420.99078089166
420.974997400464,65.541685527944,420.967768710282,420.962230003606,420.97335427238,420.974618917159,203.817356504319,420.968201808781,203.816968555862,420.995131165191
420.970545608499,65.5367289227718,420.964374124086,420.955433038711,420.973160544957,420.969198181134,203.816368080591,420.966803284142,203.806879461115,420.990761445295
420.966761939766,65.5358993045516,420.965434692876,420.95493989862,420.964649337023,420.972934020035,203.812139637445,420.963588354609,203.815602869397,420.992409203655
420.973684394101,65.5351208931584,420.964937109151,420.955570214221,420.972708600586,420.968687195199,203.815366643846,420.96081433778,203.811399729014,420.992039049475
420.965763086759,65.533199776915,420.963033463711,420.953157395319,420.964903115905,420.965262494423,203.810478602173,420.956788704892,203.805995394016,420.984575587693
420.966333963273,65.5339627310614,420.961935547256,420.955200560739,420.964932342926,420.966007849806,203.807033825837,420.959788525984,203.802942875009,420.985991789855
420.9651628924,65.5346803930738,420.960217037708,420.951922144704,420.96571677449,420.967635565842,203.810255142649,420.956956057433,203.802203418976,420.982483027295
420.969251427705,65.5326381241312,420.958793182874,420.95680967244,420.968904791547,420.970006742724,203.813016274132,420.967345184402,203.810793646653,420.992521250608
420.964212845552,65.5350381692452,420.959531411881,420.955327732957,420.967820604132,420.965871975078,203.808803105949,420.953868093777,203.807508049308,420.986291493161
420.967904090413,65.5319644595585,420.960554721521,420.952432926943,420.967302339525,420.964134579249,203.808114363496,420.960361468811,203.802726130792,420.983462026585
420.968526323495,65.5345367701747,420.963269530015,420.953272125089,420.965671598136,420.963237155401,203.810801489773,420.960962045395,203.805329953581,420.990239053056
420.968053083125,65.5339604204077,420.960671435345,420.955459682789,420.970219106969,420.966686739785,203.810490263429,420.958132332206,203.809347260636,420.991347083359
420.967134518513,65.5313763739605,420.959054865165,420.954499665771,420.966664372843,420.964915346833,203.810460323353,420.957902103652,203.804424452578,420.986629773532
420.963142747683,65.5331929707867,420.961054782206,420.951005894847,420.962651582282,420.963613350892,203.806426299341,420.959687600637,203.806499494085,420.98518940339
420.966945839046,65.5292368971646,420.958645888095,420.952862315118,420.966856322104,420.963197151203,203.810357745474,420.958564006994,203.804071484067,420.983859061759
420.96255197317,65.5321131540845,420.959006694974,420.953988819601,420.966424631485,420.965882335124,203.810570605249,420.958611987687,203.808333950498,420.989917326331
420.963184501726,65.5312215330482,420.957999468057,420.950733423236,420.961707404086,420.961896052787,203.806576959501,420.956241093261,203.801605705246,420.98290794209
420.963692083798,65.5294918003265,420.957519794277,420.951125883601,420.962974298595,420.962369948678,203.806576959501,420.954989580763,203.803053853571,420.982437353041
