420.967420192907,65.5423859370216,420.963557310205,420.960569605753,420.965597538573,420.966766880733,203.813846678078,420.968132708626,203.815188020843,420.977056379658
420.971392194434,65.5439587735322,420.966042109932,420.965609951118,420.967555455029,420.969615358559,203.81340962492,420.968279087286,203.814635699221,420.982141137121
420.970820653856,65.5432485166702,420.967091964134,420.964140421359,420.967835140032,420.969490693027,203.812794339804,420.969878333081,203.816485858001,420.981675607615
420.97181923881,65.5438335306659,420.966954984765,420.964224873434,420.96805724506,420.970018243949,203.814215202523,420.970459059007,203.817223802027,420.98172061863
420.968146178612,65.5401160259225,420.963254272784,420.962354048549,420.966356655921,420.964028668949,203.810483693128,420.968943083579,203.814145986276,420.976503697528
420.968476415053,65.5439691480586,420.966295897194,420.961622237982,420.963377615103,420.969966538516,203.814067143295,420.967274923115,203.815935236793,420.980292306787
420.973663202148,65.5483670995768,420.970121347759,420.961744202712,420.96778157785,420.966133573048,203.814347886661,420.968380639568,203.818777617666,420.980528279301
420.971282763879,65.5420452808975,420.966667587481,420.963805752395,420.966077397102,420.968964453906,203.811945500894,420.969386109146,203.816050263116,420.981452381165
420.971110971428,65.5454559329948,420.967150271417,420.964511774147,420.967091970738,420.968188598342,203.812434346723,420.969683496917,203.816864199118,420.983251119273
420.968440579208,65.5400008349742,420.964693499141,420.962016423154,420.96526430952,420.966333496927,203.81265892525,420.967414131311,203.81517886065,420.9801481227
420.970296503241,65.541757354955,420.965190325795,420.962116144711,420.968632054235,420.968535515445,203.81599437922,420.96999081848,203.814943326973,420.982360599831
420.972570264743,65.5429434367702,420.967639129323,420.963006161009,420.964759691606,420.964634869835,203.812147821829,420.967845600179,203.816187516712,420.982148590234
420.975067924142,65.5442875059879,420.971191579025,420.967116487835,420.969042257214,420.970457626445,203.817851828663,420.971827204311,203.818546648077,420.982898302329
420.97264306352,65.5431544814601,420.968857129275,420.964927232087,420.968783522296,420.967502304653,203.816117496027,420.96749736668,203.820452958437,420.983466459492
420.973308252435,65.5463357465547,420.968218991335,420.965358697909,420.968965808703,420.972858752952,203.816011101316,420.970544486664,203.822607593547,420.982462387682
420.970970887773,65.5479268386067,420.965286385783,420.964350788306,420.965147486681,420.965622328797,203.814072892322,420.969829467346,203.818274001716,420.984303199942
420.969931747468,65.5418013120266,420.969251584364,420.96437726659,420.972289631523,420.965274965483,203.81370894897,420.970316139758,203.820223902264,420.982800153006
420.974367762443,65.5428340705998,420.968016998215,420.966046381422,420.966912758379,420.968277820614,203.809344064794,420.969039655408,203.815620684386,420.983935873684
420.970797387574,65.5394977220802,420.961759500538,420.962264162529,420.963094403577,420.964748756975,203.808421358296,420.965007649555,203.814437430268,420.977457033097
420.971921094832,65.5428235434742,420.968445544677,420.965116562551,420.967630438181,420.968105844449,203.81746407321,420.97162258011,203.818010175087,420.984751786692
420.976841688426,65.5459975700737,420.970092632945,420.968494554665,420.971228407348,420.970640973087,203.818303352282,420.970487293697,203.819725067993,420.983419355171
420.969071633621,65.5405225349185,420.965722734952,420.95924215712,420.962751488244,420.966515704047,203.80771088048,420.968581354794,203.813905817629,420.979559214624
420.972130575364,65.5463205066538,420.96914136673,420.969671046233,420.970637636032,420.970233042606,203.815550929617,420.973399598518,203.815322014829,420.986602188573
420.967617000479,65.5393316772564,420.961909803035,420.960394222626,420.964308369923,420.9647473453,203.808811268373,420.965224160598,203.811884545732,420.978117575142
420.975156402322,65.5489234949966,420.968583986454,420.964384310355,420.968650910954,420.970067409329,203.814951844396,420.970370146722,203.817866133146,420.985744446965
420.975098298717,65.5447823522617,420.96773261364,420.967394371698,420.968626107377,420.972674365268,203.814100368371,420.971036828184,203.81570635157,420.985902888616
420.974289971446,65.5444015245033,420.964363485038,420.968247790237,420.963570191707,420.968210235106,203.816360782034,420.970803203578,203.815871067316,420.985579637997
420.973025603136,65.5424156239279,420.963862028717,420.96571352262,420.961975168221,420.964712662948,203.812346446285,420.968255648755,203.813897119911,420.984335053631
420.966465977067,65.5384802689235,420.961601723023,420.958871611692,420.962703983317,420.964664982206,203.808861940781,420.965105797265,203.811870540284,420.976367356888
420.968425830099,65.5414407045877,420.960326746227,420.959370097894,420.95946898572,420.96240388295,203.809424007124,420.964961622696,203.811308878746,420.975809676624
420.975317919712,65.5451483872527,420.97061468767,420.969521950083,420.970331220377,420.970169144256,203.815987121314,420.972867597351,203.816738766335,420.987205033364
420.97375848701,65.5475758529445,420.972905561952,420.96820280759,420.971770227125,420.972993302481,203.818455934391,420.975689200282,203.819652414248,420.985157436971
420.968349423725,65.5453247055315,420.963863722736,420.959721707861,420.960704015728,420.962110076026,203.810865869158,420.962682994774,203.818777240407,420.980832138804
420.965467392113,65.5378952549278,420.961738702392,420.958787159617,420.96248187829,420.964137431285,203.807441078061,420.964525071339,203.811132596258,420.976322345873
420.974364805528,65.5458877606037,420.972528917778,420.968137694735,420.967610424789,420.970514526555,203.817168449396,420.973211761159,203.823190565641,420.985990945029
420.966772588939,65.5378027701333,420.958946522258,420.958170713144,420.962471649561,420.96600147093,203.807037045189,420.962702172466,203.811792684119,420.974130295116
420.975565809087,65.5428408317571,420.967314149653,420.968405844271,420.970531884235,420.97034356144,203.816335009561,420.971599046796,203.821302754412,420.987435883066
420.976940822903,65.5497894638079,420.972233937642,420.969596696789,420.974004172696,420.974082355636,203.819344264288,420.974708134686,203.822607593547,420.986700386561
420.96539224843,65.535184024732,420.960628310445,420.9575896748,420.960971431644,420.961531945096,203.80533182745,420.962099397752,203.808854732834,420.975484629355
420.962846863661,65.5354473349666,420.957782769705,420.957023585627,420.959589124008,420.961334524796,203.8036912566,420.962148386768,203.807034229237,420.973199293073
