404.416889623564,64.9643731668988,420.016853393613,415.462312428805,460.569877164488,445.814420542937,191.433020883042,395.477153191161,190.71388361424,452.907467126346
404.416889623564,64.9643731668988,420.016853393613,415.462312428805,460.569877164488,445.814420542937,191.433020883042,395.477153191161,190.71388361424,452.907467126346
404.416889623564,64.9643731668988,420.016853393613,415.462312428805,460.569877164488,445.814420542937,191.433020883042,395.477153191161,190.71388361424,452.907467126346
404.416889623564,64.9643731668988,420.016853393613,415.462312428805,460.569877164488,445.814420542937,191.433020883042,395.477153191161,190.71388361424,452.907467126346
433.089710384111,254.48031987376,460.008426696807,381.393773577337,480.284938582244,333.022415771713,86.2767535023602,391.886506704105,262.168219382023,383.449724476387
425.422730526068,-339.154585926886,353.539414450345,388.109937708239,500,500,386.968362689992,426.623711730716,60.3820851996096,395.571380621997
200.975594077006,-50.3831171805915,494.281559275966,500,500,424.075290108154,-22.2033427533219,394.733105572113,253.989317857416,427.844810484742
-43.80361464046,41.1268165569015,-126.624961013232,379.352824794443,429.462194842634,190.329044944603,-55.276121085657,153.587640912598,-116.078785742205,351.44951655061
418.418435762635,45.6112688642014,460.008426696807,213.694038436333,358.438457333742,472.907210271468,42.2241349686784,237.188553243288,-28.9695414409539,331.891777983219
500,194.175889157715,500,384.537846307401,387.984285501377,336.124350658816,458.717682519017,470.490281301935,206.72667582573,500
-282.713959388191,-500,-253.725102195671,-344.877956247525,-156.279875672117,-332.473357634687,-364.37551184394,-350.192605273539,-484.598047287386,-196.261960994355
164.416889623564,46.4458546483802,57.947887876372,324.553221519715,386.495803090414,234.275959004475,-253.011423561403,362.143819857828,-35.0925679986632,188.201584773405
315.393696678231,55.9479835381109,400.161819291313,457.731156214403,435.032355241449,472.907210271468,182.729284252936,439.872030185926,188.503486534115,348.604144809397
282.020321416239,-127.252682270856,460.008426696807,304.992391761946,349.522747039839,223.879452699632,49.6267734281078,416.436227247881,-84.9399908409367,476.453733563173
282.020321416239,-127.252682270856,460.008426696807,304.992391761946,349.522747039839,223.879452699632,49.6267734281078,416.436227247881,-84.9399908409367,476.453733563173
217.614080884445,-500,274.831510232702,208.823985795417,-78.5564842995274,344.33578170004,190.293799248422,-126.975926369646,114.852049586206,153.585479178506
288.815624378034,-139.48271017468,-86.7395969597953,500,411.886867691417,268.834757465649,-90.5263677914825,500,387.537706465884,401.651176592696
262.303135904967,-11.0925704528495,254.0822741887,428.137878493952,303.760741206699,421.446728201436,42.1837494980149,447.738576595581,133.021557414729,388.978757933214
115.808631371041,387.778019291931,461.996445223828,500,427.042545347094,293.279393403558,270.368293103178,104.336592777481,58.765776641323,374.166704543006
262.303135904967,-11.0925704528495,254.0822741887,428.137878493952,303.760741206699,421.446728201436,42.1837494980149,447.738576595581,133.021557414729,388.978757933214
-97.6887997287715,-288.946384845122,-312.887760873656,8.83376498379008,-170.702121795577,-84.1700874255838,-299.98603401195,68.307763660838,-320.249959888957,-37.6345376930186
-123.295010024646,-500,-58.5018231006313,-109.357832386401,-102.366008109051,-27.0927897285316,-176.372867418245,-319.283618677338,-385.147950413794,-66.1114905184632
-123.295010024646,-500,-58.5018231006313,-109.357832386401,-102.366008109051,-27.0927897285316,-176.372867418245,-319.283618677338,-385.147950413794,-66.1114905184632
-123.295010024646,-500,-58.5018231006313,-109.357832386401,-102.366008109051,-27.0927897285316,-176.372867418245,-319.283618677338,-385.147950413794,-66.1114905184632
73.4184357626348,-124.085700832768,500,336.062459488964,434.480124000409,425.18657249918,235.958150313947,-31.3380378639482,-63.6015760729885,71.5231143887493
-95.5831103764356,-435.035626833101,-79.9831466063866,-84.5376875711945,-39.4301228355118,-54.1855794570633,-308.566979116958,-104.522846808839,-309.28611638576,-47.0925328736539
447.274032480707,444.964373166899,500,500,500,472.130210016621,420.599687549708,500,500,500
48.2095637719735,-156.528164720135,-92.8948999900983,-275.344418877883,-3.26048495593591,-70.051808642478,-288.432480591212,258.810986308478,-242.513985263439,276.101726043245
-21.9958359761062,-331.803527702265,-298.468949870994,-303.043902157035,190.857017989369,-71.6252845582003,-140.182112443323,170.05194970735,-199.012501694977,-101.126601185082
-323.430822155385,-484.185863194976,-231.415931383361,-213.199602345209,-293.984204843908,-85.5109794645923,-443.982232884951,-333.667146782775,-467.738940024468,-280.014170548666
222.281733053779,243.858897162237,500,-22.4630868821114,153.411090857049,206.453072380262,-66.4169853779194,466.131288137044,80.5591160641489,431.184006728656
500,-11.2824031426823,500,387.939489547736,423.890448581453,93.6987324695696,-46.9105964332503,399.709019945334,150.726749825804,332.027913079143
-161.35135348461,-126.295158588057,-65.5671670776881,201.891461496687,158.856367153673,70.8031465406962,-89.5152437371528,-24.6079342459895,80.0347300861313,-95.9554794581132
-142.430695447406,-175.851146749884,-157.477538842845,140.706859073953,500,425.834391526721,-95.3759559474565,-220.72414572341,-26.8520456609291,239.553413052368
315.393696678231,55.9479835381109,400.161819291313,457.731156214403,435.032355241449,472.907210271468,182.729284252936,439.872030185926,188.503486534115,348.604144809397
-47.1960136022421,-263.982995254154,-27.8998132730533,302.559086622354,250.043561375014,289.564420542937,-278.566979116958,36.102153191161,68.7626641020449,202.907467126346
-345.72983016742,-500,-289.864596959795,-294.575188108653,-139.624121319572,-187.698867466007,-384.177161442276,-205.474727977236,-383.138985263439,-166.205966264447
276.577345959473,389.719950791147,500,466.034912145223,416.266871223216,491.566964945739,222.787152788345,196.629193550383,52.8417743690253,500
-95.8765499584051,-128.020702607169,0.25395268679614,-4.6126886461106,260.181880196367,178.787844525048,40.2126562324059,193.573390854367,43.008145858882,214.68060034476
348.993090327145,-397.441741998693,462.979500405124,365.822022798392,334.698106617409,500,455.821244280469,-34.044390545838,38.9902155581718,414.869551836728
