420.970863954549,65.5472879670432,420.967704193428,420.96717396695,420.968929819678,420.968623428804,203.813358183054,420.9698574942,203.816109362565,420.974541336155
420.971815304784,65.5471491735575,420.966020279398,420.968765091047,420.968885597331,420.970065672321,203.810978288686,420.972212135154,203.813645864243,420.973333600717
420.968385099523,65.5445309745374,420.966190238218,420.966059770321,420.968679387774,420.96876331925,203.810700893562,420.969089250041,203.814261188272,420.974355478124
420.969316330398,65.5459818834934,420.966242042762,420.964696348741,420.96957804181,420.969216816207,203.812881843628,420.968008303798,203.814516702346,420.976029888253
420.970734144191,65.5449864756964,420.967838698471,420.967476496051,420.96610242618,420.967744554928,203.811158114466,420.970311098696,203.815415079198,420.975652853919
420.971596095069,65.5481509445425,420.968926659179,420.968573928404,420.970986689452,420.969124783579,203.813620110509,420.969931208792,203.814517892501,420.977803211204
420.969019772003,65.5447230819852,420.964205152447,420.964631029058,420.967514138781,420.965124789639,203.810134896648,420.967370359354,203.812987354167,420.973598973729
420.967911289969,65.5469859435031,420.965613452955,420.965921090907,420.970049146768,420.963535601432,203.80863834542,420.96507467977,203.815201361861,420.972659849621
420.97136843858,65.5495751207485,420.966474773278,420.964767159618,420.968725056393,420.968820470119,203.813563731754,420.970794850883,203.81763150268,420.976930242895
420.972252060027,65.5454961013647,420.962645074707,420.963310958234,420.967825887598,420.968855784251,203.812438901655,420.968810181508,203.814428798913,420.974305628609
420.969765498268,65.5501732634616,420.968719614553,420.968791936603,420.970176858436,420.969140884526,203.809765019645,420.969124254341,203.81852725995,420.977354465414
420.967583144215,65.5490766762432,420.967885603464,420.964680329712,420.966454567464,420.969050548787,203.809546551531,420.968218159819,203.816647307036,420.977633207118
420.967757827873,65.543585978035,420.964068411345,420.963471977942,420.965502466806,420.964932474283,203.809846538957,420.966076521491,203.81264480529,420.971742876957
420.972034896483,65.5477694763219,420.969321033692,420.966359896888,420.967059873172,420.968450373639,203.813556927718,420.96655062691,203.818083867164,420.978469536803
420.969710827615,65.5449195079839,420.96515750168,420.966482371125,420.965003616978,420.96557167196,203.80994091631,420.966162045618,203.814252121407,420.976464188922
420.970898423317,65.5505407510554,420.966417852349,420.969109347603,420.972531439593,420.969194219293,203.815583277658,420.96926852834,203.814127407406,420.979325250691
420.969070883514,65.5436992336217,420.965478141994,420.965771499885,420.966066414947,420.969678477461,203.808085636799,420.966476538838,203.812532271634,420.976249687722
420.969980686195,65.5443271999504,420.966809585111,420.96527891023,420.965734458322,420.965986486272,203.807014095491,420.966738249491,203.812505172457,420.975652853919
420.966825733136,65.5439180637667,420.961655776703,420.962824856301,420.968171586885,420.966694369874,203.810853302871,420.966350696208,203.809936470847,420.971810523478
420.96462553732,65.5445125332578,420.965602060837,420.961905176497,420.967828499866,420.971110239087,203.809890803102,420.9691811752,203.812829618081,420.97565459833
420.969833552539,65.5438608909678,420.963422248288,420.965031286294,420.965156021186,420.966271128338,203.808907961175,420.96809150869,203.814059308151,420.976183180712
420.974768912017,65.5491921524305,420.971202469777,420.96853933918,420.970133321482,420.969164241285,203.817437194486,420.970532285698,203.818903023224,420.978151872067
420.966564570763,65.5410592912563,420.965771131515,420.961786442,420.965115252144,420.964601885985,203.811355099795,420.967164430843,203.810780806451,420.971810523478
420.972435100779,65.5481846266777,420.969349348849,420.966739131016,420.971527614116,420.972265886467,203.81713285984,420.969285028808,203.816770169045,420.97977242065
420.964722667136,65.5453489787772,420.96322821078,420.959844079251,420.965835056929,420.96844766117,203.811777940053,420.967110566612,203.809923039083,420.972450962774
420.972629372179,65.5511613565613,420.968702630737,420.968841311441,420.972212335593,420.97210995342,203.81798991831,420.969371349691,203.819847316825,420.978129914697
420.968186143405,65.5431050438743,420.963175643943,420.960960452847,420.967912503083,420.964601885985,203.808717996811,420.965776908965,203.812367951766,420.971428985174
420.974293977972,65.5499972879535,420.969479358415,420.969905235026,420.97278834475,420.970398995608,203.815409102616,420.972644565323,203.818261560135,420.978873179697
420.968060567073,65.5448098377227,420.962616026159,420.959767992345,420.968657148704,420.967678506133,203.810068933778,420.967542932683,203.812018394255,420.975932217772
420.9645215977,65.5439402553766,420.962314442573,420.962314449272,420.964984378547,420.966114342108,203.80980522348,420.96523240592,203.81006659106,420.975009074194
420.975287323496,65.5473455558171,420.972560973183,420.970912038944,420.974400721185,420.974104162613,203.816057199887,420.974228745051,203.819310754649,420.97658153819
420.973765284537,65.5514746294335,420.969928712384,420.967356626666,420.972915563055,420.968648352116,203.815570662964,420.969746696704,203.820574459192,420.980786306836
420.975423037863,65.5514690185761,420.97314803291,420.970860426655,420.974701987657,420.971422605288,203.817981927089,420.968913129669,203.818007992895,420.978638078558
420.973637707128,65.5478771733948,420.968663277015,420.969108107627,420.971591633223,420.970160716947,203.81171095563,420.97292639198,203.822050601905,420.980677642507
420.964541212341,65.5435308235159,420.962924792383,420.963282608469,420.964934434244,420.96408017406,203.805713674599,420.962213964385,203.811037128143,420.968408392418
420.96796493081,65.5447230819852,420.959889893018,420.964085421544,420.965065400296,420.964421562177,203.805711369062,420.9626417609,203.811932512973,420.972400290554
420.973346265818,65.5546200134139,420.971021502561,420.967111251159,420.973577325884,420.973039834894,203.814642546612,420.97372496531,203.818442918983,420.981471920256
420.974334180558,65.5513302615454,420.971439723137,420.973938038189,420.975988477427,420.971746344658,203.816261174896,420.973592317775,203.823077054403,420.977981846025
420.978183187487,65.5518462164771,420.972802226345,420.972058257088,420.976047079715,420.969742643175,203.817108815141,420.970810495725,203.821574189261,420.979775712459
420.963110893554,65.5392567685691,420.96091603225,420.960785564353,420.963405181806,420.963489113281,203.805426687593,420.963815044073,203.808986982304,420.969081272155
