420.970863954549,65.5472879670432,420.967704193428,420.96717396695,420.968929819678,420.968623428804,203.813358183054,420.9698574942,203.816109362565,420.974541336155
420.968844843842,65.5456030154049,420.964679985065,420.964999411625,420.968550703281,420.967658899339,203.812105742962,420.968104095204,203.813022916706,420.973175929817
420.968844843842,65.5456030154049,420.964679985065,420.964999411625,420.968550703281,420.967658899339,203.812105742962,420.968104095204,203.813022916706,420.973175929817
420.968844843842,65.5456030154049,420.964679985065,420.964999411625,420.968550703281,420.967658899339,203.812105742962,420.968104095204,203.813022916706,420.973175929817
420.970883985483,65.5505742442835,420.968671361866,420.965256162023,420.96839916222,420.967084730597,203.816299095406,420.969096120307,203.814370822066,420.974830434547
420.967744745934,65.5459002501505,420.966653127132,420.964539571723,420.968379159772,420.969866833946,203.811624493078,420.9695193347,203.814469490323,420.975097967243
420.968900715223,65.5469785775347,420.966184901659,420.964548856811,420.969606915743,420.965565747338,203.810439697573,420.968783430454,203.814394584008,420.974280398464
420.970348753544,65.5455744290055,420.965563220858,420.966102626622,420.967042920432,420.967447278571,203.811133072115,420.968974501445,203.815084335358,420.975362258434
420.971746663364,65.5492246618022,420.968203412082,420.968007639195,420.970571077635,420.970366691112,203.815674050682,420.969614421946,203.817978339695,420.976335625426
420.973075639023,65.5473167614301,420.970132583306,420.969043002947,420.971665270431,420.971363795708,203.814707691471,420.972043119626,203.817710058607,420.975561437172
420.968861482306,65.5448421036619,420.965672012187,420.965147218095,420.966515022456,420.962888473758,203.811658987329,420.971556739428,203.814303199045,420.973557051032
420.972048471447,65.5500240214996,420.969692463631,420.969431497936,420.96960332378,420.970982964072,203.813233550639,420.972152635584,203.814298820341,420.977687160525
420.968313729988,65.5473804977268,420.967822705464,420.967373549989,420.970352823207,420.972814171342,203.81223648174,420.970365190458,203.818141422295,420.97720320824
420.974342960846,65.5490478847708,420.972168645754,420.969341117871,420.967872895854,420.971221129859,203.813467884522,420.970222908103,203.817066134157,420.976300069164
420.971649193787,65.5492452523027,420.963421412399,420.966765051591,420.966591797361,420.971594206121,203.81258148641,420.970290277068,203.814003746681,420.976592508641
420.968874490812,65.5459425370178,420.963828792439,420.96167200303,420.965803507555,420.96626730492,203.812361296813,420.969258686185,203.813614532476,420.974360802017
420.965682409301,65.5409405804751,420.969807805593,420.966234571973,420.968706728709,420.964902149084,203.810476961962,420.968512801482,203.81368143875,420.974473924688
420.971383710928,65.5502683811343,420.962558002476,420.964363115392,420.968344999266,420.967343401477,203.811055670604,420.967228808444,203.817296109833,420.97493458926
420.97294834263,65.5463857372951,420.964784254595,420.966170102295,420.965929571827,420.965889754551,203.809120709396,420.968260602983,203.81138655214,420.975583397194
420.972909736956,65.5419514830547,420.964206748118,420.961440551844,420.970152517084,420.967411115961,203.813182654703,420.967221178228,203.813048383331,420.971066398246
420.972275005699,65.5510316340227,420.968793242534,420.963597314356,420.972038091836,420.966462966943,203.818198434683,420.970753286561,203.816126507336,420.976850494148
420.973466104569,65.5459538889045,420.969191215774,420.969811391048,420.97309610998,420.971107138904,203.813927586133,420.972593212037,203.816436821026,420.977885021521
420.969834664735,65.5443307599528,420.966502500949,420.962469969808,420.968669279121,420.966168386859,203.810684165953,420.96500990601,203.812569837501,420.976643404989
420.966126376573,65.5488447147731,420.965586235004,420.961505375807,420.964411226278,420.965972552141,203.811708943107,420.966112163538,203.811713866309,420.975862661951
420.967553330789,65.5429769572432,420.964190229109,420.962593550571,420.964268468086,420.963630732551,203.810134586276,420.964931787455,203.812243090401,420.971083501617
420.968800782222,65.5433188136511,420.964339243534,420.963345763411,420.966165736683,420.965763085773,203.807273463619,420.964791009719,203.81027889395,420.971920999111
420.968535249578,65.544388453291,420.961018696374,420.964736256501,420.96344239792,420.966241910206,203.809829806749,420.967969143858,203.808533799873,420.967912827323
420.970489563372,65.5471124549729,420.961225112229,420.96589225937,420.971776233238,420.966312068142,203.810805207983,420.97049641452,203.813819016243,420.977609886381
420.967807945443,65.5439550128536,420.962594291246,420.962092643769,420.966503115048,420.963464390197,203.809716082982,420.966167513448,203.814163292421,420.973893485645
420.967101086017,65.5453081817701,420.960737882041,420.962377440526,420.965177759463,420.965520785249,203.807402238626,420.965796497361,203.811251288371,420.967381340125
420.967814667158,65.5437525858346,420.960757779451,420.963095139483,420.962896233619,420.966097765111,203.807544593142,420.965465766449,203.811107769029,420.972204396937
420.965494853634,65.5419860091567,420.965421886848,420.961541459899,420.966709800835,420.962602004425,203.809108363957,420.966148547198,203.812127359587,420.975988487234
420.96426784848,65.5432964454008,420.963289422907,420.960026810057,420.962848351174,420.961828018764,203.811260161738,420.965563625125,203.81001262636,420.971491737019
420.973785952163,65.553082114031,420.972377277432,420.969384650563,420.974794673073,420.969742722544,203.817152056268,420.970642813566,203.818518327989,420.980812266833
420.974725363305,65.5513120048766,420.970423212287,420.968734082141,420.974056586684,420.973414069962,203.81697666091,420.973963315936,203.819326980904,420.980499879457
420.97613291127,65.5504931600714,420.96932421091,420.969776068176,420.974322241059,420.974750832403,203.816492045722,420.971033234419,203.817710169855,420.981104205273
420.975611856037,65.5508375314992,420.970826323352,420.971365729115,420.972306022925,420.972710381064,203.816396174608,420.974237603939,203.820347437851,420.980625360927
420.962481643441,65.5406371476568,420.961390024639,420.95927646923,420.963116057278,420.964603731452,203.806361390584,420.964256232206,203.809206387829,420.969834864749
420.963581741349,65.5403399129113,420.959416882572,420.959736309132,420.963287600787,420.962395796845,203.806842640469,420.962840992711,203.807759814212,420.967912827323
420.961724321558,65.5380092653125,420.959047010345,420.958716663158,420.960904398248,420.960793168549,203.80412933283,420.961573166643,203.807285069941,420.966548201661
