420.970016376369,65.5467695219041,420.966498350782,420.966810448669,420.96848718565,420.967622507816,203.812563192055,420.969034303043,203.815577415698,420.973494288655
420.970634716209,65.5469885810773,420.966777866933,420.966329970508,420.968051074516,420.967842303083,203.812380702525,420.969121644522,203.814839336997,420.97347821731
420.970682457174,65.5470713688327,420.966954505553,420.966575338058,420.968192105019,420.968220660411,203.8124940908,420.96910733597,203.81536100744,420.973836913179
420.970298119943,65.5466931433495,420.966458153208,420.966123423379,420.96803955226,420.96780231398,203.812206375235,420.968757804689,203.814843807693,420.973377129166
420.970376250005,65.5468429092916,420.966774318844,420.966356531821,420.968375676924,420.968189345204,203.812268700194,420.969303188349,203.815329462817,420.97367453803
420.970265082025,65.5467109084338,420.966564242623,420.966533159958,420.968891357408,420.967797804823,203.812725464122,420.969232902018,203.815203371016,420.973929481957
420.971121329971,65.5471934347256,420.966963741907,420.96710418561,420.968803509361,420.968604482109,203.812731857799,420.969507328142,203.815588792215,420.974078299384
420.970539157596,65.5474672888645,420.966955221044,420.966622238556,420.968983296754,420.968440801011,203.812921805502,420.969784499952,203.81588226257,420.974072792227
420.970841719564,65.547539758687,420.967008841775,420.967261369693,420.968528611658,420.968695607723,203.812637187627,420.969901861431,203.815479679323,420.974221763371
420.969885679424,65.546853690395,420.966400128397,420.966217112312,420.96830695973,420.967827480696,203.811923372448,420.968853753601,203.815084913087,420.973633425222
420.970834273903,65.5471516811158,420.966814621871,420.966612089494,420.968399021265,420.968123336995,203.812449151065,420.969415224591,203.815248409526,420.973942146308
420.970834273903,65.5471516811158,420.966814621871,420.966612089494,420.968399021265,420.968123336995,203.812449151065,420.969415224591,203.815248409526,420.973942146308
420.970834273903,65.5471516811158,420.966814621871,420.966612089494,420.968399021265,420.968123336995,203.812449151065,420.969415224591,203.815248409526,420.973942146308
420.970780317197,65.5471784293709,420.96696279,420.966793816249,420.968480060949,420.968304167631,203.812576499241,420.9693952919,203.815441302843,420.974126868803
420.970519098167,65.546875781705,420.966555490335,420.966432114917,420.968167000431,420.967904675226,203.812239435006,420.969047064426,203.815081434629,420.973795342826
420.970933823115,65.5476330049621,420.967319893242,420.967114997863,420.968660033405,420.968804784892,203.813031506528,420.969464369563,203.815670947698,420.974427368268
420.971283597316,65.5473012341057,420.967111910035,420.967244565446,420.968840005861,420.968768096629,203.812649325304,420.969469851917,203.815523711284,420.974198857785
420.970575756609,65.5470358444856,420.96658512991,420.966462683566,420.968353727778,420.967984877766,203.812251285664,420.969258561165,203.815087822176,420.973903370784
420.970263269088,65.5472058773897,420.966488873956,420.966328764368,420.968241082352,420.96806790698,203.811924364871,420.969499923115,203.815043501207,420.973788451472
420.971127275866,65.5478261351005,420.967022029968,420.966904114919,420.969184455229,420.968309996802,203.812824218449,420.969658544522,203.81557912125,420.974184135186
420.971139530793,65.5474601253894,420.966625525826,420.966721168027,420.96867239645,420.968561865692,203.812676993177,420.969426660501,203.81538538283,420.974048075701
420.970465611957,65.5468081309685,420.966727323712,420.966288509569,420.967883507146,420.967769264774,203.812013272662,420.968782736184,203.815206869113,420.973751553066
420.97066614717,65.5467201580431,420.96674197764,420.966352191529,420.9681321142,420.967803124313,203.812198557082,420.96918652385,203.815389755177,420.97377380519
420.970563648654,65.546910794905,420.966731114652,420.966224377402,420.967898404004,420.967962746188,203.812225471013,420.969352234231,203.815108609493,420.973851377591
420.970854759996,65.5474019819122,420.967037520015,420.966868046135,420.969166874894,420.968781308134,203.813043991539,420.969963399866,203.81569330075,420.974337793239
420.970694944276,65.5471757966086,420.966560918429,420.966355493273,420.968413894716,420.968169853777,203.812512175841,420.969176397721,203.815249252743,420.974056590451
420.970941494356,65.5472666015325,420.967292044225,420.96682562559,420.968990209951,420.968635757098,203.812958907672,420.96938439673,203.815823782669,420.974428329145
420.97077577806,65.5471389536596,420.966667994414,420.966644796012,420.969047170681,420.968273746269,203.81234261036,420.969748186398,203.815218000595,420.974122267649
420.970729889878,65.5468594058468,420.966640648497,420.96627223453,420.968026221177,420.967921303399,203.811950427392,420.969023784499,203.814867006359,420.973876906293
420.969880583845,65.5462476017808,420.966027001801,420.966123423379,420.967563683912,420.967493027981,203.811719249787,420.968554835752,203.814748913125,420.973359131921
420.969997178043,65.5463538615817,420.966033570212,420.965910194793,420.967645080307,420.967382755103,203.811717514883,420.968525144303,203.814559514506,420.973273422702
420.971356194026,65.547673601239,420.967336541995,420.967134009617,420.968920941388,420.968645257119,203.812971071189,420.969937144714,203.81577032965,420.974464066431
420.971356194026,65.547673601239,420.967336541995,420.967134009617,420.968920941388,420.968645257119,203.812971071189,420.969937144714,203.81577032965,420.974464066431
420.969660664294,65.5461555168853,420.966079677888,420.965600742726,420.967739917597,420.967359467071,203.811737616924,420.968278620851,203.814533819125,420.973179019897
420.969660664294,65.5461555168853,420.966079677888,420.965600742726,420.967739917597,420.967359467071,203.811737616924,420.968278620851,203.814533819125,420.973179019897
420.971184384389,65.5474617574378,420.967142762456,420.967043430221,420.968518250226,420.968397367653,203.812723707481,420.969562306339,203.815758993353,420.974534221094
420.97130223732,65.5477003494941,420.967484710123,420.967315736372,420.969001981072,420.968826087754,203.813098419364,420.969917212023,203.815963222967,420.974648788926
420.971193903967,65.5478662828023,420.967134877563,420.967149097834,420.969303751257,420.968734815507,203.813183038534,420.969971696595,203.816101041373,420.974532081935
420.971128263946,65.5474683849949,420.967046297219,420.966942936284,420.968755518792,420.968765866202,203.813031506528,420.969721491977,203.815899574171,420.97457825918
420.971348072265,65.5474569260366,420.967298343426,420.966880523252,420.969571160797,420.968804617026,203.813342119824,420.970267671719,203.816491902141,420.97446357264
