420.970324636244,65.5469230324441,420.9667834625,420.966793107189,420.968554657318,420.967797033492,203.812422814719,420.969363271391,203.815256614858,420.97332809076
420.970147576627,65.5471186795743,420.966867564408,420.967031043508,420.968484110053,420.968087897701,203.81270319162,420.969309528535,203.81560092872,420.973656621871
420.970196510956,65.546981504316,420.967099847273,420.967196224948,420.968983370842,420.968388579015,203.812901503309,420.969248797621,203.815785299256,420.973825937392
420.969539932571,65.5469456732978,420.96671096618,420.966532817965,420.968475823953,420.967351681895,203.812246333345,420.969011160286,203.815439999947,420.973302481417
420.969488418964,65.5469334058846,420.96708214394,420.966221389072,420.968437318286,420.96758000987,203.812313916975,420.969343840137,203.815340419289,420.973516217888
420.970111303062,65.5471300075182,420.966932922213,420.966707003832,420.968460245045,420.968136585621,203.812251536947,420.969275069781,203.815264976165,420.973713473004
420.970119510959,65.5468038120153,420.966342497303,420.966621604003,420.968255387698,420.967864259805,203.812439779643,420.968682794347,203.815347480308,420.973436124907
420.970274701622,65.5471435120733,420.96683595799,420.966812512266,420.968776710042,420.967974071618,203.8127385227,420.969529422757,203.815521602809,420.973802151865
420.969717894602,65.5467743076829,420.966495702881,420.966488533344,420.96803179378,420.967284468829,203.811936405298,420.969027285865,203.815049744062,420.973203255662
420.970119510959,65.5469237543183,420.966713747289,420.966810603995,420.968615214607,420.967908809804,203.81251852964,420.96916451384,203.815570230299,420.973743249895
420.969919716628,65.5467453747378,420.966495527053,420.966477984945,420.968329490255,420.967611831736,203.812233795577,420.968948217919,203.815136221092,420.973442197249
420.969919716628,65.5467453747378,420.966495527053,420.966477984945,420.968329490255,420.967611831736,203.812233795577,420.968948217919,203.815136221092,420.973442197249
420.970321750676,65.547145024464,420.966930329559,420.966816946992,420.968653237574,420.968017245903,203.812621201005,420.969415406797,203.815533911234,420.973847102367
420.96981340549,65.5468423750227,420.966796281451,420.966437951563,420.968381714403,420.96758413487,203.812225012374,420.969140215145,203.815214585083,420.97357952077
420.96981340549,65.5468423750227,420.966796281451,420.966437951563,420.968381714403,420.96758413487,203.812225012374,420.969140215145,203.815214585083,420.97357952077
420.970220623427,65.5471242471308,420.966701386267,420.966728699694,420.968706511473,420.968120284375,203.812524478106,420.969307750869,203.815362720203,420.973845873721
420.969637052871,65.5468640464758,420.966571913899,420.966549226165,420.967815890186,420.967513253624,203.812540041715,420.96846212932,203.815286121415,420.973667197631
420.970191582083,65.5470662635138,420.966591041333,420.966184996493,420.968696035461,420.967735807272,203.812047023714,420.969471954289,203.815203469056,420.973305600253
420.97039596768,65.5471932032277,420.967183151357,420.967090013879,420.968624763847,420.968051142365,203.813020899454,420.969662460807,203.815665614962,420.974123336805
420.969803204469,65.5469584014011,420.96615983883,420.966541581148,420.968377803796,420.9675878625,203.812226129723,420.969468993882,203.815016971347,420.973444308697
420.970333155469,65.5473621250022,420.967316031431,420.966957701543,420.968901464382,420.96810388485,203.812744762353,420.969659965125,203.815734335063,420.97409927075
420.97042178612,65.5470922098851,420.966755561868,420.966921466599,420.968678122529,420.968063403672,203.812596558804,420.969414715378,203.815674360797,420.973852111638
420.969963223437,65.5471578309756,420.966431611278,420.966443309706,420.968635437668,420.968093698698,203.812850987709,420.969128386171,203.815275143284,420.9738991929
420.970093446607,65.5469568424841,420.96619693583,420.966819375933,420.968006647345,420.967992079377,203.812435165972,420.968868680422,203.815052840879,420.973731341959
420.969604270156,65.5469132460697,420.966452710234,420.966101573856,420.968014206734,420.96740736065,203.811869423079,420.968975121315,203.815154456169,420.973225632203
420.969652973477,65.5467487543252,420.966899851313,420.966500594688,420.968174251639,420.967832430774,203.812510298306,420.969202290154,203.815697395301,420.973836612391
420.970495270121,65.5474751379394,420.967112933181,420.967120283816,420.968907110544,420.968338579363,203.812772146728,420.96956266477,203.815736576146,420.974157259525
420.96969931403,65.5468835292786,420.966512238247,420.96642367047,420.968171208581,420.967514775855,203.811987367009,420.96927464465,203.81537317495,420.973496308444
420.970163207634,65.5471863879508,420.966677013844,420.96702578382,420.968784816432,420.968103853566,203.812577240486,420.96904291479,203.815693263648,420.974083009528
420.970222290044,65.5469446167762,420.967087675724,420.966665464582,420.968898636437,420.968045274176,203.812485967742,420.969231702344,203.815695912981,420.973998613666
420.969649446638,65.5465721247446,420.966235652064,420.965958234965,420.968143865262,420.967168142729,203.812068996803,420.968449682225,203.8149283211,420.973100647263
420.969413597813,65.5466770000293,420.966682586143,420.966074126578,420.968369627194,420.967520492015,203.811757237392,420.969004090151,203.81493471971,420.973483270774
420.969749456552,65.546998608668,420.966377786481,420.966763612717,420.968651548878,420.967831986929,203.812015519057,420.969439534195,203.81516840781,420.973819698473
420.970639260938,65.5474435042978,420.967233497268,420.967330353975,420.969134964586,420.968428559783,203.81303827962,420.96968426382,203.816089980279,420.974262999874
420.970639260938,65.5474435042978,420.967233497268,420.967330353975,420.969134964586,420.968428559783,203.81303827962,420.96968426382,203.816089980279,420.974262999874
420.970741386721,65.5475040777358,420.96730521748,420.967137886487,420.969129634757,420.968271611866,203.812993204526,420.969655340278,203.816063758541,420.974211688017
420.970394665048,65.5472922032238,420.967037136403,420.966737254538,420.96880420134,420.968434169936,203.812638441922,420.969517925218,203.815818092634,420.974187345423
420.969455770162,65.5464356379804,420.966073433222,420.966080783857,420.967867610585,420.967299079404,203.811732646769,420.968523164811,203.814697076187,420.973117759566
420.96985734663,65.5466387593574,420.966245277063,420.96602662312,420.968252080683,420.967170044254,203.811804436899,420.968891723356,203.815055010158,420.973190197259
420.970163284584,65.5470978857951,420.966544488936,420.966258468575,420.968487728172,420.967554981976,203.812279332135,420.969153868819,203.815257194054,420.973893508988
