420.970154503617,65.5468919105244,420.967321288642,420.967964925332,420.968818289716,420.968293142289,203.813049192168,420.969132293658,203.814938159446,420.972743638038
420.969978703148,65.5469845938152,420.967170044835,420.968046803998,420.968697161311,420.968828861168,203.813294351257,420.969279939281,203.815426703427,420.972771538033
420.969682548574,65.5465959931917,420.966757293722,420.96792017655,420.968581213016,420.96821590648,203.813290989894,420.96899617838,203.815159071831,420.972651431818
420.969374479864,65.5467906085973,420.967110772809,420.967383251088,420.96859023498,420.967987057651,203.812634869665,420.968722446734,203.814620643768,420.972658486601
420.969686845555,65.5464217439079,420.966679541693,420.967486346955,420.968210597518,420.967985004569,203.812505350114,420.968383039244,203.814734404539,420.972155892105
420.969817497936,65.5467289714401,420.966902958978,420.967581200725,420.968642363132,420.968018495778,203.812868071668,420.968837677875,203.814910214164,420.972582775919
420.970009346529,65.5471736070648,420.967117371315,420.968166719363,420.968846575089,420.968714632516,203.813237796298,420.969559482099,203.81493704666,420.972975451199
420.969746139291,65.5467628498566,420.967129997426,420.967628196508,420.968732048386,420.967916242617,203.812760166355,420.969111180748,203.815192537442,420.972627835593
420.969612925635,65.5466017855787,420.966608206864,420.967501021246,420.96849625254,420.967889058728,203.812779991044,420.968638136902,203.814602452878,420.972422341007
420.970122090086,65.5471109500296,420.967117371315,420.968010185697,420.969005416991,420.968398223179,203.813289155495,420.969147301353,203.815111617329,420.972931505458
420.969904644384,65.5465619546438,420.967116164999,420.967585172982,420.968502381693,420.968102500693,203.812740566013,420.968622926543,203.814991453912,420.972626829267
420.969647879485,65.5465506980021,420.966729939644,420.967358638857,420.968466397368,420.967843504839,203.81270749417,420.968646679845,203.814697516448,420.972409622257
420.969991568698,65.5467909508505,420.966877085399,420.967426130208,420.968588021975,420.968093370304,203.812777294408,420.968831172095,203.814875746674,420.972570907183
420.969890522837,65.5468466059856,420.966436224898,420.967759004184,420.968279957847,420.968320831181,203.813113668638,420.96908694624,203.815099130339,420.972570432539
420.969433322175,65.5469987073695,420.966640898603,420.967708491838,420.9689818061,420.968200946373,203.812955878963,420.968985067585,203.815018716462,420.972802642387
420.969750179124,65.5466955253963,420.9666864691,420.967364495634,420.968122810543,420.96790522765,203.812913735118,420.968808425361,203.814498814956,420.9725444351
420.970164436357,65.5470135080414,420.967183570937,420.968039342698,420.968920655984,420.968295463425,203.813378275229,420.969193274297,203.815281271299,420.973017393768
420.970509542402,65.5470921903546,420.967704935401,420.968347016909,420.969361824506,420.968643620404,203.813431043653,420.969560180772,203.815638363803,420.972947607337
420.970042181473,65.5469297407266,420.966953791245,420.967730170407,420.968415686584,420.968158930534,203.813269854531,420.96866695936,203.814671676403,420.972977756747
420.969601570306,65.54642434263,420.966679738326,420.96721646769,420.968338135096,420.967841390718,203.81266223302,420.968428246017,203.814660497019,420.972357271616
420.969601570306,65.54642434263,420.966679738326,420.96721646769,420.968338135096,420.967841390718,203.81266223302,420.968428246017,203.814660497019,420.972357271616
420.970471809517,65.5470597123539,420.967683208919,420.968294686316,420.96935827379,420.968542500037,203.813559650246,420.969452326994,203.815539153752,420.973026702593
420.969756372022,65.5469821329671,420.967034564012,420.967448287798,420.96932850751,420.968284699426,203.813561935785,420.968741481073,203.815420186024,420.972932872361
420.97037579607,65.5470712032895,420.967352943977,420.968210935873,420.969297646907,420.968371164579,203.812943807764,420.968882395908,203.815545906831,420.972881710509
420.970246637153,65.5469481753088,420.967337832632,420.967930233913,420.96908052463,420.968274735566,203.813379538468,420.969017046902,203.815087870826,420.973108943513
420.96998020755,65.546771285084,420.967306213207,420.968016649517,420.968879820845,420.968076178813,203.812978802446,420.96898401611,203.815224507754,420.973082198824
420.970010728139,65.5466977582937,420.966808714597,420.967430392486,420.968304211524,420.967823316072,203.812889893001,420.968661629402,203.815316689986,420.97259116874
420.970222114481,65.5474069406933,420.967226158713,420.967821100476,420.969320095108,420.968753643692,203.813409729768,420.969082886026,203.815377956018,420.973180919993
420.969621753509,65.5466253280914,420.966347026133,420.967499868722,420.968331105092,420.968012275702,203.81257301924,420.968634085605,203.814433755054,420.972548862617
420.970044245373,65.5468095840873,420.966692717502,420.96769064208,420.96852985948,420.968077115008,203.81268605022,420.968855038928,203.815189830293,420.972720121255
420.970219469871,65.546864748627,420.967010963559,420.967641102425,420.968835019952,420.968086384371,203.813163715542,420.96930767583,203.81537445234,420.972932826479
420.969716900401,65.5464043365763,420.966448859023,420.967453708208,420.968356750967,420.967873602529,203.812732133131,420.968402132911,203.814883516986,420.972556445918
420.970360819872,65.5470941376147,420.967319172778,420.967921107076,420.969258688138,420.968203026367,203.813405423269,420.969479800152,203.815184661213,420.973222910001
420.970086342489,65.5469440785518,420.967553088839,420.967807901608,420.968714451844,420.968308095971,203.813075224052,420.969306529451,203.815378356413,420.97329101678
420.970215344314,65.5475042978669,420.967047618405,420.968253305834,420.969098091465,420.968135477641,203.813471446791,420.969252144892,203.815154911183,420.973360654973
420.970389631012,65.5475375260726,420.967389875426,420.968361282589,420.969575723849,420.968305064861,203.813690071065,420.969708074466,203.815289837859,420.973337184161
420.970619899208,65.5474426715319,420.967698067228,420.968234796592,420.969356463997,420.96885971962,203.813680561922,420.969446574919,203.81567882592,420.973375600518
420.970520842985,65.5475806725345,420.967488894262,420.968302980414,420.969324386777,420.968614691242,203.813667279272,420.969623410638,203.815395349951,420.973449205313
420.970666208387,65.5475690269039,420.967748268545,420.968376967759,420.96948472627,420.96886183374,203.813725823072,420.969665008747,203.81571584535,420.973427951159
420.970607458643,65.5473927776709,420.967309333674,420.967880532419,420.969193775155,420.968516329292,203.813371621715,420.969169987753,203.815583019841,420.973351576491
