404.416889623564,64.9643731668988,420.016853393613,415.462312428805,460.569877164488,445.814420542937,191.433020883042,395.477153191161,190.71388361424,452.907467126346
404.416889623564,64.9643731668988,420.016853393613,415.462312428805,460.569877164488,445.814420542937,191.433020883042,395.477153191161,190.71388361424,452.907467126346
391.154290154068,85.0667123481853,412.635245779808,419.270853389049,435.994079562375,440.717218077313,181.950667091906,402.255462601049,204.550294662082,468.921495056958
437.093610665936,66.7221890163954,430.639674814983,390.897615329361,459.351553577744,459.700864635331,209.592106379589,412.290018688237,186.776020380304,441.457206424909
406.450382446531,50.7799760037782,435.417597453658,434.934805205739,426.213152018289,435.494503102276,185.486532404793,398.689097192579,175.094160547708,474.407295127722
401.939492649024,89.0706001417968,438.385560528516,435.500592739971,425.495915884795,472.907210271468,173.06522033122,395.103610722154,189.955138879562,394.250153120244
379.295478398839,96.5477128820675,436.505861280396,417.330166674809,387.118722902339,460.990162750706,163.85469401543,397.695317261229,213.19700422669,411.925921488533
398.777791879204,28.936804244593,388.011163493187,406.973348082456,422.614411577444,408.074722460521,175.56889247692,353.706058788488,154.529673087924,422.205712740381
430.998495152538,78.0037283115171,429.196779954201,419.117283189039,468.401957364989,482.599932710452,203.713722637428,407.872271421519,201.240199403714,476.664777067867
415.097387385866,120.398920943802,474.683201181874,452.270458581045,434.82775612369,477.891261308151,177.4511852435,411.550979143207,219.964372489903,422.985785304152
440.428572491487,108.563777529711,450.193927600041,469.613653168821,448.470017806266,494.210468416832,177.344210489542,422.804441747085,214.84845324656,423.10518543788
425.754016223849,101.514080769238,432.056757074384,444.245207165648,490.522808272747,460.434303583872,197.360000494232,418.071517890789,215.567684783831,486.134474037564
438.946071596393,124.706565054078,446.545495249039,474.974276950498,464.656316887302,491.463215669579,198.865013932871,421.732683403858,191.579570328555,399.873185059065
377.378089140252,52.323326552418,428.75783267229,399.232036734573,421.736517388555,457.243049870466,132.1295478166,375.753765520916,178.99022659886,360.91681978691
389.408164328222,50.2716797639291,425.652114008992,425.379135250093,421.597280407212,460.173763751944,162.622446730551,362.208873880049,152.022469367945,359.570430558024
388.026898182287,51.0132752747036,358.244383307852,448.792724283654,452.376967283408,434.206822563608,148.762691315751,430.863643795048,288.075940674301,479.093733311585
360.557240500757,21.1047240440918,376.157204270806,371.602663305998,416.710228041681,401.95477142013,147.573371760235,351.617504068354,146.854234491433,409.047818003539
360.557240500757,21.1047240440918,376.157204270806,371.602663305998,416.710228041681,401.95477142013,147.573371760235,351.617504068354,146.854234491433,409.047818003539
336.896087069625,32.5564998519839,338.693608838472,431.67207177519,439.886501989739,428.770337328781,156.773921737847,392.177712660605,258.46859688789,463.884338857709
404.416889623564,64.9643731668988,420.016853393613,415.462312428805,460.569877164488,445.814420542937,191.433020883042,395.477153191161,190.71388361424,452.907467126346
391.648989283308,112.726608227569,403.752220559378,386.921026774434,416.473758495854,472.907210271468,97.0539357122695,402.018936164664,200.151099295253,476.453733563173
394.493384911932,36.6301514732973,328.166200994242,433.280258909693,461.985017509307,433.465234293415,159.637579686102,411.521810952071,278.172148936893,489.469134179346
354.273574000915,72.1421926431531,391.686583493741,354.453494306902,379.866615638711,437.192924557183,75.625364283698,400.034809180537,188.131868526022,449.171987531427
322.960385747354,3.77980698860377,285.214322387049,407.653692493653,427.041890460917,406.849549782994,101.960078723665,372.01331749621,242.487058073534,433.569581375768
369.544236679031,57.1864176085602,315.000948205541,434.206744984395,468.556936087804,392.79196993594,127.37958711926,386.328619640459,245.059915337467,458.662952057374
202.379369011089,85.1601967716799,446.58378512051,448.322666488173,356.720577905364,357.710569391744,42.5141288688812,339.401139610887,136.329556635306,424.985562601399
354.288706549359,27.3965411316537,320.044043749278,428.017101014956,433.307554621318,423.718645599458,127.877144114414,392.724818470868,266.853529808427,474.84925113841
380.675568911401,141.865203663187,435.548354330924,381.980674582019,456.396795628468,367.096989585896,132.477336172293,378.800877566681,182.942882999963,409.593430966202
343.656064337769,-7.06461175055181,309.079131468576,399.821612293152,390.307898618566,417.870692383084,101.960078723665,357.088853558588,241.142701012299,459.811657153448
408.930095274091,137.35715009949,406.632404891175,424.950127303535,446.235663257759,492.996495985754,101.409336409134,409.782911319944,213.171932628587,495.393127502567
398.148355672166,71.2561902544607,363.903692872085,471.876750137763,477.167203744125,467.578294722265,171.736793237221,436.584467593675,310.713178931234,500
314.57563859722,32.6925883111187,303.522887873134,407.742958749354,430.392534858472,392.165228778184,130.084276967556,374.038514161911,259.325775304866,447.009469392379
370.989186696281,53.2877578526256,330.531716238144,431.508408668762,398.741622636095,457.171591724475,227.80214398679,422.566018425054,264.206466217649,452.902246586456
340.959930062688,19.3850287366239,293.52483745661,425.285640642056,455.564166895554,389.098953901269,143.947058922443,377.255602084848,247.508237477536,473.795573010276
330.479182739835,29.9227366427529,289.011214521934,418.014172498012,440.63649684323,379.42803747978,119.719824168892,376.461043223928,270.769832761292,439.126372607593
361.776939326423,57.0018042895484,351.568166556296,458.381473484592,442.487481181905,462.879046601964,134.757089074855,405.060344786658,306.843209890986,494.199096339649
354.599860850399,142.433029477723,435.186385218955,388.906856086133,422.708411393456,421.538270929351,175.887200117871,338.32468709049,143.382660177028,443.128876206829
360.056210056748,126.622017572961,430.747141392919,403.434409726331,430.606763041808,419.477831368912,184.390601478415,320.963575979379,143.745856302936,458.451364464361
269.995943391464,-31.9751721918336,243.499445646879,354.848445680969,379.390028592807,343.570731170529,69.8555802257009,327.804244978313,199.232359948293,398.499522650524
373.523360496618,75.8391647790325,390.588854129585,431.809497228228,405.943788338596,436.767754489155,158.240503679625,383.959093196458,144.811553515083,296.087453626613
