397.655564403821,74.0824103021773,411.509593865483,437.322469112539,435.738542831655,424.755307242444,194.23194609576,410.563360087713,193.561558875708,442.396631492358
408.227733754807,58.8781252174012,424.035500597584,432.886376709032,453.981655910383,421.551768311484,191.079287275496,404.388487810506,214.022823846712,472.683669827167
419.883719964955,79.0809892979071,407.838102257518,450.343673106198,428.420118345334,454.211715999409,203.956331340936,417.759648279217,204.60678207189,471.933380041725
422.398998211967,69.3856857781375,386.926436702941,440.025915405024,462.420057732131,439.000013222451,206.131159550763,414.371185878836,226.079805268371,449.767521238127
403.977185790403,59.7541477581294,404.762348747156,434.609727312308,446.096523972318,437.408052982366,208.599841169896,412.287469628532,216.945421639459,480.609607189161
389.008256600485,94.0206401537148,413.026840583927,458.616385853698,433.37586901157,442.669675875963,211.299786749168,401.71161004344,202.989286347326,454.185726241428
420.104023623862,82.5612013825172,427.627630409209,429.040695855418,451.180844380638,471.604476483489,220.709379118304,412.436452496311,201.125908199263,460.24939241517
396.727865455668,64.2325178585829,397.191736910186,440.39178020939,462.810952411281,446.904060874996,194.114658305224,404.701410941441,216.6486269632,455.262785595919
379.05167065833,47.301328280958,379.174094281446,428.37254944016,427.589277534433,422.734718420717,168.363111001953,396.573207601251,201.580147689324,438.327301724951
377.917369387912,49.5446218684975,380.183209361235,418.944276059981,430.751817505049,419.174108299591,166.356702440015,391.745361102134,200.585820936292,437.873458389834
409.765675103647,54.6093726422174,400.335388505035,436.019974990127,470.288519709386,451.633177097756,196.377059089523,378.183741726862,211.111261786005,434.848921997374
402.223825182571,75.7789743278953,403.614315015838,445.991959924815,461.32393746011,447.095370340636,192.015972087488,418.70602185363,226.632738997729,464.369302009639
394.26127568653,76.5627898416775,402.521452716301,386.672762956291,454.49825935884,437.276553773514,166.014853476588,408.560756514343,171.094195603971,435.056740472001
390.740741377207,78.7392725127786,383.601111736544,438.965769779143,458.510028794168,424.50025514388,196.611698572574,401.869817770742,224.885232435086,457.322041643128
379.486735364058,71.4144961167206,399.651830524771,444.514118257526,451.938258183015,431.532865361738,182.429174678472,406.311039068236,236.337939580359,459.0598990678
378.766098852179,75.6508030443744,390.030432092435,434.012891366246,390.929751604744,433.157562347359,161.921886691975,415.583272986433,222.511981825222,457.336513450714
363.117621625754,47.3302997158506,383.931208627144,410.971712784463,435.178214705783,421.70990931812,152.841425173645,390.51959655602,219.402851215532,418.33022910719
394.954916566151,31.9335940226774,363.710641086583,409.729281415381,407.079871118483,406.926096723509,150.75923128879,389.842466710333,190.125807736461,429.20449594372
413.731817934617,61.3787700704112,406.329506953469,443.409499297082,447.681664217024,454.653054099819,175.577658762804,399.336594573058,251.464025567846,468.129103159031
369.825238011088,76.5550564331382,366.703016055791,450.453097807659,409.023288694242,420.515954907885,170.556643709492,391.663667408605,218.440463677759,427.521758526263
384.808315005038,34.9560411546986,377.107261690803,388.862124426846,445.420475717043,399.091361067832,176.690433449046,389.639346737564,168.408907685652,436.435698362193
404.217188146484,97.968335914009,390.831401693217,476.837938248992,454.443658241338,427.730292401636,226.307384772626,394.754518928611,225.68942087246,458.10708511808
402.883406376581,80.3154465730565,427.387513524321,451.235347653341,470.148771245832,441.596851915889,173.232826657351,424.993339920842,217.495488559341,489.527548130146
398.259383643485,100.33530007007,392.581914885817,446.164705806121,445.625977659983,416.118786671655,159.221922970214,405.548257153393,257.832103809892,464.413978311105
371.645837543481,96.8438270718673,389.72757628109,390.624465841367,456.177371207443,445.280320251857,160.13051314211,394.227729323338,165.408028299433,429.61011737832
359.802696208885,55.3745156272629,355.781323768313,426.770227922018,413.457413891079,412.959951589169,130.618197523879,385.307735205216,209.751500804474,410.668907986972
379.63861613352,47.1651032973089,358.383627767239,413.526008770962,414.348484508619,415.573556471897,162.263045106473,359.578346324589,171.431962018322,426.927747363233
400.214766152764,108.357800097632,410.365696505907,463.064879098329,467.820764712343,448.112665137742,190.017592259284,425.029204505437,239.14104795999,481.305408714156
418.239783062705,102.996092756633,419.569219576138,459.756060970515,465.63871271072,467.011028404215,211.723779714207,439.908445616691,248.081824022767,479.650707818515
359.142339616326,24.2054913717087,344.907769611217,402.10285074321,409.546070996685,415.573863101386,135.281879434124,389.847686779065,181.880705894371,417.517050428335
358.839676178069,26.7140532023045,346.222790067091,434.247795220124,389.207087945838,401.500013222451,135.588929299022,390.374057976034,207.935520174934,404.2166737805
423.044982400572,96.6001315458965,424.435472233839,466.813117142816,482.145094678111,467.916527558637,212.837129305489,439.527179071631,247.45389621573,485.19045922764
354.354984099736,21.8596365026507,354.818855554253,398.018898853458,420.438071055348,404.531179519063,151.741776949292,362.328529585509,174.275745607268,412.889904239987
414.080082557429,99.9648562642557,424.257086178224,474.598836157274,470.444606445676,471.561760958927,243.37898582967,437.646741067975,231.094365069518,484.997567517037
432.99221855095,98.8624728083512,426.731264643362,476.620676576056,468.86810489499,474.593233561434,212.965495253333,438.273836900131,263.020265937646,485.78447039067
432.99221855095,98.8624728083512,426.731264643362,476.620676576056,468.86810489499,474.593233561434,212.965495253333,438.273836900131,263.020265937646,485.78447039067
349.075081757674,30.6741842784226,358.061671082178,393.274250982676,415.359102081189,397.538580938727,131.064018198856,361.469882471539,171.524747923928,412.298144791637
349.075081757674,30.6741842784226,358.061671082178,393.274250982676,415.359102081189,397.538580938727,131.064018198856,361.469882471539,171.524747923928,412.298144791637
409.829214143892,82.8411212205507,441.749908236177,474.744986559198,486.747666273669,456.725570648802,223.795633104437,439.892462531596,261.472663668162,493.122328644021
355.946245721873,38.9514015295144,340.910782738664,389.034006867558,404.959628853612,397.140209994507,129.510718652248,363.9838181448,169.902010299237,398.325435790964
