411.400278188477,68.3810405350314,412.340068352538,429.066143467807,428.89400742088,437.906026825378,194.591713450034,410.584855027828,197.414678171935,423.422249239538
414.898923987402,74.7561536667906,412.40339604739,434.490947971023,435.179632370243,455.152112362121,208.267280580833,409.140799813431,201.426044850082,431.745748801432
414.898923987402,74.7561536667906,412.40339604739,434.490947971023,435.179632370243,455.152112362121,208.267280580833,409.140799813431,201.426044850082,431.745748801432
401.713890447463,77.7636495401334,407.078053546789,428.720145188432,440.692356657135,451.636072558267,212.280066122518,416.394280118751,206.958931437397,420.640773324359
424.430369415506,79.6494174625973,428.442980090959,444.23327081812,442.678045947555,453.126553006339,210.578158833107,428.686094112749,206.946309843531,434.80352226885
424.430369415506,79.6494174625973,428.442980090959,444.23327081812,442.678045947555,453.126553006339,210.578158833107,428.686094112749,206.946309843531,434.80352226885
424.430369415506,79.6494174625973,428.442980090959,444.23327081812,442.678045947555,453.126553006339,210.578158833107,428.686094112749,206.946309843531,434.80352226885
403.531758289354,73.9944842659333,420.440732184314,413.35136314361,425.363948898571,424.812316757522,175.116943667415,386.845816591564,198.999042365345,403.004444401058
426.668671607598,69.6564396861295,424.330789744911,449.641025455425,441.767569051819,456.856616325607,194.484778116348,416.455173185467,202.249151771076,428.995091098732
417.138920078731,44.7037981540472,387.945704556139,426.853386328038,439.460933238758,413.050338921868,190.498074515626,409.02163203215,178.151866422985,409.501939725382
419.353297885856,70.3669189373889,410.175167905274,429.942317527413,444.971540477433,455.457088380694,193.336164999543,421.581655298813,221.616016940625,445.593258844436
408.006100684933,66.1551621179647,398.310423814171,407.655825628952,434.461220281567,406.20262128836,198.050725900667,387.767484224303,174.394027404072,423.104793101503
432.119636011354,29.9854291747462,414.578383400167,430.268855608183,415.218539722158,425.584018906524,190.13386950267,377.813029963768,203.222007601126,404.585224922145
393.280684497066,62.6081336050742,425.269036924142,457.806304031105,439.976593690864,446.892648047223,210.734673551186,411.761584222255,205.528214608561,425.627317922613
421.865810835033,66.4283970845285,402.012200719822,434.768010511044,434.827982497486,413.882119597939,197.867271273179,391.273153330324,157.986982287513,421.438532544328
399.344625344868,47.8896378296865,387.670775726535,426.987946770543,417.224776009094,439.253861169752,175.704255370749,405.69410863696,193.000799752042,399.883003703393
411.399487086453,57.1661529643374,410.095665387055,451.632784047826,443.212575549271,456.03919680669,201.913101396413,426.732574061075,219.687270151506,443.954052640532
407.450589318747,39.0108952576501,397.748305027262,426.278259982811,401.054209610532,417.43403693154,169.070749407145,416.319154193316,171.079633464678,427.545205630151
445.269767977172,89.4620360197317,424.658298008174,440.978837244379,440.541151978086,460.282071322449,218.203687576064,419.282787643045,210.393046284802,437.873199781824
387.656454128591,58.0669231815108,393.892842281526,396.204689701163,419.467727841268,420.345821651781,177.726159874022,391.747745928614,190.117692731445,420.062930005283
405.458264367779,41.0616684442994,396.2166028937,435.1977481445,441.767569051819,450.172124346997,182.536248704583,400.900874542933,181.824315169769,419.096901053483
385.502912135508,65.3756521176894,394.77752572526,432.346461182825,440.918247541105,446.818114268835,182.040167502404,409.374763515161,182.137687894479,413.769176105856
401.064308415884,61.5594993788187,393.689156359649,434.413553887238,451.140825136866,442.219679808127,179.585080150956,416.083460594993,191.384370280823,451.73500942385
403.201063024835,58.1527381070183,399.12725225654,401.596211128917,430.133496268744,453.313877068003,177.384927639657,400.839092033545,169.405171984807,425.311925272021
415.000258297244,51.8274436097537,388.620493024074,422.101639858247,407.378174908359,395.176233322655,199.397681410412,406.509925388604,159.08680072803,393.296766449325
388.325136577701,51.6438385653114,407.252297146291,435.949864871116,453.213601810862,472.838164055525,207.147208896245,415.560034173842,194.592666337386,433.061313712116
382.355731694201,80.0604796188892,386.689993407616,399.755321016026,388.43932077876,420.667916026242,182.406580209777,407.175304785327,177.388721869774,431.221840672018
441.428832645215,70.2091363886327,425.878136399173,442.644318184135,453.288313132441,471.12196544263,215.177562849005,425.039288352035,230.736762940174,452.097906157907
435.126731545973,90.9268229190372,427.989568199197,451.128477847734,452.802850243255,462.952244214453,221.028667077137,424.634980523848,224.332752894268,457.068378535677
441.93179595972,100.208642354573,414.910080539369,449.196830323964,446.668602958479,472.853637416587,224.198653129853,436.37391528184,208.319427203023,442.775160566138
420.403395443307,65.1381424738254,434.650955871789,453.239538300423,447.224557068685,481.960745399057,236.676464133657,412.492603011232,220.464271590693,439.107710079475
432.586275491484,82.5825860328351,436.095609679479,474.734447536305,466.963213220518,461.068729284549,219.775231602717,419.569299374949,209.457570522807,435.237233843029
436.626978459978,97.665542292262,420.344601614962,473.1375249835,473.997475128241,454.00513995993,201.937093057825,430.414887610243,211.908550914964,444.746300627638
442.431932020349,94.8374879936194,443.426987978599,474.046542436635,459.593986460047,447.111757606989,207.917249543496,424.234613776572,191.237074777339,459.790805271601
388.620563957401,35.8489794867452,385.087457971909,409.180360088065,415.71167485262,390.814143948178,153.276641906989,386.402183722971,175.188992375823,395.100001460058
441.553335752108,93.7314857351018,421.594572517978,465.270701732993,459.689436291812,489.754188486688,215.33741632744,438.299014823573,229.835135759173,437.192371895114
426.863206253155,110.193579288558,448.066583283767,461.962474254721,453.27789225369,477.297677417624,226.052772544421,425.76569488771,219.774019022675,469.156527124695
424.511975063004,105.689074784053,460.842588113852,470.54090562727,463.354144977002,476.689437798246,200.317478426774,443.551863409173,235.941355522492,463.566571844337
411.400278188477,68.3810405350314,412.340068352538,429.066143467807,428.89400742088,437.906026825378,194.591713450034,410.584855027828,197.414678171935,423.422249239538
419.197530736366,58.6190967926566,402.491672607146,420.759966663404,409.853256090066,409.644318595099,196.975312672024,408.21632339517,181.556118048813,420.193046790425
