429.966845606039,64.6102406144742,417.227583851415,421.995519582125,436.153971934509,428.554189772682,209.489891135162,422.821122726131,207.990724889466,431.036704342817
415.244545202625,67.1165062786346,412.648427627522,411.610181236261,426.028297170676,431.388727096383,208.077434252999,400.319011833928,194.272663307793,426.789243585661
412.256033851456,47.6840915013018,402.150095798175,416.030421601247,429.209886008886,424.072712970179,202.025879443472,409.417894925085,192.754907646533,428.094478338434
412.256033851456,47.6840915013018,402.150095798175,416.030421601247,429.209886008886,424.072712970179,202.025879443472,409.417894925085,192.754907646533,428.094478338434
417.379433018627,73.7435093065664,410.845810712051,420.623883971359,437.058400838938,435.402480370972,185.130590927597,411.090414313734,200.005510993399,426.204832997788
413.397019357355,68.1347292920139,422.573499499237,431.286315913283,439.097607086264,412.036774439477,196.539426782416,413.26364017117,179.710455172027,428.990274423934
424.501092771866,46.7832211427178,411.994619193393,416.258350572645,416.012271529651,436.95674377674,188.971905279049,403.965878446134,195.864344122734,414.028907071862
423.257313364117,76.3512718138768,420.897585499546,431.958078342054,445.050090594103,430.006389526245,218.100125250559,426.156245288301,209.358640144585,433.711467058999
418.956955640007,73.3101172976282,412.905863987631,429.02903542087,439.629771368024,446.463735861129,212.243231412849,413.819707593382,201.745312979346,432.879661584948
439.369890872628,61.481371009632,399.1814267921,426.775404075969,439.742269601754,422.304368063938,199.128038132551,411.235361566067,219.670387007724,416.51803587678
413.588090840248,64.6990061865171,412.437454401574,431.813704498323,433.111012349265,444.367340876803,201.39446598075,417.959611617006,184.642138376171,438.358056646677
424.80908747085,74.7030965613611,416.724582423379,417.938927501825,439.524561204142,440.87193214543,205.750755499873,412.961273908861,216.266002582783,445.546340471883
419.674954340462,59.8602310078296,416.656613725223,432.801172619659,432.893106473465,450.261124447538,200.826934563555,414.442096899981,190.905186569044,441.895051366592
398.493297997166,43.5864536026128,413.734151801369,411.359980133404,421.249707402972,421.866084192214,178.836879901787,406.919383468474,202.310659680071,416.521572670025
417.312218797902,66.412833766219,383.881096185773,417.067312932832,417.122846160268,420.030465184437,190.958401691487,403.610996159625,189.093491116998,430.212520759913
420.032234376861,71.1939755070326,410.935198583905,433.17467087651,443.046929853783,452.39809440606,184.273334149287,425.253426009641,184.267488536451,420.17623180131
403.68439924903,45.3145965809428,402.937761914266,415.178619908405,432.47874161974,432.613320348664,192.805432369787,387.923850930448,190.135405858603,429.120263088708
418.810104136248,74.4154511968924,427.561536215937,425.81856930132,440.978396942656,455.654912331717,225.681934878831,401.173201622572,200.439318464523,406.542886633215
428.703402272509,77.7792762717386,410.678360905388,426.69898490139,460.04870179836,449.072712970179,206.137721548735,425.865263346138,207.610595252645,440.430004654223
398.854224354578,38.1690153675142,401.739707626228,417.511211606014,431.53633702459,416.878516091274,191.313750790606,383.063784096697,191.973197505476,423.795866891775
413.28544928792,47.1285920559525,395.800600829736,407.099210859466,433.263048108262,442.018501152736,195.795862991796,397.372339172329,176.478341202077,406.790732365348
430.607037048768,57.4852887843248,409.08638767592,440.204614238748,444.547059550281,452.531908723199,194.918025436401,431.879769656599,236.594521976951,428.172321362331
423.723417981033,59.0017939069563,398.505371801154,401.866298182989,446.852623237038,450.958720469547,194.16760654356,410.412583372745,196.792536697193,449.309469589267
434.907106581711,87.7288463393055,429.483539063293,434.254103297783,465.742365435087,414.37558883634,188.338135449633,415.385827107157,216.392783562289,440.037568868643
394.353117229153,78.3844721788634,387.54537211556,443.42103468559,436.275192818888,437.360500421098,188.420064611807,397.622495741293,212.570078911869,422.995590379046
397.82968452151,43.6202656771308,391.971735898198,403.386497025734,410.951542784711,410.103897375021,178.920735688406,394.338150589908,179.416975701681,404.282318377905
426.173037900039,73.8656167429775,409.075303554408,448.225270425436,452.826620151936,451.246626013657,229.281518541216,432.444210714559,200.97859185706,450.415906909862
439.886358226383,75.5216031899234,432.775635273455,425.763686602938,458.205017380291,456.140466640995,214.155358729454,442.207057272482,225.851375655053,445.941675103051
395.901278658799,24.6840028991573,389.472428208285,390.352933289507,397.249762252983,431.474293093215,172.074458184939,400.181205063298,195.574001926825,398.26247730775
388.596538281785,40.8487724644611,386.723003694507,400.652079460081,434.651468874881,405.691105158748,158.602577345254,404.867085721984,190.33058839278,399.214279691445
376.400588217919,63.7464459662665,387.88742852817,395.745263696746,418.541831915491,409.094735390906,186.607152762521,383.472908594075,177.523125597932,389.136492810704
451.355717203075,104.308359719256,439.280973400822,435.482787150948,448.296491028703,442.971596199181,226.309966026189,427.434958119387,247.665524113883,456.909976835519
454.596794041281,80.7560642768103,435.083867698225,429.448069845939,474.147444645652,469.205269564082,211.383872426365,454.840675144708,231.21430078049,449.607200276959
437.855931212457,90.2366833299011,462.551786605225,446.806766317339,451.83302915733,467.980821601473,207.348730118122,458.761552247612,233.850830854432,459.604964401147
458.421763441526,87.8834953164154,441.940088710526,428.375881552519,471.216822636083,460.233977698054,235.819962651929,451.493491395863,240.720172314162,453.905605091172
388.708710455019,37.2999820233781,371.383193786878,386.028370932011,403.17522026405,394.688968326639,164.723755275505,364.933077014185,163.21940799824,380.538559663285
374.573102837802,32.8453295388343,379.230918832879,390.482105802009,389.758937178649,387.713156443538,173.243665920415,366.458389537814,171.40317455754,383.802211160633
451.851692482112,106.204854139733,445.800600829736,461.923772262975,472.524508210129,479.358472703234,245.137968254954,446.714444435487,234.640049821451,465.774398427054
369.801328189185,23.489089232004,365.707636757578,386.802951654333,385.998066115769,392.613307750833,153.585529224445,370.339898100986,155.187184484718,389.071779454698
457.703824312955,107.597833403466,449.619319265484,450.83366434393,472.419298046247,473.766668987535,238.645492341979,445.856010750966,249.160739424888,478.441077313988
