426.161575359933,70.3761097499547,409.843512523356,418.661738923328,423.014998406877,430.521546627753,196.34803736877,429.126395805661,205.840804966587,420.24744125072
435.908269198793,61.3014919282249,404.108591832873,405.450884550477,432.521987581288,421.802463525098,203.968349363672,426.444878111586,193.877801076633,427.988433172715
412.164795400283,48.5605305647766,409.171882972113,422.239825390051,412.141552798679,424.129343644234,203.783287553027,401.962052510239,202.099444164248,408.607667130774
420.143367227954,62.3078020150769,401.800335424917,404.006238402755,415.503481861485,418.950620336035,193.133501569238,413.390637332461,190.792703591142,413.962450380494
422.226681092451,72.5774778046319,409.375216191126,424.790712957626,438.098652983335,420.980119226808,194.16840692824,418.040608538003,192.526637286504,442.175594972624
414.207895735614,68.5996654104445,418.025054882431,405.16742457601,436.751230854118,430.057439852711,185.24656517412,429.027336296882,188.652649461242,427.081447395258
407.044370898053,68.6546258235029,396.766479687097,420.799005366865,428.496362252362,434.309559935792,198.366443940839,410.649817388252,188.572881842219,421.03211529554
435.746166600143,75.2474528277223,417.533884750388,432.100994516956,434.250102183317,444.858083142543,200.227948036148,431.288232357982,211.647776356987,426.50923311443
425.199539512828,74.5063119925604,431.690196225487,416.590455980131,403.900832105881,434.10587661444,189.514363121897,394.160187906672,200.908040578858,438.548704309218
430.291383045711,85.1035963131096,439.181766327448,420.406525275347,437.682819280728,441.642518852948,199.070389810181,434.169229497992,197.388211109662,434.724826438558
415.297035641116,52.9124134954451,394.097372881387,392.268949097762,414.778369451077,413.408914809766,187.23418056871,408.409234696748,194.070092266361,418.794450672885
446.225936361593,81.6067509746465,420.173130745232,404.124647030068,447.531938042123,431.760499390777,194.329001432189,430.684712915667,218.907591908641,423.578940964433
408.931647428282,77.8634185018034,397.966331952086,432.630174394605,435.685222169119,449.073458965947,201.607755085686,438.486744139493,214.955061727279,432.251612031446
422.530308697174,55.827641727129,393.12542223361,390.414263698773,411.090074623542,414.484817398482,195.677431286719,405.211366608807,185.165494754168,417.86690811505
442.044114917153,78.8248943764071,421.628328706858,430.364524039693,443.493440045632,445.152177760423,218.956819433063,432.611429042438,217.251558151968,435.816617137491
430.142843245955,38.4509093622881,404.134763957002,385.994407267821,408.211362540113,412.342088160657,197.928117532693,412.011382621514,200.594450383964,407.621680444462
431.239901498709,81.0894099017713,433.689611844456,396.562050381029,455.540787816144,427.600113423865,200.844913320273,417.668660053876,200.905164878315,437.260310214288
429.170227322852,56.4177688995347,381.771858310057,408.265610664044,401.352976278849,411.607947433004,194.34174165989,402.782355319036,202.508910831761,417.04111505879
437.25727150473,61.8128581216731,417.650921799562,417.08039732759,456.348503860271,440.483485704744,217.742486836088,447.373191728911,193.420803860747,420.091508459777
455.091176380766,72.5860154410984,424.557677336271,421.094472441005,444.395515866843,447.379434982936,187.970393657666,425.805757526925,204.85631521253,435.504645721728
462.109622497635,59.1552195248427,399.928659549753,437.413962823894,428.344432663027,415.904862492234,187.707599428063,436.830417017442,207.015120693127,429.540526349718
436.168417403758,70.1246933595231,438.016137979367,415.322427929145,432.528427259248,450.295286926265,206.011140794119,422.477516584105,219.083957488953,460.644860735361
448.042493280998,89.0488775064954,426.993541621293,417.196060959243,429.713482763224,456.495340668613,203.908953563133,446.461107153852,221.234644965727,416.234995672598
403.143425518007,29.8425203637425,408.471179445975,401.2549638572,410.112815444902,431.132284296675,165.129647008678,403.653858792747,180.216706596385,418.557318647819
455.407775946351,70.4191154323493,397.502676919602,405.202160415958,441.663404247505,434.224696342394,187.125592829817,442.476422228293,199.573669591622,444.110906369088
426.96145538741,55.5335094660056,415.501641896528,391.717028506599,433.953111805069,437.978217272342,168.638416203552,412.850864424208,169.781612402914,439.82366670283
421.77319195806,90.0549835720945,390.414928831063,402.345980740158,414.840423049692,429.953152615559,168.283594381228,388.579700474265,206.098412047845,415.041729315234
450.757715745205,90.3500813128598,435.476120919463,419.34663143652,434.664102194905,453.802040260008,224.1062809181,440.054804317001,225.715661886614,443.432787020082
442.790990876488,98.4369167666833,442.88943101263,406.297623491019,450.200597942726,447.638311863963,187.288214827039,455.541191924662,198.02911453391,436.750927001446
446.330968201482,86.8462012267012,415.663242548522,419.676272786731,452.77702691176,436.981422173567,229.999787810941,447.206898998978,242.772848348594,444.33694615209
445.721818175513,103.985510860859,428.979820447629,430.97604809033,452.703058340291,461.996508107798,221.767790563551,447.258239873453,206.547854962481,441.142633005285
434.941199969573,98.2673869294319,441.759232097621,419.671643985293,463.876004814335,447.741728758146,193.976377483155,459.007349621333,214.760244397951,450.522610076927
443.206401103134,102.77628990789,427.661255046785,429.098179123853,440.086197249863,469.107342948064,224.336666215077,452.865009273563,223.161779013114,445.697677117291
449.029022545182,91.7924608703341,431.398624089811,443.371106261751,457.144926424918,461.813481822626,220.874967595352,443.620849972975,215.526994681477,449.513525711053
446.641218884034,91.309037968019,424.704833868595,445.817598466252,445.430733964201,454.613465122066,228.086648822519,449.673391925263,229.231836288864,459.081695074054
390.10785256527,36.3160968926988,396.202417173633,373.328491708596,396.88478409778,414.759726063302,182.347426763852,385.309971617767,170.02521032894,404.213581044588
388.419254976838,32.1465792738141,384.810012110342,385.027762901538,406.305586895914,407.562288582598,169.503048506219,391.685737487204,157.304932344328,418.603987440324
396.463270285675,20.1913982429109,376.239600237597,382.7023292256,402.040552621469,399.416325062545,165.627986892936,392.424717288652,164.121210124468,405.525820663642
458.320316137935,90.1668874523502,445.654723749773,443.108781742051,454.944039073594,464.960306994187,216.249413318318,443.210820818064,226.467923733678,465.439644011157
426.161575359933,70.3761097499547,409.843512523356,418.661738923328,423.014998406877,430.521546627753,196.34803736877,429.126395805661,205.840804966587,420.24744125072
