426.161575359933,70.3761097499547,409.843512523356,418.661738923328,423.014998406877,430.521546627753,196.34803736877,429.126395805661,205.840804966587,420.24744125072
431.164996381845,70.2504015547389,423.929825251362,416.992083426237,427.771712833063,440.408416777009,201.179589081445,425.801956194883,212.46238122777,440.446150993041
431.164996381845,70.2504015547389,423.929825251362,416.992083426237,427.771712833063,440.408416777009,201.179589081445,425.801956194883,212.46238122777,440.446150993041
431.709423432331,66.0944839358139,413.747217161459,417.871068125459,439.681751133574,435.502516166249,207.045262102429,438.249793767286,199.630804413667,420.169474855248
439.19423720995,63.5265171409811,404.983174717048,430.136944066005,435.719290400893,433.907877168981,199.577807950193,423.425128390431,203.125002397251,425.372240240788
440.958286764253,62.8371287201842,400.027261388146,420.665924028617,426.065224345094,427.716409662414,191.342804066985,432.688382197053,193.566921073571,416.169414050144
410.586109886975,60.5122245301695,395.498342007458,417.713203082218,412.996783661888,416.525254714227,183.142976656732,438.632090104801,201.185941348936,416.866507145305
415.227034320465,57.837493628225,408.337881911035,404.536042798429,404.81251644712,419.202888092628,175.344012707331,430.392435690282,204.02685540094,413.433526153967
426.268267762241,45.4393959288599,404.923809215528,419.510458623343,417.576224878796,432.157012544475,186.82384965956,423.373814761531,188.107180779214,401.09032920051
404.176360018209,50.8247258790632,400.492325251362,397.316157500311,423.385747920782,425.408416777009,189.929589081445,414.343622861549,202.30613122777,416.407689454579
441.138562290853,61.9061875132157,401.480637318606,427.933335823444,414.673617973977,429.041577575867,187.365813736412,443.692692125837,205.897828901286,420.268401049636
421.970298952557,74.674028899888,394.273029090898,410.183089259206,435.50679168419,438.35501422519,198.845877482061,414.889247889318,190.148185538318,409.489858480887
432.25047136635,78.2845488147557,405.534861410032,438.118695319812,429.649219172654,419.110323105498,217.92337116893,435.142304954535,226.562449519773,421.335688686092
436.246271780707,78.6111554883279,412.753377535939,419.16900585503,437.896012659319,433.751484400661,213.173912589856,438.166647402319,224.306826657591,432.292193701405
410.886116140804,75.5554032237149,392.711900054743,401.762805869579,419.748641209982,416.823955606043,189.393825810102,409.154553549703,189.2157334266,421.612841408129
431.435199399761,61.0643959288599,396.820160147205,406.3364390155,425.603405285008,415.924175015871,178.572258991479,421.841076666293,184.098560089558,404.264932375113
438.890264759238,52.7310625955265,395.950594929814,412.065605682167,420.684423803527,424.857353550443,186.206834560837,407.376790952007,185.348560089558,403.570487930669
422.407130068599,38.9402250005634,389.782345984666,413.408026714939,414.547777893632,419.260459766012,180.612579562462,423.601665760743,214.482128797359,401.83397198907
408.328457920307,44.8597765547389,396.669186953489,391.176866034933,424.930803742154,417.382100987536,197.103502124923,401.345434455752,192.576017591406,414.283360295366
424.070534543442,58.5944839358139,388.284254198496,393.031324535716,412.338001133574,416.901325690058,185.08580264297,417.416460433952,186.23794727081,418.15334582299
451.04825281518,81.8872165173241,424.789895191417,409.29559507272,430.452495144499,445.236518919771,192.562640204488,442.87258696861,207.047229196921,422.059790186689
430.516081752702,48.0435625955265,406.039880644099,395.168803356585,427.948678189492,410.825490805345,173.930048846552,400.680362380578,200.140226756225,420.733186343367
447.812403994651,64.7054314813324,413.02637020958,423.739413802003,433.804716775527,453.729308309837,216.639897023238,441.561942747947,217.647976416834,412.559400279841
403.931645654554,44.6824468987768,400.354360018602,391.621068125459,435.458778160601,407.377516166249,195.681625738793,411.374793767286,193.120387747,396.462578303524
449.566566289474,77.8132339358139,434.282931447173,430.023845903237,457.437432951756,447.52174693548,209.802615043605,451.763307280799,224.370387747,430.325724855248
450.688990842205,93.1053507710822,426.231027072325,424.87334438573,434.777702123512,454.250631148183,212.405281180237,454.043751479756,232.559464096592,421.018996239437
414.179439901973,49.561952465123,401.643165445236,375.501883714964,408.692388439306,416.104720659725,175.722393452828,405.902423218383,165.083935957478,417.535553976775
451.105975156469,82.8627766187407,423.258086726676,440.192496696888,455.931751133574,455.882950948858,230.482762102429,441.598008053,211.423257243856,424.856974855248
452.849129314684,72.0468648881948,425.354360018602,435.963173388617,445.69136651819,457.241646601031,211.928074602429,461.505607720774,227.755804413667,428.919474855248
467.297363634666,42.5186408278749,399.31176171223,443.504440735362,424.817646569435,405.066274735433,166.974399594998,453.053870807836,206.94879616319,427.622158403393
397.404883658996,60.6842966610246,375.981493404482,398.168333515954,395.253468304042,403.870162121656,163.162590068548,402.940885977801,203.886275173883,395.769585282977
464.568291236476,87.8634907243552,411.136086036555,458.17177944504,446.513048868286,429.647028089406,200.129670250268,462.334467017612,212.525523805467,439.098529254764
409.37637587035,40.2310625955265,385.950594929814,388.628105682167,402.45525713686,407.700490805345,160.909215513218,396.216076666293,174.098560089558,396.626043486224
403.139342544233,23.1696598844348,393.110048687369,383.048629168042,392.258351370334,420.410248795548,155.401004350887,411.070978363034,167.166686815969,413.887674066917
456.123485932331,88.8217566630866,432.977986392228,440.332005625459,456.727205679029,451.908766166249,229.366690673858,464.164427913627,208.559375842238,446.955189140963
394.911575359933,39.1261097499547,378.593512523356,387.411738923328,391.764998406877,399.271546627753,165.09803736877,397.876395805661,174.590804966587,388.99744125072
464.041689492879,107.673019944015,430.025669929468,425.741399941286,440.372861274706,470.418165870405,227.90627324373,461.231251479756,222.857900404754,446.733865520482
475.385598928784,96.0156646373987,436.136086036555,459.287850873611,456.929715534952,454.463204559994,223.277818398417,464.228406411551,237.677962829857,456.143983800219
475.385598928784,96.0156646373987,436.136086036555,459.287850873611,456.929715534952,454.463204559994,223.277818398417,464.228406411551,237.677962829857,456.143983800219
467.496271780707,109.861155488328,444.003377535939,450.41900585503,469.146012659319,465.001484400661,244.423912589856,469.416647402319,255.556826657591,463.542193701405
