426.161575359933,70.3761097499547,409.843512523356,418.661738923328,423.014998406877,430.521546627753,196.34803736877,429.126395805661,205.840804966587,420.24744125072
417.24501664012,57.6179431523468,403.256349738423,404.919302479131,423.972901074515,423.951823807645,196.725769746847,415.235915130707,199.208411278997,417.265400773043
441.073410777515,56.8705422408807,410.129716975429,433.039372296381,422.166089164647,420.773125479562,199.9925013965,418.899623330828,198.860140568871,414.738922402013
427.031896736001,74.5539118850347,411.618779137006,427.103949694291,423.137340135898,427.060276828442,205.064589801922,442.819376417248,195.591912078576,418.905589068679
424.478583774025,72.2291138509565,420.273596936462,427.650409271198,425.595210076395,432.168948441145,195.912577058278,441.114712391871,195.808855033912,428.498470763534
428.338828556318,59.2098361727406,407.941696583728,406.915271139957,425.481838298185,420.673518716549,185.139043107661,414.903379093119,202.990515861406,420.490313797044
425.116054951687,64.4852968428843,399.063883360926,405.846531729522,417.676499770226,423.711436158906,190.71692000587,423.271428119807,196.039376118698,419.200393536855
435.667414914077,71.9786533770417,415.43109317487,397.515720073739,428.930973566594,414.988008645074,204.429166564451,413.162321796507,197.876390107745,421.58770748703
438.604914087556,76.1316631336394,417.316703857387,413.978666998024,426.733746775688,437.879032773762,194.455338786629,435.999491387135,206.444017081754,421.153615718705
412.850349576173,57.1522440931648,416.609652064102,403.229470120467,432.421123328607,425.315418275041,186.741504572121,437.45182110577,204.69758790191,414.607962869156
433.705921989914,77.7467676289974,417.437197252604,430.639467088184,436.681688293107,428.360994883482,211.48690769639,418.322334883793,227.316876887462,422.877073051382
425.579206188852,71.5688763095585,426.492875628734,403.674046634365,427.119078884051,438.261212230168,205.993230628515,423.644367366272,216.479313300821,399.61159193793
438.380384174163,64.9854205325304,411.876609006455,416.86655332611,423.400159302891,411.098096737345,175.166371656651,403.195202484481,194.398290509064,428.491398517996
427.854060814693,64.835412583625,416.08950633413,401.194644265135,432.743985974865,408.157449250752,178.884468681997,429.281205627811,194.529464669551,405.445313211714
438.123738499234,84.1954465817021,426.71313986188,415.654675533344,427.73682760267,435.899255109915,224.30654200847,430.668013896139,219.784542966239,434.412177179079
413.172757848543,63.8195833071134,405.524757285328,397.289040164534,418.337545846741,433.308383731832,185.858140755985,413.660323495736,193.360341249936,397.251250918666
437.821148327362,61.6790217748289,423.510979368053,434.901665794827,432.974958687684,447.801430990585,219.309328915772,435.561118382739,200.791190639554,436.698414033217
442.170571247985,73.9711693064789,415.448607691045,407.43899891464,419.017697392972,437.732060404568,195.438756845211,447.326755800819,188.3125104445,406.596301621662
439.313585815885,85.9560429513115,410.38075578891,432.595502922938,439.580123824387,438.408673078365,197.263870997265,436.887985854011,222.494402573725,427.22508489488
436.031919484994,68.2801204811908,427.553696730805,412.14283807146,451.750678852293,432.77016595932,220.620632351387,416.95059277131,223.213898247447,444.172649902514
422.569296168515,58.2322371559259,401.220160232562,396.186288188752,432.406498000622,423.047687757385,181.488439098634,415.304212827287,182.86826943197,396.18881932011
451.675173030873,73.0175034891798,435.376538833385,423.204708725691,429.813655495499,442.815225640865,195.998668164817,436.508317364724,217.851055413304,448.631199781067
455.345001395824,88.9717409346454,423.871604986755,411.030497477405,443.548685633325,424.531543407907,206.65045350796,436.508317364724,230.3273765316,425.363608144022
441.95596318687,63.6166853040286,417.842789289099,442.592964309288,418.46185471656,467.397575066965,205.950570565344,434.366582654141,215.754538227728,414.963089352754
405.406580984967,49.7880599234251,398.442734483963,410.25570280536,413.634759617375,408.080213538436,166.608880546953,425.803568356512,179.441634425171,438.761481938523
445.50049943794,96.90691867592,422.525577530312,424.133697507461,420.70787963871,437.84162162524,200.272878865186,462.23405928837,217.593645089619,417.781896660711
433.416492966269,89.0863546612276,409.011883387855,415.071258639145,451.476784166901,446.556212128338,191.686500999649,442.758108789509,216.403840802046,395.75164153507
401.241358661153,50.5632694310064,376.801323283396,402.633065624992,419.990423973759,402.34688553604,188.308261329338,395.688590027826,189.222935607246,409.034948098146
445.514656482947,77.6370823480589,432.340978136227,431.719381576549,438.50087241947,456.330095242515,206.738718390693,450.962884615211,217.367943422142,447.931755189682
457.310488348686,80.9327605273294,422.856431619336,413.978666998024,447.463431684477,443.023065695573,205.826358929579,460.92826631591,210.384127404843,440.070381947299
442.647427040329,96.3944007363538,423.776700494784,439.279233750505,439.998430886324,448.060051905569,210.619511249523,446.897838422595,235.727737601099,438.872710797713
446.82892357032,90.1186326191413,426.923445029648,434.540372389179,446.080505533098,447.761515514207,220.385974979313,449.27152160399,230.698815812089,441.894817476062
412.932819084241,46.6790290366165,379.630870100753,379.855628545636,407.066931868991,411.708692674681,185.968581924199,397.774917116049,188.690757658969,406.626090839096
464.495299261387,70.0250556149952,414.892123584746,438.879252331924,430.78594775488,456.135522596224,231.817159250003,446.118964284766,231.27392508285,421.386370432528
403.000002395105,31.0108763153949,390.396267433896,377.643965126274,410.598415477808,401.601887664605,179.89075291183,393.950261661145,183.776312513565,395.043178550821
448.109214170984,88.482140683211,434.120547269287,435.783500009995,454.83709860538,454.816021338509,227.589967277711,446.100112661571,230.072608809861,448.129598303907
407.740716556692,45.2674656027752,386.452506326522,383.11446946716,395.869549244824,407.014835242898,163.591141255765,405.135293856271,175.57981955089,390.28941818784
406.473222304225,50.7777351144892,377.040574879284,375.420324420599,420.091940867187,393.376339157142,188.666213094052,407.904915774128,172.677477448412,382.634845168069
390.711377838677,41.5256203453991,381.093449302529,397.792785064664,403.195221617073,401.58842028589,172.352280113452,396.355732181933,177.875658085189,382.468908622204
386.380819109256,26.7537456214826,372.392152207559,374.055104948266,393.108703543651,393.08762627678,165.861572215982,384.371717599842,168.344213748132,386.401203242179
