439.901092618867,92.4321046812079,460.528498554597,436.644611195823,468.270315714074,471.656108614327,198.977670585343,394.511836956719,210.551183867681,458.741258140834
415.519623038323,279.029931461009,460.528498554597,418.011725568332,422.849061947605,471.656108614327,-58.5942720133629,431.248097406185,128.23179001853,204.240919469316
415.519623038323,279.029931461009,460.528498554597,418.011725568332,422.849061947605,471.656108614327,-58.5942720133629,431.248097406185,128.231790018531,204.240919469316
470.692830717764,145.27718918127,421.056997109194,468.864424461948,436.540631428149,443.312217228654,22.2218264090678,362.496194812371,239.83421816917,417.482516281669
470.692830717764,145.27718918127,421.056997109194,468.864424461948,436.540631428149,443.312217228654,22.2218264090678,362.496194812371,239.83421816917,417.482516281669
-489.731457248609,-500,-276.547664980171,-500,-304.956391136445,-349.38433256662,-500,-369.991250560726,-318.751515304912,-500
-312.43130534364,-455.940462130074,-351.893666801966,-82.4788552793915,-345.168179431705,-364.369900415325,-500,-298.426012049178,-312.036275249535,-296.581990339769
-94.1128491384192,-235.510928010309,-118.814788446243,-15.5677877690262,-320.732980943199,-261.811452115202,-500,-297.793445581908,-280.493533665755,-187.745016678563
188.695843179569,-201.177193445831,237.459414498562,218.63549783364,219.519789187618,6.62855161856425,397.317838795413,-7.07331924121758,-173.146314395101,398.733236319871
417.037374676991,199.292745609174,432.524420638048,226.776471495203,323.182527388796,378.418268492164,180.20206435329,354.465317002198,432.298040559174,369.447791184027
73.8545733382994,-149.583627631587,392.731888385105,2.95073074949238,439.390117181516,150.227537185755,-171.321519227899,423.262988239908,323.042109084585,360.386352851036
243.105829934875,197.6345826238,363.306276332375,54.3753619319686,408.960173058716,335.29247225069,-314.691832988973,298.895156229715,-311.768209981469,45.1500103784071
38.2929117035158,34.9743695311164,419.54489199722,39.9877677865294,190.321444367108,475.714116777706,342.703706254223,369.720228058768,-84.6283454608698,439.187625317839
405.887150861581,264.489071989691,381.185211553757,484.432212230974,179.267019056801,238.188547884798,-155.649876149968,202.206554418092,219.506466334245,312.254983321437
147.111121241235,149.290610248685,182.065023744133,260.01616953186,99.3351309205622,218.916999738982,210.460430597798,426.36606680356,276.244746483276,400.601723257113
-41.6973747136487,-359.874220643807,69.5521463281361,-5.51880121875661,318.374400377756,344.030203860893,-319.828900335021,207.767097212102,-297.407990219277,450.770968235652
374.235304247771,247.50489596297,195.354060288984,388.7755680281,297.567454152885,488.951842944557,298.893723131458,466.738737611013,438.281783520313,52.4912581408344
404.125383741529,233.957891885953,351.076072451928,310.671783270096,418.031284655888,457.48416292149,115.969200417539,353.148610115997,227.378933256273,323.729753930032
-118.453091647127,-142.231161637036,-276.980903938171,14.378501633403,468.270315714074,-96.7855620724904,-472.793834466992,247.115714395184,-142.155273857231,427.69337546107
460.161465148312,399.499715142947,500,500,91.1823988741545,451.887373685677,275.686827548862,383.554309841478,44.6511301332399,500
42.6583407520644,175.880425797268,366.124545379647,500,161.010043740443,-259.826280784371,399.411956984892,500,194.102385188547,267.965811410209
500,344.489071989691,429.572308327951,500,262.600352390134,414.659136120092,44.3501238500318,255.398043779794,284.723857638593,432.94463849385
336.618547762223,163.79138708162,181.941656538993,457.085802884946,421.61730493741,500,446.63245207036,500,382.739735045996,423.655717774073
18.6797486922152,261.927972886047,500,379.789688695623,-0.137859856776345,199.269303262017,275.867407341984,426.36606680356,446.116541355071,65.8841152836916
-40.2946102821437,-295.76433480626,-292.741177806254,83.428867944558,-334.376990291559,-189.619585626871,-417.446546146388,-303.79266335517,-486.575766337237,-500
191.835412512007,12.3632647943424,180.528498554597,1.34505890166554,365.706204804748,31.6561086143269,-500,109.819525977614,128.231790018531,143.634858863256
366.595515431802,107.744199627788,136.864494532146,82.319201416264,466.779844075944,458.672401015981,59.6012747936829,414.442551140015,325.395319722026,170.287654990897
-294.678586680347,-92.7741306656337,-114.605531208745,204.018605976901,-500,-338.996707454923,-398.889086795466,-157.516921140087,-429.37091193901,-84.6153855160211
366.595515431802,107.744199627788,136.864494532146,82.319201416264,466.779844075944,458.672401015981,59.601274793683,414.442551140015,325.395319722026,170.287654990897
366.595515431802,107.744199627788,136.864494532146,82.319201416264,466.779844075944,458.672401015981,59.601274793683,414.442551140015,325.395319722026,170.287654990897
500,500,403.984455320743,342.86773399655,359.967635644514,500,425.727080226988,500,455.201898353207,500
194.072169311646,248.97873257589,-7.67075514311938,429.519231320506,403.78546520165,394.381441017404,-396.860367579708,21.8524145398098,276.580395026001,103.52190340558
441.83104332213,-82.7331502325311,500,33.2791723986887,-108.232980943199,337.567429872375,-191.834086676284,7.26607822761605,195.696942524721,484.129983321437
-251.495689904276,-269.540558582484,90.5921555270788,-25.6981161824261,-82.4830508976196,-4.13571465912948,-500,-133.541767297823,-24.8558824475414,-146.521899753902
276.127730082574,184.416902848194,460.528498554597,298.479099785122,421.669066913708,457.915562320677,101.582697881664,255.6689626224,328.833965030891,265.305241300898
98.8191980265552,255.071027023068,336.289952989467,134.308716013081,389.183592018966,500,214.418768783378,348.283784040312,422.142899680275,457.541094142498
-84.4803769616771,-220.970068538991,-39.471501445403,-81.9882744316678,-77.1509380523948,-28.3438913856731,-500,-68.7519025938147,-371.768209981469,-295.759080530684
-31.5645776097342,-180.967712536422,436.138254652158,136.31693762296,356.45167560936,187.082228987344,-208.762129704543,135.6689626224,147.982901201103,-94.6947586991021
92.9080582237393,-16.8977523938394,235.475126449306,25.633806772126,429.266312751239,408.494362268542,172.973065525109,458.41668159282,178.745599858158,-74.7839827828072
360.346415358882,412.782673740748,500,367.159026674717,409.157492467062,500,-139.410370435793,500,16.6293618678915,-9.00067734303656
