426.161575359933,70.3761097499547,409.843512523356,418.661738923328,423.014998406877,430.521546627753,196.34803736877,429.126395805661,205.840804966587,420.24744125072
427.390594727346,74.5275322671217,415.189395376495,429.330210286903,427.139727865272,437.94878670117,201.131331136498,439.57009664658,202.504765683434,423.307382945693
430.161240421993,79.5863457629551,410.096127628552,418.601159193383,426.01421740444,431.542753120896,205.519629958247,432.658646683407,221.876461166335,428.388702979967
430.161240421993,79.5863457629551,410.096127628552,418.601159193383,426.01421740444,431.542753120896,205.519629958247,432.658646683407,221.876461166335,428.388702979967
407.834511058989,52.2877135068149,405.696805785823,416.357274204061,429.316644110237,414.262639279851,198.623144821512,422.313544084707,209.835985580677,402.681216829005
420.930646406932,69.2421200049652,400.345258810439,413.34183819388,410.666859648218,423.41390298024,199.255862269281,426.441814576063,180.971604615389,412.510040753002
415.453375828438,76.9559406328765,404.964514937026,426.541680877145,429.956442704601,435.880764072578,192.863464023676,435.742672573737,215.615001881057,419.852583024452
424.383377405774,61.1107165247245,403.769129595764,416.00656687605,413.020126536369,431.629272039896,198.895195179431,434.119515251232,183.949594975863,409.464636544807
415.993523566252,78.0921762730111,411.539745537079,404.054876838608,426.540895285541,442.694382313112,191.155318552694,414.858121572735,204.990711778467,411.901955752817
411.347755680305,58.5312409237592,396.631294544367,409.381622509275,406.199635598527,423.834532803709,187.947142815361,429.447877814634,202.718396514187,414.756500471492
425.420306377098,58.9595471911866,420.990392564925,438.874492525872,436.184838619366,439.068897477705,210.506777285138,437.148301647909,199.85324377973,436.301569946027
410.130420308741,48.6290121825551,412.49775024299,416.00656687605,422.203352261938,422.648909100191,191.0890478384,434.186806379569,180.971604615389,403.259267468548
419.706418727171,66.1932053061877,397.366952281056,426.079207304206,431.092806340965,426.973865630796,190.168967571173,425.194499816262,231.181185555579,419.414973622101
424.848946118421,74.9357540951073,418.386517317104,428.659371263044,436.837016360122,454.164792800349,198.380293865061,430.952265814098,211.727003764263,420.389101891408
416.869895256578,74.3933264171696,411.847000221899,403.53674029106,410.617098316943,433.80403676921,192.242298998485,439.587465889981,183.06160254153,412.416144185894
404.134780773857,58.2484624996798,403.884485815772,422.313369869902,411.358996968262,434.626527564958,189.239153546646,431.743620796849,175.46312155147,416.330638759647
441.445899847267,82.3060925386521,418.802153321786,433.980758647425,430.405866941831,446.03906011508,203.897639352002,437.756897623544,210.255553741767,430.762842072453
432.374644418057,61.9288086772391,407.348754024114,424.421147877169,429.103439579191,435.869263939347,208.101484365709,452.817617623178,222.173347154557,428.813447987621
426.039755811452,92.8858859294913,425.350125094616,410.737829374727,422.181090979911,438.334330670922,192.74830579046,401.801968536832,195.903682398983,395.722553864256
444.278849898699,84.4786166247882,407.029583630884,426.725225063895,429.766679808983,445.793788031632,209.932487155389,434.505477146858,213.936549913396,433.488006723352
428.014179301778,84.2577604804073,420.201231849453,438.083938574843,421.608243130506,443.450973555941,195.836617449679,445.756135653495,215.925897134157,437.707579733118
407.87476947818,57.8649962537165,404.106621105391,393.145709539435,412.374046430513,437.28053237857,184.237762432377,433.628091126175,207.603144270061,403.863705549969
447.217481523084,77.1392963738329,414.941088868863,436.746402693036,422.87625150367,450.434775897757,217.415388450715,442.348569164027,217.915341576093,413.736688327952
446.00919319881,65.975876715673,392.083910092824,414.985511289298,418.333938198816,448.470052335803,197.012590514562,431.689145510845,213.786586827386,399.277853575309
444.237321659497,83.6134449747328,426.893924716155,431.502424608536,439.989548026038,449.171418153448,209.648773208884,432.782824261415,225.769436019538,436.765480503562
432.443301725942,43.538694144168,388.962566876695,400.569765959522,408.483457217621,425.436808030329,174.374926788286,408.214182100875,201.076785770233,415.255652582185
435.281621162243,81.7031445536983,424.733614945227,418.542594905593,444.472733291508,452.171903788499,204.134146377365,450.033856533769,219.669730819851,439.430232618562
436.692920308741,78.4035012593697,431.904511655565,452.949396333414,449.461156436701,442.599949491868,210.821253617118,448.913950467178,217.394158763411,430.192327866134
426.052567137533,62.4340429813773,371.592152844616,380.653113534687,420.480504098389,403.1119866289,183.688947103709,417.278948292423,187.116228761679,406.075726021597
441.925478448276,94.7148707684136,422.236611726037,442.826888027767,443.612596082327,462.58418283834,205.82000330454,441.331900733966,221.607755716656,439.806440142425
398.503855042042,49.1081260025561,391.6700236796,395.436908992058,396.213908386808,403.619931069436,173.140409549413,408.963266258626,177.554517992632,405.459478530653
440.417523122165,87.6010083656196,425.701061986228,438.451389951135,435.269403040387,452.90430024557,217.016910257221,458.517645256495,231.788163956047,443.826267913352
394.162022750645,45.0061532316836,393.210816449588,411.38726206632,390.555412591425,397.063379939759,177.480226312634,412.793866819981,182.302987574941,391.90017365142
401.091472980132,50.5165783210946,381.026360186692,389.531391751522,396.94444996258,402.472985679035,176.449862516386,403.588879241546,192.806693724475,399.318935538106
398.320827285485,45.4577648252612,386.119627934635,400.260442845042,398.069960423412,408.87901925931,172.061563694637,410.50032920472,173.434998241573,394.237615503833
440.283941857964,98.9979908788055,444.329007746313,441.916579944723,446.06332416447,463.957090115723,214.489560431851,445.709429777142,224.175195357314,440.849439470793
450.617743436635,84.4313070032651,426.340997669592,439.742808242008,453.59322754159,451.891590330198,224.899474919487,448.101960636895,236.411344887265,452.173058159671
456.186715007734,103.231997881711,430.66415737695,457.246150643966,437.745295650338,469.45904817681,226.852263321117,457.587237568423,227.3770451878,435.143067442972
398.530700615669,41.8980499493343,376.078631695325,386.985712986169,391.454676575069,398.154675917426,159.141597400337,405.879643550667,170.681584619235,378.896497805883
462.617654631645,106.757464807846,452.789181785159,441.06438987385,459.175215507162,466.06417634306,224.539748354703,467.844274202159,237.326244214426,458.887896487069
