426.161575359933,70.3761097499547,409.843512523356,418.661738923328,423.014998406877,430.521546627753,196.34803736877,429.126395805661,205.840804966587,420.24744125072
427.087877330855,77.316935115181,415.022372186405,428.372838749086,422.311620768692,436.986260091847,196.092327409225,437.441265729578,210.883351050372,428.977510491919
429.191658269649,66.2205370018358,399.896991041966,412.821016671081,426.961973800661,413.583976254565,194.508058267204,402.76012392609,196.130901325097,411.996162367197
436.085384279371,68.1759932328138,400.96371130809,416.823625106313,420.674468302847,439.495799481778,196.680313941666,430.407770658253,209.813695896987,409.762647413014
432.325885291324,58.7955436458686,416.966980464443,403.051430424936,418.730881134721,435.741392078614,192.94093402446,429.84939341108,211.700030181076,402.963676713667
430.721598261088,76.0396271518265,417.288563734292,418.602166914461,433.743865849193,441.346725208126,200.241091873068,439.580126169715,212.755267893219,429.838836934641
424.855163014668,78.9237574602125,410.423342676443,412.173316707871,436.851610541301,434.891923371572,213.502448972192,440.64680223492,207.42284369598,423.230541471864
413.427350006916,49.8113429086371,397.674050065327,413.336254716228,414.103891975609,425.722025816965,193.009338751994,422.474883015348,187.34765555337,416.094076283589
420.322304766102,64.8006815538713,407.718945245768,422.562610977372,433.821389250072,429.050154377632,207.299608361224,395.285852218576,187.39340617846,414.498407519174
435.583424206382,89.8597199736876,411.743264104857,413.432035670326,433.097197171447,427.501914481934,192.116695010207,431.884543419194,212.894534424207,418.983808496846
426.378479649652,73.7195396797704,394.913897637634,404.830791717128,414.291625556811,416.240659731797,189.877662792584,418.838554199656,184.984462880604,412.004465960877
436.860573871175,67.9888072067911,432.502093469973,437.501666812675,433.222506219075,440.641897058675,209.39287043922,441.635849091014,220.840853785845,411.484401954087
425.42065307527,52.4933352458019,395.971939448162,415.948584914765,398.435821033705,433.51194739999,195.049393775192,421.944379036568,191.685466871837,396.204586188211
433.1067765243,57.6716979568312,384.675981814549,414.9667231475,413.112363064374,405.543557079255,207.085961316619,399.544388408907,208.899890847373,411.238150191591
445.191997112911,85.4049082578722,399.337300549468,411.251508286959,425.760339144255,423.808248494415,187.447474823746,424.276442707645,201.720034073304,394.646582923342
445.681521685149,85.6981611688208,426.516625059968,437.290793564781,425.759896630761,443.272179632077,201.316987806299,443.688142291297,211.810306927272,430.89321930418
451.291402532703,71.2990957913645,432.394443852378,426.55157844723,413.542503101515,443.877272425448,203.349077410394,441.148197450356,217.48136570379,438.390145217151
438.729538958009,85.3301862804344,423.795924678125,412.369241472761,437.809464947431,453.605473000699,196.924199635322,435.102232823091,221.773972428942,420.59859918475
448.964911618602,63.9978073122799,405.987772464926,441.101442192617,434.880912253176,446.367847953666,201.732802726541,439.957698928367,185.612691276528,431.571473302854
429.061118634416,62.4288667960322,394.281006149042,415.350002943036,395.857331416744,436.732757925633,177.087837452638,417.430388381649,201.193006241814,390.006900286578
413.528826505233,75.1423067014211,403.229002717032,414.699784149028,400.248108550355,412.180997603731,183.648449027098,392.715140025652,175.517274108748,399.939020545994
416.15371598357,75.8838714029414,412.009334773226,404.354956562821,398.119543203399,407.60801527769,178.306292519145,402.486799894643,186.008985656626,388.229250431051
452.231555491775,85.3629121266752,419.583583644168,429.399111327083,430.238691715977,452.840401986417,208.631512362203,438.262283791975,222.590460458631,440.100981014722
453.175378252328,64.9685478892418,400.709204799294,396.889972474266,399.349599343655,415.380796716392,186.839314590843,412.006953954101,212.816296105221,392.953760624413
445.066182827072,100.996315181052,420.307727505581,421.007605847935,438.272025884617,459.479515425052,218.32938442147,436.217694304069,200.872243682785,409.72655102318
439.979962432434,84.0060753792316,433.998039180251,441.279676489051,421.375896998739,451.137617414309,221.904903069049,455.383271835067,207.464136039329,404.752814044338
406.463816325807,48.2591451784357,389.633086435848,396.346449582024,402.76664103255,411.110850206693,174.262773104919,402.21897784963,187.069488309154,399.770828693233
401.98596607718,47.3039949679185,388.552931550384,389.866534730553,405.008233665285,412.611093024218,171.50545968916,410.844493985807,184.019635709311,401.103204750733
407.9538962576,45.0220708779858,383.656668512201,398.968438624274,394.209992771365,411.742529078847,178.146080725835,407.001850300936,183.142441087432,388.256432605428
398.352245146947,48.5813029312729,386.286740002497,399.637206565178,393.575988584784,408.250627907939,167.356695225317,408.70563354567,182.147718866464,400.241878308011
454.842703432641,95.140708549574,419.453464867894,428.393058412916,450.483383436541,445.552398812235,218.754124420148,451.93830423295,225.214149048041,441.897215820067
447.276340298738,76.8365207958839,420.602481320083,449.543151267952,445.395337598952,456.010935416219,233.005014895114,460.162769841166,218.03570873932,440.730195723869
439.339156016609,94.4615917721992,421.364241277781,448.374241805444,449.559623591146,458.475375543941,223.260723149866,453.141685023156,224.135897828708,444.352125517997
454.8362977696,110.366630023631,446.332450992894,443.435416332936,451.333676877302,463.163570833246,223.283803763523,444.199814355154,229.607875866693,436.720629741396
454.8362977696,110.366630023631,446.332450992894,443.435416332936,451.333676877302,463.163570833246,223.283803763523,444.199814355154,229.607875866693,436.720629741396
449.384325807807,95.6457867954968,440.779286510087,458.068887312383,435.169419059259,463.306809877751,239.186357241495,449.103943123824,228.316034485452,447.65055447456
397.365033401784,52.8953656558149,388.861186625078,385.96415196512,393.862412509486,405.69230646543,165.812539395707,386.728549987338,172.136611498877,379.24936537358
388.282540235148,35.3849208179276,378.239434630466,377.168092047474,388.958890234787,405.165407319254,161.557267716666,402.64161128201,177.986342434416,383.319941216436
455.823509514763,106.052567299089,443.758004370313,457.108470932994,451.0472529526,465.721892275755,224.827959593133,466.176897913486,239.61898323428,457.713142675827
462.025181424957,107.724191241695,446.5079194387,457.29219662114,457.87783290754,470.44855562057,235.418105996904,472.557652714986,247.550116645225,460.772486765944
