426.161575359933,70.3761097499547,409.843512523356,418.661738923328,423.014998406877,430.521546627753,196.34803736877,429.126395805661,205.840804966587,420.24744125072
412.252597180524,80.1178028594369,417.254978542194,415.639349985012,421.243038545958,423.573755621841,188.832903781017,425.141468426513,200.982988025184,408.383778512663
420.659533523757,71.7994937766431,410.907212421202,415.900731464977,416.183317788181,419.87999440578,183.923101675558,419.515590222177,195.271819408272,410.349855183432
420.659533523757,71.7994937766431,410.907212421202,415.900731464977,416.183317788181,419.87999440578,183.923101675558,419.515590222177,195.271819408272,410.349855183432
421.642871383561,69.7284788822785,414.234532587543,400.597208328859,412.080118014954,426.179920449765,206.445413835723,420.438853325182,209.40462377828,404.430759508523
426.720480378346,65.60384680806,397.436858216164,422.632823235332,413.451766780761,428.495632265897,192.503038571085,426.737775840524,200.95092990145,411.275775660315
421.537913666337,58.699800159258,404.156840764161,402.700559193533,429.9585344235,423.759641758898,209.520535710876,412.574263853251,192.435560210838,419.446495643242
433.339161588,79.5634689319226,429.985356499346,435.523965373925,421.305314435601,432.700507226293,205.055815115964,439.138824131125,206.021938854044,419.793536502113
439.279350080073,70.9906169007125,408.80480061859,429.799569532513,430.458569501849,429.354148749413,202.423673491719,431.316530419279,226.99631308969,422.587992854885
435.877989535855,70.598851803065,423.993634772941,434.079709682218,423.626776955771,444.023582576456,194.275459698344,434.230283333032,216.303224665509,418.505388153085
425.802646225009,63.6098514406593,407.350501275206,404.576490230021,411.947969802833,423.314060339846,173.53026870208,430.08194694238,208.484796906964,422.95904086954
413.747395006253,62.9435843219063,394.465143572464,410.13698241943,408.138942259779,416.524623098197,185.225157706706,416.994521905046,193.335214081636,410.954275612561
424.689636791476,79.3851096372478,415.106587835514,434.794476048032,434.564783975546,445.680259814069,211.085671845114,438.873129673387,203.158131073343,424.665771507146
411.839527997393,81.9500006542139,392.187764877741,419.427695030204,418.716772045766,417.632312579047,203.128097273066,432.595013840619,220.700670415808,427.166747433639
430.427946101214,54.4308971830354,412.645233876114,424.01030407965,418.74726815803,407.234510161423,187.877567973395,412.911591211849,182.68455702834,400.464214204543
443.354230131497,85.0926522310919,417.467815996731,435.360438424684,425.34082694569,424.14297280669,204.367773283021,423.130396468562,221.495595632049,436.448756282333
411.390259888242,65.4530991870743,390.222554355483,415.497036228221,402.502706262734,428.958132728397,199.783094238237,411.285751013499,206.00213142324,406.99984876534
406.123804702314,63.4122927423833,403.454017468007,408.037356414102,427.69228065403,426.585484704379,185.205272024936,437.495354996814,191.552961434095,405.936148734841
437.317026689178,62.6898816299439,391.525528166903,420.639202820659,409.381762710756,423.253290067033,180.039633250536,424.096186660473,199.180991156721,420.183987835315
423.068904122022,87.5307862936499,399.918201432191,424.742464444641,399.699801304664,428.282386616268,199.983624953403,424.24248097848,192.845470828078,403.821540292747
413.536882001394,92.1273328774415,417.074000100346,412.470561101937,417.669753722673,425.634195182281,172.548463583534,429.858973144018,198.479935522131,412.105251172876
442.105095762961,72.8334593008304,418.499129278436,435.453336055845,419.862023191017,428.495632265897,195.345024171691,446.579045681794,225.283739948546,427.380360730417
444.202997860863,77.724079516528,418.479645216398,439.260931968704,418.602865681859,442.648146418411,209.985556053602,444.006221680398,205.436240509209,417.739899771498
400.970888835112,76.5821605026297,409.453827096849,423.847069198548,409.174835169942,422.157129035856,161.893848877075,421.847626715704,201.853779115232,424.52922420151
405.74594593703,62.0644276632045,410.527012630555,398.632547263923,418.626607358098,422.35275440084,179.136717614243,408.657951942997,188.054739802818,397.071561318093
403.006748037862,74.1689084752104,406.774918504517,407.69533126341,433.062618726088,425.503242275982,180.937728149762,431.830400624823,179.289284223933,400.901636060278
443.816892814617,90.5110602510881,435.332740105645,426.083500552458,422.326043130024,446.973924643247,199.629868793744,442.105436986887,214.747302656854,418.643207338054
427.044134548154,69.4957882000014,386.10838783597,433.71822905758,418.030521359515,427.514470570449,168.941530634577,409.234593443725,194.207673158193,412.316401700941
437.61345818677,90.8008641486681,426.405894740759,430.296553703311,435.362244412769,445.631494488577,203.873954864226,445.375990542237,220.852571861886,433.659764649419
439.297189383626,74.1625957514243,376.423645238666,424.830625433134,408.781437110431,436.321140091404,183.509056362817,442.275016377765,205.408047736177,403.361071317039
393.17445310238,72.4254951671292,396.650582937799,410.551844897506,396.588206198818,416.891248939334,177.233392181506,401.103006888052,185.720472762669,396.364547743433
417.929271587137,61.9890405616748,375.225027493695,403.835830754129,396.132129895906,409.853560052396,174.613950914555,420.273651729341,190.96091991144,394.181758566298
448.132060996284,99.2720212491706,438.37973989373,443.373258937504,443.655845260708,447.352521878308,211.395629148086,446.988117694704,222.7443468808,437.822382655959
443.837155938996,96.5554393075775,432.642243669043,442.807296560853,442.644939114525,455.153545149423,216.146400590054,452.059942860201,219.183772098984,439.056143040375
437.646508330594,99.7042202537232,437.333971783355,446.370667408745,445.080079349728,454.613804511368,210.147430112347,454.296768037789,218.503090322128,454.051277375157
399.247952905818,38.1313193355325,369.964330743637,395.160295762804,385.979239308233,401.023104793369,165.030511098557,399.265248367997,173.478402428922,383.803248187787
384.8519861331,35.9452273943864,373.965773626407,378.38269325512,385.812571476041,395.518940863109,160.587707799741,388.128493632518,164.179394114043,377.604371383703
462.371783055868,108.009868094255,449.353202552586,456.672865210942,457.487027240547,465.852565750129,231.209701174618,468.033031774053,240.48111230015,455.068778392658
459.599898261512,108.640672714614,457.31401766273,456.908463740968,453.424539791222,470.287592403062,233.477891282605,469.819433012538,237.273097364607,457.192384999311
457.091293928758,113.226647380447,445.496374194213,454.321262052913,461.903176312588,474.386430920426,236.098300631467,465.572291315763,244.369658743315,454.568122145885
