426.161575359933,70.3761097499547,409.843512523356,418.661738923328,423.014998406877,430.521546627753,196.34803736877,429.126395805661,205.840804966587,420.24744125072
414.919125187877,60.7059576125654,410.061918883614,408.083426397717,426.680112914309,426.182501317627,190.669007854613,427.452212444491,208.147288438374,431.925470332518
431.739301024555,66.5329956899493,400.68452034513,419.650470871994,416.198380558817,426.887418347393,188.193835309653,426.611291233067,202.510898061654,420.215714543017
414.67074390379,72.8587275249079,405.133186170321,424.522382719937,409.933653734252,436.629071154851,208.582497827754,419.405711683996,205.902358287137,410.602210055225
434.133335561447,71.6047845253925,414.171320900896,427.057537489587,421.438510798947,429.508589446825,195.846530770231,437.852720743727,215.562272457566,423.813900990569
434.133335561447,71.6047845253925,414.171320900896,427.057537489587,421.438510798947,429.508589446825,195.846530770231,437.852720743727,215.562272457566,423.813900990569
416.872028047948,55.2839975010971,421.296373688067,403.133073205493,419.472221590007,440.024107036036,195.43060654771,420.773163822903,196.171374869175,426.553469320152
417.092766164422,62.0190758786264,402.424444494493,410.493389023657,413.077099780234,421.013143145463,186.604956228216,421.405800746379,195.98704558989,410.484196778211
417.092766164422,62.0190758786264,402.424444494493,410.493389023657,413.077099780234,421.013143145463,186.604956228216,421.405800746379,195.98704558989,410.484196778211
421.338972418437,66.3593645265966,401.61977284981,405.813187297868,403.928167880996,423.275174828317,199.049537159144,414.96653170847,193.410261868333,409.935699496616
434.295085043849,58.0844307317011,427.326945469564,406.970508744823,427.750960164327,422.951406081986,205.492681720729,440.293340711521,217.132320766745,405.205677928187
424.927583569063,69.423707683638,404.880856977774,409.831776765799,421.965677447744,437.983202319951,186.869597038766,428.077101435548,197.443885910423,398.612224632076
418.307948512317,72.0952699679721,387.137890225856,407.258576164136,400.04598239377,420.96868326369,208.486237160178,423.163428317839,213.900591313481,425.079938156737
436.228711750188,87.0158846865571,409.964967491975,411.735922269361,408.721458413002,438.380068707215,181.730859171804,429.58091146524,197.991644947916,423.17568745027
448.673768573389,63.7480915581642,412.597477770425,402.992133374076,425.553970620929,434.27314855921,183.977193630493,437.062796249789,192.640418019283,427.296747439268
430.189375749896,92.0371839316252,429.69182106095,431.713543331582,418.308865983172,443.492143755666,206.747066859027,447.230567766407,212.024297317622,421.092461786226
423.709081252659,80.1517057582406,378.640665898727,427.627757167358,420.028688736951,416.629901182222,201.684400706479,409.475525680593,210.770716868783,410.717739281213
413.173592143723,68.6461016949657,386.441415983985,419.231745952759,402.741281085887,423.494594221255,192.921742679012,419.890960131201,181.596908970979,400.145903815212
436.676543733537,69.3362525746788,398.881971198965,427.957753430206,427.979825764175,444.081098397145,224.284353768435,440.769718912143,199.640267684823,401.136527653966
410.481966801382,50.9526106123491,389.857819756731,425.504742458531,403.670952270519,409.807502490303,173.503535601148,422.45417001909,203.786910138726,407.710841409248
437.116956735203,77.7697529752624,422.000448466229,447.246842624265,422.888395049279,445.964941696539,200.672667260854,429.732935173726,222.969675293728,444.467137073941
424.945822763686,61.0982130812536,389.038557612211,402.231295844123,398.082438529831,405.335694209462,186.546931488836,418.968628189589,187.518394313528,407.040483976482
455.429379062459,92.6412650846637,421.819786045613,424.682676991156,434.314322587802,443.753985064035,213.193835309653,438.426036034579,211.962693902864,433.802671064756
454.262160038097,75.2769349366734,434.332611223477,435.490820847907,443.927266421136,440.579442908983,215.729881777654,440.026633787206,217.334484177793,430.902747871476
401.733286651678,63.1357792847126,406.899535922046,406.87049783872,399.043903679346,414.079188428074,169.351632118664,411.376742445854,189.978960949007,393.438990399908
415.519237444243,60.6233900177702,375.888595603419,409.204376158164,401.179014860103,427.245454031516,180.476751024584,424.054743358793,185.766566819609,408.181067878082
419.287055896149,91.8872697686484,431.563115812908,447.383166602744,436.22374126506,452.381004498471,181.708934841349,439.542483524551,216.635015826076,424.652825479738
444.542775972861,103.798168518697,426.393538137194,437.759413936949,434.107652636357,443.579660383826,207.506863769782,450.661420489257,221.721654521373,423.430002693192
450.331978370093,74.5253230556782,410.565943270031,436.49829695895,434.0312609936,450.464784076293,190.835743522214,438.139617978785,227.810748136617,444.559011644467
433.594336517013,68.6735171848003,398.645149975241,394.841304277687,405.397486605749,435.47525476908,168.9382786573,424.192465046861,180.226102416427,396.043102323968
412.794003317844,47.4796390214222,404.14661523396,387.971339690979,394.470341749418,408.321208485311,181.835005090751,402.39372666936,187.70864194992,390.131833300217
392.587268889541,47.3324794771754,380.02570385706,403.973521589056,398.685001512334,401.967267348761,163.939924261304,405.332092651204,188.69179198372,406.912460494847
446.833168947264,86.7245318300968,433.117207380184,435.112416634681,448.866282579238,454.380868384252,211.355373927593,460.880682776973,226.545446178212,447.334037732678
435.958684125926,92.1660366622268,426.842738290167,456.135248489494,446.55263913819,454.856960466111,226.094785841621,451.583471214425,227.636452344523,441.422932070805
441.91548349286,104.288353407636,426.449154052669,449.877314277148,441.811514033582,454.839765331132,219.665306204327,455.686737201228,218.079320045113,449.604069457866
451.789152784456,106.127361065281,432.054770021252,448.876014727463,438.531312899249,456.575879665489,225.339744204565,453.858351435548,226.517050940811,439.208403815212
458.913214068033,93.7069087334276,427.858433388608,446.824383915472,443.372293602295,454.061331390871,215.367748353132,453.785204276545,229.684811105132,447.389627586496
397.441326697499,51.779534978324,377.706943934296,394.528188640506,384.183486812293,402.228053578533,170.991918117609,399.510525348592,172.169224853854,384.860577728255
397.441326697499,51.779534978324,377.706943934296,394.528188640506,384.183486812293,402.228053578533,170.991918117609,399.510525348592,172.169224853854,384.860577728255
404.565387981077,39.359082646471,373.510607301652,392.476557828515,389.024467515339,399.713505303915,161.019922266175,399.437378189589,175.336985018176,393.041801499539
