427.31425409557,69.3690647642605,416.124383835105,427.814260688916,419.674325778087,428.892483373863,190.880138741594,421.114087782917,201.463635313101,421.16429663146
414.430790999405,69.0656840576285,405.601518776632,426.38363926014,415.527391372047,422.835989977806,187.714311329334,407.332882954354,202.240257106002,415.470011261359
432.452768769237,73.1435889981993,405.28064428866,417.549163904037,425.721529129006,437.555791666574,194.58454274728,428.475755513876,208.499527114276,422.022571524888
422.011220727611,64.8610301110393,402.076993186889,413.275812286971,424.334740970793,430.853572749567,184.391848224034,415.850058378348,199.661842561628,420.805888920672
432.272771664865,73.6640829952424,417.351549647758,424.207204462203,433.491439650803,436.224799064748,195.618011703579,435.954874354788,213.530602204685,423.797731275205
434.216516380161,77.8204597464987,418.063354775452,407.919177608249,415.402572353749,415.711339600034,191.183182203062,429.031331646325,218.302059238237,416.681042368357
425.907641183687,83.1940830654726,410.127022958898,421.265211110257,420.000559341576,431.338977726115,183.937112028914,432.54717773195,207.33260526331,417.682520552739
435.88993715641,70.2716630228992,408.171786031566,420.313082618614,430.605008419787,438.676778871621,193.36731687078,431.201427382732,209.063452241276,428.287332232553
420.640469771057,74.3431636264301,399.528563466806,406.315750548124,407.449091869119,418.632814839157,195.014369753586,410.865183200914,196.494900844863,415.216925046596
426.326200696769,73.1973946678866,403.660644114506,404.439479936609,423.605921411465,421.370883373971,182.299130055615,411.75249113026,205.891596037499,415.819662538121
424.201425706501,80.4249058075983,410.077345450863,431.82652570057,425.1751390807,430.980634603258,190.736992054688,443.871362065101,213.251931552436,424.413606843403
427.728656902268,62.4024504375119,403.901714338301,407.982837373425,415.846611419987,424.290485544125,184.772925792806,408.511247971729,186.815853644888,409.267469484072
428.352310267625,79.3387607272903,430.071060711774,420.106981326149,433.030123997205,445.444185939322,211.620742032227,438.316381071366,203.593457050562,429.520860906654
442.501916449137,64.7021318388877,429.243531972888,432.654772860466,428.282493412864,441.389863139974,189.84016166947,426.452652074123,210.349162397693,433.02960197412
430.729224796061,72.7623608686221,399.292781025104,418.021808822764,421.844640214487,423.860723146612,179.80292818695,413.104884172498,184.340366926586,418.174712256344
433.054645024977,80.409450524247,423.011724258514,431.34965697887,431.73798827633,440.772418576957,208.797550351681,442.451195493538,214.476964444796,431.936939469379
431.278078254855,71.1410054652613,419.403881827115,429.8527367142,433.38453422919,439.195436982414,184.428906258215,442.420150184478,218.27113460538,429.109741346942
423.449167328661,53.83856969318,399.328263336279,402.668211523085,423.232728730798,430.08939047195,184.271907054705,417.040146787627,203.033054811069,400.437014225045
424.509818862002,74.7295408392532,399.298600308277,401.733570425266,429.616443738206,451.569916705544,199.83014748268,419.102688105094,205.2393297547,432.822187538541
419.38100455501,72.5790415943387,400.162849201621,403.547214820832,421.92239034504,424.956475190939,175.952519382332,416.019137944607,177.685311563221,425.389099687889
435.563717844144,84.2859743211205,414.944086401126,419.440565691573,438.602250807113,455.379656432938,191.820592242582,438.80228972054,210.81312813578,434.589335664979
422.886442238625,62.8180302032528,382.771640687219,402.594906338942,415.672054793818,416.48214481653,173.980147142884,420.458262802506,203.39748629795,404.276342598535
433.870002329328,76.6449895584234,422.854340433785,421.328453397613,440.838687103307,452.436744047527,216.593346268688,451.666850133542,222.48899386872,428.89070339302
440.44739777954,85.6296778834046,434.185869227337,446.885224765481,431.292863948425,437.187691360798,217.410233013643,453.390059826338,209.283677584182,428.34352632575
408.463334456145,49.278279255829,385.401325883364,409.844646006026,412.02199574248,412.066334230558,175.194440738703,408.051532512027,187.118777655253,399.762726955529
412.021741802864,55.4812548778387,393.250890584717,401.410513141701,402.003370373218,404.964275678736,172.05875909074,408.167425317989,182.639686654477,395.544692506508
445.185007108986,93.1391751888202,439.736151355692,440.656980959597,431.157889323655,448.426104854851,222.098005558558,438.233022985627,214.036860908794,442.579131282018
439.416231784734,88.98911932039,419.896113435204,452.835060094272,437.058198844715,450.54815901695,212.855594348426,440.083494078332,226.15516247878,437.466411584743
446.15067385269,83.2853154257247,434.480574831624,433.134170223686,449.984076264568,450.958245011226,206.414791991447,449.946032932111,212.052260152223,439.269403180707
448.52769188917,82.4200268460658,414.077266385774,418.32220039136,443.694627459247,459.038068787949,208.499199519079,451.666850133542,211.282458468636,436.241373799896
440.551681008799,93.1630038748417,423.069558812313,436.24118225927,447.922645631709,456.898120961606,222.820492202566,445.080450335436,210.970009069971,429.497240347319
401.421433312161,42.0501051158313,392.186194411938,403.35304224577,400.17192600483,414.057603718938,164.37674788399,410.781817391753,181.836551115894,396.303073688555
454.538748605585,86.5573216681912,434.994860900116,446.053370284558,440.268676495666,433.180107465996,223.079167254006,456.93693312111,221.75533291298,430.165683760153
435.431264485299,83.7920847780378,411.491307330488,449.932109562877,440.366666944294,454.583341033279,203.996284056676,441.478696481063,235.077961328722,446.059023251825
410.322017680928,47.3766709160844,387.302211590563,399.904919353308,393.011023457381,413.733468214025,161.99230839563,408.283389199717,182.214874972531,395.649881116841
400.386746109949,45.4569181228499,390.606354848379,405.924098476579,403.230431215012,405.43935921328,163.902634324451,401.213718243697,172.4849807926,399.562055357443
406.942564687604,47.6333849165667,379.770440207027,392.038959822405,400.211325047374,412.045587584942,169.074338665647,402.965551432244,182.989323032644,396.512367443255
396.501016645978,39.3508260294067,376.566789105257,387.765608205339,398.824536889161,405.343368667934,158.881644142402,390.339854296715,174.151638479995,395.295684839039
396.319650439285,35.2672809754654,383.68959611283,394.944036391965,396.394738310823,398.872856337253,155.826556227293,393.289386768,169.140371188902,385.742394408166
391.033004613351,39.9547172424978,372.536626957223,383.196825749307,389.13268685411,393.617557321791,156.462158133975,386.045488789754,167.382939976274,383.235524745198
