427.31425409557,69.3690647642605,416.124383835105,427.814260688916,419.674325778087,428.892483373863,190.880138741594,421.114087782917,201.463635313101,421.16429663146
419.463208048839,61.8679534616122,407.466714112069,421.023232698954,414.931259399518,423.938051886705,186.098359230847,415.537229226907,197.89595459954,414.252788055378
419.463208048839,61.8679534616122,407.466714112069,421.023232698954,414.931259399518,423.938051886705,186.098359230847,415.537229226907,197.89595459954,414.252788055378
419.818065213027,60.9884154035404,423.291953469123,430.567736972942,428.774667789852,437.425694066029,194.977076365303,425.983724115223,216.463495375577,416.991156503757
435.322492939266,70.3713548221564,420.17550133066,436.341860149934,434.902210743018,424.418636277324,205.501954002089,417.668516524435,203.552063196825,428.707287803996
433.347921530476,62.2621542034563,419.049343020969,424.757207492002,415.113114365639,433.375716807107,182.168297026778,425.262591674238,194.294569989208,417.624120081385
417.533611678196,79.00907492146,421.950831255363,410.353920033935,417.055421843162,421.368567962398,183.892025331567,433.088393345081,198.320350493542,412.640817972708
431.677673488085,70.9517298126348,416.036235022797,432.699691762811,425.458029369961,440.163788328837,187.199935710336,422.886535944918,202.882330894023,426.270425341394
414.882491044477,60.8572156318298,411.779874754852,408.860794047908,401.764413509775,410.199288004762,197.900885699536,412.563230631918,190.043552988521,423.115135387846
438.630206976728,67.8876593882797,431.41407251998,435.067972321517,427.099463354629,424.023796720568,185.205050541651,424.658978021783,202.922145611954,429.293648459742
422.741620255959,58.7265527228018,401.076400966901,436.24955515476,421.209259244051,410.921977742101,186.073347332898,413.261215757041,207.787682429139,416.16956457743
422.982115128864,61.7422492717867,404.705747362495,435.857662166625,421.179290836227,435.678007586432,183.043647166834,417.761106231577,197.282931109057,415.281691268368
427.468877058779,86.1996913809913,420.081963939609,438.30197336714,439.756457382842,432.839706171108,204.961714923826,425.120347609705,211.594350639265,422.561623881295
434.796236755401,69.284203011486,412.348669895671,418.917245780899,421.448459284894,440.60085248676,200.092431015433,446.922038062412,208.950179066992,417.405210343382
429.243253774254,66.8486070820611,412.38204607449,431.046856715748,422.870883400462,446.177767994777,196.907740400839,405.531049297072,215.300631547618,432.437408263595
430.555672370921,61.3684336345086,425.329713862815,436.001817841178,419.73009864165,449.533480455015,203.680587180017,421.460191220696,217.966272809667,412.0620365562
424.642556534476,59.7835419844114,410.194294172306,433.052757152413,405.208538576228,443.084304552227,195.247946667632,412.736969073706,188.98602587897,404.98847224948
420.690106971252,80.3561960926731,413.332859971419,436.504407800764,433.131340718703,440.106346946973,180.934438470956,430.482483166415,205.151409051519,426.382805958293
422.458763151673,65.1946436668247,411.604273800109,402.93442808474,406.327884293397,422.429356230767,170.177357860935,423.477423077863,197.461347378516,426.334753061665
422.333844391048,83.8113578992571,401.74264047623,429.592519403743,415.259037783204,442.057040155182,205.771457011797,438.914167342769,209.378359943582,432.13244269974
445.910535164826,74.3328981793433,421.190069841013,427.540295067591,411.733161564,425.502839696407,202.430615558144,448.347406913692,215.319339292428,416.898273882116
440.153285955294,60.3251015389477,412.883081869643,419.199799761947,421.551993516663,447.636289524437,189.811839057533,404.894723835459,215.41091552887,423.300968327819
439.301935314028,85.6896511249506,427.867958550827,427.32289717033,420.862441134667,435.13304039748,185.714493048422,432.110655700347,219.005491033411,433.805453037712
433.602478635803,83.1060702207194,425.781646243953,427.163825423354,415.313266700434,432.639014120797,208.792988080669,423.689229058171,230.990137804428,441.900969891507
426.931755914958,54.8655342199732,410.644236022105,414.659666218492,417.288476475219,399.376423478274,177.136528000395,434.743919145349,192.466693160659,406.517845367481
423.849995723376,80.9702566964428,405.8549440677,433.064318751501,426.290746803608,442.089493656215,209.519278677575,438.45729599774,185.549383908723,438.279204854393
427.862091137995,70.7211087316934,407.737400360737,420.396774294645,412.767117959155,414.620398397542,181.290675075009,391.426192054394,189.010679879618,403.786279393593
427.331922053485,75.524016674476,401.935718073838,434.158506426571,417.985800531314,458.014205289815,199.40965790619,420.566633635234,193.256355586283,410.536914244455
413.904787777884,57.5695833704643,399.440041234423,411.317487198808,406.497902775921,416.264484526299,176.999829095483,405.137660767314,183.535530343773,407.938062324046
439.419977695881,76.1012085140702,429.210850634263,427.668628452312,415.309830560074,418.49651024579,181.417029964791,396.084036173023,180.20675489467,402.647071957462
441.88316752402,72.4158334467452,418.663359769589,428.331728272656,447.201645678323,448.213280658696,212.796998265659,414.510117725746,210.984890385625,442.176131352201
407.517631228668,67.1584422183627,401.67582258561,438.504507584039,407.512176792236,428.981875994314,179.502901141906,411.418717638697,177.325994747474,405.42689490992
424.051319508856,64.3248107139269,415.791632085971,414.808912258861,407.054943774139,415.150402529864,186.56236623155,387.238448516706,170.664641247394,404.489786461977
451.457515249351,80.3785774747766,426.405767451153,437.805900913137,429.542996690222,445.819896926122,189.534202750485,445.645639586375,206.856893692115,431.717048435076
443.660244294185,77.4016782130476,432.212705611032,434.979673522956,440.29291069091,459.771631466091,188.045101362803,434.842537857878,219.964921506026,429.946895929629
449.588684046154,89.4591327738192,429.925123911685,444.464397645163,429.542996690222,458.097791198277,203.803351270108,435.564020731936,215.627428933239,436.99346455708
413.71641927982,55.7764532901928,395.500129667943,400.794988870544,397.239464144334,413.636070424384,180.792346356259,397.156659047232,183.584064608965,390.567729465334
448.528163684163,78.829881073139,424.206169663319,442.503613331438,446.046264664078,460.84393538766,189.362565468121,427.401499825207,213.280429527416,442.296066367035
422.024301476676,45.5852968311756,406.784304770217,412.855387219193,397.577520244644,406.057882482085,159.558648931218,392.861450842594,179.218485489901,397.77273897145
452.154105828956,85.8507701553877,429.803580761435,442.907144770798,431.97681360321,458.278563729647,201.919248699028,446.11660972323,222.033748896549,441.813848094918
